procs -----------memory---------- ---swap-- -----io---- -system-- -------cpu-------
 r  b   swpd   free   buff  cache   si   so    bi    bo   in   cs us sy id wa st gu
 5  2  64296 116589368 2233612 58115980    0    2 41249 37159 9442    7  4  1 95  1  0  0
79  0  64296 115461448 2233616 58116036    0    0 145008 344004 368007 577810  9 16 73  2  0  0
13  1  64296 113893076 2233616 58116076    0    0 162992 235036 307112 1179175 24 38 37  1  0  0
176  1  64296 113940600 2233616 58116092    0    0 175456 77796 256218 1484828 36 41 22  1  0  0
19  0  64296 113967592 2233616 58116112    0    0 179328 87452 256298 1498149 38 40 22  1  0  0
105  1  64296 113934504 2233620 58116132    0    0 167632 84960 260035 1493649 36 42 21  1  0  0
45  2  64296 113923496 2233620 58116156    0    0 179280 86292 259482 1493649 36 41 22  1  0  0
46 20  64296 113823604 2233620 58116176    0    0 473584 279040 298929 1600342 46 32 21  2  0  0
34  4  64296 113757732 2233620 58116188    0    0 456784 273476 298882 1620185 45 32 21  2  0  0
90  3  64296 113710648 2233620 58116204    0    0 421168 217632 286643 1601165 44 32 22  2  0  0
38  3  64296 113667296 2233620 58116224    0    0 307680 223992 275437 1521721 40 37 21  1  0  0
97  4  64296 113635432 2233620 58116252    0    0 191616 110872 256881 1483239 37 41 21  1  0  0
100  6  64296 113618592 2233620 58116268    0    0 314496 183852 270577 1538936 41 36 22  1  0  0
43  3  64296 113582236 2233620 58116284    0    0 596592 378652 310944 1648195 47 29 21  3  0  0
37  3  64296 113540620 2233620 58116304    0    0 535888 299540 302220 1645658 47 29 22  2  0  0
124  3  64296 113510264 2233620 58116324    0    0 478176 276764 298276 1630708 45 30 22  3  0  0
73  8  64296 113497316 2233620 58116344    0    0 218624 107912 263667 1527640 39 38 22  1  0  0
38  6  64296 113449156 2233620 58116356    0    0 368000 188688 279954 1590232 43 31 24  2  0  0
58 11  64296 113408872 2233620 58116376    0    0 377392 197852 277574 1605613 44 30 24  2  0  0
48  8  64296 113392188 2233620 58116388    0    0 237440 127208 260559 1551595 40 35 24  1  0  0
87  5  64296 113364640 2233620 58116412    0    0 358656 182388 285032 1594456 43 34 22  1  0  0
procs -----------memory---------- ---swap-- -----io---- -system-- -------cpu-------
 r  b   swpd   free   buff  cache   si   so    bi    bo   in   cs us sy id wa st gu
35  3  64296 113347268 2233620 58116432    0    0 304288 156676 274940 1567399 41 35 23  1  0  0
78  0  64296 113330040 2233620 58116448    0    0 216624 111952 263777 1522905 38 39 22  1  0  0
35  1  64296 113322236 2233620 58116468    0    0 207104 166128 266135 1516506 38 40 21  1  0  0
102  1  64296 113306140 2233620 58116492    0    0 242064 132536 276038 1543533 39 38 22  1  0  0
51  1  64296 113278992 2233620 58116504    0    0 235056 124084 267301 1529461 40 37 22  1  0  0
60  2  64296 113277532 2233620 58116524    0    0 276992 167240 270960 1554616 42 34 24  1  0  0
53  5  64296 113249880 2233620 58116544    0    0 358992 195668 279563 1593246 43 32 24  2  0  0
125  1  64296 113217244 2233620 58116564    0    0 412960 227076 297035 1629736 44 30 24  2  0  0
65  3  64296 113189092 2233620 58116584    0    0 266304 140764 283601 1564466 40 37 21  1  0  0
112  4  64296 113192708 2233620 58116604    0    0 231888 127188 270241 1527008 39 38 22  1  0  0
37  9  64296 113181552 2233620 58116624    0    0 276160 150560 274593 1549495 40 36 23  1  0  0
64  0  64296 113174668 2233620 58116640    0    0 225504 124988 268144 1532734 40 37 22  1  0  0
58 12  64296 113138236 2233620 58116660    0    0 266832 149768 270568 1545577 40 35 24  1  0  0
95 13  64296 113137500 2233620 58116680    0    0 285744 215512 280308 1564938 41 35 23  1  0  0
50  1  64296 113114920 2233620 58116700    0    0 284272 153600 278315 1560115 41 36 22  1  0  0
95  2  64296 113104104 2233620 58116720    0    0 163984 93284 258790 1492234 36 41 22  1  0  0
93  1  64296 113094624 2233620 58116748    0    0 181120 99536 259109 1503769 38 40 22  1  0  0
225  1  64296 113103296 2233620 58116764    0    0 214032 115956 259700 1523989 38 39 23  1  0  0
15  0  64296 113104380 2233620 58116788    0    0 318992 174812 275255 1589545 43 32 24  1  0  0
46  3  64296 113090424 2233624 58116800    0    0 361920 217956 288089 1609615 44 30 25  2  0  0
162 18  64296 113081956 2233624 58116820    0    0 363408 207224 278282 1610974 43 31 24  2  0  0
procs -----------memory---------- ---swap-- -----io---- -system-- -------cpu-------
 r  b   swpd   free   buff  cache   si   so    bi    bo   in   cs us sy id wa st gu
44  6  64296 113065784 2233624 58116844    0    0 329568 179992 280867 1586133 43 33 22  1  0  0
12  0  64296 113053696 2233624 58116864    0    0 215488 121068 264709 1525760 38 40 22  1  0  0
164  0  64296 113030600 2233624 58116880    0    0 170992 97288 257734 1503469 38 40 22  1  0  0
36  1  64296 113037056 2233624 58116900    0    0 252960 136004 264686 1540838 40 37 22  1  0  0
52  4  64296 113030884 2233624 58116920    0    0 405808 273560 287141 1614536 44 31 22  2  0  0
39 11  64296 113023384 2233624 58116948    0    0 283632 173416 269731 1559862 41 33 24  1  0  0
58  5  64296 112995488 2233624 58116960    0    0 262528 175848 266720 1574081 40 35 24  1  0  0
149  5  64296 113005548 2233624 58116976    0    0 234576 150640 262513 1540156 40 36 24  1  0  0
43  1  64296 112997764 2233624 58116992    0    0 295936 195352 274791 1581927 42 34 23  1  0  0
36  9  64296 112993668 2233624 58117016    0    0 339872 231552 282111 1582567 42 34 23  1  0  0
68  5  64296 112977844 2233624 58117036    0    0 347072 243372 282353 1601959 43 32 23  2  0  0
39 15  64296 112958260 2233624 58117124    0    0 210592 135812 267325 1532189 39 38 23  1  0  0
40 12  64296 112956688 2233624 58117144    0    0 181200 114968 256039 1510550 38 39 23  1  0  0
47  4  64296 112952452 2233624 58117160    0    0 212336 136292 262854 1539422 39 37 23  1  0  0
115  3  64296 112945712 2233624 58117180    0    0 237776 146216 262088 1539791 39 36 24  1  0  0
23  9  64296 112949900 2233624 58117200    0    0 433648 297120 296823 1633774 45 30 22  2  0  0
103  4  64296 112960772 2233624 58117216    0    0 255120 150708 267411 1548616 41 35 24  1  0  0
44  2  64296 112933916 2233624 58117236    0    0 219792 129104 263370 1517286 39 37 23  1  0  0
55  9  64296 112911956 2233624 58117252    0    0 243984 150304 263800 1548352 40 36 24  1  0  0
69  5  64296 112925032 2233624 58117276    0    0 248336 147876 263188 1547362 40 35 24  1  0  0
52 14  64296 112936944 2233624 58117300    0    0 316736 199740 274519 1585645 42 33 24  1  0  0
procs -----------memory---------- ---swap-- -----io---- -system-- -------cpu-------
 r  b   swpd   free   buff  cache   si   so    bi    bo   in   cs us sy id wa st gu
163  1  64296 112936244 2233624 58117320    0    0 221696 133184 267791 1529434 38 38 23  1  0  0
10  0  64296 112909780 2233624 58117328    0    0 227072 140316 279994 1538697 39 39 21  1  0  0
203  0  64296 112890688 2233624 58117356    0    0 180800 109852 259978 1504372 37 40 22  1  0  0
54  4  64296 112874084 2233624 58117380    0    0 167520 104636 258642 1498147 37 40 22  1  0  0
124  1  64296 112893592 2233624 58117400    0    0 170144 102260 256428 1499186 36 41 22  1  0  0
118  0  64296 112904516 2233624 58117420    0    0 159088 118224 255268 1500244 36 41 22  1  0  0
63  3  64296 112910328 2233624 58117444    0    0 161904 104056 254091 1502624 36 42 22  1  0  0
53  2  64296 112905628 2233624 58117464    0    0 152912 99368 251129 1499133 36 41 23  1  0  0
 9  1  64296 112895580 2233624 58117480    0    0 160672 102092 253505 1508535 37 40 23  1  0  0
13  0  64296 112882980 2233624 58117492    0    0 157904 99964 253626 1506790 36 40 23  1  0  0
327  0  64296 112893396 2233624 58117508    0    0 152656 99488 252195 1495859 36 41 22  1  0  0
 9  0  64296 112889468 2233624 58117532    0    0 156096 98904 252360 1505964 37 41 22  1  0  0
155  0  64296 112895136 2233624 58117552    0    0 166800 95624 239498 1485810 35 41 23  1  0  0
53 10  64296 112889024 2233624 58117568    0    0 338704 266152 278771 1585811 42 34 23  2  0  0
76  1  64296 112898860 2233624 58117584    0    0 432048 263948 289119 1647145 45 30 23  2  0  0
36  4  64296 112913176 2233624 58117616    0    0 357088 224056 280452 1603290 42 33 23  2  0  0
83  6  64296 112918768 2233624 58117636    0    0 346192 217332 279579 1612439 42 33 23  1  0  0
75  8  64296 112894024 2233624 58117644    0    0 359456 222148 279917 1611944 43 31 24  2  0  0
118  5  64296 112903528 2233624 58117660    0    0 248144 162076 263149 1562628 40 36 23  1  0  0
203  4  64296 112883168 2233624 58117680    0    0 169040 116144 253489 1504107 37 40 22  1  0  0
130  4  64296 112903660 2233624 58117708    0    0 233296 189768 266438 1520612 39 38 22  1  0  0
procs -----------memory---------- ---swap-- -----io---- -system-- -------cpu-------
 r  b   swpd   free   buff  cache   si   so    bi    bo   in   cs us sy id wa st gu
42 10  64296 112900600 2233624 58117724    0    0 261600 174716 269371 1542175 40 37 22  1  0  0
89 34  64296 112902128 2233624 58117744    0    0 236704 147840 266035 1524217 39 37 22  1  0  0
88  0  64296 112904068 2233628 58117760    0    0 236656 148548 266466 1539484 40 36 23  1  0  0
58  9  64296 112904056 2233628 58117784    0    0 223280 142128 264773 1538361 40 36 24  1  0  0
44  8  64296 112899944 2233628 58117792    0    0 293648 188176 273652 1566759 41 34 24  1  0  0
76  2  64296 112890948 2233628 58117808    0    0 263392 170520 267240 1553987 40 34 25  1  0  0
59 10  64296 112848148 2233628 58117828    0    0 280112 184708 327296 1550689 41 35 23  1  0  0
179  2  64296 112848040 2233628 58117844    0    0 367792 232272 288781 1598713 43 32 23  2  0  0
38  2  64296 112864688 2233628 58117868    0    0 295904 187508 273896 1560936 41 33 24  1  0  0
60  0  64296 112859024 2233628 58117892    0    0 267440 172092 267893 1558513 40 35 24  1  0  0
89  3  64296 112866640 2233628 58117912    0    0 300848 252000 278760 1582712 41 34 23  1  0  0
107  3  64296 112859964 2233628 58117928    0    0 247952 158336 273619 1551051 39 37 23  1  0  0
70  1  64296 112863252 2233632 58117932    0    0 313968 199452 279152 1584014 42 34 23  1  0  0
65  7  64296 112893736 2233632 58117964    0    0 269520 171544 270690 1549609 41 35 24  1  0  0
133  9  64296 112877876 2233632 58117992    0    0 406208 277320 297414 1624735 45 30 23  2  0  0
81  3  64296 112875504 2233632 58118012    0    0 281840 185072 275377 1560672 41 36 23  1  0  0
28  3  64296 112875464 2233632 58118028    0    0 343344 216092 282381 1589681 43 33 23  1  0  0
91  2  64296 112887836 2233632 58118052    0    0 272192 181484 269905 1565074 41 34 23  1  0  0
108 10  64296 112892840 2233632 58118068    0    0 291776 245452 272276 1567980 41 33 24  1  0  0
47  0  64296 112887660 2233632 58118088    0    0 293424 191444 282295 1574877 41 35 22  1  0  0
43  3  64296 112888328 2233632 58118096    0    0 312048 198788 280821 1577918 41 35 23  1  0  0
procs -----------memory---------- ---swap-- -----io---- -system-- -------cpu-------
 r  b   swpd   free   buff  cache   si   so    bi    bo   in   cs us sy id wa st gu
67  4  64296 112892736 2233632 58118116    0    0 364400 228128 284165 1581328 43 32 23  2  0  0
51  3  64296 112887724 2233636 58118132    0    0 286256 186860 280214 1563025 41 36 22  1  0  0
42  0  64296 112888736 2233636 58118152    0    0 275280 177792 273781 1547031 40 36 23  1  0  0
54  3  64296 112866456 2233636 58118176    0    0 336992 236048 281283 1576678 42 33 24  2  0  0
126  0  64296 112866120 2233636 58118192    0    0 312064 258040 283401 1554765 41 35 22  1  0  0
98  1  64296 112866716 2233636 58118216    0    0 168560 107072 262663 1493898 38 40 22  1  0  0
13  2  64296 112872344 2233640 58118228    0    0 177344 119484 264708 1508817 37 40 22  1  0  0
40  1  64296 112872252 2233640 58118240    0    0 169728 112192 260622 1505272 37 40 22  1  0  0
 9  1  64296 112866424 2233640 58118352    0    0 158096 105840 257822 1499896 37 41 22  1  0  0
55  2  64296 112869640 2233640 58118376    0    0 161408 105488 256236 1503381 36 41 22  1  0  0
23  1  64296 112864964 2233640 58118396    0    0 162672 107024 256985 1495277 36 41 22  1  0  0
235  0  64296 112861016 2233640 58118416    0    0 162976 105856 254604 1502156 36 41 22  1  0  0
96  6  64296 112860964 2233640 58118436    0    0 157584 104788 254963 1504225 37 40 22  1  0  0
10  1  64296 112862524 2233640 58118456    0    0 170592 110156 257173 1497872 37 40 22  1  0  0
85  0  64296 112876464 2233640 58118484    0    0 187536 124272 258220 1522661 38 38 23  1  0  0
63 13  64296 112879748 2233640 58118492    0    0 329232 212300 273539 1587311 42 33 23  1  0  0
23  1  64296 112876312 2233640 58118512    0    0 499488 317652 298872 1662770 46 29 23  3  0  0
132  3  64296 112874652 2233640 58118536    0    0 328800 269292 277166 1593546 42 33 24  2  0  0
48  7  64296 112880676 2233640 58118548    0    0 303184 202948 274972 1576809 41 36 22  1  0  0
54  5  64296 112877812 2233640 58118572    0    0 308160 197696 272562 1569956 42 34 23  1  0  0
33  4  64296 112882380 2233640 58118592    0    0 334272 240124 276867 1599880 42 32 24  2  0  0
procs -----------memory---------- ---swap-- -----io---- -system-- -------cpu-------
 r  b   swpd   free   buff  cache   si   so    bi    bo   in   cs us sy id wa st gu
93  5  64296 112878416 2233640 58118612    0    0 285728 186420 274484 1566509 41 36 23  1  0  0
29  4  64296 112876012 2233640 58118624    0    0 292464 192360 276509 1578793 41 35 23  1  0  0
21  2  64296 112873880 2233640 58118636    0    0 370864 291488 285133 1596795 43 33 22  2  0  0
48  6  64296 112874524 2233640 58118660    0    0 207008 138024 267390 1522388 38 40 21  1  0  0
209  2  64296 112870048 2233640 58118684    0    0 169216 111356 259068 1497394 37 41 22  1  0  0
98  0  64296 112866084 2233640 58118704    0    0 172640 114036 259879 1502345 37 41 22  1  0  0
123  1  64296 112867756 2233640 58118720    0    0 178512 117412 253568 1519449 36 41 22  1  0  0
120  2  64296 112861456 2233640 58118744    0    0 199632 134640 251867 1544302 37 40 23  1  0  0
115  0  64296 112859168 2233640 58118768    0    0 233408 156752 256860 1570893 38 38 23  1  0  0
43  6  64296 112863152 2233640 58118780    0    0 285072 189740 263754 1594700 40 35 24  1  0  0
61  3  64296 112852124 2233640 58118796    0    0 354832 233488 271740 1625434 43 31 25  2  0  0
14  0  64296 112830148 2233640 58118816    0    0 284112 189996 258354 1591614 40 33 25  1  0  0
43  6  64296 112821136 2233640 58118840    0    0 346016 242404 278451 1622483 42 33 23  2  0  0
95  0  64296 112812472 2233640 58118860    0    0 417296 272772 282609 1646489 43 32 23  2  0  0
142  2  64296 112814240 2233640 58118872    0    0 138768 92488 246780 1511828 36 41 22  1  0  0
81  9  64296 112819408 2233640 58118896    0    0 159168 104972 243864 1522893 37 40 23  1  0  0
106  0  64296 112830340 2233640 58118916    0    0 240368 213500 256117 1560569 39 36 24  1  0  0
91  7  64296 112833736 2233640 58118932    0    0 425008 278772 286004 1665281 44 31 23  2  0  0
19  0  64296 112828176 2233640 58118948    0    0 340176 226000 270279 1620047 42 32 24  2  0  0
112  0  64296 112822692 2233640 58118968    0    0 248464 168056 255404 1564276 40 35 24  1  0  0
73  7  64296 112822424 2233644 58118984    0    0 278144 190576 269968 1584417 41 34 24  1  0  0
procs -----------memory---------- ---swap-- -----io---- -system-- -------cpu-------
 r  b   swpd   free   buff  cache   si   so    bi    bo   in   cs us sy id wa st gu
79  2  64296 112847952 2233644 58119016    0    0 305248 201316 270366 1594114 41 35 23  1  0  0
38  1  64296 112840672 2233644 58119032    0    0 302432 201708 266356 1594654 41 34 23  1  0  0
12  0  64296 112837280 2233644 58119052    0    0 271024 186832 262606 1589060 40 35 24  1  0  0
209  0  64296 112836756 2233644 58119072    0    0 179440 123940 248995 1537722 38 38 23  1  0  0
45  4  64296 112844576 2233648 58119088    0    0 218464 149824 251635 1557727 38 37 25  1  0  0
78  2  64296 112844724 2233648 58119112    0    0 498352 389228 290273 1618552 45 29 22  5  0  0
83  6  64296 112857540 2233648 58119136    0    0 379840 255768 275639 1597553 42 34 22  2  0  0
35  6  64296 112841912 2233648 58119152    0    0 320688 211920 265489 1568766 41 35 23  1  0  0
94  7  64296 112838956 2233648 58119180    0    0 335728 232292 266948 1574991 42 33 23  1  0  0
47  3  64296 112853152 2233648 58119200    0    0 390480 256920 279095 1602277 42 34 22  2  0  0
75  7  64296 112849488 2233648 58119220    0    0 311200 208884 264580 1558752 41 34 24  1  0  0
79  0  64296 112866924 2233648 58119240    0    0 257808 179184 255365 1540861 39 36 24  1  0  0
59  6  64296 112854728 2233648 58119256    0    0 190864 132168 248630 1509198 38 38 23  1  0  0
115  2  64296 112841224 2233648 58119276    0    0 241328 166788 259898 1521050 38 39 22  1  0  0
145  3  64296 112855356 2233648 58119296    0    0 314912 260220 273463 1568011 41 36 22  1  0  0
17  4  64296 112849624 2233648 58119316    0    0 363248 258128 279674 1591399 42 35 22  2  0  0
137  5  64296 112852324 2233648 58119336    0    0 277024 182008 267813 1541004 39 38 22  1  0  0
83  4  64296 112867984 2233648 58119356    0    0 288096 196876 270376 1559515 40 37 22  1  0  0
182  4  64296 112861016 2233648 58119380    0    0 203872 136764 255045 1499904 37 41 22  1  0  0
42  1  64296 112865680 2233648 58119396    0    0 246656 165380 265932 1524409 38 39 22  1  0  0
58  2  64296 112868056 2233648 58119408    0    0 311616 219608 273287 1566600 41 35 22  1  0  0
procs -----------memory---------- ---swap-- -----io---- -system-- -------cpu-------
 r  b   swpd   free   buff  cache   si   so    bi    bo   in   cs us sy id wa st gu
58  1  64296 112852768 2233648 58119424    0    0 345792 245548 275824 1581933 41 35 22  1  0  0
54  3  64296 112852072 2233648 58119448    0    0 340784 228944 270855 1575312 41 35 23  2  0  0
44  1  64296 112852944 2233648 58119468    0    0 289392 197136 258859 1550159 40 35 24  1  0  0
29  0  64296 112862380 2233652 58119484    0    0 286176 193744 265593 1549221 40 37 22  1  0  0
37  3  64296 112857424 2233652 58119504    0    0 263776 175924 263947 1526263 40 37 22  1  0  0
135  2  64296 112860696 2233652 58119592    0    0 335376 215144 273507 1566211 42 34 23  1  0  0
38 11  64296 112872528 2233652 58119612    0    0 349872 237356 274339 1576938 42 33 24  2  0  0
92 10  64296 112869608 2233652 58119624    0    0 393456 334600 286361 1601523 43 33 22  2  0  0
121  4  64296 112840612 2233656 58119636    0    0 203040 137028 259921 1502901 37 41 21  1  0  0
81  1  64296 112835520 2233656 58119656    0    0 195328 133248 254780 1489844 37 40 22  1  0  0
123  2  64296 112824816 2233656 58119676    0    0 252400 169424 261669 1519827 39 37 22  1  0  0
30 10  64296 112839568 2233656 58119700    0    0 244224 165228 260176 1527125 39 37 23  1  0  0
102  2  64296 112865232 2233656 58119716    0    0 346528 232516 272810 1571125 42 33 23  2  0  0
89  1  64296 112853496 2233660 58119740    0    0 368304 248672 277173 1580668 42 34 23  2  0  0
85  3  64296 112857500 2233660 58119764    0    0 336160 223960 283103 1571075 41 35 23  1  0  0
96  1  64296 112842556 2233660 58119780    0    0 326224 218888 273604 1571396 41 35 23  1  0  0
61 10  64296 112837280 2233660 58119792    0    0 252448 170076 260753 1526507 39 37 23  1  0  0
128  2  64296 112834436 2233660 58119812    0    0 216240 145824 253649 1503162 38 38 23  1  0  0
58  3  64296 112848796 2233660 58119836    0    0 240976 174180 259912 1517331 39 37 23  1  0  0
189  2  64296 112849932 2233660 58119852    0    0 340064 289612 289548 1569340 42 35 22  1  0  0
51  2  64296 112849436 2233660 58119876    0    0 247184 165732 261729 1516210 38 38 22  1  0  0
procs -----------memory---------- ---swap-- -----io---- -system-- -------cpu-------
 r  b   swpd   free   buff  cache   si   so    bi    bo   in   cs us sy id wa st gu
21  2  64296 112832508 2233660 58119896    0    0 303936 209780 269531 1549522 41 35 23  1  0  0
38  2  64296 112858160 2233660 58119916    0    0 261008 180316 262068 1528305 39 36 23  1  0  0
37  5  64296 112864672 2233660 58119932    0    0 333376 227320 272479 1573693 42 33 23  1  0  0
96  0  64296 112859892 2233660 58119948    0    0 355488 240124 280407 1571909 42 35 22  1  0  0
37  3  64296 112848608 2233660 58119968    0    0 237904 162996 267347 1505269 39 37 23  1  0  0
46  0  64296 112851412 2233660 58119992    0    0 263296 178748 265124 1525025 39 37 23  1  0  0
93  1  64296 112862116 2233660 58120012    0    0 213088 146280 255844 1492426 38 38 22  1  0  0
55  2  64296 112856268 2233660 58120040    0    0 256208 173396 262526 1520228 38 37 24  1  0  0
50  3  64296 112859712 2233660 58120056    0    0 264384 216308 266596 1527837 40 36 23  1  0  0
23  0  64296 112864200 2233660 58120080    0    0 288752 208788 275251 1548836 40 36 22  1  0  0
43  3  64296 112855896 2233660 58120092    0    0 205760 137508 259088 1492345 38 40 22  1  0  0
71  7  64296 112866240 2233660 58120108    0    0 235936 160784 260090 1506823 39 38 23  1  0  0
92  5  64296 112850508 2233660 58120132    0    0 262480 176980 261762 1529882 40 36 23  1  0  0
15  1  64296 112861860 2233660 58120152    0    0 305264 226320 269169 1551361 41 34 24  1  0  0
25  1  64296 112866476 2233660 58120168    0    0 215504 147552 254462 1505374 38 38 23  1  0  0
73  1  64296 112862324 2233660 58120192    0    0 285488 193472 269162 1547922 40 36 23  1  0  0
32  8  64296 112855144 2233660 58120212    0    0 184800 122948 256036 1480468 36 42 21  1  0  0
169  0  64296 112869264 2233660 58120240    0    0 186800 126604 257088 1478774 37 41 22  1  0  0
63  3  64296 112871804 2233660 58120252    0    0 191568 129440 256848 1486474 37 40 22  1  0  0
37  2  64296 112862444 2233660 58120264    0    0 219120 149984 257307 1495011 39 38 22  1  0  0
49  2  64296 112864004 2233660 58120280    0    0 244272 163900 259382 1521386 40 36 23  1  0  0
procs -----------memory---------- ---swap-- -----io---- -system-- -------cpu-------
 r  b   swpd   free   buff  cache   si   so    bi    bo   in   cs us sy id wa st gu
23  6  64296 112866172 2233660 58120300    0    0 243664 166740 259227 1513989 38 38 23  1  0  0
21  1  64296 112858652 2233664 58120324    0    0 259584 176108 261522 1532001 40 36 23  1  0  0
61  8  64296 112873520 2233664 58120348    0    0 390704 303168 283052 1581632 43 33 23  2  0  0
27  3  64296 112860872 2233664 58120372    0    0 336320 227988 276255 1564583 41 35 22  1  0  0
124  5  64296 112874372 2233664 58120392    0    0 293072 199476 269415 1544836 41 35 23  1  0  0
123  0  64296 112857684 2233664 58120408    0    0 254800 177172 261141 1531266 39 36 24  1  0  0
65  5  64296 112854488 2233664 58120420    0    0 291296 212980 269990 1543785 41 35 23  1  0  0
31  0  64296 112869188 2233664 58120444    0    0 228624 159048 263764 1500858 39 38 22  1  0  0
112  0  64296 112868276 2233664 58120464    0    0 308320 223872 272465 1549486 40 36 23  1  0  0
130  3  64296 112881304 2233664 58120484    0    0 284000 195032 266466 1527712 41 34 24  1  0  0
69  4  64296 112861472 2233664 58120508    0    0 303088 209384 268545 1552786 42 34 24  1  0  0
87  6  64296 112868504 2233664 58120524    0    0 313632 263776 278674 1552253 41 35 23  1  0  0
47  8  64296 112877096 2233664 58120552    0    0 258896 175240 268537 1521317 39 38 22  1  0  0
38  3  64296 112874312 2233664 58120564    0    0 298640 202792 272342 1542815 40 36 23  1  0  0
36  6  64296 112872056 2233664 58120580    0    0 294144 201180 268344 1536933 40 35 24  1  0  0
21  0  64296 112859376 2233664 58120604    0    0 242864 167108 259439 1523487 39 36 23  1  0  0
89 10  64296 112875708 2233664 58120628    0    0 335952 229004 273515 1554808 42 34 23  1  0  0
41  6  64296 112872364 2233664 58120644    0    0 360544 243148 283115 1575891 43 33 22  2  0  0
52  1  64296 112869320 2233664 58120664    0    0 352736 242428 276755 1569917 43 32 24  2  0  0
50  4  64296 112867764 2233664 58120688    0    0 288864 235684 274202 1526032 40 36 22  1  0  0
226  1  64296 112890616 2233664 58120700    0    0 267424 210756 272008 1532684 39 37 22  1  0  0
procs -----------memory---------- ---swap-- -----io---- -system-- -------cpu-------
 r  b   swpd   free   buff  cache   si   so    bi    bo   in   cs us sy id wa st gu
23  4  64296 112870788 2233664 58120716    0    0 220080 150200 261620 1497075 38 39 22  1  0  0
32  4  64296 112860696 2233664 58120732    0    0 277136 186620 268391 1526422 40 36 22  1  0  0
89  1  64296 112877728 2233664 58120828    0    0 385472 260816 282822 1580549 44 32 22  2  0  0
56  2  64296 112867620 2233664 58120844    0    0 379616 248572 284508 1577593 42 34 22  2  0  0
11  0  64296 112870272 2233664 58120864    0    0 354304 241212 278246 1565192 42 33 23  2  0  0
71 10  64296 112872960 2233664 58120880    0    0 346112 234172 275135 1570459 42 33 23  1  0  0
139  2  64296 112871196 2233664 58120912    0    0 258960 232440 271355 1520153 39 38 22  1  0  0
51  3  64296 112884956 2233664 58120928    0    0 309664 206784 275586 1554523 40 36 22  1  0  0
62  7  64296 112876992 2233664 58120944    0    0 284080 195612 271011 1530091 40 37 22  1  0  0
42  2  64296 112872536 2233664 58120964    0    0 332992 227580 277494 1557516 42 34 23  1  0  0
118  3  64296 112862136 2233664 58120976    0    0 268272 184772 264824 1520637 40 35 24  1  0  0
36  7  64296 112862352 2233664 58121000    0    0 355904 257124 280405 1569649 42 33 23  2  0  0
90  1  64296 112868184 2233664 58121024    0    0 267440 182452 271375 1517899 39 38 22  1  0  0
105 11  64296 112871976 2233664 58121036    0    0 230288 155108 261876 1494729 38 38 22  1  0  0
63  7  64296 112877852 2233664 58121064    0    0 378928 253076 283797 1570245 44 32 23  2  0  0
105  1  64296 112893784 2233664 58121080    0    0 496208 387312 307205 1604093 44 32 21  3  0  0
63  2  64296 112869760 2233664 58121100    0    0 179456 122708 255557 1471139 37 40 23  1  0  0
32  3  64296 112857296 2233664 58121124    0    0 186592 131908 255382 1473103 37 40 22  1  0  0
124  0  64296 112850888 2233664 58121136    0    0 201248 137684 255722 1481655 38 38 23  1  0  0
29  5  64296 112856456 2233664 58121152    0    0 186432 132128 253888 1487890 38 39 23  1  0  0
75  2  64296 112860860 2233664 58121188    0    0 193376 133456 252164 1486276 38 38 23  1  0  0
procs -----------memory---------- ---swap-- -----io---- -system-- -------cpu-------
 r  b   swpd   free   buff  cache   si   so    bi    bo   in   cs us sy id wa st gu
15  1  64296 112854652 2233668 58121188    0    0 270288 189496 272751 1530907 40 37 22  1  0  0
18  0  64296 112863128 2233668 58121216    0    0 209664 143324 262763 1484862 37 41 21  1  0  0
158  4  64296 112879236 2233668 58121232    0    0 217952 147672 263875 1496991 38 40 21  1  0  0
121  3  64296 112867788 2233668 58121244    0    0 218176 150328 262026 1505264 38 39 22  1  0  0
72  1  64296 112854744 2233668 58121272    0    0 184752 127308 256026 1473899 37 40 22  1  0  0
82  2  64296 112855068 2233672 58121280    0    0 215152 148580 259464 1491718 38 40 22  1  0  0
88  2  64296 112853776 2233672 58121308    0    0 265456 196776 266082 1524790 40 36 23  1  0  0
58  4  64296 112857800 2233672 58121332    0    0 229216 159752 259666 1507525 38 38 23  1  0  0
60 15  64296 112840772 2233672 58121348    0    0 252672 176996 266937 1515241 40 34 24  1  0  0
73  6  64296 112860776 2233672 58121364    0    0 320368 240676 283042 1552521 41 36 21  1  0  0
52  2  64296 112847420 2233676 58121380    0    0 489952 323992 304797 1642385 45 32 21  2  0  0
101  1  64296 112838748 2233676 58121396    0    0 241344 206668 276886 1499896 38 39 22  1  0  0
47  2  64296 112834284 2233676 58121420    0    0 216336 148032 265100 1488976 38 40 21  1  0  0
90  7  64296 112845832 2233676 58121432    0    0 249056 167896 267937 1503423 39 39 22  1  0  0
72  6  64296 112850392 2233676 58121456    0    0 296656 199472 274721 1542231 40 36 23  1  0  0
69  1  64296 112854804 2233680 58121476    0    0 345984 236504 278700 1563676 43 33 23  1  0  0
65  4  64296 112846844 2233680 58121492    0    0 227488 157012 259031 1506909 39 36 23  1  0  0
122  2  64296 112850320 2233680 58121516    0    0 342224 233444 280703 1562516 40 35 23  1  0  0
72  2  64296 112852300 2233680 58121544    0    0 279552 189208 275632 1529949 40 36 23  1  0  0
42  7  64296 112851620 2233680 58121544    0    0 234480 161808 265441 1505448 39 37 23  1  0  0
56  7  64296 112864828 2233680 58121568    0    0 300800 205084 271306 1531256 40 35 23  1  0  0
procs -----------memory---------- ---swap-- -----io---- -system-- -------cpu-------
 r  b   swpd   free   buff  cache   si   so    bi    bo   in   cs us sy id wa st gu
58  2  64296 112878444 2233680 58121596    0    0 415808 359728 297397 1597201 44 32 22  2  0  0
35 14  64296 112868144 2233680 58121624    0    0 372160 247948 284154 1571204 43 32 23  2  0  0
43  6  64296 112878044 2233680 58121636    0    0 313104 220960 274339 1552546 41 33 24  1  0  0
24  1  64296 112860772 2233680 58121652    0    0 300528 203372 278834 1537921 40 37 22  1  0  0
14  0  64296 112855984 2233680 58121676    0    0 257984 176688 269308 1513197 39 38 22  1  0  0
27  1  64296 112860544 2233680 58121700    0    0 256016 174884 268477 1523785 40 36 23  1  0  0
50  2  64296 112856788 2233680 58121712    0    0 186944 133256 255145 1478843 38 39 23  1  0  0
35  8  64296 112869824 2233680 58121728    0    0 246384 164612 260896 1510593 39 37 23  1  0  0
83  2  64296 112874072 2233680 58121748    0    0 348832 239792 278464 1569560 43 32 24  2  0  0
39  0  64296 112859288 2233680 58121760    0    0 239312 222060 269062 1515908 39 38 22  1  0  0
145  0  64296 112854532 2233680 58121788    0    0 239680 163592 265316 1497750 39 38 22  1  0  0
41  2  64296 112865436 2233680 58121824    0    0 316416 214972 275772 1550840 42 34 23  1  0  0
116  1  64296 112855724 2233680 58121828    0    0 297344 219812 270012 1547958 41 35 24  1  0  0
75  4  64296 112871404 2233680 58121844    0    0 279520 193936 267826 1537456 40 34 24  1  0  0
25  1  64296 112862496 2233680 58121856    0    0 306512 205416 276661 1543115 41 35 22  1  0  0
101  7  64296 112865692 2233680 58121888    0    0 394128 269260 287872 1580224 43 33 23  2  0  0
51  3  64296 112860144 2233680 58121912    0    0 307696 211296 272330 1551408 41 34 23  1  0  0
140  2  64296 112853380 2233680 58121920    0    0 305536 210556 278705 1543031 41 36 22  1  0  0
11  1  64296 112855832 2233680 58121936    0    0 197856 138368 260385 1477037 37 41 22  1  0  0
51  4  64296 112861360 2233680 58121968    0    0 256832 230008 271530 1509298 39 38 22  1  0  0
167  3  64296 112864396 2233680 58122044    0    0 341744 228456 280068 1558020 42 34 23  1  0  0
procs -----------memory---------- ---swap-- -----io---- -system-- -------cpu-------
 r  b   swpd   free   buff  cache   si   so    bi    bo   in   cs us sy id wa st gu
170  0  64296 112873068 2233680 58122068    0    0 333152 228296 286877 1562332 41 34 23  1  0  0
86  0  64296 112853328 2233680 58122076    0    0 240528 166272 262219 1505976 39 37 23  1  0  0
11  0  64296 112846176 2233680 58122092    0    0 288032 200504 268377 1546882 41 34 24  1  0  0
101  8  64296 112846752 2233680 58122116    0    0 272640 182868 272910 1523264 39 38 22  1  0  0
49 11  64296 112842648 2233680 58122132    0    0 392720 282744 288767 1581300 44 32 23  2  0  0
55  4  64296 112839260 2233680 58122156    0    0 247824 165876 264470 1512985 39 37 23  1  0  0
85 10  64296 112858284 2233680 58122184    0    0 223376 156600 258719 1498016 39 37 23  1  0  0
36  9  64296 112863568 2233680 58122200    0    0 401840 321336 295938 1592707 44 33 21  2  0  0
95  9  64296 112869116 2233680 58122220    0    0 334384 228040 285156 1567648 41 34 23  1  0  0
 9  1  64296 112848576 2233680 58122232    0    0 217888 152228 262976 1498045 39 38 23  1  0  0
81 10  64296 112856796 2233680 58122252    0    0 181872 127980 254219 1472133 37 40 22  1  0  0
130  5  64296 112857340 2233680 58122280    0    0 200944 138204 255582 1481641 37 39 23  1  0  0
63  3  64296 112854440 2233680 58122308    0    0 213136 149772 258719 1495724 39 37 23  1  0  0
54  0  64296 112849976 2233680 58122324    0    0 232464 163732 259383 1495818 39 36 24  1  0  0
77  7  64296 112845916 2233680 58122352    0    0 297328 210424 272488 1541459 41 35 23  1  0  0
38  6  64296 112861248 2233680 58122356    0    0 291856 198276 274151 1520175 40 36 22  1  0  0
96  2  64296 112873168 2233680 58122376    0    0 341216 233500 280970 1572524 42 34 23  1  0  0
52  0  64296 112871224 2233680 58122392    0    0 273616 207780 268142 1531752 40 36 23  1  0  0
50  1  64296 112851516 2233680 58122408    0    0 207120 144636 255167 1488218 38 37 23  1  0  0
43  5  64296 112840464 2233680 58122428    0    0 255520 233060 269935 1522913 39 37 23  1  0  0
47  3  64296 112860036 2233680 58122448    0    0 215808 146720 262819 1483700 38 40 21  1  0  0
procs -----------memory---------- ---swap-- -----io---- -system-- -------cpu-------
 r  b   swpd   free   buff  cache   si   so    bi    bo   in   cs us sy id wa st gu
47  1  64296 112863404 2233680 58122464    0    0 279344 189376 269636 1528044 40 37 22  1  0  0
28  1  64296 112866224 2233680 58122488    0    0 242736 171320 265047 1509656 38 38 23  1  0  0
37 10  64296 112865984 2233680 58122504    0    0 279968 190924 269228 1535716 40 36 22  1  0  0
117  0  64296 112868428 2233680 58122520    0    0 236096 163396 262376 1514141 38 37 23  1  0  0
48  1  64296 112856872 2233680 58122540    0    0 281728 193640 265360 1536507 41 34 24  1  0  0
71  2  64296 112866708 2233680 58122556    0    0 225632 159360 259194 1507657 39 37 23  1  0  0
37 17  64296 112860972 2233680 58122576    0    0 301184 206064 273067 1540517 40 36 23  1  0  0
20  2  64296 112854228 2233684 58122600    0    0 190416 130872 260726 1483774 37 40 22  1  0  0
43  8  64296 112843616 2233684 58122612    0    0 154768 106976 251127 1458812 35 43 21  1  0  0
17  0  64296 112849652 2233684 58122644    0    0 184992 125876 254378 1473893 37 40 22  1  0  0
55  4  64296 112858304 2233684 58122668    0    0 253984 168684 261958 1512549 39 38 22  1  0  0
39  3  64296 112861912 2233684 58122684    0    0 488992 398252 303017 1635447 45 30 22  2  0  0
132  0  64296 112864220 2233684 58122700    0    0 406576 273120 290537 1601649 44 32 22  2  0  0
35  6  64296 112870696 2233684 58122728    0    0 251456 172972 260972 1516902 39 37 23  1  0  0
51  5  64296 112851192 2233684 58122740    0    0 252256 174756 263132 1529906 40 35 23  1  0  0
70  5  64296 112851792 2233684 58122760    0    0 180672 126956 250678 1477295 37 39 23  1  0  0
38  3  64296 112854076 2233684 58122768    0    0 248976 171520 268202 1511749 39 39 22  1  0  0
22  0  64296 112854140 2233688 58122784    0    0 280592 192792 272676 1535080 39 37 22  1  0  0
38  0  64296 112858892 2233688 58122824    0    0 242432 167000 264522 1514943 39 38 22  1  0  0
23  0  64296 112862320 2233688 58122832    0    0 221664 154040 263490 1512581 38 38 22  1  0  0
31  6  64296 112848280 2233688 58122848    0    0 187264 131400 252258 1487902 37 40 22  1  0  0
procs -----------memory---------- ---swap-- -----io---- -system-- -------cpu-------
 r  b   swpd   free   buff  cache   si   so    bi    bo   in   cs us sy id wa st gu
63  4  64296 112851540 2233688 58122876    0    0 220352 152648 255712 1503336 38 38 23  1  0  0
34  3  64296 112860448 2233688 58122892    0    0 259776 181172 258560 1528903 39 36 24  1  0  0
49  3  64296 112848600 2233688 58122916    0    0 382688 310592 280989 1591692 43 32 23  2  0  0
78  1  64296 112845932 2233688 58122924    0    0 275296 207236 267283 1537954 40 38 21  1  0  0
40  0  64296 112849096 2233688 58122952    0    0 227776 163184 260039 1511159 38 39 22  1  0  0
36  3  64296 112847932 2233688 58122968    0    0 307568 211772 265903 1563766 41 35 23  1  0  0
111  4  64296 112862280 2233688 58122992    0    0 370416 255908 274821 1592536 43 33 23  2  0  0
33  0  64296 112859208 2233688 58123016    0    0 385760 261108 280110 1600411 43 33 22  2  0  0
31  3  64296 112855392 2233688 58123028    0    0 349712 238000 271196 1574743 42 34 23  2  0  0
56  5  64296 112860848 2233688 58123048    0    0 348880 292380 272624 1577581 42 33 23  2  0  0
132  1  64296 112850896 2233688 58123064    0    0 253984 181584 265783 1529609 39 39 21  1  0  0
37  1  64296 112844376 2233688 58123084    0    0 284608 195780 265423 1539265 40 36 23  1  0  0
150  2  64296 112843684 2233688 58123096    0    0 211520 144948 256655 1505654 37 40 22  1  0  0
66  4  64296 112845704 2233688 58123120    0    0 198960 135364 252724 1491663 37 39 23  1  0  0
23  1  64296 112865856 2233688 58123136    0    0 282304 194012 265179 1552789 40 35 23  1  0  0
52 13  64296 112874272 2233692 58123148    0    0 303984 212272 264430 1550072 41 34 24  1  0  0
29  1  64296 112867028 2233692 58123244    0    0 407456 297320 287366 1610188 43 33 22  2  0  0
67  0  64296 112847060 2233692 58123268    0    0 153184 105572 249876 1458259 36 42 21  1  0  0
 8  0  64296 112842040 2233692 58123292    0    0 145760 100176 247993 1457345 35 43 22  1  0  0
95  3  64296 112833352 2233692 58123312    0    0 145936 105580 247726 1458934 35 43 22  1  0  0
61  1  64296 112853148 2233692 58123336    0    0 156976 109348 248427 1465911 36 41 22  1  0  0
procs -----------memory---------- ---swap-- -----io---- -system-- -------cpu-------
 r  b   swpd   free   buff  cache   si   so    bi    bo   in   cs us sy id wa st gu
128  3  64296 112842000 2233692 58123348    0    0 167200 114656 248952 1469809 37 40 23  1  0  0
37  1  64296 112859420 2233692 58123368    0    0 192816 134144 252873 1490213 37 39 23  1  0  0
113  1  64296 112853476 2233692 58123380    0    0 225728 156464 256726 1508674 39 36 23  1  0  0
96  2  64296 112870908 2233692 58123404    0    0 413856 333484 291070 1604874 44 33 22  2  0  0
79  1  64296 112865388 2233692 58123424    0    0 345184 236008 279602 1569444 42 34 23  1  0  0
141  1  64296 112863228 2233692 58123444    0    0 200416 137904 257805 1481460 38 39 22  1  0  0
50  2  64296 112849744 2233692 58123460    0    0 242432 166236 262147 1511887 39 37 23  1  0  0
89  0  64296 112834412 2233692 58123496    0    0 267552 181592 269944 1529531 40 35 23  1  0  0
81  0  64296 112843064 2233692 58123508    0    0 204368 141724 254130 1488979 38 38 23  1  0  0
51  5  64296 112856032 2233692 58123528    0    0 272608 191992 263979 1533245 40 35 24  1  0  0
37  0  64296 112859660 2233692 58123536    0    0 326016 220780 279939 1560921 42 35 22  1  0  0
30 10  64296 112851528 2233692 58123556    0    0 285488 193704 272309 1533903 40 36 22  1  0  0
135  3  64296 112856476 2233692 58123572    0    0 208992 146772 259881 1487439 38 38 22  1  0  0
24  0  64296 112856928 2233692 58123592    0    0 197952 136304 255191 1484884 38 38 23  1  0  0
32  3  64296 112860128 2233692 58123616    0    0 260608 197400 263701 1525899 40 35 23  1  0  0
199  1  64296 112853340 2233692 58123636    0    0 294368 248788 275862 1539087 41 36 23  1  0  0
111  2  64296 112858844 2233692 58123660    0    0 273104 185784 271210 1523099 40 37 23  1  0  0
37  2  64296 112872684 2233692 58123676    0    0 314432 211212 276247 1547714 41 35 23  1  0  0
28  4  64296 112870248 2233692 58123680    0    0 330928 228816 277064 1561811 42 33 24  1  0  0
49  4  64296 112844696 2233692 58123700    0    0 220720 157364 258437 1502148 39 37 23  1  0  0
62  6  64296 112859140 2233692 58123732    0    0 325152 218164 280037 1540061 41 35 22  1  0  0
procs -----------memory---------- ---swap-- -----io---- -system-- -------cpu-------
 r  b   swpd   free   buff  cache   si   so    bi    bo   in   cs us sy id wa st gu
40  6  64296 112865632 2233692 58123740    0    0 431808 291556 293528 1596999 44 32 22  2  0  0
15  2  64296 112853808 2233692 58123756    0    0 221904 151260 257447 1509033 38 38 23  1  0  0
65 16  64296 112851152 2233692 58123800    0    0 330720 254512 272976 1561475 42 33 24  2  0  0
148  0  64296 112857488 2233692 58123808    0    0 384784 286568 288264 1589443 43 33 22  2  0  0
84  0  64296 112866244 2233696 58123816    0    0 209728 143136 258596 1492850 38 39 23  1  0  0
59  4  64296 112858720 2233696 58123844    0    0 346352 247464 277217 1566727 42 33 24  2  0  0
227  1  64296 112858668 2233696 58123860    0    0 250672 175336 267877 1519042 39 38 21  1  0  0
 8  3  64296 112856884 2233696 58123880    0    0 212544 141976 259729 1493242 38 40 22  1  0  0
18  2  64296 112860096 2233696 58123904    0    0 296976 200928 272398 1541189 40 36 22  1  0  0
77  4  64296 112857284 2233696 58123920    0    0 308768 206084 271350 1536454 40 36 22  1  0  0
86  5  64296 112865668 2233696 58123940    0    0 396480 326916 288233 1592890 43 32 23  2  0  0
15  1  64296 112848964 2233696 58123972    0    0 348144 229720 282702 1567353 42 35 22  1  0  0
40  4  64296 112861748 2233696 58123984    0    0 192256 132240 257757 1484988 37 40 22  1  0  0
70  5  64296 112854604 2233696 58124004    0    0 194288 132668 256916 1481064 38 39 22  1  0  0
91  1  64296 112862468 2233700 58124016    0    0 220512 154348 259174 1493700 38 38 22  1  0  0
64  6  64296 112857532 2233700 58124044    0    0 182544 124900 252517 1479161 36 41 22  1  0  0
95  3  64296 112859924 2233700 58124072    0    0 160448 110804 246424 1471806 36 41 22  1  0  0
39  3  64296 112854848 2233700 58124084    0    0 177952 125188 249533 1480690 37 40 22  1  0  0
93  5  64296 112849716 2233700 58124116    0    0 183312 126644 250586 1481617 38 39 23  1  0  0
169  0  64296 112855720 2233700 58124132    0    0 225968 153960 255360 1511456 39 37 23  1  0  0
86  5  64296 112870212 2233700 58124140    0    0 256272 177244 266066 1526340 38 38 23  1  0  0
procs -----------memory---------- ---swap-- -----io---- -system-- -------cpu-------
 r  b   swpd   free   buff  cache   si   so    bi    bo   in   cs us sy id wa st gu
26 15  64296 112859016 2233700 58124156    0    0 334960 241404 278270 1569887 42 34 22  1  0  0
32  2  64296 112863756 2233700 58124164    0    0 424544 283860 287254 1599054 44 31 23  2  0  0
56  0  64296 112867056 2233700 58124196    0    0 280624 196504 271756 1525402 39 38 21  1  0  0
139  0  64296 112857812 2233700 58124212    0    0 212816 194924 262691 1487802 37 40 22  1  0  0
31  3  64296 112865792 2233700 58124236    0    0 423280 280772 290637 1595537 44 31 22  2  0  0
42  4  64296 112865304 2233700 58124252    0    0 333248 227980 274527 1564854 42 33 24  1  0  0
184  0  64296 112862672 2233700 58124272    0    0 278672 196476 266381 1534680 40 35 24  1  0  0
112  3  64296 112872156 2233700 58124292    0    0 271872 183564 272836 1534201 38 39 22  1  0  0
223  1  64296 112862644 2233700 58124300    0    0 232720 163220 267383 1514948 39 38 22  1  0  0
43  2  64296 112850316 2233700 58124320    0    0 156176 105196 250779 1461075 36 42 22  1  0  0
51  5  64296 112840028 2233700 58124344    0    0 160240 111036 250298 1466096 37 41 22  1  0  0
135  1  64296 112834148 2233700 58124372    0    0 166080 112284 251478 1470847 37 41 22  1  0  0
113  0  64296 112836724 2233700 58124392    0    0 187024 127748 253866 1487126 36 41 22  1  0  0
57  3  64296 112834920 2233700 58124404    0    0 171424 120384 251352 1475676 36 41 22  1  0  0
170  0  64296 112850904 2233700 58124508    0    0 192960 132884 251367 1487407 37 40 22  1  0  0
34  0  64296 112859404 2233700 58124528    0    0 225728 153944 257332 1507540 38 38 23  1  0  0
53  3  64296 112867100 2233700 58124548    0    0 295888 220140 273344 1553535 40 34 24  1  0  0
26  1  64296 112845556 2233700 58124564    0    0 248480 225228 265644 1521644 38 39 22  1  0  0
69  4  64296 112838204 2233700 58124588    0    0 163888 109416 248402 1469581 35 42 22  1  0  0
45  1  64296 112844716 2233700 58124604    0    0 173232 120264 249255 1477999 36 42 22  1  0  0
85  5  64296 112860748 2233700 58124636    0    0 243360 162508 256697 1511636 39 37 23  1  0  0
procs -----------memory---------- ---swap-- -----io---- -system-- -------cpu-------
 r  b   swpd   free   buff  cache   si   so    bi    bo   in   cs us sy id wa st gu
51  3  64296 112862632 2233700 58124636    0    0 370192 254068 277467 1588400 42 33 23  2  0  0
12  0  64296 112859880 2233700 58124660    0    0 347552 236668 275458 1574506 41 35 23  1  0  0
68  9  64296 112869880 2233700 58124676    0    0 334048 224452 272137 1566245 42 33 24  1  0  0
82  4  64296 112862312 2233700 58124696    0    0 298064 204768 271915 1560917 41 34 24  1  0  0
61  7  64296 112857260 2233700 58124720    0    0 262064 179276 264690 1526240 39 37 22  1  0  0
110  0  64296 112849960 2233700 58124740    0    0 253120 172612 265419 1521711 40 37 23  1  0  0
31  7  64296 112840196 2233700 58124760    0    0 197088 131892 255628 1483438 37 41 22  1  0  0
49  4  64296 112834508 2233700 58124788    0    0 257312 227496 269217 1515402 39 38 22  1  0  0
69 10  64296 112840568 2233700 58124804    0    0 358208 238620 282814 1572938 42 34 23  1  0  0
35  1  64296 112837664 2233700 58124828    0    0 310288 229464 271136 1554142 41 35 23  1  0  0
92  6  64296 112859724 2233700 58124848    0    0 230960 160424 256541 1513562 39 37 23  1  0  0
71  0  64296 112855712 2233700 58124848    0    0 251120 170820 261960 1532808 39 36 24  1  0  0
16  1  64296 112855604 2233700 58124880    0    0 219792 154176 256323 1497049 38 38 23  1  0  0
116  1  64296 112853100 2233700 58124896    0    0 293360 195856 273259 1535900 40 37 22  1  0  0
41  8  64296 112844968 2233700 58124916    0    0 366016 246832 280065 1577640 43 33 23  2  0  0
102  6  64296 112864812 2233700 58124932    0    0 362016 298392 281517 1572215 42 33 23  2  0  0
67  7  64296 112869852 2233700 58124944    0    0 347824 233204 280957 1563740 41 35 23  1  0  0
57  3  64296 112858936 2233700 58124988    0    0 283808 194440 268646 1527321 40 36 23  1  0  0
76  3  64296 112870580 2233700 58125004    0    0 323616 218628 272540 1566584 41 35 23  1  0  0
47  6  64296 112871268 2233700 58125016    0    0 314288 216640 272327 1559105 42 34 23  1  0  0
14  3  64296 112869752 2233700 58125032    0    0 333568 225680 278023 1551875 41 35 23  1  0  0
procs -----------memory---------- ---swap-- -----io---- -system-- -------cpu-------
 r  b   swpd   free   buff  cache   si   so    bi    bo   in   cs us sy id wa st gu
29  1  64296 112865760 2233700 58125060    0    0 340992 248132 276377 1567851 41 34 23  1  0  0
32  1  64296 112859680 2233700 58125076    0    0 294384 204160 267266 1548162 40 36 23  1  0  0
16  1  64296 112868220 2233700 58125104    0    0 337136 284652 276296 1564771 42 33 23  2  0  0
56  1  64296 112844700 2233700 58125116    0    0 222368 150376 264646 1501628 38 40 22  1  0  0
131  0  64296 112846356 2233700 58125136    0    0 226640 150328 263181 1495095 38 39 22  1  0  0
67 11  64296 112862384 2233700 58125160    0    0 301312 207292 272807 1547364 40 36 23  1  0  0
39  4  64296 112863984 2233704 58125168    0    0 328896 225540 277382 1562273 42 34 23  1  0  0
53  5  64296 112853556 2233704 58125192    0    0 353184 244916 276899 1568144 42 32 24  2  0  0
84 10  64296 112859240 2233704 58125216    0    0 271952 185248 272259 1520405 39 38 22  1  0  0
56  6  64296 112854520 2233704 58125232    0    0 346848 231184 280822 1570218 43 33 23  1  0  0
53  9  64296 112841308 2233708 58125300    0    0 363232 247028 282548 1565708 43 32 23  2  0  0
254  0  64296 112848752 2233708 58125328    0    0 325360 272952 276853 1556330 41 34 23  1  0  0
27  2  64296 112850576 2233708 58125336    0    0 283808 209800 274189 1526351 40 37 22  1  0  0
67  0  64296 112857680 2233708 58125360    0    0 343616 228500 280590 1570611 42 34 23  1  0  0
27  4  64296 112854672 2233708 58125368    0    0 317184 219084 277240 1555782 41 34 23  1  0  0
51  1  64296 112860924 2233708 58125400    0    0 276432 188316 266985 1531456 40 35 24  1  0  0
59  5  64296 112860452 2233708 58125420    0    0 284784 196236 266462 1538787 41 34 24  1  0  0
153  0  64296 112864148 2233708 58125432    0    0 338256 227028 280649 1558585 42 35 22  1  0  0
145  8  64296 112862696 2233708 58125464    0    0 314144 206764 275701 1539643 41 35 23  1  0  0
98  6  64296 112868972 2233708 58125476    0    0 373648 249788 285733 1578531 43 33 23  2  0  0
51  3  64296 112852368 2233708 58125500    0    0 192800 135476 256629 1482505 37 40 22  1  0  0
procs -----------memory---------- ---swap-- -----io---- -system-- -------cpu-------
 r  b   swpd   free   buff  cache   si   so    bi    bo   in   cs us sy id wa st gu
140  1  64296 112863412 2233708 58125516    0    0 211520 144548 257907 1489614 38 37 23  1  0  0
37  4  64296 112874556 2233708 58125532    0    0 306928 254556 277878 1553911 42 34 23  1  0  0
104  1  64296 112859188 2233708 58125548    0    0 364640 272028 286772 1568609 42 34 22  2  0  0
67  1  64296 112868812 2233708 58125572    0    0 256128 175644 268744 1507197 39 38 22  1  0  0
77  1  64296 112859872 2233708 58125580    0    0 340880 228260 281641 1557135 42 34 23  1  0  0
96  0  64296 112859144 2233708 58125608    0    0 282320 194072 275332 1520505 40 35 24  1  0  0
62  4  64296 112858604 2233708 58125632    0    0 260384 182744 264829 1523663 40 36 23  1  0  0
15  1  64296 112853464 2233708 58125652    0    0 331344 221724 282412 1558880 41 35 22  1  0  0
20  3  64296 112852344 2233708 58125668    0    0 193936 129840 260071 1474954 36 41 22  1  0  0
132  2  64296 112850696 2233708 58125676    0    0 222848 149656 265295 1494453 37 40 22  1  0  0
37  6  64296 112843760 2233712 58125696    0    0 222752 154228 262525 1499377 39 37 22  1  0  0
104 12  64296 112848044 2233712 58125792    0    0 251792 173716 265277 1509909 40 36 23  1  0  0
150  0  64296 112842032 2233712 58125808    0    0 199504 142592 257691 1492096 38 39 23  1  0  0
38  8  64296 112850112 2233712 58125820    0    0 196928 135740 255022 1481266 38 38 23  1  0  0
91  4  64296 112845216 2233712 58125848    0    0 200624 139628 254974 1485940 38 39 23  1  0  0
65  6  64296 112848256 2233716 58125864    0    0 191360 140968 254171 1488545 37 39 23  1  0  0
66  2  64296 112859584 2233716 58125888    0    0 208672 190756 261749 1492001 37 41 21  1  0  0
55  2  64296 112858284 2233716 58125900    0    0 290928 197848 271951 1541104 40 37 22  1  0  0
127  4  64296 112866948 2233716 58125912    0    0 380640 258852 281483 1584810 43 33 23  2  0  0
25  0  64296 112856652 2233716 58125940    0    0 272592 207152 262332 1539715 40 35 24  1  0  0
62  2  64296 112859200 2233716 58125964    0    0 348112 235700 279211 1572026 42 34 22  1  0  0
procs -----------memory---------- ---swap-- -----io---- -system-- -------cpu-------
 r  b   swpd   free   buff  cache   si   so    bi    bo   in   cs us sy id wa st gu
26  1  64296 112857304 2233716 58125984    0    0 347232 235876 277834 1563789 41 34 23  1  0  0
44  1  64296 112865884 2233716 58126008    0    0 263952 182116 260890 1523347 40 35 23  1  0  0
14  2  64296 112871352 2233716 58126024    0    0 423408 340476 291613 1610238 44 32 22  2  0  0
18  5  64296 112851208 2233716 58126040    0    0 278560 189632 264429 1523510 39 36 24  1  0  0
103  1  64296 112851864 2233716 58126060    0    0 474144 320888 300473 1637788 45 30 22  2  0  0
38  7  64296 112841984 2233716 58126080    0    0 202800 137332 259472 1479253 37 40 22  1  0  0
50  2  64296 112841908 2233716 58126100    0    0 210320 144524 259406 1490407 38 40 22  1  0  0
49  3  64296 112854888 2233716 58126128    0    0 252544 175952 263226 1517667 39 37 23  1  0  0
79  1  64296 112851308 2233716 58126144    0    0 235456 162044 258143 1510696 39 36 24  1  0  0
27  5  64296 112851104 2233716 58126168    0    0 256736 175196 261704 1518703 40 36 24  1  0  0
69  5  64296 112852272 2233716 58126192    0    0 225712 234260 265526 1512901 39 38 22  1  0  0
58  5  64296 112853248 2233716 58126208    0    0 234192 159200 264919 1500623 39 39 22  1  0  0
130  7  64296 112852968 2233716 58126220    0    0 281472 189900 272714 1537196 40 36 22  1  0  0
49  2  64296 112860916 2233716 58126240    0    0 323152 218952 277668 1549430 42 34 22  1  0  0
37  4  64296 112858256 2233716 58126256    0    0 337664 231540 278207 1564523 42 33 23  1  0  0
64  6  64296 112872236 2233716 58126276    0    0 379904 260004 282695 1582079 44 31 23  2  0  0
40  0  64296 112854220 2233716 58126292    0    0 399984 269452 289695 1592936 43 33 22  2  0  0
30  0  64296 112847732 2233716 58126328    0    0 209040 144032 259628 1490215 38 39 22  1  0  0
103  3  64296 112837256 2233716 58126348    0    0 196672 132780 255396 1480729 38 39 23  1  0  0
195  1  64296 112846312 2233720 58126356    0    0 236176 163436 263097 1510103 38 38 23  1  0  0
55  1  64296 112860048 2233720 58126368    0    0 216288 151572 259276 1503357 38 38 23  1  0  0
procs -----------memory---------- ---swap-- -----io---- -system-- -------cpu-------
 r  b   swpd   free   buff  cache   si   so    bi    bo   in   cs us sy id wa st gu
43  1  64296 112853560 2233720 58126396    0    0 270016 186992 265857 1533580 40 35 24  1  0  0
48  2  64296 112858196 2233720 58126424    0    0 308896 263644 275496 1546052 41 35 23  1  0  0
40  3  64296 112857616 2233720 58126440    0    0 286464 210644 271993 1528830 40 36 23  1  0  0
199  0  64296 112855948 2233720 58126460    0    0 295808 203524 270281 1541279 41 34 24  1  0  0
44  2  64296 112868896 2233720 58126472    0    0 224512 154640 260145 1497378 39 38 23  1  0  0
87  0  64296 112863860 2233720 58126500    0    0 328416 220880 280768 1555656 42 35 22  1  0  0
46  1  64296 112855136 2233720 58126520    0    0 256000 177632 268091 1507491 40 37 22  1  0  0
104  1  64296 112863692 2233720 58126532    0    0 290240 196884 272093 1546360 40 35 23  1  0  0
17  4  64296 112858756 2233720 58126552    0    0 246048 168152 262458 1508556 39 36 24  1  0  0
59  0  64296 112849552 2233720 58126572    0    0 248320 175320 266092 1515664 39 37 23  1  0  0
97  2  64296 112861192 2233720 58126604    0    0 174640 116544 257766 1460405 36 42 21  1  0  0
126  2  64296 112854452 2233720 58126620    0    0 216240 201764 264811 1485147 37 41 22  1  0  0
38  1  64296 112851364 2233720 58126632    0    0 255280 175476 267666 1521647 39 38 22  1  0  0
118  1  64296 112820956 2233720 58126660    0    0 245792 170580 266360 1500585 38 38 22  1  0  0
65  1  64296 112771932 2233720 58126680    0    0 263536 176824 283741 1515130 40 37 22  1  0  0
69  4  64296 112776436 2233720 58126688    0    0 258528 181496 266533 1526256 40 36 23  1  0  0
67  2  64296 112702788 2233720 58126708    0    0 298816 206512 270355 1539156 41 34 24  1  0  0
26  6  64296 112680280 2233720 58126708    0    0 194208 135192 253586 1491713 37 39 23  1  0  0
254  0  64296 112735724 2233720 58126752    0    0 181440 126976 257458 1470904 37 41 22  1  0  0
50  4  64296 112761424 2233720 58126772    0    0 208208 144872 261604 1481664 37 41 22  1  0  0
31  1  64296 112715540 2233720 58126792    0    0 195632 152040 267088 1483883 37 41 21  1  0  0
procs -----------memory---------- ---swap-- -----io---- -system-- -------cpu-------
 r  b   swpd   free   buff  cache   si   so    bi    bo   in   cs us sy id wa st gu
30  8  64296 112748664 2233720 58126816    0    0 201248 139472 262781 1478683 37 40 22  1  0  0
46  6  64296 112731836 2233720 58126832    0    0 318544 214040 274390 1554217 41 36 22  1  0  0
183  0  64296 112727020 2233720 58126848    0    0 357952 245800 280140 1584416 42 33 23  2  0  0
46  1  64296 112739368 2233720 58126864    0    0 266912 185940 265099 1524815 40 36 23  1  0  0
275  4  64296 112738300 2233720 58126884    0    0 192560 188048 263280 1488274 37 40 22  1  0  0
80 16  64296 112753880 2233720 58126908    0    0 183952 121956 258608 1472578 36 42 21  1  0  0
181  2  64296 112714936 2233720 58126924    0    0 203568 137908 259509 1483682 37 41 21  1  0  0
49  6  64296 112744448 2233720 58127016    0    0 303232 207412 272357 1540623 41 35 23  1  0  0
106  4  64296 112751200 2233720 58127036    0    0 350064 239204 279661 1570923 42 33 24  2  0  0
96 16  64296 112729908 2233720 58127052    0    0 364432 248304 278710 1581198 43 33 23  2  0  0
16  0  64296 112753724 2233720 58127068    0    0 368080 248900 285289 1589653 42 34 23  2  0  0
142  1  64296 112743560 2233720 58127084    0    0 241680 164704 267268 1513814 39 37 24  1  0  0
53  4  64296 112762432 2233720 58127100    0    0 284752 213588 266225 1541136 41 34 24  1  0  0
98  6  64296 112766268 2233720 58127120    0    0 297376 209296 269956 1555330 40 35 23  1  0  0
111  6  64296 112762692 2233720 58127140    0    0 263472 232664 271452 1514790 39 38 22  1  0  0
24  3  64296 112759480 2233720 58127168    0    0 362256 245288 287270 1574708 42 35 22  1  0  0
23  3  64296 112775916 2233720 58127184    0    0 431296 291420 292456 1604182 44 32 22  2  0  0
58  5  64296 112772224 2233720 58127204    0    0 216128 151720 259059 1501474 38 38 23  1  0  0
121  0  64296 112782980 2233720 58127220    0    0 179424 122208 252540 1479302 37 40 23  1  0  0
93  6  64296 112796744 2233720 58127232    0    0 255728 176240 265495 1515437 40 37 22  1  0  0
177  0  64296 112793420 2233720 58127264    0    0 296000 205100 275105 1543079 41 36 22  1  0  0
procs -----------memory---------- ---swap-- -----io---- -system-- -------cpu-------
 r  b   swpd   free   buff  cache   si   so    bi    bo   in   cs us sy id wa st gu
50  5  64296 112798516 2233720 58127288    0    0 236752 160584 262330 1501052 39 38 23  1  0  0
74  4  64296 112797568 2233720 58127308    0    0 303712 205876 272913 1545351 41 34 23  1  0  0
135  0  64296 112788232 2233720 58127328    0    0 405360 295300 290143 1589282 43 33 22  2  0  0
82  1  64296 112785400 2233720 58127340    0    0 349488 248128 286083 1565214 41 36 21  1  0  0
74  8  64296 112777820 2233720 58127372    0    0 366656 249500 286489 1574350 42 35 21  1  0  0
28  9  64296 112767652 2233720 58127384    0    0 274624 210972 276493 1526443 40 38 22  1  0  0
70  6  64296 112780004 2233720 58127400    0    0 337136 233624 282110 1563871 42 34 23  1  0  0
40  7  64296 112791244 2233720 58127416    0    0 352656 243444 282066 1563534 43 33 23  2  0  0
86  0  64296 112780584 2233720 58127432    0    0 318032 216440 276457 1546524 41 35 23  1  0  0
34  3  64296 112770068 2233720 58127452    0    0 170912 117460 251604 1465178 36 41 22  1  0  0
47  5  64296 112803384 2233720 58127476    0    0 198880 139560 256351 1477512 38 39 23  1  0  0
56  1  64296 112797264 2233720 58127496    0    0 345152 231604 283473 1560461 41 35 22  1  0  0
141  5  64296 112781852 2233720 58127512    0    0 325136 219716 277369 1552332 41 35 23  1  0  0
108  3  64296 112786316 2233720 58127532    0    0 263872 179240 266756 1522867 40 36 23  1  0  0
41  0  64296 112787444 2233720 58127548    0    0 244704 169028 263110 1522991 40 36 23  1  0  0
36  6  64296 112799696 2233720 58127568    0    0 307456 280600 280774 1545309 41 36 22  1  0  0
36  3  64296 112805704 2233720 58127588    0    0 338736 224468 281884 1543295 42 35 22  1  0  0
78  3  64296 112804676 2233720 58127604    0    0 234816 162968 264709 1501349 39 38 22  1  0  0
36  6  64296 112795172 2233720 58127624    0    0 219696 151496 259488 1493913 38 38 23  1  0  0
80  4  64296 112782484 2233720 58127648    0    0 277824 188204 267781 1529467 41 35 23  1  0  0
96  3  64296 112801464 2233720 58127668    0    0 330896 228452 275808 1554460 42 33 23  2  0  0
procs -----------memory---------- ---swap-- -----io---- -system-- -------cpu-------
 r  b   swpd   free   buff  cache   si   so    bi    bo   in   cs us sy id wa st gu
64  2  64296 112804192 2233720 58127680    0    0 326592 218488 281394 1551179 42 34 23  1  0  0
28  1  64296 112798756 2233720 58127696    0    0 288720 196400 272818 1536818 40 35 23  1  0  0
85  8  64296 112820952 2233720 58127716    0    0 268752 181748 268231 1526008 40 35 24  1  0  0
25 11  64296 112807972 2233720 58127732    0    0 261488 178940 263552 1516928 40 35 24  1  0  0
54  8  64296 112791716 2233720 58127748    0    0 404000 327752 294697 1588590 44 32 22  2  0  0
70  1  64296 112814772 2233720 58127772    0    0 234112 162880 266741 1510988 39 38 22  1  0  0
41  1  64296 112802432 2233720 58127792    0    0 155856 107960 253909 1458787 35 43 21  1  0  0
11  0  64296 112815976 2233720 58127808    0    0 176032 122228 253315 1467168 37 41 22  1  0  0
172  0  64296 112820652 2233720 58127832    0    0 226448 176848 271786 1501669 39 38 23  1  0  0
128  0  64296 112810212 2233720 58127848    0    0 203936 141960 258182 1492748 38 38 23  1  0  0
11  1  64296 112815324 2233720 58127872    0    0 256912 176884 262989 1511587 40 36 23  1  0  0
91  0  64296 112836388 2233720 58127888    0    0 335840 232868 279152 1569688 42 33 23  1  0  0
 6  1  64296 112824472 2233720 58127908    0    0 222064 153088 265052 1498034 38 40 21  1  0  0
25  0  64296 112801288 2233720 58127924    0    0 176704 125304 255217 1467874 37 41 22  1  0  0
32  0  64296 112803984 2233720 58127952    0    0 220864 148496 258958 1496469 38 39 22  1  0  0
89  7  64296 112804416 2233724 58127972    0    0 289984 201056 269027 1542299 41 35 23  1  0  0
37  0  64296 112811444 2233724 58127988    0    0 299328 210108 269128 1549579 41 34 23  1  0  0
86 16  64296 112817912 2233724 58128004    0    0 315968 219932 273643 1560420 42 34 23  1  0  0
44  1  64296 112814324 2233724 58128024    0    0 264416 232484 272044 1518768 40 38 22  1  0  0
38  2  64296 112811240 2233724 58128048    0    0 342144 231996 277795 1569284 42 33 23  1  0  0
81  2  64296 112803668 2233724 58128068    0    0 310160 215288 275432 1557094 41 34 23  1  0  0
procs -----------memory---------- ---swap-- -----io---- -system-- -------cpu-------
 r  b   swpd   free   buff  cache   si   so    bi    bo   in   cs us sy id wa st gu
77  3  64296 112801224 2233724 58128080    0    0 176640 120464 247401 1478975 36 40 23  1  0  0
53  6  64296 112809488 2233724 58128104    0    0 240816 165640 253417 1517255 39 36 23  1  0  0
20  1  64296 112813296 2233724 58128120    0    0 421040 302956 286370 1614726 43 33 22  2  0  0
27  5  64296 112832128 2233724 58128144    0    0 350160 237048 273293 1576738 42 34 23  2  0  0
28 12  64296 112834232 2233724 58128220    0    0 395520 324020 284161 1607447 43 33 23  2  0  0
69  2  64296 112819624 2233724 58128244    0    0 311760 211112 272019 1558316 41 35 23  1  0  0
70  1  64296 112820252 2233724 58128264    0    0 153440 105388 250648 1462483 36 42 22  1  0  0
50  3  64296 112803440 2233724 58128280    0    0 157376 111068 246856 1468407 36 41 22  1  0  0
77  0  64296 112798972 2233724 58128304    0    0 167328 115788 249403 1471229 36 41 22  1  0  0
98  2  64296 112809364 2233724 58128324    0    0 200336 138804 253400 1492841 38 39 23  1  0  0
50  5  64296 112817256 2233724 58128340    0    0 246816 172468 260586 1520827 39 37 23  1  0  0
45  3  64296 112820668 2233724 58128356    0    0 292736 208332 264564 1556511 41 34 24  1  0  0
42  3  64296 112819804 2233724 58128372    0    0 394672 270172 288292 1601397 44 33 22  2  0  0
73  8  64296 112814532 2233724 58128396    0    0 282544 192760 266832 1534848 40 35 23  1  0  0
139  0  64296 112812248 2233724 58128412    0    0 262128 195124 262532 1529301 41 35 23  1  0  0
89  1  64296 112801932 2233724 58128432    0    0 192320 132316 253508 1483800 37 39 23  1  0  0
41  2  64296 112786684 2233724 58128452    0    0 168112 115656 248840 1478002 37 40 22  1  0  0
85  2  64296 112793244 2233724 58128472    0    0 211936 152568 261753 1497133 38 39 22  1  0  0
108  5  64296 112789644 2233724 58128488    0    0 172480 168684 258239 1471722 35 43 21  1  0  0
21  2  64296 112805196 2233724 58128512    0    0 167760 114492 255238 1471234 35 43 21  1  0  0
34  0  64296 112821552 2233724 58128524    0    0 200656 138772 258517 1487932 37 41 21  1  0  0
procs -----------memory---------- ---swap-- -----io---- -system-- -------cpu-------
 r  b   swpd   free   buff  cache   si   so    bi    bo   in   cs us sy id wa st gu
81 10  64296 112826480 2233724 58128548    0    0 268528 185096 265619 1526855 39 37 22  1  0  0
61  0  64296 112828860 2233724 58128564    0    0 362304 247824 274933 1578525 42 34 23  2  0  0
55  1  64296 112828076 2233724 58128580    0    0 339440 233408 272024 1573521 41 34 23  1  0  0
44  4  64296 112814680 2233724 58128608    0    0 340752 233116 273882 1562860 41 35 23  1  0  0
28  1  64296 112826668 2233724 58128628    0    0 258624 180924 266549 1524071 39 38 22  1  0  0
51  3  64296 112828548 2233724 58128648    0    0 293824 208580 266962 1544893 41 34 24  1  0  0
39 18  64296 112823364 2233724 58128668    0    0 318320 223596 269214 1551313 41 34 24  1  0  0
104  7  64296 112840796 2233724 58128676    0    0 415600 345896 293669 1614066 44 33 21  2  0  0
63  6  64296 112827232 2233724 58128696    0    0 228272 159180 261561 1497748 38 39 22  1  0  0
123  2  64296 112809160 2233724 58128720    0    0 267680 185588 266594 1523977 40 36 23  1  0  0
44  3  64296 112818900 2233724 58128736    0    0 213744 148020 267010 1515313 38 39 22  1  0  0
29  1  64296 112810844 2233724 58128756    0    0 207168 142748 258915 1503389 39 38 23  1  0  0
160  7  64296 112803536 2233724 58128772    0    0 255472 181204 259360 1519988 39 36 24  1  0  0
98  1  64296 112810248 2233728 58128800    0    0 402160 271704 288048 1596487 43 33 22  2  0  0
70  1  64296 112800436 2233728 58128820    0    0 352864 235804 276446 1575985 43 34 22  2  0  0
40  0  64296 112821576 2233728 58128828    0    0 257776 179668 263086 1538146 40 35 24  1  0  0
27  0  64296 112806864 2233728 58128844    0    0 171424 122404 250254 1474807 36 41 23  1  0  0
19  0  64296 112809256 2233728 58128868    0    0 190672 128624 259969 1475167 37 42 21  1  0  0
53  9  64296 112807620 2233732 58128888    0    0 200160 189280 262522 1481210 37 41 21  1  0  0
58  2  64296 112816776 2233732 58128908    0    0 192720 131576 258922 1476471 36 42 21  1  0  0
99  0  64296 112799824 2233732 58128932    0    0 161472 113756 253849 1465663 36 42 22  1  0  0
procs -----------memory---------- ---swap-- -----io---- -system-- -------cpu-------
 r  b   swpd   free   buff  cache   si   so    bi    bo   in   cs us sy id wa st gu
271  0  64296 112807988 2233732 58128948    0    0 161776 109964 253239 1465114 36 42 21  1  0  0
163  1  64296 112805628 2233732 58128968    0    0 177488 119384 252919 1473602 36 41 22  1  0  0
53  3  64296 112822908 2233732 58128988    0    0 218768 151088 259625 1505512 38 39 23  1  0  0
91  3  64296 112822716 2233732 58129004    0    0 254944 177404 262305 1524709 39 37 23  1  0  0
101  5  64296 112813768 2233732 58129024    0    0 370416 274708 277078 1584062 43 32 23  2  0  0
73  3  64296 112819068 2233732 58129048    0    0 367712 249032 278822 1579969 42 35 22  2  0  0
47  0  64296 112799020 2233732 58129068    0    0 245744 168472 261930 1523010 39 37 22  1  0  0
63  2  64296 112796400 2233732 58129088    0    0 216624 151304 254948 1498017 38 38 23  1  0  0
83  2  64296 112801896 2233732 58129112    0    0 261568 180208 262239 1523193 40 36 23  1  0  0
60  0  64296 112806948 2233732 58129136    0    0 240128 170040 257698 1513147 39 37 23  1  0  0
70  3  64296 112826032 2233732 58129140    0    0 286896 247528 274733 1550562 40 36 23  1  0  0
56  0  64296 112843264 2233732 58129160    0    0 370160 248920 280411 1578280 42 34 22  2  0  0
73  2  64296 112816912 2233736 58129180    0    0 305360 216008 269867 1549049 41 35 23  1  0  0
58  2  64296 112815684 2233736 58129204    0    0 182496 127988 253958 1485724 37 40 22  1  0  0
96  0  64296 112820064 2233736 58129220    0    0 157776 114592 248422 1468088 36 41 22  1  0  0
35  2  64296 112802168 2233736 58129240    0    0 171296 120452 247707 1472245 37 40 23  1  0  0
101  1  64296 112797380 2233736 58129260    0    0 192992 133308 250419 1489581 37 39 23  1  0  0
52  0  64296 112777832 2233736 58129284    0    0 185728 131340 251529 1492145 37 39 23  1  0  0
179  3  64296 112799780 2233736 58129296    0    0 200800 142260 259560 1492614 37 40 22  1  0  0
58  1  64296 112835920 2233736 58129316    0    0 306080 227028 273615 1541539 41 36 22  1  0  0
42  4  64296 112836664 2233736 58129336    0    0 360864 244952 282509 1577107 43 32 23  2  0  0
procs -----------memory---------- ---swap-- -----io---- -system-- -------cpu-------
 r  b   swpd   free   buff  cache   si   so    bi    bo   in   cs us sy id wa st gu
41  2  64296 112810048 2233736 58129356    0    0 310576 272956 287802 1561403 40 37 22  1  0  0
125  8  64296 112802828 2233736 58129440    0    0 247200 165048 275357 1522104 39 38 22  1  0  0
30  0  64296 112822344 2233736 58129460    0    0 222720 154360 272701 1515310 38 40 22  1  0  0
110  0  64296 112821156 2233736 58129484    0    0 169168 118560 254409 1463346 36 42 22  1  0  0
145  1  64296 112805952 2233736 58129500    0    0 180656 123640 255562 1469424 37 41 22  1  0  0
67  0  64296 112815024 2233736 58129512    0    0 237024 160956 262238 1514139 38 38 23  1  0  0
47  3  64296 112816340 2233736 58129528    0    0 438976 298908 291274 1607872 45 31 22  2  0  0
110 12  64296 112825340 2233736 58129548    0    0 324128 220432 276551 1549976 41 36 22  1  0  0
47  1  64296 112821244 2233736 58129568    0    0 244464 167332 263427 1506398 39 38 22  1  0  0
184  0  64296 112799860 2233736 58129588    0    0 224368 156568 259790 1510196 39 37 23  1  0  0
49  3  64296 112803352 2233740 58129600    0    0 167152 116288 250591 1464987 37 40 23  1  0  0
21  3  64296 112799772 2233740 58129632    0    0 220672 153052 255421 1493200 38 37 24  1  0  0
148  0  64296 112819424 2233740 58129660    0    0 263040 197368 264221 1530397 40 36 23  1  0  0
128  2  64296 112836108 2233740 58129672    0    0 294112 247368 278908 1547546 41 36 21  1  0  0
61 10  64296 112854404 2233740 58129688    0    0 394960 263432 288953 1586218 44 33 22  2  0  0
89  1  64296 112814984 2233740 58129708    0    0 308112 218500 273685 1545674 40 36 23  1  0  0
103  1  64296 112805444 2233744 58129736    0    0 149040 103364 246180 1458726 35 42 22  1  0  0
41  2  64296 112799400 2233744 58129760    0    0 165072 113800 247964 1472465 36 40 23  1  0  0
140  0  64296 112799708 2233744 58129780    0    0 189936 132956 251436 1483551 37 39 23  1  0  0
35  9  64296 112792924 2233744 58129804    0    0 231840 162992 257092 1518463 39 36 23  1  0  0
71  3  64296 112803092 2233744 58129824    0    0 291680 197100 272191 1534364 40 36 22  1  0  0
procs -----------memory---------- ---swap-- -----io---- -system-- -------cpu-------
 r  b   swpd   free   buff  cache   si   so    bi    bo   in   cs us sy id wa st gu
45  1  64296 112829568 2233744 58129840    0    0 325120 228348 276725 1567797 42 34 23  1  0  0
34  2  64296 112819768 2233744 58129856    0    0 225952 155980 260263 1511029 38 38 22  1  0  0
130  0  64296 112803600 2233744 58129880    0    0 139584 98164 247320 1449470 34 43 22  0  0  0
30  0  64296 112785900 2233744 58129896    0    0 145136 99812 246489 1458035 36 42 22  1  0  0
33  1  64296 112790480 2233748 58129908    0    0 170608 117864 248586 1473278 36 41 23  1  0  0
35  4  64296 112806932 2233748 58129932    0    0 169120 137084 248738 1474394 37 40 22  1  0  0
65  5  64296 112816544 2233748 58129952    0    0 208112 142988 259658 1488353 37 41 22  1  0  0
84  9  64296 112813096 2233748 58129972    0    0 352112 289300 282670 1562601 42 35 22  1  0  0
88  4  64296 112842376 2233748 58130008    0    0 381936 263600 284449 1595171 42 33 23  2  0  0
63 10  64296 112835980 2233748 58130004    0    0 248560 170220 261576 1517921 39 37 23  1  0  0
174  1  64296 112802644 2233748 58130024    0    0 185248 131408 254837 1478455 37 40 22  1  0  0
74  5  64296 112805516 2233748 58130040    0    0 181152 124368 251526 1473663 37 40 23  1  0  0
56  9  64296 112806816 2233748 58130064    0    0 208240 141896 254036 1496570 38 38 23  1  0  0
33  1  64296 112792120 2233748 58130088    0    0 227264 162368 257691 1512087 39 36 24  1  0  0
76  7  64296 112814280 2233748 58130112    0    0 338928 228332 278100 1563128 41 35 23  1  0  0
48  1  64296 112824836 2233748 58130128    0    0 348544 236792 278413 1567789 42 34 23  1  0  0
42 14  64296 112825260 2233748 58130148    0    0 339872 283200 285774 1562025 42 34 23  2  0  0
67  1  64296 112805204 2233748 58130164    0    0 321376 219412 277994 1550429 41 35 22  1  0  0
57  1  64296 112803288 2233748 58130192    0    0 312768 225884 273609 1550184 41 35 23  1  0  0
174  2  64296 112767064 2233748 58130216    0    0 247008 171904 264110 1520575 40 36 23  1  0  0
86  5  64296 112787592 2233748 58130232    0    0 226928 154052 256301 1497293 39 37 23  1  0  0
procs -----------memory---------- ---swap-- -----io---- -system-- -------cpu-------
 r  b   swpd   free   buff  cache   si   so    bi    bo   in   cs us sy id wa st gu
27  5  64296 112798684 2233748 58130248    0    0 427472 291332 295102 1617374 45 32 22  2  0  0
147  0  64296 112782888 2233748 58130268    0    0 211952 150684 260480 1486487 38 39 22  1  0  0
120  6  64296 112820844 2233748 58130296    0    0 276736 194032 267141 1521907 40 35 23  1  0  0
24  5  64296 112794384 2233748 58130316    0    0 227040 158920 262435 1512545 39 37 23  1  0  0
39  3  64296 112786572 2233748 58130324    0    0 227776 155228 258950 1504670 38 38 23  1  0  0
75 11  64296 112802464 2233748 58130344    0    0 294960 255900 276334 1533768 40 36 23  1  0  0
52  8  64296 112789148 2233748 58130372    0    0 358000 239504 283048 1574623 42 34 22  1  0  0
103  0  64296 112802088 2233748 58130396    0    0 304496 200904 272689 1541296 41 35 23  1  0  0
166  1  64296 112795696 2233748 58130412    0    0 253856 177212 265265 1515214 40 37 23  1  0  0
35  2  64296 112772808 2233748 58130432    0    0 196592 138860 254734 1486036 38 39 22  1  0  0
120  5  64296 112781360 2233748 58130452    0    0 252064 173136 262424 1517120 39 36 24  1  0  0
52  7  64296 112779036 2233748 58130476    0    0 349904 251928 291643 1564085 42 34 23  1  0  0
80  0  64296 112790380 2233752 58130480    0    0 262192 181240 269279 1532371 41 36 22  1  0  0
55  0  64296 112823872 2233752 58130512    0    0 250544 169232 264436 1513360 39 37 23  1  0  0
53  5  64296 112809588 2233752 58130532    0    0 246064 173812 262994 1519081 40 36 23  1  0  0
65  4  64296 112810456 2233752 58130548    0    0 297696 206624 272551 1532561 41 35 23  1  0  0
39 11  64296 112809784 2233752 58130568    0    0 399808 317688 292001 1588478 43 33 22  2  0  0
132  1  64296 112798684 2233752 58130596    0    0 239968 168016 269265 1519212 39 38 22  1  0  0
14  1  64296 112794432 2233752 58130612    0    0 279104 188900 270219 1528522 40 35 23  1  0  0
93  1  64296 112809284 2233752 58130720    0    0 187216 131160 254360 1475708 37 39 23  1  0  0
151  7  64296 112807588 2233752 58130732    0    0 215312 146244 258128 1491623 38 38 23  1  0  0
procs -----------memory---------- ---swap-- -----io---- -system-- -------cpu-------
 r  b   swpd   free   buff  cache   si   so    bi    bo   in   cs us sy id wa st gu
73  3  64296 112817444 2233752 58130752    0    0 282304 198852 269484 1532837 40 36 23  1  0  0
58  2  64296 112811464 2233752 58130776    0    0 347488 235516 282404 1566999 42 34 22  1  0  0
139  2  64296 112811540 2233752 58130792    0    0 260208 178456 266746 1512500 40 37 22  1  0  0
51  1  64296 112809828 2233752 58130812    0    0 325184 239552 285607 1551013 41 34 23  1  0  0
11  1  64296 112811780 2233752 58130832    0    0 254048 181208 263424 1529444 40 36 23  1  0  0
23  4  64296 112788564 2233752 58130852    0    0 235200 160136 265720 1503302 38 39 22  1  0  0
112  7  64296 112821304 2233756 58130868    0    0 281712 246684 275521 1527144 40 37 22  1  0  0
102  0  64296 112824284 2233756 58130884    0    0 257088 175792 271618 1522975 39 38 22  1  0  0
62  3  64296 112822884 2233756 58130904    0    0 314976 214372 279048 1545224 41 37 22  1  0  0
60  0  64296 112826268 2233756 58130924    0    0 250864 172060 266129 1507444 39 38 22  1  0  0
84  3  64296 112809264 2233756 58130940    0    0 265344 181848 269095 1528877 40 36 23  1  0  0
63  6  64296 112805644 2233756 58130964    0    0 192800 135832 256545 1483409 37 40 22  1  0  0
61  2  64296 112796476 2233756 58130980    0    0 222416 156628 259367 1494638 39 38 22  1  0  0
105  5  64296 112807508 2233756 58131004    0    0 273440 190780 264824 1529592 40 36 23  1  0  0
15  1  64296 112814984 2233756 58131020    0    0 355440 239912 282863 1577261 43 34 22  1  0  0
35  1  64296 112831360 2233756 58131032    0    0 361520 240972 283689 1581323 42 33 23  2  0  0
139  1  64296 112818984 2233756 58131052    0    0 284048 213748 270667 1538886 41 35 23  1  0  0
84  8  64296 112808908 2233756 58131076    0    0 323472 271732 280350 1540702 40 36 22  1  0  0
76 10  64296 112812424 2233756 58131092    0    0 369808 249376 285702 1574072 43 33 23  2  0  0
46  3  64296 112816188 2233756 58131112    0    0 267648 181516 267075 1526493 40 36 23  1  0  0
92  4  64296 112811136 2233756 58131132    0    0 375328 254564 282677 1581503 43 33 23  2  0  0
procs -----------memory---------- ---swap-- -----io---- -system-- -------cpu-------
 r  b   swpd   free   buff  cache   si   so    bi    bo   in   cs us sy id wa st gu
17  0  64296 112833160 2233756 58131160    0    0 294720 202880 275338 1529993 40 38 21  1  0  0
101  0  64296 112816812 2233756 58131184    0    0 205808 139144 259678 1485214 37 40 22  1  0  0
63  1  64296 112833456 2233756 58131200    0    0 231056 158544 265245 1504996 38 39 22  1  0  0
39  8  64296 112809964 2233756 58131216    0    0 195312 137676 257439 1484578 38 39 22  1  0  0
126  0  64296 112805268 2233756 58131240    0    0 195904 133788 254882 1484466 38 39 23  1  0  0
25  2  64296 112808144 2233756 58131268    0    0 267680 187588 265053 1529623 40 36 23  1  0  0
61 19  64296 112818948 2233756 58131284    0    0 368832 286100 279527 1573239 43 32 23  2  0  0
57  2  64296 112807660 2233756 58131304    0    0 326352 220316 274919 1544046 41 35 22  2  0  0
141  1  64296 112830900 2233756 58131320    0    0 204288 161052 259283 1490395 38 39 22  1  0  0
37  2  64296 112803624 2233756 58131340    0    0 204016 156308 256429 1490728 38 39 23  1  0  0
66  4  64296 112807996 2233760 58131348    0    0 238304 164280 262126 1520364 39 36 24  1  0  0
48  3  64296 112812560 2233760 58131376    0    0 195344 135352 253528 1487044 38 38 23  1  0  0
68  3  64296 112813740 2233760 58131396    0    0 252176 172608 266476 1510213 39 38 22  1  0  0
18  2  64296 112811996 2233760 58131416    0    0 245280 167292 267263 1505922 38 39 22  1  0  0
30  8  64296 112823348 2233760 58131436    0    0 269936 184768 268910 1519140 39 37 22  1  0  0
29  0  64296 112804148 2233760 58131456    0    0 183616 129976 256436 1481411 37 41 22  1  0  0
46  5  64296 112794344 2233760 58131476    0    0 175232 119720 252897 1467234 37 41 22  1  0  0
13  1  64296 112804600 2233760 58131496    0    0 205168 138400 255980 1485715 38 38 23  1  0  0
70  3  64296 112818236 2233760 58131508    0    0 269568 185196 266738 1535787 41 35 24  1  0  0
46  3  64296 112820604 2233760 58131528    0    0 386016 266112 285935 1584906 43 32 23  2  0  0
51  3  64296 112828752 2233760 58131552    0    0 384112 311648 288921 1582035 43 33 22  2  0  0
procs -----------memory---------- ---swap-- -----io---- -system-- -------cpu-------
 r  b   swpd   free   buff  cache   si   so    bi    bo   in   cs us sy id wa st gu
10  0  64296 112813228 2233760 58131576    0    0 233280 160336 264166 1512533 39 38 22  1  0  0
76  1  64296 112805600 2233760 58131592    0    0 199456 140196 255826 1480328 37 39 22  1  0  0
42  3  64296 112791396 2233760 58131612    0    0 217664 149032 257549 1492124 38 39 22  1  0  0
54  4  64296 112808968 2233760 58131640    0    0 256928 198396 262335 1529728 41 34 24  1  0  0
15  2  64296 112812056 2233760 58131656    0    0 352096 239444 279118 1569024 43 33 23  1  0  0
 9  1  64296 112835520 2233760 58131672    0    0 362736 244968 285211 1579770 42 33 23  2  0  0
64  8  64296 112828544 2233760 58131684    0    0 266640 183548 267313 1521803 40 36 23  1  0  0
80  2  64296 112830216 2233760 58131704    0    0 317504 216356 271063 1555343 41 34 24  2  0  0
78  7  64296 112814420 2233760 58131724    0    0 318336 217744 275914 1550864 41 35 23  1  0  0
63  2  64296 112810664 2233760 58131740    0    0 374816 302084 290384 1569787 43 34 22  2  0  0
76 15  64296 112815848 2233760 58131768    0    0 336256 229496 280936 1551714 42 34 23  1  0  0
59  1  64296 112809424 2233760 58131792    0    0 210736 150644 260734 1495985 38 40 22  1  0  0
46  0  64296 112808440 2233760 58131808    0    0 184176 130264 254584 1474410 37 40 23  1  0  0
67  1  64296 112832648 2233760 58131824    0    0 233136 156724 260516 1506311 40 36 24  1  0  0
40  9  64296 112830952 2233760 58131832    0    0 284080 197316 270400 1537521 41 35 23  1  0  0
85  2  64296 112819340 2233760 58131856    0    0 362096 261008 291966 1571025 42 34 22  2  0  0
51  6  64296 112792244 2233760 58131944    0    0 280336 196740 271924 1526146 41 36 22  1  0  0
60  3  64296 112787000 2233760 58131960    0    0 205792 139916 258615 1486571 38 39 22  1  0  0
56  1  64296 112793000 2233760 58131980    0    0 220336 154580 257080 1501249 39 37 24  1  0  0
61  5  64296 112815812 2233760 58131996    0    0 270976 241140 272839 1513927 39 38 22  1  0  0
70  0  64296 112809424 2233760 58132024    0    0 313568 212708 278138 1547804 40 36 23  1  0  0
procs -----------memory---------- ---swap-- -----io---- -system-- -------cpu-------
 r  b   swpd   free   buff  cache   si   so    bi    bo   in   cs us sy id wa st gu
137  0  64296 112807316 2233760 58132040    0    0 196384 138260 259445 1484051 37 40 22  1  0  0
38  2  64296 112813672 2233760 58132052    0    0 287408 194364 277941 1555159 40 36 23  1  0  0
194  1  64296 112799616 2233760 58132072    0    0 272960 191284 281150 1538319 39 38 22  1  0  0
61 16  64296 112785236 2233764 58132088    0    0 211968 145924 273371 1503586 38 40 22  1  0  0
76  6  64296 112792840 2233764 58132112    0    0 165744 115976 263852 1477121 36 43 21  1  0  0
80  4  64296 112801596 2233764 58132136    0    0 161200 108780 254194 1466398 36 43 21  1  0  0
284  0  64296 112795324 2233764 58132152    0    0 163152 117488 254065 1463354 35 43 21  1  0  0
138 11  64296 112798148 2233764 58132172    0    0 176112 116216 253202 1466780 36 42 22  1  0  0
195  2  64296 112805316 2233764 58132192    0    0 188176 129688 255549 1481872 36 41 22  1  0  0
106  3  64296 112810988 2233764 58132204    0    0 221440 155668 260975 1505306 39 38 22  1  0  0
30  2  64296 112801828 2233764 58132232    0    0 238000 159312 258949 1503497 38 37 24  1  0  0
37  4  64296 112814636 2233764 58132252    0    0 349696 239592 273924 1573576 42 32 24  2  0  0
98  1  64296 112788436 2233764 58132272    0    0 229520 177920 259655 1509754 39 38 23  1  0  0
105  6  64296 112798784 2233764 58132292    0    0 250592 171260 267410 1509128 39 39 22  1  0  0
56 10  64296 112806520 2233764 58132308    0    0 339440 281328 281386 1567435 41 35 22  1  0  0
72 16  64296 112814984 2233764 58132332    0    0 357776 241604 281057 1571588 42 33 23  2  0  0
55  2  64296 112820404 2233764 58132348    0    0 336352 229320 275746 1569376 42 33 23  1  0  0
12  1  64296 112824400 2233764 58132360    0    0 298128 205968 271822 1551575 40 36 23  1  0  0
19  0  64296 112803952 2233764 58132380    0    0 356192 243424 280894 1564259 42 33 23  2  0  0
103  2  64296 112800276 2233764 58132396    0    0 357008 242144 278403 1569401 42 33 23  2  0  0
49  8  64296 112818976 2233764 58132416    0    0 296592 234464 275905 1546152 41 36 22  1  0  0
procs -----------memory---------- ---swap-- -----io---- -system-- -------cpu-------
 r  b   swpd   free   buff  cache   si   so    bi    bo   in   cs us sy id wa st gu
10  0  64296 112822780 2233764 58132440    0    0 208176 144456 260893 1484022 38 39 22  1  0  0
76  2  64296 112809144 2233764 58132460    0    0 188144 127828 256102 1472899 37 40 22  1  0  0
23  1  64296 112792572 2233764 58132480    0    0 215888 171004 259235 1489173 38 39 22  1  0  0
47  7  64296 112808384 2233764 58132496    0    0 232256 173664 261299 1505860 38 39 22  1  0  0
59  7  64296 112808628 2233764 58132512    0    0 236144 165284 261443 1515013 39 37 23  1  0  0
269  0  64296 112792608 2233764 58132528    0    0 155888 112216 250642 1468786 36 41 22  1  0  0
55  1  64296 112793792 2233764 58132548    0    0 132416 94156 247154 1454813 34 44 22  0  0  0
111  0  64296 112791604 2233764 58132568    0    0 140224 95368 246406 1456815 36 42 22  1  0  0
279  0  64296 112784956 2233764 58132588    0    0 139552 93432 238787 1449559 35 42 23  1  0  0
66  6  64296 112799256 2233764 58132608    0    0 160800 95640 226366 1441476 34 42 23  1  0  0
41  2  64296 112810696 2233764 58132632    0    0 239664 157848 263673 1500155 38 39 22  1  0  0
40  1  64296 112822552 2233764 58132648    0    0 484240 328664 301319 1621650 46 31 22  2  0  0
78  0  64296 112830688 2233764 58132660    0    0 267056 182416 263578 1544910 39 36 24  1  0  0
143  2  64296 112827896 2233764 58132676    0    0 293008 242896 272565 1543915 40 36 22  1  0  0
38  1  64296 112824148 2233764 58132700    0    0 288064 207700 273757 1533831 39 37 22  1  0  0
23  1  64296 112816552 2233764 58132716    0    0 312752 218108 275276 1553812 42 34 23  1  0  0
68  5  64296 112812480 2233764 58132736    0    0 381200 255532 282540 1574784 43 32 23  2  0  0
75  4  64296 112814968 2233764 58132752    0    0 286752 215188 269418 1541935 41 35 23  1  0  0
27  5  64296 112815564 2233764 58132768    0    0 247840 170304 268768 1505428 39 38 22  1  0  0
38 12  64296 112821664 2233764 58132796    0    0 284864 191232 271656 1530780 40 37 23  1  0  0
96  1  64296 112825716 2233764 58132816    0    0 260336 180012 269085 1523492 39 37 23  1  0  0
procs -----------memory---------- ---swap-- -----io---- -system-- -------cpu-------
 r  b   swpd   free   buff  cache   si   so    bi    bo   in   cs us sy id wa st gu
111  2  64296 112818272 2233764 58132836    0    0 317744 220076 276220 1551100 42 34 23  1  0  0
31  5  64296 112803508 2233764 58132852    0    0 307248 212960 270287 1555302 42 33 24  1  0  0
107  9  64296 112804772 2233764 58132876    0    0 258928 231292 271098 1514259 39 38 22  1  0  0
67  4  64296 112814500 2233764 58132892    0    0 375280 255840 286886 1575821 42 34 22  2  0  0
63  2  64296 112819520 2233764 58132916    0    0 311840 210560 274358 1543988 41 34 23  2  0  0
51  5  64296 112806456 2233764 58132936    0    0 342976 235376 278933 1566357 43 32 23  1  0  0
89  1  64296 112810676 2233764 58132952    0    0 200864 138136 254429 1489683 38 38 23  1  0  0
90  2  64296 112827276 2233764 58132972    0    0 313728 217060 278553 1558809 42 35 22  1  0  0
115  1  64296 112829432 2233764 58132980    0    0 282704 191460 273286 1523989 40 37 22  1  0  0
21  2  64296 112811776 2233764 58133004    0    0 338448 242308 286890 1554892 42 34 23  1  0  0
38  2  64296 112800776 2233764 58133024    0    0 279680 194932 270480 1535683 41 35 23  1  0  0
63  1  64296 112795956 2233764 58133040    0    0 186560 126060 252712 1476314 38 38 23  1  0  0
49  1  64296 112820288 2233764 58133068    0    0 263376 193532 264797 1515679 40 36 23  1  0  0
25  2  64296 112817244 2233764 58133156    0    0 364544 245408 286478 1567497 43 34 22  1  0  0
167  1  64296 112816652 2233764 58133180    0    0 299424 244712 278819 1538408 41 36 22  1  0  0
60 10  64296 112833452 2233764 58133196    0    0 274160 189140 274076 1530425 41 36 22  1  0  0
106  3  64296 112823228 2233764 58133204    0    0 261536 183028 270318 1514727 39 37 23  1  0  0
56  3  64296 112796660 2233764 58133232    0    0 205616 142092 260671 1492197 38 39 22  1  0  0
52  4  64296 112800896 2233764 58133252    0    0 204048 141324 257714 1481815 38 38 23  1  0  0
43  4  64296 112796852 2233764 58133276    0    0 217120 150596 265490 1500116 39 38 22  1  0  0
49  1  64296 112786084 2233764 58133296    0    0 167152 116704 251095 1468632 37 40 23  1  0  0
procs -----------memory---------- ---swap-- -----io---- -system-- -------cpu-------
 r  b   swpd   free   buff  cache   si   so    bi    bo   in   cs us sy id wa st gu
55  1  64296 112776152 2233764 58133320    0    0 168544 116852 251037 1471315 37 40 22  1  0  0
29  6  64296 112777880 2233764 58133336    0    0 226896 156204 258193 1499796 39 37 23  1  0  0
183  1  64296 112807500 2233764 58133352    0    0 433088 289160 296423 1617630 44 32 22  2  0  0
91  4  64296 112814132 2233764 58133364    0    0 310928 229472 276589 1542565 41 35 23  1  0  0
102  1  64296 112803612 2233764 58133388    0    0 249312 171404 262979 1516820 39 36 23  1  0  0
135  2  64296 112797696 2233764 58133408    0    0 274432 190868 265044 1525296 41 35 24  1  0  0
57 20  64296 112802260 2233764 58133428    0    0 398656 318720 293526 1591089 43 33 22  2  0  0
72  1  64296 112807560 2233764 58133444    0    0 334112 226808 279083 1560339 42 34 23  1  0  0
145  0  64296 112800580 2233764 58133464    0    0 214624 148632 261543 1499573 38 39 22  1  0  0
39  3  64296 112787020 2233764 58133488    0    0 192544 136360 257073 1480993 38 39 22  1  0  0
15  1  64296 112796044 2233764 58133504    0    0 167120 114948 253497 1470682 36 41 22  1  0  0
237  0  64296 112801008 2233764 58133516    0    0 148160 104716 250067 1460881 35 42 22  1  0  0
59  4  64296 112792952 2233764 58133536    0    0 148528 103492 246353 1454543 35 42 22  1  0  0
18  1  64296 112796496 2233764 58133560    0    0 208128 140168 251579 1488892 38 38 23  1  0  0
50  3  64296 112805156 2233764 58133584    0    0 354000 240160 280110 1569328 42 34 22  1  0  0
30  3  64296 112802084 2233764 58133600    0    0 377264 254348 287185 1578224 43 33 22  2  0  0
125  7  64296 112813940 2233764 58133616    0    0 299376 216208 270360 1550405 41 35 23  1  0  0
143  4  64296 112816060 2233764 58133644    0    0 271872 206988 271483 1526118 38 39 21  1  0  0
24  4  64296 112814188 2233764 58133668    0    0 383440 278676 288862 1587150 43 34 22  2  0  0
119  1  64296 112825848 2233764 58133680    0    0 342128 231848 281035 1568877 42 35 22  2  0  0
104  2  64296 112826692 2233764 58133696    0    0 247968 170808 265542 1509173 40 37 22  1  0  0
procs -----------memory---------- ---swap-- -----io---- -system-- -------cpu-------
 r  b   swpd   free   buff  cache   si   so    bi    bo   in   cs us sy id wa st gu
70  2  64296 112802288 2233768 58133712    0    0 278640 208020 270312 1535308 40 36 23  1  0  0
62  1  64296 112808420 2233768 58133740    0    0 279872 193852 265599 1529498 40 35 24  1  0  0
44  6  64296 112827888 2233768 58133760    0    0 326112 227948 277643 1563872 41 35 22  1  0  0
131  0  64296 112805968 2233768 58133780    0    0 263056 179352 270717 1522278 39 38 22  1  0  0
159  1  64296 112810632 2233768 58133792    0    0 206016 141928 259105 1486114 38 39 22  1  0  0
76  2  64296 112812816 2233768 58133812    0    0 214768 148968 259574 1495138 38 38 23  1  0  0
45  5  64296 112808916 2233768 58133824    0    0 209152 145680 262578 1500554 38 38 22  1  0  0
39  0  64296 112782632 2233768 58133840    0    0 191072 135780 255159 1482035 37 39 23  1  0  0
79  6  64296 112795932 2233768 58133868    0    0 224640 151740 259198 1497485 38 38 23  1  0  0
71  5  64296 112793608 2233768 58133884    0    0 245840 173344 263259 1521171 39 36 23  1  0  0
98  0  64296 112786788 2233772 58133904    0    0 237920 164568 258575 1507372 39 37 23  1  0  0
29  7  64296 112784092 2233772 58133936    0    0 437024 361608 293428 1601634 44 31 22  3  0  0
87  5  64296 112800116 2233772 58133956    0    0 286352 197236 275354 1561338 41 35 24  1  0  0
37  3  64296 112811644 2233772 58133976    0    0 338192 229744 278202 1593375 43 32 24  2  0  0
77  2  64296 112825860 2233772 58133988    0    0 315200 217992 276950 1602687 42 32 24  1  0  0
72  5  64296 112815668 2233772 58134004    0    0 237968 166188 261684 1552360 40 35 24  1  0  0
69  0  64296 112809720 2233772 58134028    0    0 344720 290852 286970 1595903 42 33 23  2  0  0
117  2  64296 112798412 2233772 58134052    0    0 299136 202952 279229 1565828 41 34 23  1  0  0
94  5  64296 112772276 2233772 58134072    0    0 195696 136100 259847 1528388 37 39 22  1  0  0
30  1  64296 112790004 2233772 58134092    0    0 146592 102704 249920 1498220 36 41 22  1  0  0
37  1  64296 112775632 2233772 58134112    0    0 147440 102160 250060 1505585 36 42 22  1  0  0
procs -----------memory---------- ---swap-- -----io---- -system-- -------cpu-------
 r  b   swpd   free   buff  cache   si   so    bi    bo   in   cs us sy id wa st gu
61  0  64296 112786580 2233772 58134128    0    0 146176 105116 248502 1506103 36 40 23  1  0  0
37  0  64296 112803840 2233772 58134140    0    0 160192 108392 250622 1516257 36 40 23  1  0  0
51  3  64296 112801884 2233772 58134152    0    0 200832 138896 253657 1534212 39 37 23  1  0  0
34  2  64296 112794092 2233772 58134188    0    0 331424 246528 274560 1597497 41 33 24  2  0  0
17  3  64296 112783872 2233772 58134208    0    0 180960 123816 259061 1517139 37 41 22  1  0  0
47  4  64296 112803496 2233772 58134224    0    0 194944 130848 259863 1524649 37 40 22  1  0  0
195  3  64296 112789272 2233772 58134244    0    0 192432 138944 258292 1531404 38 39 22  1  0  0
153  0  64296 112780916 2233772 58134260    0    0 160560 111132 253880 1509345 36 41 22  1  0  0
53  3  64296 112785416 2233772 58134288    0    0 156864 107956 252351 1503549 36 41 22  1  0  0
121  0  64296 112810484 2233772 58134304    0    0 160720 108444 253105 1516416 37 40 23  1  0  0
49  4  64296 112805180 2233772 58134380    0    0 164432 111404 249746 1515888 37 40 23  1  0  0
15  0  64296 112793224 2233772 58134400    0    0 168960 123140 251688 1528576 36 40 23  1  0  0
327  0  64296 112776644 2233772 58134428    0    0 141584 98784 246565 1509208 36 41 23  1  0  0
78  0  64296 112776496 2233772 58134448    0    0 143968 90616 230042 1478972 34 42 23  1  0  0
56  8  64296 112781888 2233772 58134472    0    0 153760 88368 227200 1485696 34 42 24  1  0  0
34  5  64296 112791644 2233772 58134488    0    0 199664 131560 243456 1525203 38 37 24  1  0  0
78 13  64296 112809604 2233772 58134508    0    0 397760 326684 282928 1637371 44 31 23  2  0  0
19  1  64296 112817652 2233772 58134528    0    0 371440 250352 278247 1623709 43 31 24  2  0  0
102  4  64296 112820600 2233772 58134536    0    0 465264 312312 291212 1664412 46 29 23  2  0  0
25  2  64296 113156500 2233772 58134556    0    0 371248 369124 631526 1445480 41 33 25  2  0  0
