procs -----------memory---------- ---swap-- -----io---- -system-- -------cpu-------
 r  b   swpd   free   buff  cache   si   so    bi    bo   in   cs us sy id wa st gu
 8  0  62064 72011840 2414052 79931692   25   32 210386 220922 60236   42 21  4 72  3  0  0
71  1  62064 70691128 2414052 79931760    0    0 31168 254056 366139 504216 11 25 63  0  0  0
177  1  62064 70367032 2414052 79931784    0    0  9920 551992 236541 1116198 85 14  1  0  0  0
333  1  62064 70202028 2414052 79931784    0    0  9264 665232 243580 1564053 80 20  0  0  0  0
301  2  62064 70156640 2414052 79931808    0    0  7616 697820 229499 1597710 79 20  1  0  0  0
334  1  62064 70136864 2414052 79931824    0    0  9040 737528 209022 1625936 80 20  1  0  0  0
349  1  62064 70135352 2414052 79931836    0    0  8944 615288 202106 1619855 80 20  1  0  0  0
331  3  62064 70126412 2414052 79931864    0    0  9328 692768 200082 1618940 80 20  0  0  0  0
370  0  62064 70133600 2414052 79931872    0    0  8192 658800 203731 1630200 79 20  1  0  0  0
356  2  62064 70136884 2414052 79931876    0    0  8240 743504 202849 1631687 80 20  0  0  0  0
382  2  62064 70140700 2414052 79931900    0    0  8816 714608 205301 1627925 79 20  0  0  0  0
343  1  62064 70143292 2414052 79931916    0    0  8864 684612 203242 1616014 80 20  1  0  0  0
323  2  62064 70144192 2414052 79931932    0    0  8016 600020 197479 1627673 80 20  1  0  0  0
332  2  62064 70134656 2414052 79931948    0    0  8544 648892 206554 1641947 80 20  1  0  0  0
360  3  62064 70128120 2414052 79931964    0    0 10176 608708 206831 1617577 79 20  1  0  0  0
341  0  62064 70120160 2414052 79931972    0    0  7568 604628 205077 1643195 80 19  1  0  0  0
374  0  62064 70124040 2414052 79931988    0    0  9056 636156 202230 1642379 81 19  0  0  0  0
277  0  62064 70121344 2414052 79932056    0    0  9344 566516 199966 1619831 80 20  0  0  0  0
354  0  62064 70118220 2414052 79932084    0    0  8720 680616 201857 1603556 80 20  0  0  0  0
329  1  62064 70116872 2414052 79932088    0    0  7936 615200 197185 1597976 80 20  0  0  0  0
329  3  62064 70115300 2414052 79932112    0    0  9696 631532 210943 1603682 80 20  0  0  0  0
procs -----------memory---------- ---swap-- -----io---- -system-- -------cpu-------
 r  b   swpd   free   buff  cache   si   so    bi    bo   in   cs us sy id wa st gu
335  0  62064 70114448 2414052 79932120    0    0  8048 608472 194690 1573498 80 20  0  0  0  0
363  2  62064 70112908 2414052 79932140    0    0  9264 571976 201947 1579201 79 20  1  0  0  0
355  2  62064 70113752 2414052 79932148    0    0  8384 646220 194632 1578516 80 20  0  0  0  0
362  1  62064 70112560 2414052 79932164    0    0  9920 648620 198659 1590207 80 20  0  0  0  0
349  0  62064 70102108 2414052 79932180    0    0  9472 663856 218403 1578478 79 20  1  0  0  0
344  0  62064 70089868 2414052 79932196    0    0  7408 643060 254454 1563273 79 20  1  0  0  0
346  2  62064 70039776 2414052 79932208    0    0  7968 618884 268662 1560471 79 20  1  0  0  0
339  0  62064 69952656 2414052 79932224    0    0  7728 670408 468626 1507921 78 22  1  0  0  0
349  1  62064 69870720 2414052 79932236    0    0  8352 550772 275228 1545196 79 21  0  0  0  0
289  0  62064 69887380 2414052 79932252    0    0  8272 646120 200910 1576489 80 20  1  0  0  0
283  2  62064 69963576 2414052 79932272    0    0  7616 558960 277326 1587443 80 19  0  0  0  0
346  2  62064 69997492 2414052 79932288    0    0  9024 692576 209653 1588516 80 20  0  0  0  0
253  1  62064 70034372 2414052 79932296    0    0  8768 620920 281421 1537949 79 21  1  0  0  0
307  0  62064 70009800 2414056 79932308    0    0  7780 714608 220108 1572056 78 20  1  0  0  0
222  0  62064 69983008 2414056 79932332    0    0  7904 497204 193811 1581156 80 20  0  0  0  0
301  0  62064 69980396 2414056 79932344    0    0  9440 595016 211267 1570182 79 20  1  0  0  0
348  0  62064 69975696 2414056 79932356    0    0  8592 739296 202576 1576785 80 20  0  0  0  0
326  1  62064 69984940 2414056 79932368    0    0  8464 535608 199735 1570343 79 20  1  0  0  0
220  0  62064 69993460 2414056 79932384    0    0  9616 655120 212387 1559667 79 20  1  0  0  0
211  4  62064 69986084 2414056 79932408    0    0  8240 672128 201504 1565153 80 20  0  0  0  0
336  1  62064 69981264 2414056 79932412    0    0  9072 653864 301055 1566846 79 20  1  0  0  0
procs -----------memory---------- ---swap-- -----io---- -system-- -------cpu-------
 r  b   swpd   free   buff  cache   si   so    bi    bo   in   cs us sy id wa st gu
351  1  62064 69983948 2414056 79932436    0    0  8016 593836 238641 1543313 79 20  1  0  0  0
273  0  62064 69988656 2414056 79932456    0    0  9168 766916 270949 1576244 79 20  1  0  0  0
326  0  62064 69991948 2414056 79932460    0    0  9008 547292 330061 1582340 79 20  1  0  0  0
348  2  62064 69981628 2414056 79932480    0    0  8320 680904 371822 1565280 79 20  1  0  0  0
241  0  62064 69979864 2414056 79932492    0    0  6656 557796 367328 1587055 80 20  0  0  0  0
316  3  62064 69980320 2414056 79932500    0    0  9408 715360 207325 1575579 80 20  1  0  0  0
271  0  62064 69982904 2414056 79932524    0    0  8560 657052 199748 1569984 80 20  0  0  0  0
155  2  62064 69973876 2414056 79932540    0    0  9488 600360 199247 1567311 79 20  1  0  0  0
156  2  62064 69982092 2414056 79932560    0    0  7648 739288 209950 1568890 79 20  1  0  0  0
256  0  62064 69980388 2414056 79932572    0    0  8528 528276 202490 1577198 79 20  1  0  0  0
256  0  62064 69982008 2414056 79932592    0    0  8304 805048 209160 1569196 79 20  0  0  0  0
312  0  62064 69980516 2414056 79932596    0    0  9408 651940 229012 1563722 79 20  1  0  0  0
345  0  62064 69983448 2414056 79932612    0    0  8544 572084 199722 1563934 80 20  0  0  0  0
365  0  62064 69979464 2414056 79932628    0    0  9312 697736 210538 1554730 79 20  1  0  0  0
178  3  62064 69982272 2414056 79932636    0    0  9136 552916 210627 1562988 79 20  1  0  0  0
338  0  62064 69986380 2414056 79932660    0    0  6624 778852 251807 1555875 79 20  1  0  0  0
354  0  62064 70003156 2414056 79932672    0    0  7792 648744 311557 1569140 79 20  1  0  0  0
367  0  62064 69978120 2414056 79932688    0    0  7696 664144 358005 1554898 78 20  1  0  0  0
323  0  62064 69970224 2414056 79932696    0    0  8144 637332 268878 1578180 79 20  1  0  0  0
282  0  62064 69972368 2414056 79932716    0    0  7808 654836 301256 1597157 78 20  2  0  0  0
225  0  62064 69965196 2414056 79932732    0    0  6464 648716 333024 1596497 79 19  1  0  0  0
procs -----------memory---------- ---swap-- -----io---- -system-- -------cpu-------
 r  b   swpd   free   buff  cache   si   so    bi    bo   in   cs us sy id wa st gu
360  0  62064 69963060 2414060 79932752    0    0  7556 646204 320475 1569483 79 20  1  0  0  0
337  0  62064 69961484 2414060 79932768    0    0  8912 600680 204902 1557461 79 20  1  0  0  0
269  0  62064 69975892 2414060 79932776    0    0  9872 680188 207178 1562832 79 20  1  0  0  0
255  1  62064 69975276 2414060 79932784    0    0  9168 552852 209472 1564913 79 20  1  0  0  0
351  0  62064 69968232 2414060 79932808    0    0  8480 729788 204405 1576404 80 20  0  0  0  0
343  1  62064 69964144 2414060 79932828    0    0  8176 664324 206994 1568558 79 20  1  0  0  0
219  3  62064 69963856 2414060 79932840    0    0  8192 578512 213871 1565036 79 20  1  0  0  0
240  1  62064 69981760 2414060 79932848    0    0  7840 717716 214006 1569335 78 20  2  0  0  0
347  0  62064 69976716 2414060 79932864    0    0  8576 692364 216632 1569895 79 21  1  0  0  0
320  0  62064 69982280 2414060 79932884    0    0  9152 657288 285759 1562340 79 20  1  0  0  0
304  0  62064 69974440 2414060 79932896    0    0  7680 668164 339964 1573539 79 20  1  0  0  0
327  2  62064 69956420 2414060 79932908    0    0  8752 535148 354050 1575728 79 20  0  0  0  0
334  1  62064 69962456 2414060 79932924    0    0  8160 709464 363958 1585744 79 20  0  0  0  0
327  0  62064 69943584 2414060 79932940    0    0  8096 627724 363635 1580914 79 20  0  0  0  0
338  0  62064 69944136 2414060 79933020    0    0  7824 665784 298660 1600923 80 19  0  0  0  0
182  3  62064 69928848 2414060 79933036    0    0  8752 728716 226332 1578231 80 20  0  0  0  0
311  4  62064 69907388 2414060 79933052    0    0  8496 624484 371415 1585479 79 20  0  0  0  0
264  1  62064 69895536 2414060 79933068    0    0  9408 633344 314184 1581316 79 20  0  0  0  0
351  0  62064 69894952 2414060 79933080    0    0  8016 765836 278075 1578162 79 20  1  0  0  0
342  4  62064 69913908 2414060 79933096    0    0  8656 641080 268655 1579622 79 20  1  0  0  0
238  4  62064 69904140 2414060 79933116    0    0  8448 574300 277260 1574455 79 20  1  0  0  0
procs -----------memory---------- ---swap-- -----io---- -system-- -------cpu-------
 r  b   swpd   free   buff  cache   si   so    bi    bo   in   cs us sy id wa st gu
330  0  62064 69932644 2414060 79933120    0    0  8736 752912 302257 1573807 79 20  1  0  0  0
359  0  62064 69931408 2414060 79933144    0    0  6432 615612 301595 1578333 79 20  1  0  0  0
310  0  62064 69940012 2414060 79933156    0    0  8144 737300 344234 1569408 79 20  1  0  0  0
369  1  62064 69930684 2414060 79933176    0    0  8128 741032 328864 1570396 79 20  1  0  0  0
311  0  62064 69928840 2414060 79933188    0    0  7552 726580 203140 1588377 79 20  1  0  0  0
372  0  62064 69922556 2414060 79933200    0    0  7168 560396 194767 1570749 79 20  0  0  0  0
82  2  62064 69937880 2414060 79933208    0    0  7376 802108 201919 1564350 80 20  1  0  0  0
364  0  62064 69931052 2414060 79933224    0    0  8288 687688 199758 1573587 79 20  1  0  0  0
347  0  62064 69932352 2414060 79933244    0    0  9664 760224 210866 1596373 79 19  1  0  0  0
337  0  62064 69926464 2414060 79933264    0    0  7168 669524 200431 1585793 80 19  0  0  0  0
339  0  62064 69923548 2414060 79933272    0    0  8192 701660 202682 1589511 80 19  1  0  0  0
267  0  62064 69919424 2414060 79933292    0    0  8240 680644 212375 1568412 79 20  1  0  0  0
276  0  62064 69912832 2414060 79933308    0    0  8528 699872 206049 1577703 79 20  1  0  0  0
359  1  62064 69908196 2414060 79933328    0    0  6944 626024 199950 1578241 79 20  1  0  0  0
370  0  62064 69905056 2414060 79933348    0    0  9776 672156 206115 1572788 79 20  1  0  0  0
358  0  62064 69901328 2414060 79933360    0    0  8784 781928 202839 1575120 80 20  0  0  0  0
365  0  62064 69898164 2414060 79933376    0    0  8560 684028 202939 1575904 79 20  1  0  0  0
230  1  62064 69898332 2414060 79933392    0    0  7408 585168 210924 1583983 80 20  1  0  0  0
384  0  62064 69893056 2414060 79933404    0    0  8112 682428 196507 1563905 79 20  0  0  0  0
366  0  62064 69888492 2414060 79933420    0    0  8128 726664 198743 1567369 80 20  0  0  0  0
333  2  62064 69890856 2414060 79933436    0    0  7728 690884 211673 1579330 80 20  1  0  0  0
procs -----------memory---------- ---swap-- -----io---- -system-- -------cpu-------
 r  b   swpd   free   buff  cache   si   so    bi    bo   in   cs us sy id wa st gu
325  0  62064 69890516 2414060 79933448    0    0  8320 735636 208600 1574310 79 20  1  0  0  0
271  0  62064 69898340 2414060 79933460    0    0  8608 733444 207042 1576377 79 20  1  0  0  0
356  0  62064 69911420 2414060 79933480    0    0  9600 691692 208515 1575751 79 20  1  0  0  0
313  0  62064 69910908 2414060 79933492    0    0 10048 679312 205629 1581306 79 20  1  0  0  0
342  0  62064 69916436 2414060 79933500    0    0  7520 691560 205027 1591454 80 19  1  0  0  0
335  0  62064 69911080 2414064 79933512    0    0  7472 682596 216201 1573019 79 20  1  0  0  0
202  0  62064 69908804 2414064 79933532    0    0  8016 683536 211389 1575321 80 20  0  0  0  0
374  0  62064 69905212 2414064 79933544    0    0  7968 677832 216229 1590874 80 20  1  0  0  0
310  0  62064 69904248 2414064 79933556    0    0  7216 674248 200555 1574330 80 20  1  0  0  0
306  0  62064 69905616 2414064 79933576    0    0  8768 700472 201943 1581533 80 20  1  0  0  0
100  0  62064 69912968 2414064 79933588    0    0  8128 678608 200082 1575533 80 20  1  0  0  0
315  0  62064 69905252 2414064 79933604    0    0  9264 676564 202836 1578090 80 20  1  0  0  0
286  0  62064 69906416 2414064 79933616    0    0  6752 679684 214538 1582012 80 20  1  0  0  0
324  0  62064 69906596 2414064 79933636    0    0  9120 676020 202998 1570673 79 20  1  0  0  0
366  1  62064 69894396 2414064 79933652    0    0  8288 636144 199900 1580864 80 20  1  0  0  0
345  0  62064 69900212 2414064 79933668    0    0  9104 719440 201816 1568654 80 20  1  0  0  0
317  0  62064 69901688 2414064 79933680    0    0  7280 678440 206476 1569606 79 20  1  0  0  0
343  0  62064 69893972 2414064 79933696    0    0  9152 676936 210696 1553081 79 20  1  0  0  0
304  0  62064 69891440 2414064 79933704    0    0  8048 690688 201277 1568174 79 20  1  0  0  0
303  0  62064 69896888 2414064 79933724    0    0 10000 672668 210887 1599719 79 19  1  0  0  0
299  0  62064 69897628 2414064 79933732    0    0  8160 677948 199180 1572461 80 20  0  0  0  0
procs -----------memory---------- ---swap-- -----io---- -system-- -------cpu-------
 r  b   swpd   free   buff  cache   si   so    bi    bo   in   cs us sy id wa st gu
363  0  62064 69901160 2414064 79933752    0    0  8736 671264 199525 1564332 79 20  1  0  0  0
334  0  62064 69895272 2414064 79933768    0    0  8832 673660 200506 1582499 80 20  0  0  0  0
321  0  62064 69898884 2414064 79933780    0    0  8160 673180 213108 1578139 80 20  0  0  0  0
287  0  62064 69894924 2414064 79933800    0    0  7120 676624 196650 1574618 80 20  0  0  0  0
327  0  62064 69896068 2414064 79933816    0    0  9088 672924 203710 1578467 79 20  1  0  0  0
357  1  62064 69891816 2414064 79933828    0    0  8816 684772 207637 1567151 80 20  0  0  0  0
332  0  62064 69886264 2414064 79933840    0    0  7984 696196 201650 1589304 80 20  1  0  0  0
271  0  62064 69900952 2414064 79933856    0    0  8336 679580 203834 1566893 79 20  1  0  0  0
305  1  62064 69898228 2414064 79933872    0    0  9216 675536 204943 1572344 79 20  1  0  0  0
362  0  62064 69898308 2414068 79933888    0    0  8564 684548 195456 1565299 80 19  0  0  0  0
355  0  62064 69896676 2414068 79933908    0    0  8032 680572 199478 1575194 79 20  0  0  0  0
272  0  62064 69902160 2414068 79934040    0    0  8224 679468 211354 1535597 79 21  1  0  0  0
257  0  62064 69900584 2414068 79934016    0    0  7808 677460 200488 1569558 80 20  1  0  0  0
353  0  62064 69897620 2414068 79934028    0    0  9488 676196 226529 1595086 80 20  1  0  0  0
328  0  62064 69895648 2414068 79934040    0    0  6080 697752 199409 1580180 80 19  0  0  0  0
356  0  62064 69896464 2414068 79934056    0    0  7824 679288 206116 1567100 80 20  0  0  0  0
383  0  62064 69894160 2414068 79934068    0    0  8304 676940 204874 1568198 79 20  1  0  0  0
341  0  62064 69881756 2414068 79934084    0    0  6816 678396 200707 1579398 79 20  1  0  0  0
334  0  62064 69886896 2414068 79934096    0    0  8656 674768 215268 1576894 79 20  1  0  0  0
325  0  62064 69894280 2414068 79934120    0    0  6704 676616 212093 1595828 79 21  1  0  0  0
284  0  62064 69889272 2414068 79934136    0    0  8896 678440 213651 1556784 79 20  1  0  0  0
procs -----------memory---------- ---swap-- -----io---- -system-- -------cpu-------
 r  b   swpd   free   buff  cache   si   so    bi    bo   in   cs us sy id wa st gu
328  0  62064 69875328 2414068 79934148    0    0  8448 677304 199365 1579487 80 20  0  0  0  0
302  0  62064 69873800 2414068 79934164    0    0  9312 694044 200695 1560576 79 20  1  0  0  0
326  0  62064 69874640 2414068 79934184    0    0  7216 678976 200704 1572774 80 20  0  0  0  0
353  0  62064 69867216 2414068 79934200    0    0  7872 679588 197458 1565574 80 20  0  0  0  0
282  1  62064 69869244 2414068 79934216    0    0  8544 678960 211470 1574640 80 20  0  0  0  0
341  0  62064 69871636 2414068 79934228    0    0  9248 674884 204411 1542244 77 19  3  0  0  0
366  1  62064 69871852 2414068 79934244    0    0  6624 675948 200839 1576465 80 20  0  0  0  0
259  0  62064 69863748 2414068 79934256    0    0  7968 677772 199973 1576667 80 20  0  0  0  0
286  0  62064 69860060 2414068 79934280    0    0  8608 674992 200495 1590782 80 20  0  0  0  0
277  0  62064 69860100 2414068 79934288    0    0  7376 694132 198129 1590303 80 19  0  0  0  0
346  0  62064 69851308 2414068 79934300    0    0  7408 681368 209349 1568947 80 20  0  0  0  0
276  0  62064 69853000 2414068 79934320    0    0  8480 680456 202606 1578338 79 20  1  0  0  0
329  0  62064 69846908 2414068 79934336    0    0  8592 681412 201347 1572578 79 20  0  0  0  0
238  0  62064 69840576 2414068 79934352    0    0  9440 670844 202714 1568179 79 20  1  0  0  0
309  0  62064 69855380 2414068 79934364    0    0  7136 678960 219554 1588154 79 20  1  0  0  0
345  0  62064 69847476 2414068 79934380    0    0  8288 677204 203621 1577164 79 20  1  0  0  0
317  0  62064 69834708 2414068 79934392    0    0  8304 677372 201677 1563971 80 20  0  0  0  0
302  0  62064 69826652 2414068 79934408    0    0  8304 674740 202863 1582913 80 20  1  0  0  0
285  0  62064 69827596 2414068 79934428    0    0  7648 697400 206478 1567861 79 20  1  0  0  0
243  0  62064 69827716 2414068 79934440    0    0  7840 681632 200141 1566228 79 20  1  0  0  0
338  0  62064 69826452 2414068 79934452    0    0  8976 678988 215290 1586452 80 20  1  0  0  0
procs -----------memory---------- ---swap-- -----io---- -system-- -------cpu-------
 r  b   swpd   free   buff  cache   si   so    bi    bo   in   cs us sy id wa st gu
369  0  62064 69822108 2414068 79934464    0    0  8944 678728 210820 1580945 80 20  0  0  0  0
324  0  62064 69825832 2414068 79934484    0    0  7264 683428 201205 1582946 79 20  1  0  0  0
360  0  62064 69819300 2414068 79934500    0    0  7552 689620 210951 1573011 80 20  0  0  0  0
370  0  62064 69827612 2414068 79934512    0    0  7616 694232 214579 1583592 80 20  0  0  0  0
374  0  62064 69831732 2414068 79934524    0    0  8656 695568 204860 1600521 80 19  0  0  0  0
322  0  62064 69828044 2414068 79934536    0    0  7504 711000 206177 1577307 79 20  1  0  0  0
380  0  62064 69819888 2414068 79934552    0    0  7856 690404 200735 1561612 79 20  1  0  0  0
341  0  62064 69814068 2414068 79934564    0    0  7712 688196 196906 1569158 80 20  0  0  0  0
340  0  62064 69809456 2414068 79934584    0    0  7904 680040 205034 1576492 79 20  1  0  0  0
364  0  62064 69814432 2414068 79934596    0    0  7888 679716 211690 1581454 78 20  1  0  0  0
305  0  62064 69807036 2414068 79934616    0    0  7552 676996 202833 1577125 79 20  1  0  0  0
327  0  62064 69807536 2414068 79934628    0    0  8704 674348 201374 1583054 80 20  0  0  0  0
157  0  62064 69816516 2414068 79934644    0    0  8112 668488 201839 1577670 80 20  1  0  0  0
263  0  62064 69810152 2414068 79934660    0    0  8352 673108 205809 1578245 79 20  1  0  0  0
237  0  62064 69808468 2414068 79934672    0    0  7872 690516 201394 1565600 79 20  1  0  0  0
308  0  62064 69808908 2414068 79934684    0    0  8304 671580 210724 1568207 79 20  1  0  0  0
342  0  62064 69803236 2414068 79934700    0    0  7760 672164 199676 1587449 80 20  0  0  0  0
112  0  62064 69796372 2414068 79934716    0    0  8448 672664 206520 1576981 79 20  1  0  0  0
290  0  62064 69807632 2414068 79934736    0    0  9168 670316 214393 1568113 79 20  1  0  0  0
315  0  62064 69813188 2414068 79934748    0    0  8544 670944 213182 1570454 79 19  1  0  0  0
356  1  62064 69816488 2414068 79934760    0    0  8208 673624 198784 1579530 80 19  0  0  0  0
procs -----------memory---------- ---swap-- -----io---- -system-- -------cpu-------
 r  b   swpd   free   buff  cache   si   so    bi    bo   in   cs us sy id wa st gu
384  0  62064 69815812 2414068 79934776    0    0  7376 677040 198366 1574519 80 20  0  0  0  0
361  0  62064 69806956 2414068 79934792    0    0  8256 690008 226114 1586055 80 19  0  0  0  0
331  0  62064 69816004 2414068 79934812    0    0  8464 673788 219230 1571874 79 20  1  0  0  0
191  0  62064 69805492 2414068 79934824    0    0  7728 678636 210447 1575727 80 20  0  0  0  0
289  0  62064 69807024 2414068 79934836    0    0  7440 680760 201103 1568949 79 20  1  0  0  0
325  0  62064 69807992 2414068 79934856    0    0  7696 680340 196084 1561615 80 20  0  0  0  0
353  0  62064 69812616 2414068 79934872    0    0  8768 674240 206093 1578936 80 20  1  0  0  0
302  0  62064 69824264 2414068 79934900    0    0  7776 677956 204652 1574162 79 20  1  0  0  0
293  0  62064 69820868 2414068 79934988    0    0  7824 680964 200115 1570872 79 20  1  0  0  0
346  0  62064 69818384 2414068 79935004    0    0  8528 676060 204881 1571346 79 20  1  0  0  0
366  0  62064 69809720 2414072 79935012    0    0  7332 692708 200517 1565740 80 20  1  0  0  0
350  0  62064 69810464 2414072 79935028    0    0  7840 675016 228461 1571109 79 20  1  0  0  0
360  0  62064 69817920 2414072 79935048    0    0  7136 678444 202404 1572956 79 20  1  0  0  0
316  1  62064 69807768 2414072 79935064    0    0  8096 678760 198050 1570226 80 20  0  0  0  0
338  0  62064 69809692 2414072 79935076    0    0  9104 678776 205385 1589161 80 20  1  0  0  0
367  0  62064 69809904 2414072 79935088    0    0  7984 680920 212087 1599052 79 20  1  0  0  0
320  0  62064 69813692 2414072 79935100    0    0  7456 685068 198978 1567399 80 20  0  0  0  0
270  0  62064 69819476 2414072 79935116    0    0  8624 679640 206740 1576892 79 20  1  0  0  0
287  0  62064 69816832 2414072 79935136    0    0  8272 681032 205818 1581719 79 20  1  0  0  0
313  0  62064 69821380 2414072 79935148    0    0  8288 697140 214843 1588335 79 20  1  0  0  0
336  0  62064 69819540 2414072 79935156    0    0  7872 681196 200635 1572833 79 20  1  0  0  0
procs -----------memory---------- ---swap-- -----io---- -system-- -------cpu-------
 r  b   swpd   free   buff  cache   si   so    bi    bo   in   cs us sy id wa st gu
370  0  62064 69828136 2414072 79935172    0    0  8640 679216 201429 1578174 79 20  1  0  0  0
304  0  62064 69817140 2414072 79935188    0    0  8240 681604 200949 1563504 79 20  1  0  0  0
332  0  62064 69822012 2414072 79935204    0    0  8176 678136 201020 1573630 80 20  1  0  0  0
350  0  62064 69827440 2414072 79935220    0    0  7904 679824 202358 1581451 79 20  1  0  0  0
330  0  62064 69825144 2414076 79935232    0    0  9316 679020 211319 1582693 80 20  0  0  0  0
311  0  62064 69819088 2414076 79935244    0    0  8256 682160 197187 1571317 80 20  0  0  0  0
343  0  62064 69818692 2414076 79935256    0    0  8912 696820 213459 1569783 80 20  0  0  0  0
377  0  62064 69815952 2414076 79935276    0    0  8384 685980 200427 1576650 79 20  1  0  0  0
292  0  62064 69822264 2414076 79935296    0    0 10704 675860 206864 1566890 79 20  1  0  0  0
338  0  62064 69819236 2414076 79935308    0    0  8352 683940 204106 1589853 80 20  1  0  0  0
363  0  62064 69818720 2414076 79935316    0    0  8016 687916 197533 1578515 80 19  0  0  0  0
354  0  62064 69820900 2414076 79935336    0    0  6672 685364 203004 1585787 80 20  0  0  0  0
375  0  62064 69818016 2414076 79935352    0    0  7952 683864 200615 1569426 80 20  1  0  0  0
234  0  62064 69823100 2414076 79935368    0    0  8848 684072 215133 1569707 79 20  1  0  0  0
327  0  62064 69825476 2414076 79935380    0    0  9728 700344 199044 1571899 79 20  1  0  0  0
215  0  62064 69823068 2414076 79935396    0    0  8144 686196 218996 1574544 79 20  1  0  0  0
343  0  62064 69821428 2414076 79935416    0    0  8176 681720 226476 1583662 80 20  0  0  0  0
306  0  62064 69813676 2414076 79935428    0    0  7744 685084 211047 1571630 79 20  1  0  0  0
374  0  62064 69816784 2414076 79935440    0    0  8208 682784 206950 1584958 79 20  1  0  0  0
335  0  62064 69808216 2414076 79935456    0    0  8640 681980 200703 1565823 80 20  1  0  0  0
338  0  62064 69813400 2414076 79935472    0    0  8032 680132 202972 1581437 79 20  1  0  0  0
procs -----------memory---------- ---swap-- -----io---- -system-- -------cpu-------
 r  b   swpd   free   buff  cache   si   so    bi    bo   in   cs us sy id wa st gu
341  0  62064 69818548 2414076 79935488    0    0  8688 683152 205967 1565534 78 20  1  0  0  0
328  0  62064 69814140 2414076 79935508    0    0  8320 680684 213770 1582261 80 20  1  0  0  0
380  0  62064 69805052 2414076 79935520    0    0  7440 702796 203130 1576410 80 20  0  0  0  0
364  0  62064 69799048 2414076 79935532    0    0  8704 682988 199662 1574739 79 20  1  0  0  0
352  0  62064 69796676 2414080 79935544    0    0  8468 687524 197619 1575320 80 20  0  0  0  0
238  0  62064 69798960 2414080 79935568    0    0  8640 682508 200786 1599161 80 19  1  0  0  0
347  0  62064 69798496 2414080 79935580    0    0  6768 683428 199656 1583592 80 19  1  0  0  0
269  0  62064 69788316 2414080 79935592    0    0  9392 683264 192992 1571059 80 20  0  0  0  0
298  0  62064 69796932 2414080 79935604    0    0  8080 684308 207610 1575201 79 20  1  0  0  0
325  0  62064 69799184 2414080 79935620    0    0  7984 685992 213055 1577992 79 20  0  0  0  0
359  0  62064 69804284 2414080 79935640    0    0  7104 700204 199722 1577906 80 20  0  0  0  0
353  0  62064 69792132 2414080 79935652    0    0  8032 681844 199049 1575753 80 20  0  0  0  0
269  1  62064 69787956 2414080 79935676    0    0  7872 684752 206573 1567966 79 20  1  0  0  0
371  0  62064 69796112 2414080 79935684    0    0  8112 684524 206599 1576306 79 20  1  0  0  0
343  1  62064 69792880 2414080 79935704    0    0  8176 685256 203627 1574077 80 20  1  0  0  0
315  0  62064 69799228 2414080 79935720    0    0  9408 680196 205629 1574336 79 20  1  0  0  0
240  0  62064 69792996 2414080 79935736    0    0  8896 683952 210650 1571214 80 20  1  0  0  0
308  0  62064 69800100 2414080 79935752    0    0  9600 681152 202287 1572352 79 20  1  0  0  0
234  0  62064 69793312 2414080 79935772    0    0  7440 689616 214589 1563112 79 20  1  0  0  0
333  0  62064 69790628 2414080 79935792    0    0  8384 690960 203869 1571813 79 20  1  0  0  0
348  0  62064 69787716 2414080 79935804    0    0  8960 683584 205942 1577221 79 20  1  0  0  0
procs -----------memory---------- ---swap-- -----io---- -system-- -------cpu-------
 r  b   swpd   free   buff  cache   si   so    bi    bo   in   cs us sy id wa st gu
219  0  62064 69792680 2414080 79935820    0    0  7920 686644 205170 1578592 80 20  1  0  0  0
242  0  62064 69787372 2414080 79935832    0    0  8112 684240 202270 1574019 80 19  0  0  0  0
209  0  62064 69785356 2414080 79935848    0    0  9392 681796 198675 1568151 80 20  1  0  0  0
312  1  62064 69782960 2414080 79935868    0    0  7792 689160 199300 1564902 79 20  1  0  0  0
329  0  62064 69778284 2414080 79935880    0    0  7616 691180 199440 1578772 80 20  0  0  0  0
309  0  62064 69784460 2414080 79935956    0    0  6976 692052 217253 1575213 79 20  1  0  0  0
293  0  62064 69794548 2414080 79935972    0    0  8496 707996 201795 1577925 79 20  1  0  0  0
366  0  62064 69788492 2414080 79935988    0    0  8768 693928 204476 1576837 80 20  0  0  0  0
331  0  62064 69783924 2414080 79936004    0    0  8384 693004 209239 1564447 79 20  1  0  0  0
351  0  62064 69786524 2414080 79936012    0    0  6144 696144 201338 1567928 80 20  1  0  0  0
230  0  62064 69781920 2414080 79936024    0    0  9296 694128 213044 1573958 80 20  0  0  0  0
374  0  62064 69785100 2414080 79936040    0    0  8048 691172 204017 1574701 80 20  0  0  0  0
319  0  62064 69790968 2414080 79936056    0    0  9232 692912 206399 1569642 80 20  1  0  0  0
240  0  62064 69802164 2414080 79936072    0    0  6608 686632 207283 1579142 80 20  1  0  0  0
298  1  62064 69796804 2414080 79936084    0    0  9280 686520 207165 1564675 79 20  0  0  0  0
307  0  62064 69794372 2414080 79936096    0    0  7232 700984 202022 1574824 80 20  0  0  0  0
335  0  62064 69789320 2414080 79936112    0    0  7648 683024 206099 1564104 79 20  1  0  0  0
347  0  62064 69786116 2414080 79936128    0    0  8544 685724 204134 1584139 80 20  1  0  0  0
289  0  62064 69788256 2414080 79936136    0    0  7712 681920 217304 1568939 80 19  1  0  0  0
261  0  62064 69792336 2414080 79936152    0    0  8912 675408 220109 1586467 80 20  1  0  0  0
268  0  62064 69786908 2414080 79936164    0    0  9472 680700 199911 1567905 79 20  1  0  0  0
procs -----------memory---------- ---swap-- -----io---- -system-- -------cpu-------
 r  b   swpd   free   buff  cache   si   so    bi    bo   in   cs us sy id wa st gu
338  0  62064 69783664 2414080 79936184    0    0  8176 679268 202647 1578352 80 20  1  0  0  0
331  0  62064 69780692 2414080 79936200    0    0  7920 681516 204336 1583482 79 20  1  0  0  0
285  0  62064 69783132 2414080 79936216    0    0  8288 694456 199957 1569728 80 20  0  0  0  0
94  0  62064 69791408 2414080 79936228    0    0  8560 677652 203366 1578696 79 20  1  0  0  0
341  0  62064 69786256 2414080 79936244    0    0  7584 679460 200468 1569946 80 20  1  0  0  0
298  0  62064 69779568 2414084 79936248    0    0  9812 677488 199604 1575191 80 20  0  0  0  0
332  0  62064 69784248 2414084 79936272    0    0 10176 677488 206177 1562296 79 20  1  0  0  0
337  0  62064 69778796 2414084 79936288    0    0  7840 682440 210740 1572687 80 20  1  0  0  0
306  0  62064 69780004 2414084 79936304    0    0  9040 679488 198650 1562386 80 20  0  0  0  0
236  0  62064 69777424 2414084 79936316    0    0  7792 679152 202868 1575475 80 20  0  0  0  0
357  1  62064 69775004 2414084 79936328    0    0  9120 676560 197030 1561623 79 20  1  0  0  0
322  0  62064 69771120 2414084 79936356    0    0  8688 698496 204718 1569588 79 20  1  0  0  0
214  0  62064 69759692 2414084 79936368    0    0  8656 683248 210405 1586348 80 19  0  0  0  0
353  0  62064 69759428 2414084 79936376    0    0  9216 680316 201449 1579571 80 20  1  0  0  0
116  1  62064 69752148 2414084 79936388    0    0  9088 676920 202357 1568419 79 20  1  0  0  0
350  1  62064 69767932 2414084 79936404    0    0  6912 677136 290840 1569787 78 20  2  0  0  0
368  1  62064 69770424 2414084 79936424    0    0  7600 675908 359830 1578788 78 20  1  0  0  0
342  1  62064 69769352 2414084 79936436    0    0  7264 674008 328794 1603335 78 21  2  0  0  0
327  0  62064 69762976 2414084 79936452    0    0  6736 672312 373395 1579485 78 21  1  0  0  0
312  5  62064 69767804 2414084 79936464    0    0  5424 674292 383100 1585858 78 20  2  0  0  0
155  0  62064 69750968 2414084 79936480    0    0  7360 673024 355891 1593424 78 20  1  0  0  0
procs -----------memory---------- ---swap-- -----io---- -system-- -------cpu-------
 r  b   swpd   free   buff  cache   si   so    bi    bo   in   cs us sy id wa st gu
309  0  62064 69750172 2414084 79936504    0    0  7328 673628 339716 1591448 78 21  1  0  0  0
334  0  62064 69746984 2414084 79936520    0    0  7456 692240 343602 1584584 79 20  1  0  0  0
352  0  62064 69753688 2414084 79936528    0    0  7760 676968 313989 1578352 80 20  1  0  0  0
332  0  62064 69753296 2414084 79936540    0    0  7024 679072 240059 1567913 78 20  1  0  0  0
312  1  62064 69755948 2414084 79936560    0    0  8816 676716 201260 1574871 79 20  1  0  0  0
331  0  62064 69754592 2414084 79936576    0    0  8880 678608 200572 1587863 80 20  1  0  0  0
263  0  62064 69749084 2414084 79936588    0    0  9632 680224 221895 1597431 80 20  1  0  0  0
245  0  62064 69748392 2414084 79936596    0    0  6912 681524 201890 1582832 79 19  1  0  0  0
189  0  62064 69748344 2414084 79936620    0    0  9408 679916 201152 1559362 80 20  1  0  0  0
355  1  62064 69747676 2414084 79936640    0    0 10400 677904 208213 1578240 79 20  1  0  0  0
365  0  62064 69740216 2414084 79936656    0    0  8848 697840 205190 1589518 79 20  1  0  0  0
322  0  62064 69744272 2414084 79936672    0    0  9200 680268 204873 1574343 79 20  1  0  0  0
255  0  62064 69746972 2414084 79936684    0    0  9040 678900 205911 1578375 79 20  1  0  0  0
206  0  62064 69740108 2414084 79936700    0    0  7568 685344 199636 1569796 80 20  0  0  0  0
268  0  62064 69745628 2414084 79936712    0    0  6208 682712 215770 1573626 79 20  1  0  0  0
152  0  62064 69749624 2414084 79936728    0    0  8224 681836 199395 1576141 80 20  0  0  0  0
304  1  62064 69748836 2414084 79936744    0    0  8704 680956 201775 1572339 79 20  1  0  0  0
386  0  62064 69748252 2414084 79936768    0    0  8560 682000 201589 1574822 80 20  1  0  0  0
384  0  62064 69750452 2414084 79936780    0    0  7744 696144 200797 1591088 80 20  0  0  0  0
134  0  62064 69746728 2414084 79936796    0    0  9920 678684 201091 1565098 79 20  1  0  0  0
352  0  62064 69757184 2414084 79936812    0    0  7968 675988 202282 1576106 79 20  1  0  0  0
procs -----------memory---------- ---swap-- -----io---- -system-- -------cpu-------
 r  b   swpd   free   buff  cache   si   so    bi    bo   in   cs us sy id wa st gu
377  0  62064 69756360 2414084 79936828    0    0  9024 683572 197425 1571081 80 20  0  0  0  0
375  0  62064 69749344 2414084 79936848    0    0  9472 683740 203876 1581076 80 20  1  0  0  0
318  0  62064 69741140 2414084 79936932    0    0  8752 684404 201392 1577004 80 19  1  0  0  0
359  0  62064 69742768 2414084 79936944    0    0  8064 679572 200136 1576011 80 20  1  0  0  0
361  0  62064 69754472 2414084 79936964    0    0  8304 685000 200697 1560781 79 20  1  0  0  0
321  2  62064 69756380 2414084 79936980    0    0  5984 687908 202129 1577879 79 20  1  0  0  0
297  0  62064 69764132 2414084 79936996    0    0  9824 696924 207797 1560136 79 20  1  0  0  0
312  0  62064 69760236 2414084 79937012    0    0  8752 678748 201596 1577202 80 20  1  0  0  0
263  0  62064 69762888 2414084 79937028    0    0  9280 679980 207108 1564177 79 20  1  0  0  0
225  0  62064 69758952 2414084 79937040    0    0  8464 682424 201296 1571476 80 20  1  0  0  0
273  0  62064 69748772 2414084 79937056    0    0  9360 680620 201915 1576513 79 20  1  0  0  0
347  0  62064 69754716 2414084 79937072    0    0  8912 679388 202272 1571956 80 20  0  0  0  0
335  0  62064 69748324 2414084 79937092    0    0  7312 687836 201666 1582236 79 20  1  0  0  0
202  0  62064 69748840 2414084 79937104    0    0  8048 686544 199979 1577855 80 20  0  0  0  0
294  0  62064 69748620 2414084 79937116    0    0  8048 700992 201596 1574700 80 20  0  0  0  0
282  0  62064 69754388 2414084 79937128    0    0  9936 680180 202485 1568537 79 20  1  0  0  0
244  0  62064 69754556 2414084 79937144    0    0  7136 687572 198042 1553249 79 20  1  0  0  0
357  0  62064 69754076 2414084 79937156    0    0  8592 684960 194483 1576713 80 20  0  0  0  0
210  0  62064 69754348 2414084 79937172    0    0  8896 681632 203716 1596742 80 19  1  0  0  0
349  0  62064 69764992 2414084 79937180    0    0  7456 680376 205594 1577015 79 20  1  0  0  0
208  0  62064 69763340 2414084 79937196    0    0  7184 685564 202003 1576334 79 20  1  0  0  0
procs -----------memory---------- ---swap-- -----io---- -system-- -------cpu-------
 r  b   swpd   free   buff  cache   si   so    bi    bo   in   cs us sy id wa st gu
288  1  62064 69757768 2414084 79937216    0    0  6784 686388 196346 1581849 80 20  0  0  0  0
238  0  62064 69755152 2414084 79937228    0    0  8752 696232 213789 1579416 80 20  1  0  0  0
357  0  62064 69749652 2414084 79937244    0    0  8528 679984 204514 1575318 79 20  1  0  0  0
259  1  62064 69756472 2414084 79937248    0    0  7616 692700 201611 1572900 80 20  0  0  0  0
332  0  62064 69747860 2414084 79937268    0    0  8656 686776 206655 1570527 78 20  1  0  0  0
361  0  62064 69746932 2414084 79937284    0    0  8464 711224 204476 1593897 80 20  1  0  0  0
327  0  62064 69745388 2414084 79937300    0    0  8240 672588 194316 1579010 80 19  0  0  0  0
350  0  62064 69754012 2414084 79937324    0    0  8320 689224 201000 1581645 79 20  1  0  0  0
218  3  62064 69757308 2414084 79937332    0    0  8624 715280 203166 1559430 79 20  1  0  0  0
356  0  62064 69751828 2414084 79937344    0    0  8464 672472 214886 1581109 79 20  1  0  0  0
257  0  62064 69756824 2414084 79937372    0    0  9520 707028 212164 1569947 79 20  1  0  0  0
111  0  62064 69761384 2414084 79937392    0    0  7904 713460 205126 1573699 79 20  1  0  0  0
169  1  62064 69759436 2414084 79937404    0    0  9664 693656 217941 1570250 79 20  1  0  0  0
308  0  62064 69751428 2414084 79937408    0    0  9920 684984 207807 1590767 79 20  1  0  0  0
380  2  62064 69750224 2414084 79937420    0    0  9312 671428 214588 1577140 80 20  1  0  0  0
367  0  62064 69741052 2414084 79937444    0    0  6240 714340 202404 1587216 79 20  1  0  0  0
357  1  62064 69742872 2414084 79937452    0    0  9408 694632 201438 1571961 80 20  0  0  0  0
384  0  62064 69745532 2414084 79937464    0    0  8528 687356 200291 1563297 79 20  1  0  0  0
316  0  62064 69747232 2414084 79937476    0    0  8432 717908 206492 1579292 80 20  0  0  0  0
365  1  62064 69742256 2414084 79937492    0    0  6560 688644 200077 1585412 80 20  0  0  0  0
317  1  62064 69735644 2414084 79937516    0    0  9792 680708 210031 1573081 79 20  1  0  0  0
procs -----------memory---------- ---swap-- -----io---- -system-- -------cpu-------
 r  b   swpd   free   buff  cache   si   so    bi    bo   in   cs us sy id wa st gu
353  1  62064 69735516 2414084 79937528    0    0  9808 691504 203797 1578059 80 20  1  0  0  0
357  1  62064 69737564 2414084 79937544    0    0  8416 682784 198497 1574282 80 20  0  0  0  0
332  0  62064 69742336 2414084 79937556    0    0  8496 651296 205941 1566607 79 20  1  0  0  0
332  1  62064 69737144 2414084 79937576    0    0 10416 722052 220003 1579582 79 20  1  0  0  0
295  2  62064 69735624 2414084 79937588    0    0  8032 714096 204486 1575280 80 20  1  0  0  0
357  1  62064 69724904 2414084 79937600    0    0  7072 662312 199179 1574487 79 20  1  0  0  0
359  0  62064 69720948 2414084 79937616    0    0  8096 691572 198747 1581234 80 20  0  0  0  0
308  2  62064 69717188 2414084 79937628    0    0  8320 697600 201334 1575218 80 20  0  0  0  0
261  0  62064 69719792 2414084 79937648    0    0  8224 692432 210556 1578574 79 20  1  0  0  0
332  0  62064 69714720 2414084 79937656    0    0  7280 625952 200116 1585457 80 19  1  0  0  0
291  0  62064 69713880 2414084 79937672    0    0  8848 735180 201781 1567390 80 20  1  0  0  0
313  2  62064 69713560 2414084 79937676    0    0  7840 697032 199503 1580235 80 20  0  0  0  0
365  0  62064 69701900 2414084 79937688    0    0  8464 650376 202243 1565203 79 20  1  0  0  0
206  1  62064 69695916 2414084 79937708    0    0  7696 672800 207277 1572418 78 20  2  0  0  0
292  1  62064 69690872 2414084 79937724    0    0  8144 704744 201668 1562905 79 20  1  0  0  0
348  1  62064 69685480 2414084 79937736    0    0 10000 704728 201694 1574473 80 20  0  0  0  0
313  0  62064 69680024 2414084 79937768    0    0  7280 678240 213978 1571919 79 20  1  0  0  0
246  0  62064 69682476 2414084 79937768    0    0  7280 681100 203037 1564340 79 20  1  0  0  0
308  0  62064 69683168 2414084 79937800    0    0  8976 676012 209080 1576670 79 20  1  0  0  0
355  0  62064 69677940 2414084 79937800    0    0  9744 702128 205072 1570774 79 20  1  0  0  0
212  4  62064 69673484 2414084 79937888    0    0  8720 665796 205098 1584142 79 20  1  0  0  0
procs -----------memory---------- ---swap-- -----io---- -system-- -------cpu-------
 r  b   swpd   free   buff  cache   si   so    bi    bo   in   cs us sy id wa st gu
173  0  62064 69682520 2414084 79937904    0    0  8416 664952 202932 1584705 80 20  1  0  0  0
362  1  62064 69680224 2414084 79937920    0    0  9056 695584 206719 1583469 79 20  1  0  0  0
366  0  62064 69685656 2414084 79937932    0    0  9072 728892 206330 1577804 79 20  1  0  0  0
334  0  62064 69691036 2414084 79937956    0    0  9280 661644 202550 1563201 79 20  1  0  0  0
316  1  62064 69687608 2414084 79937960    0    0  8592 689052 201833 1595647 80 19  1  0  0  0
326  0  62064 69694144 2414084 79937976    0    0  9360 730500 202359 1580752 80 19  1  0  0  0
342  0  62064 69700032 2414084 79937980    0    0  9568 684364 200764 1572792 79 20  1  0  0  0
362  0  62064 69700416 2414084 79937992    0    0  9248 663084 203627 1572189 79 20  1  0  0  0
325  1  62064 69702904 2414084 79938020    0    0  9824 683808 209409 1572125 79 20  1  0  0  0
384  1  62064 69699612 2414084 79938032    0    0  8096 683636 203897 1587137 79 20  1  0  0  0
361  0  62064 69707328 2414084 79938048    0    0  9488 726748 205598 1579100 79 20  1  0  0  0
266  1  62064 69699524 2414084 79938064    0    0  6992 729316 201924 1566866 79 20  1  0  0  0
362  3  62064 69694336 2414084 79938084    0    0  8880 605352 196820 1563565 79 20  1  0  0  0
358  1  62064 69698044 2414084 79938092    0    0  8288 699312 205686 1575831 79 20  1  0  0  0
342  2  62064 69702220 2414084 79938112    0    0  7472 694612 202032 1571088 79 20  1  0  0  0
186  2  62064 69707832 2414084 79938128    0    0  6640 671944 200673 1566587 79 20  1  0  0  0
377  0  62064 69700616 2414084 79938148    0    0  7504 706140 199028 1577484 80 20  0  0  0  0
276  0  62064 69706288 2414084 79938164    0    0  8544 686312 216058 1578093 80 20  1  0  0  0
273  0  62064 69708916 2414088 79938176    0    0  8736 730968 204297 1579291 79 20  1  0  0  0
370  0  62064 69707088 2414088 79938180    0    0  8192 651840 198985 1582620 80 20  0  0  0  0
185  1  62064 69711008 2414088 79938196    0    0  8304 675032 199572 1565711 80 20  1  0  0  0
procs -----------memory---------- ---swap-- -----io---- -system-- -------cpu-------
 r  b   swpd   free   buff  cache   si   so    bi    bo   in   cs us sy id wa st gu
321  0  62064 69708680 2414088 79938212    0    0  7472 718564 202022 1589846 80 20  0  0  0  0
381  0  62064 69714900 2414092 79938216    0    0  9316 733536 209752 1586884 79 20  1  0  0  0
280  1  62064 69718276 2414092 79938236    0    0  7088 662524 205033 1568057 79 20  2  0  0  0
362  1  62064 69719616 2414092 79938252    0    0  8912 692444 201681 1560199 79 20  1  0  0  0
137  2  62064 69720120 2414092 79938268    0    0  6928 637584 195964 1557330 79 20  0  0  0  0
250  1  62064 69714844 2414092 79938292    0    0  9376 694780 212413 1568281 79 20  1  0  0  0
361  1  62064 69725584 2414092 79938292    0    0  6160 720832 208441 1574999 78 21  1  0  0  0
321  1  62064 69736120 2414096 79938324    0    0  7664 646280 198639 1570793 80 20  1  0  0  0
311  2  62064 69728508 2414100 79938332    0    0  7476 699608 205349 1575785 79 20  1  0  0  0
233  1  62064 69730680 2414100 79938348    0    0  9440 708872 201416 1573489 80 20  0  0  0  0
365  2  62064 69723228 2414100 79938372    0    0  8048 687332 208983 1569601 78 20  1  0  0  0
275  0  62064 69716904 2414100 79938388    0    0  7264 620140 194586 1568392 80 20  0  0  0  0
333  0  62064 69716348 2414100 79938404    0    0  8624 793620 205452 1579065 79 20  1  0  0  0
360  2  62064 69716088 2414100 79938424    0    0  8896 585044 201674 1574132 79 20  1  0  0  0
369  2  62064 69716500 2414100 79938440    0    0  7968 711844 199088 1568501 80 20  1  0  0  0
255  0  62064 69720548 2414100 79938448    0    0  9280 725072 208235 1572255 79 20  1  0  0  0
317  0  62064 69720012 2414100 79938460    0    0  8240 730200 205939 1590277 79 20  1  0  0  0
160  0  62064 69717936 2414100 79938472    0    0  7728 640360 199655 1581081 80 20  1  0  0  0
388  0  62064 69709396 2414100 79938484    0    0  7344 689380 202988 1572939 79 20  1  0  0  0
236  2  62064 69709356 2414100 79938496    0    0  8880 690648 201705 1572250 80 20  1  0  0  0
321  1  62064 69707340 2414100 79938516    0    0  7776 708076 215719 1567670 79 20  1  0  0  0
procs -----------memory---------- ---swap-- -----io---- -system-- -------cpu-------
 r  b   swpd   free   buff  cache   si   so    bi    bo   in   cs us sy id wa st gu
292  1  62064 69705516 2414100 79938528    0    0  6944 664892 197287 1563683 79 20  1  0  0  0
353  0  62064 69713880 2414100 79938544    0    0  7888 661580 205121 1580896 79 20  1  0  0  0
331  3  62064 69714848 2414100 79938556    0    0  7344 700896 205681 1584592 79 20  1  0  0  0
255  0  62064 69713816 2414100 79938572    0    0  8144 678812 204718 1573926 79 20  1  0  0  0
221  1  62064 69714096 2414100 79938584    0    0  9392 729900 203503 1580652 80 20  1  0  0  0
364  1  62064 69723100 2414100 79938604    0    0  8256 653988 209471 1576529 78 20  2  0  0  0
339  1  62064 69723560 2414100 79938624    0    0  7040 720384 210337 1583559 79 20  1  0  0  0
353  1  62064 69723544 2414100 79938632    0    0  8560 653180 204332 1551472 79 20  1  0  0  0
379  0  62064 69719496 2414100 79938644    0    0  8496 722060 214355 1563895 79 20  1  0  0  0
311  0  62064 69717636 2414100 79938664    0    0  8352 649368 199957 1568871 80 20  0  0  0  0
171  1  62064 69715348 2414100 79938676    0    0  7376 688296 202860 1571971 79 20  1  0  0  0
284  1  62064 69713104 2414100 79938688    0    0  7888 718844 207158 1577858 79 20  1  0  0  0
332  2  62064 69716992 2414100 79938704    0    0  7584 637296 198353 1571758 80 20  1  0  0  0
388  0  62064 69709800 2414100 79938724    0    0  9536 755916 205015 1562254 80 20  1  0  0  0
279  0  62064 69708344 2414100 79938740    0    0  8560 687216 196821 1560045 80 20  1  0  0  0
321  2  62064 69714220 2414100 79938760    0    0  9008 627476 201654 1570373 79 20  1  0  0  0
284  0  62064 69710728 2414100 79938880    0    0  7888 753096 209659 1568010 79 20  1  0  0  0
344  0  62064 69704064 2414100 79938896    0    0  8016 632348 197235 1576270 80 20  0  0  0  0
174  1  62064 69695128 2414100 79938912    0    0  6992 752456 203472 1576711 79 20  1  0  0  0
334  0  62064 69698092 2414100 79938920    0    0  8048 687324 214216 1566887 78 20  2  0  0  0
331  0  62064 69698748 2414100 79938944    0    0  9440 643212 201348 1571680 79 20  1  0  0  0
procs -----------memory---------- ---swap-- -----io---- -system-- -------cpu-------
 r  b   swpd   free   buff  cache   si   so    bi    bo   in   cs us sy id wa st gu
377  0  62064 69696116 2414100 79938960    0    0  9200 664332 213584 1580849 79 20  1  0  0  0
295  0  62064 69698456 2414100 79938980    0    0  7600 797376 212195 1576097 79 20  1  0  0  0
284  0  62064 69697096 2414100 79938996    0    0  9664 681156 208055 1567510 79 20  1  0  0  0
394  0  62064 69695820 2414100 79939008    0    0  8464 689664 206736 1572595 79 20  1  0  0  0
265  1  62064 69690712 2414100 79939024    0    0  6992 694312 203747 1571307 79 20  1  0  0  0
269  0  62064 69693588 2414100 79939036    0    0  9008 637828 206151 1575263 79 20  1  0  0  0
272  1  62064 69689892 2414100 79939052    0    0  8608 693872 207852 1578234 79 20  1  0  0  0
320  1  62064 69688208 2414100 79939064    0    0  7936 718096 207937 1585371 80 19  1  0  0  0
255  2  62064 69692100 2414100 79939076    0    0  7664 713832 211678 1569538 78 20  1  0  0  0
372  1  62064 69686800 2414104 79939088    0    0  8528 651888 206445 1557781 78 21  1  0  0  0
355  0  62064 69691732 2414108 79939152    0    0  8708 687132 201455 1567050 79 20  1  0  0  0
317  3  62064 69687000 2414108 79939164    0    0  8192 706144 208993 1580059 79 20  1  0  0  0
357  2  62064 69685476 2414108 79939184    0    0  6864 679604 205390 1571494 79 20  1  0  0  0
354  1  62064 69677804 2414108 79939196    0    0  7968 656084 204936 1574217 79 20  1  0  0  0
269  0  62064 69688044 2414108 79939212    0    0  8432 636868 198478 1566961 80 20  0  0  0  0
300  2  62064 69678328 2414108 79939224    0    0  7712 712040 200059 1572855 80 20  0  0  0  0
377  1  62064 69673868 2414108 79939240    0    0  7872 728556 204549 1581417 79 20  1  0  0  0
237  1  62064 69675684 2414108 79939260    0    0  6544 645740 196776 1580033 80 20  1  0  0  0
257  1  62064 69678120 2414108 79939268    0    0  8272 702664 205356 1585914 79 20  1  0  0  0
372  0  62064 69681132 2414108 79939280    0    0  9360 681232 206068 1563034 79 20  1  0  0  0
308  1  62064 69688472 2414108 79939292    0    0  8368 699068 205649 1568710 79 20  1  0  0  0
procs -----------memory---------- ---swap-- -----io---- -system-- -------cpu-------
 r  b   swpd   free   buff  cache   si   so    bi    bo   in   cs us sy id wa st gu
308  1  62064 69681036 2414108 79939312    0    0  6304 680076 199347 1569596 80 20  0  0  0  0
242  0  62064 69681904 2414108 79939324    0    0  7696 697352 202039 1559658 79 20  1  0  0  0
293  1  62064 69674732 2414108 79939348    0    0  7760 674484 194760 1567344 80 20  0  0  0  0
246  2  62064 69672496 2414108 79939356    0    0  8720 736504 207286 1599997 80 19  1  0  0  0
359  2  62064 69667668 2414108 79939360    0    0  8368 637900 197275 1579741 80 19  1  0  0  0
344  0  62064 69669680 2414108 79939388    0    0  9584 667148 200756 1575766 80 20  1  0  0  0
362  2  62064 69665144 2414108 79939400    0    0  7632 775976 203849 1570178 80 20  0  0  0  0
370  1  62064 69663220 2414108 79939420    0    0  7440 659196 199863 1572319 80 20  0  0  0  0
285  2  62064 69666704 2414108 79939436    0    0  7056 667868 199817 1568628 80 20  1  0  0  0
244  0  62064 69658912 2414108 79939452    0    0  9424 671812 203382 1562998 79 20  1  0  0  0
368  3  62064 69670240 2414108 79939472    0    0  7264 664012 197021 1582327 80 20  0  0  0  0
186  0  62064 69676752 2414108 79939488    0    0  7904 680996 198803 1572588 80 20  0  0  0  0
348  1  62064 69678264 2414108 79939504    0    0  6464 749828 204377 1571747 80 20  1  0  0  0
131  0  62064 69679432 2414108 79939516    0    0  7936 571852 194391 1567215 80 20  0  0  0  0
292  0  62064 69686484 2414108 79939532    0    0  9824 687796 200620 1557858 79 20  1  0  0  0
295  4  62064 69689816 2414108 79939548    0    0  8128 898148 215024 1569567 77 20  3  0  0  0
236  3  62064 69698920 2414108 79939564    0    0  6064 586764 199813 1570118 79 20  1  0  0  0
368  0  62064 69687280 2414108 79939576    0    0  8368 654380 205021 1576401 79 20  1  0  0  0
381  0  62064 69681236 2414108 79939596    0    0  8336 733092 199349 1577238 79 20  1  0  0  0
345  2  62064 69678724 2414108 79939608    0    0  8176 714892 200950 1580081 80 20  0  0  0  0
358  0  62064 69677948 2414108 79939616    0    0  7904 695800 200392 1594630 80 19  1  0  0  0
procs -----------memory---------- ---swap-- -----io---- -system-- -------cpu-------
 r  b   swpd   free   buff  cache   si   so    bi    bo   in   cs us sy id wa st gu
181  0  62064 69685708 2414108 79939624    0    0  7792 585264 195668 1576406 80 20  0  0  0  0
196  6  62064 69694588 2414108 79939648    0    0  8592 762668 206287 1569880 79 20  1  0  0  0
344  0  62064 69695848 2414108 79939660    0    0  7088 680984 203288 1564863 79 20  1  0  0  0
362  3  62064 69695872 2414108 79939672    0    0  8480 735196 201136 1570338 79 20  1  0  0  0
378  0  62064 69695852 2414108 79939688    0    0  7328 642704 199740 1576113 79 20  1  0  0  0
349  2  62064 69699820 2414108 79939704    0    0  8736 706964 200286 1564064 79 20  1  0  0  0
310  0  62064 69694636 2414108 79939720    0    0  7616 713904 205939 1576057 79 20  1  0  0  0
365  0  62064 69697608 2414108 79939740    0    0  7520 558568 195540 1563742 80 20  0  0  0  0
363  2  62064 69704388 2414108 79939752    0    0  9056 773740 204726 1572369 79 20  1  0  0  0
227  2  62064 69701964 2414108 79939764    0    0  8208 664960 199486 1564274 80 20  0  0  0  0
217  2  62064 69710688 2414108 79939780    0    0  8416 838508 207647 1571547 78 20  2  0  0  0
353  3  62064 69711360 2414108 79939800    0    0  7840 598016 200110 1575149 79 20  1  0  0  0
151  1  62064 69711644 2414108 79939812    0    0  8384 633280 194476 1563956 80 20  0  0  0  0
343  3  62064 69713072 2414108 79939896    0    0  8576 649952 196564 1573700 80 20  0  0  0  0
373  1  62064 69713188 2414108 79939912    0    0  7920 726396 202722 1580733 80 20  0  0  0  0
335  2  62064 69713924 2414108 79939924    0    0  8160 711516 202881 1581304 80 20  1  0  0  0
178  2  62064 69708148 2414108 79939936    0    0  8096 721920 204850 1588622 80 19  1  0  0  0
362  0  62064 69702912 2414108 79939948    0    0  7616 680508 200016 1560831 79 20  1  0  0  0
336  1  62064 69705440 2414108 79939964    0    0  8544 656192 197613 1564044 80 20  0  0  0  0
345  0  62064 69702804 2414108 79939980    0    0  8032 647776 202101 1576271 79 20  1  0  0  0
339  0  62064 69695128 2414108 79939996    0    0  9184 759704 210717 1575268 79 20  1  0  0  0
procs -----------memory---------- ---swap-- -----io---- -system-- -------cpu-------
 r  b   swpd   free   buff  cache   si   so    bi    bo   in   cs us sy id wa st gu
372  1  62064 69690372 2414108 79940012    0    0  7712 716960 203632 1573393 80 20  1  0  0  0
362  0  62064 69687476 2414108 79940028    0    0  8560 652636 200891 1577605 80 20  1  0  0  0
271  0  62064 69688476 2414108 79940044    0    0  7712 638468 203340 1585308 80 20  1  0  0  0
367  0  62064 69692304 2414108 79940060    0    0 10096 734852 203940 1568806 79 20  0  0  0  0
305  0  62064 69692012 2414108 79940072    0    0  6816 775148 202496 1571894 80 20  1  0  0  0
364  3  62064 69700184 2414108 79940088    0    0  8016 659988 199588 1578625 80 20  1  0  0  0
146  3  62064 69697676 2414108 79940104    0    0  7728 728000 204278 1575562 79 20  1  0  0  0
360  0  62064 69708124 2414108 79940116    0    0  9056 670360 203588 1570800 79 20  1  0  0  0
331  0  62064 69703892 2414108 79940140    0    0  8752 634092 196281 1578798 80 20  0  0  0  0
272  0  62064 69693652 2414108 79940152    0    0  9952 728936 201163 1559412 80 20  0  0  0  0
195  2  62064 69696656 2414108 79940168    0    0  7936 710640 201084 1566846 79 20  1  0  0  0
344  1  62064 69686344 2414112 79940180    0    0  8212 649284 199622 1587799 80 19  0  0  0  0
354  1  62064 69686224 2414112 79940192    0    0  7808 708384 198734 1584397 80 19  0  0  0  0
378  0  62064 69685380 2414112 79940204    0    0  7056 641856 194293 1578273 80 20  0  0  0  0
108  9  62064 69686948 2414112 79940220    0    0  7104 784764 203864 1581517 79 20  1  0  0  0
362  0  62064 69673868 2414112 79940232    0    0  8720 672788 202120 1569825 79 20  1  0  0  0
356  0  62064 69671936 2414112 79940244    0    0  8432 685300 197641 1557725 80 20  0  0  0  0
329  2  62064 69665880 2414112 79940260    0    0  8288 592276 192028 1574565 80 20  0  0  0  0
258  1  62064 69661900 2414112 79940280    0    0  8480 771544 205735 1576183 80 20  1  0  0  0
309  0  62064 69675184 2414112 79940292    0    0  8464 731932 202302 1567436 79 20  1  0  0  0
252  0  62064 69663900 2414112 79940304    0    0  8400 636156 201807 1569539 80 20  1  0  0  0
procs -----------memory---------- ---swap-- -----io---- -system-- -------cpu-------
 r  b   swpd   free   buff  cache   si   so    bi    bo   in   cs us sy id wa st gu
349  0  62064 69672272 2414112 79940320    0    0  8000 787484 205473 1568131 79 20  1  0  0  0
341  0  62064 69672540 2414112 79940340    0    0  6256 677224 199873 1570463 80 20  0  0  0  0
357  0  62064 69670780 2414112 79940356    0    0  8688 684216 204866 1569177 79 20  1  0  0  0
349  0  62064 69661108 2414112 79940376    0    0  7712 720724 203865 1576905 79 20  1  0  0  0
379  0  62064 69670440 2414112 79940388    0    0  7856 691100 204399 1580985 79 20  1  0  0  0
312  0  62064 69668668 2414112 79940400    0    0  7568 654072 203677 1571453 79 20  1  0  0  0
363  1  62064 69666688 2414112 79940416    0    0  6736 660740 196828 1577304 80 20  0  0  0  0
250  0  62064 69659104 2414112 79940436    0    0  7968 732680 199851 1575787 80 20  0  0  0  0
335  2  62064 69658612 2414112 79940444    0    0  8256 699660 198364 1593852 80 19  1  0  0  0
353  0  62064 69672800 2414112 79940456    0    0  7632 699100 198950 1571248 80 19  1  0  0  0
341  1  62064 69668956 2414112 79940468    0    0  6896 597468 198589 1564103 79 20  1  0  0  0
341  2  62064 69665436 2414112 79940488    0    0  7584 768924 204337 1578172 80 20  1  0  0  0
285  1  62064 69674640 2414112 79940504    0    0  9296 683368 221651 1588581 76 20  4  0  0  0
361  1  62064 69667772 2414112 79940512    0    0  7760 621136 200681 1576521 80 20  1  0  0  0
281  0  62064 69676396 2414112 79940528    0    0  7888 769288 204818 1578655 79 20  1  0  0  0
277  0  62064 69680692 2414112 79940548    0    0  7456 685172 197820 1572614 80 20  0  0  0  0
267  1  62064 69677088 2414112 79940564    0    0  8576 686664 197635 1574254 80 20  0  0  0  0
373  0  62064 69671592 2414112 79940576    0    0  9168 671972 200338 1563048 79 20  0  0  0  0
345  2  62064 69665752 2414112 79940592    0    0  7872 678940 199751 1562377 79 20  0  0  0  0
328  0  62064 69663064 2414112 79940604    0    0  7808 724352 201701 1588403 79 20  1  0  0  0
326  0  62064 69684076 2414112 79940620    0    0  8432 682616 211541 1576793 78 20  2  0  0  0
procs -----------memory---------- ---swap-- -----io---- -system-- -------cpu-------
 r  b   swpd   free   buff  cache   si   so    bi    bo   in   cs us sy id wa st gu
147  0  62064 69685360 2414112 79940644    0    0  8176 682976 202517 1567122 79 20  1  0  0  0
298  0  62064 69684608 2414112 79940656    0    0  5792 657444 195636 1568290 80 20  0  0  0  0
345  0  62064 69686428 2414112 79940668    0    0  7968 716680 201354 1571616 79 20  1  0  0  0
378  1  62064 69684068 2414112 79940680    0    0  8000 686636 196285 1583110 80 20  0  0  0  0
347  0  62064 69680868 2414112 79940692    0    0  8848 684488 201673 1583409 80 20  1  0  0  0
326  0  62064 69691792 2414112 79940712    0    0  7632 686320 200473 1571568 80 20  0  0  0  0
248  3  62064 69687580 2414112 79940728    0    0  8272 619408 190816 1564146 80 20  0  0  0  0
333  0  62064 69686668 2414112 79940740    0    0  8688 775356 214593 1571803 80 20  1  0  0  0
322  1  62064 69689648 2414112 79940752    0    0  8160 661632 199135 1555448 79 20  1  0  0  0
348  0  62064 69695568 2414112 79940764    0    0  6320 709336 201440 1568499 80 20  1  0  0  0
352  0  62064 69699468 2414112 79940844    0    0  7728 685636 200801 1573176 80 20  1  0  0  0
358  0  62064 69694992 2414112 79940860    0    0  8928 664724 201236 1575742 80 20  1  0  0  0
363  0  62064 69689784 2414112 79940876    0    0  7984 705892 200504 1568519 79 20  1  0  0  0
366  0  62064 69691832 2414112 79940888    0    0  7280 684112 198491 1572143 80 20  1  0  0  0
274  0  62064 69688064 2414112 79940904    0    0  8656 673348 197360 1567381 80 20  0  0  0  0
323  0  62064 69682452 2414112 79940920    0    0  8528 712288 200945 1570015 79 20  1  0  0  0
334  0  62064 69684032 2414112 79940936    0    0  9808 688052 198890 1564817 80 20  1  0  0  0
358  0  62064 69680652 2414112 79940948    0    0  7440 684316 201553 1567157 79 20  1  0  0  0
335  0  62064 69675188 2414112 79940964    0    0  7984 682492 201177 1571246 80 20  1  0  0  0
224  0  62064 69677540 2414112 79940984    0    0  7376 687264 198499 1573886 80 20  0  0  0  0
364  0  62064 69684408 2414112 79941000    0    0  8800 681688 201168 1566012 79 20  1  0  0  0
procs -----------memory---------- ---swap-- -----io---- -system-- -------cpu-------
 r  b   swpd   free   buff  cache   si   so    bi    bo   in   cs us sy id wa st gu
248  0  62064 69685348 2414112 79941020    0    0  7152 681864 197049 1582331 80 20  0  0  0  0
359  0  62064 69683796 2414112 79941028    0    0  9376 687908 207924 1585605 80 19  1  0  0  0
341  3  62064 69687788 2414112 79941044    0    0  7952 697080 198150 1575198 80 19  0  0  0  0
241  0  62064 69688832 2414112 79941056    0    0  8064 687428 198216 1573261 80 20  0  0  0  0
323  0  62064 69683564 2414112 79941072    0    0  7136 684112 199085 1567651 79 20  1  0  0  0
354  0  62064 69682676 2414116 79941080    0    0  8900 676980 206350 1581768 79 20  1  0  0  0
204  1  62064 69682264 2414116 79941096    0    0  8256 661332 197718 1559349 79 20  1  0  0  0
364  0  62064 69676072 2414116 79941112    0    0  8944 709244 194893 1580761 80 19  0  0  0  0
342  1  62064 69678356 2414116 79941128    0    0  7808 678876 196528 1581772 80 20  0  0  0  0
366  0  62064 69676096 2414116 79941140    0    0  8336 691896 204200 1580324 79 20  1  0  0  0
338  2  62064 69686296 2414116 79941156    0    0  7552 691184 198296 1575061 80 20  0  0  0  0
375  0  62064 69680856 2414116 79941172    0    0  7280 696300 197396 1576871 80 19  0  0  0  0
345  0  62064 69678568 2414116 79941188    0    0  8672 682204 199497 1576337 80 20  1  0  0  0
342  0  62064 69679672 2414116 79941200    0    0  6640 686788 206975 1570544 78 20  2  0  0  0
340  0  62064 69674464 2414116 79941212    0    0  8464 684032 204938 1570544 79 20  1  0  0  0
333  0  62064 69678196 2414116 79941228    0    0  8256 686056 200291 1569657 79 20  1  0  0  0
367  0  62064 69673060 2414116 79941244    0    0  8032 682196 199642 1564471 80 20  1  0  0  0
304  1  62064 69671836 2414116 79941260    0    0  8336 685984 197015 1582359 80 20  0  0  0  0
365  0  62064 69682824 2414116 79941272    0    0  9360 686920 202047 1579797 79 20  1  0  0  0
344  0  62064 69682860 2414116 79941280    0    0  8912 703008 202464 1585080 80 19  1  0  0  0
356  0  62064 69688192 2414116 79941292    0    0  7232 683352 205281 1574005 79 20  1  0  0  0
procs -----------memory---------- ---swap-- -----io---- -system-- -------cpu-------
 r  b   swpd   free   buff  cache   si   so    bi    bo   in   cs us sy id wa st gu
354  0  62064 69682432 2414116 79941308    0    0  7696 686764 205118 1568564 79 20  1  0  0  0
345  0  62064 69672184 2414116 79941336    0    0  7600 684840 202737 1580206 80 20  1  0  0  0
368  0  62064 69671516 2414116 79941352    0    0  9520 684920 201049 1555360 80 20  1  0  0  0
344  0  62064 69680800 2414116 79941364    0    0  8400 683584 206682 1570554 79 20  1  0  0  0
342  0  62064 69674424 2414116 79941380    0    0  8176 686788 197878 1564363 80 20  0  0  0  0
323  0  62064 69675240 2414116 79941396    0    0  7424 685232 199086 1578931 80 20  0  0  0  0
208  3  62064 69677696 2414116 79941412    0    0  8656 699668 203876 1575389 80 20  0  0  0  0
287  0  62064 69681124 2414116 79941428    0    0  8048 689048 200848 1574639 80 20  0  0  0  0
350  0  62064 69700128 2414116 79941440    0    0  7792 686624 206489 1583500 79 20  1  0  0  0
350  0  62064 69702880 2414116 79941460    0    0  8528 683216 224268 1556174 78 20  2  0  0  0
339  0  62064 69694456 2414116 79941480    0    0  8272 683236 202870 1578307 79 20  1  0  0  0
350  0  62064 69694408 2414116 79941492    0    0  8032 684340 197579 1583009 80 20  0  0  0  0
214  1  62064 69685284 2414116 79941504    0    0  7088 688988 201153 1575410 80 20  1  0  0  0
301  0  62064 69685140 2414116 79941516    0    0  8320 682920 202626 1571513 79 20  1  0  0  0
347  0  62064 69684496 2414116 79941532    0    0  8944 682844 208368 1610333 80 19  1  0  0  0
375  0  62064 69686092 2414116 79941544    0    0  8096 702860 213272 1589649 80 19  0  0  0  0
372  0  62064 69687612 2414116 79941564    0    0  7216 688436 207706 1573845 79 20  2  0  0  0
340  0  62064 69685584 2414116 79941580    0    0  8224 686868 203987 1577938 79 20  1  0  0  0
334  0  62064 69685076 2414116 79941592    0    0  8880 688268 203997 1577397 79 20  1  0  0  0
345  0  62064 69686420 2414116 79941600    0    0  9056 687748 203378 1566170 79 20  1  0  0  0
352  0  62064 69698308 2414116 79941624    0    0  8544 690188 196339 1570476 80 20  0  0  0  0
procs -----------memory---------- ---swap-- -----io---- -system-- -------cpu-------
 r  b   swpd   free   buff  cache   si   so    bi    bo   in   cs us sy id wa st gu
336  2  62064 69703652 2414116 79941636    0    0  7424 689708 197634 1567128 80 20  0  0  0  0
348  0  62064 69700488 2414116 79941648    0    0  7792 687268 200921 1575278 79 20  1  0  0  0
308  1  62064 69695676 2414116 79941660    0    0  8352 685504 200109 1558906 79 20  1  0  0  0
337  0  62064 69705380 2414116 79941680    0    0  6272 705836 198036 1574205 80 20  0  0  0  0
364  0  62064 69701412 2414116 79941696    0    0  8256 689216 201619 1571690 79 20  1  0  0  0
250  2  62064 69709908 2414116 79941716    0    0  8304 686840 206205 1564892 78 20  2  0  0  0
202  0  62064 69702320 2414116 79941736    0    0  8384 692892 193063 1560309 80 19  0  0  0  0
298  0  62064 69697744 2414116 79941816    0    0  6816 690584 199854 1578104 80 20  0  0  0  0
144  0  62064 69699632 2414116 79941832    0    0  8448 689168 198550 1570163 80 20  0  0  0  0
368  0  62064 69704020 2414116 79941844    0    0  8080 691012 195499 1575354 80 20  0  0  0  0
348  0  62064 69707600 2414116 79941864    0    0 10208 685944 210639 1575569 79 20  1  0  0  0
308  0  62064 69702340 2414116 79941876    0    0  7024 704920 202902 1598265 80 19  1  0  0  0
332  0  62064 69707256 2414116 79941892    0    0  7840 691776 201095 1576686 80 20  0  0  0  0
359  1  62064 69709268 2414116 79941904    0    0  8368 688692 200035 1557330 79 20  1  0  0  0
370  0  62064 69704160 2414116 79941924    0    0  7424 688904 207198 1581684 79 20  1  0  0  0
292  0  62064 69699136 2414116 79941940    0    0  6752 687820 202686 1560931 79 20  1  0  0  0
328  0  62064 69695436 2414116 79941952    0    0  8576 687556 205093 1569137 79 20  1  0  0  0
324  0  62064 69700952 2414116 79941968    0    0  8112 690824 197539 1569040 80 20  0  0  0  0
301  0  62064 69699428 2414116 79941984    0    0  8368 685792 201506 1582452 80 20  0  0  0  0
359  0  62064 69703728 2414116 79942004    0    0  8960 686948 201588 1577858 80 20  1  0  0  0
321  0  62064 69698724 2414116 79942020    0    0  8816 701816 199817 1559741 79 20  1  0  0  0
procs -----------memory---------- ---swap-- -----io---- -system-- -------cpu-------
 r  b   swpd   free   buff  cache   si   so    bi    bo   in   cs us sy id wa st gu
347  0  62064 69692320 2414116 79942032    0    0  8800 683904 202721 1580813 79 20  1  0  0  0
345  0  62064 69699852 2414116 79942052    0    0  8608 684308 209016 1579539 78 20  1  0  0  0
296  0  62064 69698044 2414116 79942072    0    0  7136 687144 199822 1576500 79 20  1  0  0  0
373  0  62064 69688556 2414116 79942084    0    0  8112 686404 200624 1572518 80 20  1  0  0  0
375  0  62064 69694476 2414116 79942100    0    0  7936 684544 198274 1575401 79 20  0  0  0  0
274  0  62064 69693156 2414116 79942112    0    0  8848 684196 198465 1566293 80 20  0  0  0  0
354  0  62064 69698612 2414116 79942124    0    0  7168 684984 197910 1583901 80 20  0  0  0  0
342  0  62064 69695532 2414116 79942144    0    0  8096 701420 202598 1588862 80 19  1  0  0  0
338  0  62064 69691564 2414116 79942152    0    0  9520 683604 201853 1571871 80 20  1  0  0  0
210  0  62064 69694984 2414116 79942168    0    0  8528 683680 200521 1565372 80 20  1  0  0  0
216  1  62064 69692544 2414116 79942184    0    0  7536 682892 202460 1575987 79 20  1  0  0  0
353  0  62064 69696360 2414116 79942196    0    0  8112 686932 201745 1575608 79 20  1  0  0  0
333  0  62064 69685060 2414116 79942216    0    0  8512 685676 199972 1577188 79 20  1  0  0  0
267  0  62064 69694552 2414116 79942228    0    0  7840 686852 198247 1569244 80 20  0  0  0  0
339  0  62064 69697088 2414116 79942248    0    0  8144 686512 204155 1582843 79 20  1  0  0  0
234  1  62064 69690228 2414116 79942260    0    0  7424 703404 196749 1577798 80 20  1  0  0  0
372  0  62064 69698024 2414116 79942280    0    0  8304 684744 204017 1566152 79 20  1  0  0  0
336  0  62064 69698828 2414116 79942292    0    0  7456 684420 197142 1557045 80 20  0  0  0  0
257  1  62064 69705936 2414116 79942304    0    0  7200 686240 196721 1575512 80 20  0  0  0  0
362  1  62064 69704848 2414116 79942316    0    0  7648 684068 202515 1574546 79 20  1  0  0  0
347  0  62064 69694856 2414116 79942336    0    0  7952 688428 203386 1567859 79 20  1  0  0  0
procs -----------memory---------- ---swap-- -----io---- -system-- -------cpu-------
 r  b   swpd   free   buff  cache   si   so    bi    bo   in   cs us sy id wa st gu
301  0  62064 69693628 2414116 79942352    0    0  8352 685300 201249 1564982 80 20  1  0  0  0
252  1  62064 69696960 2414116 79942368    0    0  8096 683644 202616 1576330 79 20  1  0  0  0
235  0  62064 69694828 2414116 79942384    0    0 10016 684540 201576 1566694 79 20  1  0  0  0
319  0  62064 69693572 2414116 79942396    0    0  9952 703036 208973 1594497 80 20  1  0  0  0
301  0  62064 69702124 2414116 79942408    0    0  9168 680808 212227 1575844 79 19  1  0  0  0
312  0  62064 69706028 2414116 79942424    0    0  7648 686972 203726 1562863 79 20  1  0  0  0
164  0  62064 69711508 2414116 79942436    0    0  8800 684128 208686 1561408 78 20  2  0  0  0
163  0  62064 69702584 2414116 79942460    0    0  8768 684148 202126 1573827 79 20  1  0  0  0
213  0  62064 69706156 2414116 79942468    0    0  8224 683620 200219 1571777 80 20  1  0  0  0
350  0  62064 69705048 2414116 79942488    0    0  7200 684748 199949 1567706 79 20  1  0  0  0
325  0  62064 69701096 2414116 79942508    0    0  7984 682720 199153 1572865 79 20  1  0  0  0
344  0  62064 69710760 2414116 79942520    0    0  9664 682348 207597 1570825 79 20  1  0  0  0
249  0  62064 69712984 2414116 79942532    0    0  8304 702620 200626 1560442 79 20  1  0  0  0
234  0  62064 69709040 2414116 79942548    0    0  8464 682152 202179 1577118 79 20  1  0  0  0
343  0  62064 69708668 2414116 79942564    0    0  8480 684472 202305 1577845 79 20  1  0  0  0
342  0  62064 69695676 2414116 79942580    0    0  9632 683992 202294 1574816 80 20  1  0  0  0
262  0  62064 69693804 2414116 79942592    0    0  6480 690356 199805 1552725 79 20  1  0  0  0
168  0  62064 69695168 2414116 79942608    0    0  8240 684660 201320 1565575 79 20  1  0  0  0
362  0  62064 69688716 2414116 79942620    0    0  8032 682332 201001 1563993 79 20  1  0  0  0
194  0  62064 69684888 2414116 79942640    0    0  7760 681896 203748 1576694 79 20  1  0  0  0
337  0  62064 69689420 2414116 79942656    0    0  8480 701140 208111 1596556 80 20  1  0  0  0
procs -----------memory---------- ---swap-- -----io---- -system-- -------cpu-------
 r  b   swpd   free   buff  cache   si   so    bi    bo   in   cs us sy id wa st gu
191  0  62064 69689152 2414116 79942664    0    0  8560 682432 208364 1572013 80 19  1  0  0  0
297  0  62064 69682036 2414116 79942676    0    0  8816 688112 198424 1574334 80 20  1  0  0  0
233  0  62064 69687376 2414116 79942692    0    0  7344 687920 199706 1568510 80 20  1  0  0  0
301  0  62064 69689612 2414120 79942716    0    0  7104 686840 200248 1576018 80 20  1  0  0  0
294  0  62064 69689872 2414120 79942792    0    0  8304 684676 199280 1561423 79 20  0  0  0  0
374  0  62064 69689784 2414120 79942812    0    0  8656 683296 201602 1569777 79 20  1  0  0  0
389  0  62064 69700264 2414120 79942824    0    0  8672 683944 200339 1566967 79 20  1  0  0  0
277  0  62064 69698580 2414120 79942836    0    0  7712 683912 202352 1584716 80 20  0  0  0  0
350  0  62064 69692828 2414124 79942856    0    0  7232 702016 199604 1571151 80 20  0  0  0  0
346  0  62064 69696484 2414124 79942868    0    0  8768 683792 204858 1582832 79 20  1  0  0  0
235  0  62064 69699576 2414124 79942884    0    0  8304 685300 197835 1563822 80 20  0  0  0  0
270  0  62064 69697916 2414124 79942900    0    0  7760 683236 207425 1571402 78 20  2  0  0  0
348  0  62064 69688484 2414124 79942912    0    0  7456 686508 202134 1571016 80 20  1  0  0  0
218  0  62064 69677592 2414124 79942932    0    0  8560 684512 198475 1568742 80 20  0  0  0  0
353  0  62064 69674876 2414124 79942948    0    0  7696 686744 203362 1576421 79 20  1  0  0  0
345  0  62064 69675988 2414124 79942960    0    0  8528 687584 197399 1577101 80 20  0  0  0  0
337  1  62064 69675172 2414124 79942980    0    0  7808 695600 199039 1588952 80 19  0  0  0  0
354  0  62064 69671612 2414124 79942988    0    0  7840 698928 200873 1588217 80 19  1  0  0  0
324  1  62064 69678952 2414124 79943000    0    0  7648 686904 203472 1571387 79 20  1  0  0  0
336  0  62064 69689088 2414124 79943024    0    0  8208 684192 202653 1578747 79 20  1  0  0  0
310  0  62064 69691660 2414124 79943036    0    0  8000 685880 202320 1576813 79 20  1  0  0  0
procs -----------memory---------- ---swap-- -----io---- -system-- -------cpu-------
 r  b   swpd   free   buff  cache   si   so    bi    bo   in   cs us sy id wa st gu
363  0  62064 69693228 2414124 79943044    0    0  8288 683364 202640 1563106 80 20  1  0  0  0
367  0  62064 69689164 2414124 79943064    0    0  9072 685488 201609 1567717 80 20  1  0  0  0
309  0  62064 69681876 2414124 79943076    0    0  8736 686244 199845 1569334 80 20  1  0  0  0
304  0  62064 69687940 2414124 79943092    0    0  6240 690636 198188 1577560 80 20  0  0  0  0
256  0  62064 69694792 2414124 79943104    0    0  8560 699684 204508 1587764 79 20  1  0  0  0
330  0  62064 69690720 2414124 79943120    0    0  7600 685708 196685 1572676 80 20  0  0  0  0
314  0  62064 69684640 2414124 79943136    0    0  8320 684696 199029 1577759 80 20  0  0  0  0
289  0  62064 69678788 2414124 79943152    0    0  7632 687560 212816 1575473 79 20  1  0  0  0
364  1  62064 69673436 2414124 79943168    0    0  8240 686632 201512 1575887 79 20  0  0  0  0
363  0  62064 69668688 2414124 79943184    0    0  9616 687568 199999 1578817 80 20  0  0  0  0
268  0  62064 69670368 2414124 79943196    0    0  8144 686560 197769 1570267 80 20  1  0  0  0
213  0  62064 69672064 2414124 79943212    0    0  6336 690492 197565 1573248 80 20  0  0  0  0
227  0  62064 69673832 2414124 79943224    0    0  8112 702616 202251 1573398 80 20  1  0  0  0
317  0  62064 69673424 2414124 79943244    0    0  8032 687856 204502 1582960 80 20  0  0  0  0
265  0  62064 69674284 2414124 79943252    0    0  8656 686880 204532 1578944 80 20  1  0  0  0
339  0  62064 69678944 2414124 79943268    0    0  6544 690508 201850 1577674 79 20  1  0  0  0
310  0  62064 69684392 2414124 79943288    0    0  8192 687900 198230 1586969 80 20  0  0  0  0
327  0  62064 69687644 2414124 79943296    0    0  7920 690472 209870 1582703 78 20  1  0  0  0
278  0  62064 69694460 2414124 79943308    0    0  9552 688952 199606 1566876 80 20  1  0  0  0
347  0  62064 69686500 2414124 79943324    0    0  6368 689848 203104 1582162 79 20  1  0  0  0
149  0  62064 69685284 2414124 79943336    0    0  8256 685732 202578 1571111 79 20  1  0  0  0
procs -----------memory---------- ---swap-- -----io---- -system-- -------cpu-------
 r  b   swpd   free   buff  cache   si   so    bi    bo   in   cs us sy id wa st gu
222  0  62064 69686408 2414124 79943360    0    0  7536 703524 200663 1567963 80 20  1  0  0  0
349  0  62064 69681712 2414128 79943368    0    0  8820 685764 204330 1582907 79 20  1  0  0  0
352  0  62064 69688916 2414128 79943388    0    0  6720 686464 204350 1561715 79 20  1  0  0  0
341  0  62064 69682964 2414128 79943404    0    0  8704 688580 199386 1574119 80 20  0  0  0  0
284  0  62064 69684644 2414128 79943420    0    0  8656 687104 202213 1562569 79 20  1  0  0  0
359  0  62064 69689388 2414128 79943436    0    0  8544 688760 198194 1574166 80 20  1  0  0  0
327  0  62064 69688036 2414128 79943448    0    0  7552 688492 199202 1567125 80 20  1  0  0  0
194  1  62064 69677984 2414128 79943460    0    0  8384 686840 200555 1567271 79 20  1  0  0  0
124  1  62064 69672200 2414128 79943480    0    0  8416 703404 203111 1570638 79 20  1  0  0  0
290  0  62064 69672652 2414128 79943500    0    0  8096 685156 199639 1572094 80 19  0  0  0  0
258  0  62064 69681132 2414128 79943508    0    0  7216 683920 198677 1554708 79 20  1  0  0  0
347  0  62064 69678960 2414128 79943520    0    0  8560 683680 201999 1580147 80 20  1  0  0  0
318  0  62064 69681408 2414128 79943536    0    0  8992 685752 200349 1572822 80 20  1  0  0  0
326  0  62064 69674916 2414128 79943552    0    0  8192 685604 201761 1573898 79 20  1  0  0  0
337  0  62064 69675992 2414128 79943572    0    0  6976 688384 199458 1577122 79 20  0  0  0  0
337  0  62064 69670448 2414128 79943584    0    0  8784 682964 202062 1561217 79 20  1  0  0  0
190  0  62064 69667668 2414128 79943600    0    0  7760 687432 201873 1567655 79 20  1  0  0  0
353  1  62064 69668896 2414128 79943616    0    0  8816 698232 203034 1581929 79 20  1  0  0  0
297  0  62064 69663100 2414128 79943640    0    0  7296 689840 195947 1573350 80 20  0  0  0  0
320  0  62064 69667452 2414128 79943648    0    0  8224 682468 198209 1580461 80 20  0  0  0  0
309  0  62064 69661608 2414128 79943660    0    0  7920 686024 202234 1572938 79 20  1  0  0  0
procs -----------memory---------- ---swap-- -----io---- -system-- -------cpu-------
 r  b   swpd   free   buff  cache   si   so    bi    bo   in   cs us sy id wa st gu
361  0  62064 69661084 2414128 79943676    0    0  7680 687344 203415 1577390 79 20  1  0  0  0
290  0  62064 69658356 2414128 79943784    0    0  7984 685612 205914 1581885 79 20  1  0  0  0
354  1  62064 69657692 2414128 79943808    0    0  7920 685828 216916 1571280 80 20  1  0  0  0
301  0  62064 69655624 2414128 79943820    0    0  8144 687240 200862 1581124 79 20  1  0  0  0
177  0  62064 69653324 2414128 79943836    0    0  8288 702388 202387 1574169 80 20  1  0  0  0
348  0  62064 69646968 2414128 79943848    0    0  8384 685084 200502 1584930 80 20  1  0  0  0
369  0  62064 69655256 2414128 79943856    0    0  7344 685708 203588 1568357 80 20  1  0  0  0
306  0  62064 69657144 2414128 79943868    0    0  8512 686460 201703 1575774 80 20  0  0  0  0
307  0  62064 69658192 2414128 79943888    0    0  8784 686904 199527 1567591 79 20  1  0  0  0
334  0  62064 69653432 2414128 79943904    0    0  7552 685756 197687 1571737 80 20  1  0  0  0
256  0  62064 69654964 2414128 79943924    0    0  7920 684976 198932 1577081 80 20  0  0  0  0
343  0  62064 69649912 2414128 79943928    0    0  8640 687068 197223 1577076 80 20  0  0  0  0
332  1  62064 69644776 2414128 79943948    0    0  9392 689924 203834 1574341 79 20  1  0  0  0
328  0  62064 69652088 2414128 79943972    0    0  7776 699396 208181 1568395 79 20  1  0  0  0
312  0  62064 69637424 2414128 79943980    0    0  7696 684732 203665 1582766 80 20  0  0  0  0
366  0  62064 69640696 2414128 79943992    0    0  7920 685908 200471 1570808 80 20  0  0  0  0
257  0  62064 69636884 2414128 79944016    0    0  8144 683828 203121 1581041 80 20  1  0  0  0
319  0  62064 69636292 2414128 79944024    0    0  8768 687284 204106 1562516 79 20  0  0  0  0
319  0  62064 69624396 2414128 79944040    0    0  8576 687644 202713 1561298 79 20  0  0  0  0
317  0  62064 69631908 2414128 79944060    0    0  7616 687252 204043 1570013 79 20  0  0  0  0
242  2  62064 69628180 2414128 79944072    0    0  9152 684524 205789 1550072 79 20  1  0  0  0
procs -----------memory---------- ---swap-- -----io---- -system-- -------cpu-------
 r  b   swpd   free   buff  cache   si   so    bi    bo   in   cs us sy id wa st gu
291  0  62064 69631052 2414128 79944096    0    0  7344 702468 206156 1568417 79 20  1  0  0  0
303  0  62064 69624632 2414128 79944104    0    0  7600 682528 207628 1590906 80 20  1  0  0  0
189  0  62064 69630776 2414132 79944112    0    0  8820 684096 203331 1571742 80 20  1  0  0  0
270  0  62064 69630812 2414132 79944132    0    0  9072 681872 202752 1573068 80 20  0  0  0  0
317  0  62064 69630892 2414132 79944144    0    0  6928 686120 207100 1572526 79 20  1  0  0  0
255  0  62064 69632048 2414132 79944156    0    0  8208 683528 215126 1585897 79 20  1  0  0  0
358  0  62064 69614952 2414132 79944172    0    0  7904 685676 199906 1571853 80 20  0  0  0  0
316  0  62064 69613432 2414132 79944196    0    0  9648 681996 206641 1568985 79 20  1  0  0  0
324  0  62064 69605588 2414132 79944200    0    0  8352 686160 201016 1577330 80 20  0  0  0  0
385  0  62064 69614116 2414136 79944212    0    0  8132 701080 203104 1578196 79 20  1  0  0  0
317  0  62064 69611244 2414136 79944244    0    0  7456 686432 200388 1572945 80 20  0  0  0  0
244  0  62064 69617384 2414136 79944252    0    0  8000 686976 197015 1573307 80 20  0  0  0  0
372  0  62064 69614424 2414136 79944264    0    0  7984 685816 199607 1581150 80 20  0  0  0  0
266  0  62064 69610244 2414136 79944276    0    0  8544 682388 203244 1575049 79 20  1  0  0  0
230  0  62064 69616540 2414136 79944300    0    0  8256 685416 203230 1569961 79 20  1  0  0  0
355  0  62064 69631976 2414136 79944304    0    0  7856 684212 205623 1575216 79 20  0  0  0  0
234  0  62064 69631200 2414136 79944320    0    0  8128 685204 202371 1559122 79 20  1  0  0  0
361  0  62064 69630580 2414136 79944344    0    0  8720 698876 209939 1578654 79 20  1  0  0  0
332  0  62064 69630236 2414136 79944356    0    0  8496 687348 202332 1588826 80 19  0  0  0  0
345  0  62064 69636388 2414136 79944368    0    0 10240 682768 221801 1568741 79 20  1  0  0  0
322  0  62064 69639468 2414136 79944396    0    0  6944 689648 203930 1584678 80 20  0  0  0  0
procs -----------memory---------- ---swap-- -----io---- -system-- -------cpu-------
 r  b   swpd   free   buff  cache   si   so    bi    bo   in   cs us sy id wa st gu
340  0  62064 69634640 2414136 79944400    0    0  8384 685936 201923 1564223 80 20  0  0  0  0
308  0  62064 69641136 2414136 79944428    0    0  8112 686972 208012 1561484 79 21  1  0  0  0
351  0  62064 69645812 2414136 79944444    0    0  8048 687520 201589 1583475 79 20  0  0  0  0
338  0  62064 69654816 2414136 79944456    0    0  7632 689152 204383 1576900 79 20  1  0  0  0
335  0  62064 69658080 2414136 79944472    0    0  8432 684080 200456 1579814 80 20  0  0  0  0
323  0  62064 69665664 2414136 79944484    0    0  8960 706840 201838 1568109 79 20  1  0  0  0
201  0  62064 69673688 2414136 79944496    0    0  8320 685276 203196 1576072 79 20  1  0  0  0
326  1  62064 69665040 2414136 79944524    0    0  8224 688528 200549 1581833 80 20  0  0  0  0
122  0  62064 69665504 2414136 79944544    0    0  8960 683380 205912 1574381 79 20  1  0  0  0
298  0  62064 69663472 2414136 79944552    0    0  7712 689368 217120 1575213 79 20  1  0  0  0
364  0  62064 69659204 2414136 79944568    0    0  8160 688964 197548 1570700 80 20  0  0  0  0
333  0  62064 69651908 2414136 79944588    0    0  7728 689276 203963 1557857 79 20  1  0  0  0
359  1  62064 69649816 2414136 79944604    0    0  8896 685992 214385 1562141 79 20  1  0  0  0
378  0  62064 69648768 2414140 79944612    0    0  8864 685508 211086 1574800 79 20  1  0  0  0
272  1  62064 69649392 2414140 79944632    0    0  7936 703036 207566 1580752 80 20  1  0  0  0
364  0  62064 69653652 2414140 79944640    0    0  7136 685980 210052 1588785 80 20  1  0  0  0
324  0  62064 69652944 2414140 79944652    0    0  8352 699692 202688 1564782 79 20  0  0  0  0
306  1  62064 69652660 2414140 79944676    0    0  7408 695300 202389 1566256 79 20  0  0  0  0
329  1  62064 69655072 2414140 79944752    0    0  8880 671664 207449 1567774 79 20  1  0  0  0
217  0  62064 69649480 2414140 79944768    0    0  6736 703744 209727 1569790 80 20  0  0  0  0
353  0  62064 69654616 2414140 79944780    0    0  8928 683944 203023 1574151 79 20  0  0  0  0
procs -----------memory---------- ---swap-- -----io---- -system-- -------cpu-------
 r  b   swpd   free   buff  cache   si   so    bi    bo   in   cs us sy id wa st gu
336  3  62064 69648528 2414140 79944796    0    0  9184 700076 206571 1586575 79 20  0  0  0  0
355  1  62064 69648624 2414140 79944812    0    0  8624 693892 200161 1573731 80 20  1  0  0  0
327  0  62064 69657028 2414140 79944820    0    0  7936 691288 204424 1589395 80 20  1  0  0  0
341  0  62064 69654260 2414140 79944832    0    0  9232 668160 205887 1574046 79 20  1  0  0  0
219  1  62064 69659368 2414140 79944848    0    0  8816 695552 205706 1577036 79 20  1  0  0  0
340  2  62064 69654832 2414140 79944876    0    0  9152 699372 201559 1583656 80 20  0  0  0  0
169  0  62064 69658540 2414140 79944888    0    0  6672 680208 208832 1564773 79 20  1  0  0  0
251  0  62064 69661444 2414140 79944904    0    0  9312 681264 207724 1575165 79 20  1  0  0  0
325  0  62064 69668204 2414140 79944908    0    0  9360 706648 197282 1570737 80 20  0  0  0  0
358  0  62064 69667480 2414140 79944932    0    0  9168 693760 204164 1572166 79 20  1  0  0  0
348  0  62064 69670436 2414144 79944940    0    0  7860 673540 205632 1572401 79 20  1  0  0  0
310  0  62064 69668924 2414144 79944956    0    0  9744 692824 204393 1585149 80 20  1  0  0  0
310  4  62064 69656256 2414144 79944976    0    0  8016 693800 199880 1578764 80 20  0  0  0  0
254  0  62064 69667328 2414144 79944988    0    0  7584 700660 213968 1565710 79 20  1  0  0  0
273  1  62064 69664292 2414144 79945004    0    0  7776 700116 205361 1576698 79 20  1  0  0  0
347  0  62064 69654732 2414144 79945024    0    0  8960 659008 206225 1559681 79 20  1  0  0  0
305  0  62064 69657680 2414144 79945032    0    0  9680 695188 201502 1584126 80 20  0  0  0  0
367  0  62064 69654628 2414144 79945048    0    0  7168 675092 204931 1584735 79 20  1  0  0  0
287  0  62064 69657888 2414148 79945064    0    0  8836 718336 200764 1571402 79 20  1  0  0  0
366  1  62064 69652384 2414148 79945076    0    0  9696 681084 201365 1573313 79 20  1  0  0  0
321  0  62064 69651376 2414148 79945096    0    0  8576 682780 200727 1569416 80 20  0  0  0  0
procs -----------memory---------- ---swap-- -----io---- -system-- -------cpu-------
 r  b   swpd   free   buff  cache   si   so    bi    bo   in   cs us sy id wa st gu
215  2  62064 69651092 2414148 79945112    0    0  7392 712876 198559 1569744 80 20  0  0  0  0
376  0  62064 69652012 2414148 79945120    0    0  8816 680096 200967 1569672 80 20  1  0  0  0
355  0  62064 69660920 2414148 79945136    0    0  8128 683904 195638 1579664 79 20  0  0  0  0
249  0  62064 69657156 2414148 79945148    0    0  8800 709600 202919 1566111 79 20  1  0  0  0
330  0  62064 69661272 2414148 79945168    0    0  7712 679160 200169 1564490 80 20  0  0  0  0
344  0  62064 69654656 2414148 79945192    0    0  7984 704032 203915 1584367 80 20  1  0  0  0
304  0  62064 69648352 2414148 79945208    0    0  7888 687376 201912 1575668 80 20  0  0  0  0
332  0  62064 69643364 2414148 79945216    0    0  8160 691380 202203 1578155 80 20  1  0  0  0
369  0  62064 69642088 2414148 79945236    0    0  8448 691924 201531 1583773 80 20  1  0  0  0
265  1  62064 69643436 2414148 79945252    0    0  7648 698348 201768 1577735 79 20  1  0  0  0
351  0  62064 69649536 2414148 79945268    0    0  7888 674096 204767 1573947 79 20  1  0  0  0
373  1  62064 69655160 2414148 79945280    0    0  7760 684068 202035 1580302 79 20  1  0  0  0
253  0  62064 69650820 2414148 79945292    0    0  7136 670244 211990 1574021 80 20  0  0  0  0
328  0  62064 69647964 2414148 79945308    0    0  8432 713456 205945 1583621 80 20  1  0  0  0
307  2  62064 69643040 2414148 79945320    0    0  8736 697632 201968 1574419 80 20  0  0  0  0
307  0  62064 69639864 2414148 79945336    0    0  8112 654696 201602 1574801 80 20  0  0  0  0
325  2  62064 69644452 2414148 79945356    0    0  7600 716872 202517 1562424 79 20  1  0  0  0
227  1  62064 69638336 2414148 79945372    0    0  7984 657568 199269 1582147 80 20  0  0  0  0
357  1  62064 69639048 2414152 79945388    0    0  8148 718524 202095 1579244 80 20  0  0  0  0
216  0  62064 69640412 2414152 79945400    0    0  7872 662056 200455 1554068 79 20  1  0  0  0
348  0  62064 69633876 2414152 79945420    0    0  8336 716340 206573 1577178 79 20  1  0  0  0
procs -----------memory---------- ---swap-- -----io---- -system-- -------cpu-------
 r  b   swpd   free   buff  cache   si   so    bi    bo   in   cs us sy id wa st gu
368  0  62064 69631700 2414152 79945436    0    0  6832 672716 202581 1578942 80 20  1  0  0  0
367  1  62064 69635440 2414152 79945448    0    0  9744 706836 204331 1566845 79 20  1  0  0  0
357  0  62064 69623696 2414152 79945468    0    0  8256 687016 199351 1573388 80 20  0  0  0  0
346  0  62064 69622680 2414152 79945476    0    0  7888 700032 204498 1581589 79 20  1  0  0  0
356  1  62064 69613336 2414152 79945488    0    0  8288 684408 201818 1583254 80 19  0  0  0  0
377  0  62064 69621580 2414152 79945504    0    0  8848 687820 200386 1587591 80 20  0  0  0  0
321  0  62064 69619508 2414152 79945520    0    0  8192 652236 201972 1581686 79 20  1  0  0  0
231  0  62064 69614556 2414152 79945544    0    0  7456 744592 200105 1570094 80 20  0  0  0  0
333  2  62064 69612816 2414152 79945556    0    0  7680 655412 199717 1564408 79 20  1  0  0  0
383  0  62064 69607000 2414152 79945564    0    0  8752 709364 200738 1580735 80 20  0  0  0  0
340  0  62064 69609012 2414152 79945580    0    0  9104 687848 201463 1579989 80 20  1  0  0  0
319  0  62064 69612032 2414152 79945596    0    0  7136 703852 198567 1571364 79 20  0  0  0  0
328  1  62064 69610052 2414152 79945612    0    0  9104 680032 197999 1569190 80 20  1  0  0  0
320  0  62064 69616416 2414152 79945628    0    0  7776 653944 200117 1577202 80 20  1  0  0  0
333  2  62064 69607440 2414152 79945640    0    0  8704 730868 200303 1576779 80 20  0  0  0  0
348  1  62064 69605208 2414152 79945724    0    0  7312 668704 197584 1569980 80 20  0  0  0  0
304  0  62064 69602400 2414152 79945740    0    0  8640 701792 201448 1576638 80 20  0  0  0  0
259  2  62064 69608864 2414152 79945752    0    0  8512 700552 199747 1581594 80 20  0  0  0  0
323  1  62064 69607664 2414152 79945764    0    0  8592 690828 202965 1578399 79 20  1  0  0  0
326  0  62064 69605460 2414152 79945784    0    0  7072 726496 198461 1573509 80 20  0  0  0  0
293  0  62064 69614928 2414152 79945800    0    0  9840 659960 201510 1581421 80 20  1  0  0  0
procs -----------memory---------- ---swap-- -----io---- -system-- -------cpu-------
 r  b   swpd   free   buff  cache   si   so    bi    bo   in   cs us sy id wa st gu
356  2  62064 69618052 2414152 79945812    0    0  9088 726756 204991 1563219 80 20  1  0  0  0
253  2  62064 69615764 2414152 79945824    0    0  7904 723588 199642 1564297 80 20  1  0  0  0
334  0  62064 69625108 2414152 79945836    0    0  8112 630748 200437 1568010 79 20  1  0  0  0
366  0  62064 69627136 2414152 79945852    0    0  8784 735168 204651 1575362 79 20  1  0  0  0
266  1  62064 69626580 2414152 79945864    0    0  8368 638884 200080 1553254 79 20  1  0  0  0
353  0  62064 69625484 2414152 79945884    0    0 10368 682868 206573 1560358 79 20  1  0  0  0
333  0  62064 69626980 2414152 79945900    0    0  6848 750280 199713 1579711 80 20  1  0  0  0
280  0  62064 69635384 2414152 79945916    0    0  9488 730972 205113 1567401 79 20  1  0  0  0
363  0  62064 69641688 2414152 79945928    0    0 10352 658556 206705 1573095 79 20  1  0  0  0
289  0  62064 69635012 2414152 79945948    0    0  8944 652296 200418 1566322 79 20  0  0  0  0
344  1  62064 69639312 2414152 79945968    0    0  8704 742492 203882 1571385 79 20  1  0  0  0
356  2  62064 69633388 2414152 79945980    0    0  9200 675000 198805 1576962 80 20  1  0  0  0
274  1  62064 69643800 2414152 79945992    0    0  8736 707764 205325 1583973 79 20  1  0  0  0
361  1  62064 69637296 2414152 79946004    0    0  8192 695388 203034 1567244 79 20  1  0  0  0
152  0  62064 69635692 2414152 79946028    0    0  9008 698604 199262 1566524 80 20  0  0  0  0
199  0  62064 69630744 2414152 79946040    0    0  7392 709532 204075 1578958 80 20  1  0  0  0
362  1  62064 69634100 2414152 79946052    0    0  8960 661356 203546 1587068 80 20  0  0  0  0
376  0  62064 69632444 2414152 79946064    0    0  8032 725552 200782 1587589 80 19  1  0  0  0
339  1  62064 69646404 2414152 79946076    0    0  7952 662324 196226 1577771 80 19  0  0  0  0
309  1  62064 69653632 2414152 79946100    0    0  7312 730376 200733 1577699 80 20  0  0  0  0
333  2  62064 69647636 2414152 79946120    0    0  9136 651676 201254 1586626 80 20  0  0  0  0
procs -----------memory---------- ---swap-- -----io---- -system-- -------cpu-------
 r  b   swpd   free   buff  cache   si   so    bi    bo   in   cs us sy id wa st gu
345  2  62064 69637416 2414152 79946132    0    0  6768 687312 198402 1561258 80 20  0  0  0  0
325  1  62064 69643760 2414152 79946144    0    0  9200 704628 203563 1587086 79 20  1  0  0  0
298  1  62064 69645356 2414152 79946164    0    0  8416 737588 203542 1571202 79 20  1  0  0  0
332  0  62064 69645380 2414152 79946180    0    0  8016 704348 199572 1571600 79 20  0  0  0  0
319  2  62064 69643188 2414152 79946196    0    0  8752 613732 198907 1562265 79 20  1  0  0  0
347  1  62064 69633224 2414152 79946208    0    0  7840 772596 202517 1574429 79 20  0  0  0  0
338  0  62064 69631332 2414152 79946224    0    0  8688 668620 199553 1569710 80 20  0  0  0  0
354  1  62064 69631288 2414152 79946236    0    0  8768 687852 200663 1573639 80 20  0  0  0  0
342  0  62064 69637648 2414152 79946252    0    0  7952 675320 202244 1572150 80 20  1  0  0  0
354  2  62064 69633440 2414152 79946272    0    0  8624 712420 203243 1548303 79 20  1  0  0  0
345  2  62064 69627200 2414152 79946288    0    0  8288 691116 201278 1576120 80 20  0  0  0  0
350  0  62064 69639428 2414152 79946300    0    0  8528 677160 200839 1578448 80 20  1  0  0  0
347  0  62064 69635516 2414152 79946312    0    0  8032 795564 208601 1580882 79 20  1  0  0  0
207  1  62064 69624072 2414152 79946328    0    0  8896 621504 197428 1564901 80 20  0  0  0  0
259  2  62064 69625184 2414152 79946344    0    0  8544 709072 203903 1592487 80 19  1  0  0  0
370  0  62064 69621496 2414152 79946356    0    0  8656 642300 197837 1574711 80 20  0  0  0  0
369  0  62064 69616760 2414152 79946372    0    0  8176 694388 204354 1573768 79 20  1  0  0  0
