procs -----------memory---------- ---swap-- -----io---- -system-- -------cpu-------
 r  b   swpd   free   buff  cache   si   so    bi    bo   in   cs us sy id wa st gu
 8  1  64296 118095060 2236460 58301976    0    2 41366 37247 9516    7  4  1 95  1  0  0
12 33  64296 118024300 2236464 58302036    0    0 547312 497256 230851 522538 10  5 72 13  0  0
24 25  64296 118051884 2236464 58302084    0    0 1165616 988188 332604 1085429 23  8 42 27  0  0
13 33  64296 118051532 2236464 58302100    0    0 1158224 1082860 353617 1085155 23  8 41 28  0  0
14 39  64296 118046084 2236464 58302120    0    0 1110288 1174492 360219 1067632 22  8 41 28  0  0
45 19  64296 118055388 2236464 58302120    0    0 1201392 1014088 344861 1112215 23  8 41 27  0  0
17 36  64296 118052724 2236464 58302148    0    0 1222432 989376 345565 1131550 24  8 41 27  0  0
27 22  64296 118023304 2236464 58302160    0    0 1235072 963716 350029 1141436 24  7 42 27  0  0
21 26  64296 118038532 2236464 58302160    0    0 1216976 988628 348287 1135334 24  9 41 27  0  0
17 32  64296 118043448 2236464 58302176    0    0 1083888 917872 306677 1029626 21  8 43 28  0  0
16 36  64296 118040544 2236468 58302196    0    0 1199488 980156 352436 1142613 24  9 41 26  0  0
23 28  64296 118037364 2236468 58302220    0    0 1187456 993188 343248 1120966 23  9 41 27  0  0
24 31  64296 118027348 2236468 58302240    0    0 1210256 983000 350735 1138069 24  9 41 27  0  0
18 32  64296 118031736 2236468 58302324    0    0 1190800 982360 341402 1119902 23  8 41 27  0  0
10 35  64296 118009332 2236468 58302332    0    0 1102352 875232 305058 1026284 21  6 43 30  0  0
10 37  64296 118017972 2236468 58302356    0    0 1133104 875248 312865 1062784 22  8 42 28  0  0
18 32  64296 118010496 2236468 58302424    0    0 1075872 806532 294148 1013784 21  8 42 29  0  0
14 34  64296 118006760 2236468 58302424    0    0 1151408 859088 321797 1076020 22  8 41 28  0  0
14 35  64296 117976032 2236468 58302444    0    0 1140256 849604 317339 1072165 22  8 42 28  0  0
20 31  64296 118011176 2236468 58302444    0    0 1120688 832016 305454 1082214 22  8 43 27  0  0
11 36  64296 118026728 2236468 58302496    0    0 1125104 848692 307987 1051561 21  7 42 29  0  0
procs -----------memory---------- ---swap-- -----io---- -system-- -------cpu-------
 r  b   swpd   free   buff  cache   si   so    bi    bo   in   cs us sy id wa st gu
22 28  64296 118000380 2236468 58302492    0    0 1110672 831040 298380 1043838 21  7 43 29  0  0
15 35  64296 118010436 2236468 58302508    0    0 1102208 814580 299263 1038731 22  8 42 29  0  0
13 36  64296 117990360 2236468 58302524    0    0 1144816 867664 318783 1084652 22  8 42 28  0  0
21 30  64296 117979924 2236468 58302548    0    0 1186880 871644 323395 1118317 23  8 41 27  0  0
10 39  64296 117987408 2236468 58302564    0    0 1195424 882728 331356 1125859 23  8 41 27  0  0
12 37  64296 117999204 2236472 58302584    0    0 1201264 878276 335169 1137698 23  8 41 27  0  0
22 27  64296 117995884 2236472 58302604    0    0 1214896 879240 326958 1136264 23  8 42 27  0  0
26 24  64296 117982564 2236472 58302616    0    0 1219808 885540 331466 1148349 23  7 42 28  0  0
12 37  64296 117991704 2236472 58302636    0    0 1193776 854596 321915 1151762 24  8 42 26  0  0
29 18  64296 117993500 2236472 58302684    0    0 1210496 883008 335390 1141565 24  8 41 27  0  0
17 33  64296 117995820 2236472 58302708    0    0 1213888 874596 329687 1144091 24  8 41 27  0  0
26 25  64296 117991000 2236472 58302716    0    0 1215264 878840 327488 1144982 23  8 41 27  0  0
19 30  64296 117991516 2236472 58302736    0    0 1188848 874792 326097 1124518 23  8 41 27  0  0
15 35  64296 117982772 2236472 58302756    0    0 1216576 874684 334761 1145953 23  8 41 27  0  0
21 29  64296 117973640 2236476 58302760    0    0 1214992 874488 333158 1142533 24  7 42 27  0  0
38 27  64296 117974952 2236476 58302780    0    0 1196528 887200 344096 1139670 23  9 41 27  0  0
16 34  64296 117962396 2236476 58302800    0    0 1183216 918668 330877 1125400 23  8 41 27  0  0
16 16  64296 117964904 2236476 58302816    0    0 1169088 917384 326391 1110469 23  8 42 27  0  0
21  9  64296 117971536 2236476 58302812    0    0 1157584 934060 330281 1127163 23  8 42 27  0  0
27 19  64296 117984736 2236476 58302828    0    0 1178336 950648 332289 1129857 23  8 41 27  0  0
20 27  64296 117967980 2236476 58302844    0    0 1174560 952856 335117 1127375 23  8 42 28  0  0
procs -----------memory---------- ---swap-- -----io---- -system-- -------cpu-------
 r  b   swpd   free   buff  cache   si   so    bi    bo   in   cs us sy id wa st gu
42  8  64296 117971800 2236476 58302856    0    0 1168832 950400 323532 1117162 23  7 42 28  0  0
39 13  64296 117969392 2236476 58302884    0    0 1147952 964320 329372 1103459 23  8 42 27  0  0
25 29  64296 117973968 2236476 58302900    0    0 1172240 893916 329366 1112946 23  8 41 27  0  0
27 22  64296 117967544 2236480 58302916    0    0 1193296 892992 328521 1127007 24  8 41 27  0  0
30 19  64296 117976968 2236480 58302940    0    0 1191664 903572 329474 1130100 23  8 41 27  0  0
29 18  64296 117960272 2236480 58302968    0    0 1183520 901400 324766 1133860 23  8 42 27  0  0
24 27  64296 117953528 2236480 58302972    0    0 1180976 904820 323529 1119995 23  7 42 28  0  0
36 15  64296 117955368 2236480 58302980    0    0 1179744 891044 327177 1123615 23  7 42 28  0  0
29 19  64296 117956648 2236480 58302996    0    0 1162256 892424 328965 1136730 23  8 42 26  0  0
15 35  64296 117977592 2236480 58303016    0    0 1200544 913764 328199 1130347 23  9 41 27  0  0
16 32  64296 117967996 2236480 58303024    0    0 1194768 904208 335389 1131232 23  8 41 27  0  0
21 23  64296 117967140 2236480 58303044    0    0 1180432 920044 330167 1119296 23  8 41 27  0  0
26 21  64296 117979308 2236480 58303056    0    0 1180736 905720 327231 1117561 23  8 41 27  0  0
30 14  64296 117961744 2236480 58303076    0    0 1192704 896812 324817 1135788 23  7 42 27  0  0
24 21  64296 117957628 2236480 58303072    0    0 1188720 906980 332577 1128780 23  8 41 27  0  0
27 20  64296 117964356 2236480 58303064    0    0 1197856 902840 330935 1137349 23  9 41 27  0  0
38 29  64296 117971252 2236480 58303088    0    0 1186896 909392 332621 1129720 23  8 41 27  0  0
27 21  64296 117966100 2236480 58303104    0    0 1170016 887680 321854 1111517 23  8 42 27  0  0
32 17  64296 117972208 2236484 58303116    0    0 1168688 899248 330657 1132707 23  9 42 27  0  0
30 18  64296 117969612 2236484 58303144    0    0 1176880 902092 325215 1128679 23  8 42 26  0  0
20 26  64296 117966176 2236484 58303168    0    0 1184160 927220 330946 1127346 23  7 42 28  0  0
procs -----------memory---------- ---swap-- -----io---- -system-- -------cpu-------
 r  b   swpd   free   buff  cache   si   so    bi    bo   in   cs us sy id wa st gu
15 30  64296 117955524 2236484 58303176    0    0 1186640 931636 327834 1126310 23  8 41 28  0  0
27 18  64296 117961852 2236484 58303168    0    0 1171520 916432 330955 1124651 23  8 41 27  0  0
22 27  64296 117965252 2236484 58303184    0    0 1140256 894176 322588 1091789 22  8 42 28  0  0
22 27  64296 117977132 2236484 58303204    0    0 1180144 909380 324581 1119852 23  8 41 27  0  0
44 23  64296 117960672 2236484 58303228    0    0 1188320 903528 328123 1135373 23  8 41 27  0  0
15 36  64296 117975924 2236484 58303244    0    0 1193408 912996 332407 1138090 24  8 41 27  0  0
29 20  64296 117951124 2236484 58303260    0    0 1187936 914920 332194 1136624 23  8 42 27  0  0
22 22  64296 117961820 2236484 58303272    0    0 1170080 902872 322216 1114898 23  7 42 27  0  0
30 22  64296 117960256 2236484 58303284    0    0 1161824 903156 323054 1140666 23  8 42 26  0  0
25 24  64296 117955852 2236484 58303312    0    0 1188352 920828 326397 1128928 23  8 41 27  0  0
33 16  64296 117972556 2236484 58303396    0    0 1186736 932140 329174 1135805 23  8 41 27  0  0
29 20  64296 117962016 2236484 58303396    0    0 1199712 906976 329023 1137868 23  9 41 27  0  0
30 21  64296 117954756 2236484 58303416    0    0 1183040 898732 323757 1122922 23  8 41 27  0  0
14 35  64296 117939440 2236484 58303436    0    0 1168288 870200 318578 1111873 22  7 42 28  0  0
34 13  64296 117952564 2236484 58303416    0    0 1201824 884948 330656 1142443 24  8 41 27  0  0
27 21  64296 117945912 2236484 58303440    0    0 1205040 890168 327661 1142858 23  8 41 27  0  0
22 28  64296 117960384 2236484 58303460    0    0 1208896 893624 327000 1149207 24  8 41 27  0  0
32 18  64296 117970708 2236484 58303476    0    0 1197040 887584 333314 1134277 24  8 41 27  0  0
38 14  64296 117980424 2236484 58303496    0    0 1172528 887464 325420 1119878 23  8 41 28  0  0
27 20  64296 117968028 2236484 58303500    0    0 1175440 895884 326737 1140559 24  8 42 26  0  0
18 29  64296 117945272 2236484 58303516    0    0 1204016 910908 330084 1142276 23  7 42 28  0  0
procs -----------memory---------- ---swap-- -----io---- -system-- -------cpu-------
 r  b   swpd   free   buff  cache   si   so    bi    bo   in   cs us sy id wa st gu
25 22  64296 117961720 2236484 58303528    0    0 1147072 861668 308799 1083451 22  7 42 28  0  0
28 23  64296 117978960 2236484 58303552    0    0 1118736 866792 304893 1060598 22  8 42 29  0  0
29 21  64296 117972540 2236484 58303568    0    0 1105760 839828 303826 1043944 21  8 42 29  0  0
23 26  64296 117963624 2236484 58303556    0    0 1103088 831388 301419 1051550 22  8 42 29  0  0
22 25  64296 117947596 2236484 58303560    0    0 1147984 843388 307460 1082515 23  8 41 28  0  0
26 23  64296 117958480 2236484 58303576    0    0 1155296 860760 315798 1096558 23  8 42 28  0  0
32 15  64296 117933304 2236484 58303596    0    0 1239152 908372 340460 1177375 24  8 42 27  0  0
25 32  64296 117942708 2236484 58303612    0    0 1227248 912364 333951 1172750 24  8 41 26  0  0
33 18  64296 117950720 2236484 58303628    0    0 1184896 898268 327098 1152738 24  9 42 26  0  0
27 23  64296 117962184 2236484 58303652    0    0 1214688 913968 336960 1162304 24  9 41 26  0  0
25 25  64296 117942628 2236484 58303676    0    0 1231120 928756 337248 1163817 24  9 41 27  0  0
21 31  64296 117934984 2236484 58303676    0    0 1233840 928536 340304 1168064 24  9 41 27  0  0
18 30  64296 117944456 2236484 58303700    0    0 1230864 927308 334943 1168264 24  9 41 27  0  0
31 25  64296 117939464 2236484 58303716    0    0 1231456 921224 333188 1162133 24  7 42 27  0  0
32 21  64296 117951104 2236484 58303716    0    0 1212016 891544 325117 1147223 24  8 42 27  0  0
29 24  64296 117964276 2236484 58303736    0    0 1233232 912076 339155 1165610 24  9 41 26  0  0
31 21  64296 117962828 2236484 58303756    0    0 1241424 925044 341325 1170511 24  9 41 26  0  0
28 23  64296 117969792 2236484 58303776    0    0 1236112 903164 345151 1172161 24  9 41 26  0  0
31 14  64296 117950264 2236488 58303772    0    0 1206432 908684 332420 1176405 24  9 42 26  0  0
25 24  64296 117956196 2236488 58303796    0    0 1199792 914220 334804 1144535 24  8 41 27  0  0
32 18  64296 117944488 2236488 58303764    0    0 1239536 917140 338301 1168717 24  8 42 27  0  0
procs -----------memory---------- ---swap-- -----io---- -system-- -------cpu-------
 r  b   swpd   free   buff  cache   si   so    bi    bo   in   cs us sy id wa st gu
20 26  64296 117935212 2236488 58303776    0    0 1234448 927800 338785 1169268 24  8 41 27  0  0
28 20  64296 117940844 2236488 58303792    0    0 1236832 911080 347465 1173490 24  9 41 26  0  0
16 32  64296 117941752 2236488 58303812    0    0 1239184 907764 342953 1173082 24  9 41 26  0  0
20 31  64296 117957444 2236488 58303832    0    0 1231344 908540 335432 1168601 24  9 41 26  0  0
26 23  64296 117969488 2236488 58303852    0    0 1223968 895316 338215 1147509 24  9 41 27  0  0
32 20  64296 117952456 2236488 58303872    0    0 1233648 904044 344360 1175058 24  9 41 26  0  0
26 20  64296 117931680 2236488 58303868    0    0 1246672 908680 339065 1175960 24  8 42 27  0  0
22 27  64296 117955852 2236488 58303880    0    0 1221168 896384 331929 1182926 24  8 42 25  0  0
21 31  64296 117946236 2236488 58303896    0    0 1237712 910124 339647 1174644 24  9 41 26  0  0
25 24  64296 117950500 2236488 58303924    0    0 1208624 887672 335950 1143754 24  8 41 27  0  0
25 22  64296 117954172 2236488 58303940    0    0 1236512 933272 342245 1164567 24  9 41 27  0  0
33 18  64296 117956296 2236488 58303964    0    0 1232720 920728 337464 1166646 24  9 41 26  0  0
22 26  64296 117957740 2236488 58303980    0    0 1245456 920756 345513 1174524 24  9 40 26  0  0
19 29  64296 117938160 2236488 58303984    0    0 1242896 907976 335816 1173803 24  8 42 27  0  0
34 20  64296 117939716 2236488 58304000    0    0 1237600 907860 341171 1170241 24  8 41 27  0  0
37 14  64296 117942832 2236488 58304020    0    0 1211680 895712 335725 1150492 24  9 41 27  0  0
28 24  64296 117955388 2236488 58304004    0    0 1238256 906888 338377 1172350 24  9 41 26  0  0
25 26  64296 117941936 2236488 58304024    0    0 1216064 897848 336208 1179489 24  9 42 26  0  0
22 29  64296 117938372 2236488 58304044    0    0 1238976 907248 336830 1179869 24  9 41 26  0  0
29 20  64296 117946868 2236488 58304068    0    0 1231440 908892 333614 1170168 24  9 41 27  0  0
24 25  64296 117934600 2236488 58304080    0    0 1207808 920684 328921 1144136 23  7 42 28  0  0
procs -----------memory---------- ---swap-- -----io---- -system-- -------cpu-------
 r  b   swpd   free   buff  cache   si   so    bi    bo   in   cs us sy id wa st gu
15 31  64296 117955344 2236488 58304092    0    0 1235648 915896 346189 1167147 24  8 41 27  0  0
23 26  64296 117950396 2236488 58304112    0    0 1237856 906576 338033 1174206 24  9 41 26  0  0
30 15  64296 117950044 2236488 58304136    0    0 1240672 915704 340043 1173230 24  9 41 26  0  0
30 27  64296 117957432 2236488 58304160    0    0 1235232 919044 333800 1168059 24  8 41 26  0  0
25 20  64296 117956328 2236488 58304176    0    0 1224512 912180 338632 1166607 24  9 41 26  0  0
27 22  64296 117953800 2236488 58304196    0    0 1221536 884052 325633 1153887 24  8 41 27  0  0
23 25  64296 117936380 2236488 58304216    0    0 1211728 905716 330853 1184717 24  7 43 26  0  0
34 30  64296 117971140 2236488 58304292    0    0 1242128 906004 343569 1179766 24  8 41 26  0  0
25 23  64296 117962260 2236488 58304300    0    0 1241744 903904 345048 1167986 24  9 41 26  0  0
22 25  64296 117944252 2236488 58304320    0    0 1237680 915652 338728 1172323 24  9 41 27  0  0
32 19  64296 117941476 2236488 58304340    0    0 1220640 890912 336717 1157495 24  9 41 27  0  0
16 35  64296 117937680 2236488 58304356    0    0 1233264 920936 345429 1164358 24  9 40 27  0  0
35 12  64296 117938916 2236488 58304380    0    0 1238144 898336 341869 1175724 24  9 41 26  0  0
10 35  64296 117926928 2236488 58304384    0    0 1245600 910960 337728 1175491 24  8 41 27  0  0
28 18  64296 117929412 2236488 58304388    0    0 1242304 900284 333157 1177709 24  8 41 27  0  0
25 25  64296 117935976 2236488 58304408    0    0 1226784 905488 342775 1164024 24  8 41 27  0  0
30 18  64296 117941040 2236492 58304424    0    0 1205408 878408 335683 1168849 24  9 42 26  0  0
29 25  64296 117938724 2236492 58304448    0    0 1244768 901172 337918 1177192 24  9 41 26  0  0
30 22  64296 117934256 2236492 58304464    0    0 1239184 906580 342173 1178320 24  9 41 26  0  0
31 20  64296 117936120 2236492 58304484    0    0 1234928 921764 347820 1172536 24  9 41 26  0  0
25 22  64296 117926368 2236492 58304508    0    0 1245024 914072 340488 1178407 24  8 41 27  0  0
procs -----------memory---------- ---swap-- -----io---- -system-- -------cpu-------
 r  b   swpd   free   buff  cache   si   so    bi    bo   in   cs us sy id wa st gu
47 10  64296 117943096 2236492 58304516    0    0 1225712 900532 334254 1159461 24  8 41 27  0  0
28 20  64296 117937812 2236492 58304520    0    0 1167776 848800 321463 1105490 23  8 41 27  0  0
28 21  64296 117946088 2236492 58304536    0    0 1198480 888460 331151 1143609 24  9 41 27  0  0
21 28  64296 117943244 2236492 58304560    0    0 1241232 909992 345647 1175908 25  9 41 26  0  0
23 23  64296 117952588 2236492 58304580    0    0 1238304 905264 346398 1167525 24  9 41 26  0  0
25 24  64296 117955240 2236492 58304596    0    0 1206192 887300 336317 1167176 24  9 42 26  0  0
39 20  64296 117920328 2236492 58304616    0    0 1232720 904512 337553 1156383 24  8 41 27  0  0
27 22  64296 117937692 2236492 58304616    0    0 1235008 907616 346893 1164581 24  8 41 27  0  0
30 20  64296 117931952 2236492 58304640    0    0 1232160 913988 341427 1168742 24  9 41 26  0  0
39 13  64296 117940864 2236492 58304660    0    0 1241904 916692 346965 1173186 24  9 41 26  0  0
28 22  64296 117935620 2236496 58304672    0    0 1231520 901424 342054 1170399 24  9 41 26  0  0
27 25  64296 117946088 2236496 58304692    0    0 1214192 903720 336816 1153300 24  8 41 27  0  0
23 21  64296 117953632 2236496 58304712    0    0 1220336 894804 333583 1153204 24  8 41 27  0  0
31 17  64296 117952680 2236496 58304736    0    0 1137040 822672 305543 1068692 22  7 42 29  0  0
40 10  64296 117932588 2236496 58304752    0    0 1243072 898944 336955 1164953 24  8 41 27  0  0
31 19  64296 117940556 2236496 58304772    0    0 1211504 897088 334814 1174155 24  8 42 26  0  0
31 16  64296 117939540 2236496 58304788    0    0 1230496 902560 334778 1163428 24  9 41 26  0  0
29 16  64296 117950452 2236496 58304808    0    0 1224256 882224 336753 1160884 24  8 41 27  0  0
25 26  64296 117943140 2236496 58304832    0    0 1239248 915188 332003 1164280 24  9 41 27  0  0
31 19  64296 117957936 2236496 58304852    0    0 1245232 897508 336751 1184753 24  9 41 27  0  0
27 23  64296 117941544 2236496 58304868    0    0 1253616 905044 342229 1177209 24  8 41 27  0  0
procs -----------memory---------- ---swap-- -----io---- -system-- -------cpu-------
 r  b   swpd   free   buff  cache   si   so    bi    bo   in   cs us sy id wa st gu
29 19  64296 117940888 2236496 58304876    0    0 1242464 895412 339854 1178438 24  8 41 27  0  0
26 22  64296 117947344 2236496 58304900    0    0 1219408 886484 335614 1154921 24  8 41 26  0  0
22 30  64296 117936244 2236496 58304920    0    0 1237488 899960 336280 1166661 24  9 41 26  0  0
27 21  64296 117935464 2236496 58304936    0    0 1165680 843428 314065 1094778 23  8 41 28  0  0
26 26  64296 117939476 2236496 58304956    0    0 1187248 872464 327131 1154196 24  9 42 26  0  0
25 20  64296 117929908 2236496 58304972    0    0 1241920 903412 342218 1175392 24  9 41 27  0  0
23 23  64296 117923552 2236496 58305000    0    0 1233184 903248 342937 1172166 24  8 41 27  0  0
19 30  64296 117911804 2236496 58305008    0    0 1234208 914808 343080 1166202 24  8 42 27  0  0
25 21  64296 117952072 2236496 58305024    0    0 1233248 892196 342321 1169495 24  9 41 26  0  0
30 17  64296 117963876 2236496 58305040    0    0 1250080 899652 339852 1173242 24  9 41 27  0  0
26 28  64296 117946756 2236496 58305064    0    0 1242608 910028 343132 1173529 24  9 41 26  0  0
27 23  64296 117950712 2236496 58305084    0    0 1243936 903140 343660 1170099 24  9 41 26  0  0
23 24  64296 117931880 2236496 58305108    0    0 1223424 889900 341343 1154511 24  8 41 27  0  0
21 26  64296 117929932 2236496 58305108    0    0 1244640 905376 338027 1167867 24  8 41 27  0  0
23 23  64296 117935732 2236496 58305116    0    0 1153424 844916 317605 1112297 23  7 43 27  0  0
33 16  64296 117938608 2236496 58305132    0    0 1187216 864176 325364 1114123 23  8 41 28  0  0
28 21  64296 117944428 2236496 58305156    0    0 1249296 908232 341302 1171623 24  9 41 27  0  0
21 31  64296 117945128 2236496 58305176    0    0 1232192 921892 338524 1172995 24  9 41 26  0  0
25 26  64296 117933896 2236496 58305184    0    0 1242208 906956 333603 1170945 24  9 41 27  0  0
39 12  64296 117948516 2236500 58305196    0    0 1226944 880276 331496 1157406 24  9 41 27  0  0
30 16  64296 117922532 2236500 58305224    0    0 1250624 908972 339620 1175132 24  8 41 27  0  0
procs -----------memory---------- ---swap-- -----io---- -system-- -------cpu-------
 r  b   swpd   free   buff  cache   si   so    bi    bo   in   cs us sy id wa st gu
25 24  64296 117912956 2236500 58305216    0    0 1251984 922904 341713 1178140 24  7 41 27  0  0
24 23  64296 117939276 2236500 58305216    0    0 1243504 901604 343861 1173806 24  9 41 26  0  0
27 21  64296 117933044 2236500 58305240    0    0 1229136 908720 342464 1163946 24  8 41 27  0  0
35 18  64296 117944344 2236500 58305244    0    0 1208192 893912 336816 1170605 24  9 42 26  0  0
24 27  64296 117951524 2236500 58305360    0    0 1209856 897788 333611 1156799 24  9 41 27  0  0
20 27  64296 117943024 2236500 58305380    0    0 1163584 834000 318366 1094713 22  8 42 28  0  0
32 20  64296 117942916 2236500 58305400    0    0 1239376 924560 343725 1164433 24  8 41 27  0  0
31 23  64296 117928020 2236500 58305412    0    0 1244240 900592 337238 1177336 24  8 41 27  0  0
27 24  64296 117944728 2236500 58305396    0    0 1232576 891988 348203 1163850 24  9 41 26  0  0
27 19  64296 117941176 2236500 58305424    0    0 1225120 891872 340685 1159759 24  9 41 26  0  0
29 19  64296 117938880 2236500 58305440    0    0 1240736 895072 342651 1173103 24  9 41 26  0  0
25 25  64296 117946028 2236500 58305460    0    0 1251648 902448 349468 1179838 24  9 40 26  0  0
18 29  64296 117951832 2236500 58305468    0    0 1250672 903852 339145 1175446 24  9 40 27  0  0
18 30  64296 117935504 2236500 58305492    0    0 1208208 892820 333109 1173194 24  8 42 26  0  0
26 22  64296 117923548 2236500 58305500    0    0 1232464 897568 336529 1162066 24  7 42 27  0  0
25 21  64296 117930904 2236500 58305516    0    0 1215360 902028 343222 1138795 24  8 41 27  0  0
19 30  64296 117949960 2236500 58305532    0    0 1143280 853112 313315 1077103 22  8 42 28  0  0
20 31  64296 117952720 2236500 58305556    0    0 1248752 912984 340563 1173672 24  9 40 27  0  0
21 23  64296 117952916 2236500 58305576    0    0 1244736 893372 347181 1171172 24  9 41 26  0  0
27 25  64296 117931720 2236500 58305596    0    0 1234832 891944 336436 1167201 24  9 41 27  0  0
29 19  64296 117926660 2236500 58305608    0    0 1232848 900512 335656 1161094 24  8 41 27  0  0
procs -----------memory---------- ---swap-- -----io---- -system-- -------cpu-------
 r  b   swpd   free   buff  cache   si   so    bi    bo   in   cs us sy id wa st gu
27 27  64296 117911428 2236500 58305620    0    0 1248704 916364 341414 1171698 24  7 42 27  0  0
28 20  64296 117949072 2236500 58305644    0    0 1248416 905000 340819 1175691 25  9 41 26  0  0
23 25  64296 117936620 2236500 58305648    0    0 1222768 895836 334997 1187310 24  9 41 26  0  0
25 24  64296 117942720 2236500 58305668    0    0 1237744 893716 348663 1168712 24  9 40 27  0  0
21 26  64296 117941816 2236500 58305684    0    0 1221488 898416 335603 1155402 24  9 41 27  0  0
33 20  64296 117944268 2236500 58305700    0    0 1213680 906356 334317 1146119 24  9 41 27  0  0
29 19  64296 117930144 2236500 58305728    0    0 1165248 839220 319339 1101451 23  8 42 28  0  0
27 20  64296 117920520 2236500 58305740    0    0 1239920 893488 336904 1159012 23  8 41 28  0  0
31 19  64296 117933460 2236500 58305756    0    0 1241888 892040 350084 1172337 25  9 40 26  0  0
24 28  64296 117935620 2236500 58305776    0    0 1238640 901176 352148 1164909 24  9 40 27  0  0
28 21  64296 117944624 2236500 58305792    0    0 1142064 826984 314399 1081159 22  8 42 28  0  0
25 23  64296 117942824 2236500 58305796    0    0 1241728 907664 347614 1177139 24  9 41 26  0  0
30 15  64296 117943288 2236500 58305820    0    0 1221616 887364 347159 1182993 24  9 41 25  0  0
12 36  64296 117933584 2236500 58305824    0    0 1240512 912212 345222 1173657 24  8 41 26  0  0
32 16  64296 117924320 2236500 58305836    0    0 1246336 904636 341766 1168208 24  7 42 27  0  0
22 27  64296 117931512 2236500 58305852    0    0 1218480 907560 340112 1150341 24  8 41 27  0  0
19 30  64296 117948484 2236500 58305872    0    0 1239792 895880 339497 1170832 24  9 40 26  0  0
26 23  64296 117947184 2236500 58305892    0    0 1243472 899420 339751 1172552 24  9 41 26  0  0
25 23  64296 117935744 2236504 58305912    0    0 1241392 898844 343372 1174974 25  9 40 26  0  0
20 28  64296 117940116 2236504 58305928    0    0 1247584 900796 348050 1172281 25  9 41 26  0  0
24 23  64296 117935356 2236504 58305952    0    0 1237552 896304 338754 1169432 24  8 41 27  0  0
procs -----------memory---------- ---swap-- -----io---- -system-- -------cpu-------
 r  b   swpd   free   buff  cache   si   so    bi    bo   in   cs us sy id wa st gu
25 27  64296 117914288 2236504 58305960    0    0 1236224 889984 336188 1157523 24  7 42 27  0  0
29 23  64296 117926824 2236504 58305984    0    0 1217472 896968 333235 1173733 24  9 41 26  0  0
42 21  64296 117953676 2236504 58306004    0    0 1243744 905916 346410 1174122 24  9 40 26  0  0
31 21  64296 117942464 2236504 58306020    0    0 1248384 910384 342424 1173794 24  9 41 26  0  0
24 23  64296 117948576 2236504 58306044    0    0 1241168 915868 342565 1163366 24  9 41 27  0  0
24 21  64296 117947092 2236504 58306060    0    0 1224368 884144 338123 1158736 24  8 41 27  0  0
33 13  64296 117932896 2236504 58306084    0    0 1246336 888820 338968 1164106 24  9 41 27  0  0
27 20  64296 117906508 2236504 58306092    0    0 1183216 856272 322189 1106051 23  7 42 28  0  0
30 18  64296 117935980 2236504 58306108    0    0 1231088 878512 337783 1161613 24  9 41 27  0  0
36 15  64296 117961644 2236504 58306128    0    0 1249280 915108 339233 1174929 24  9 40 27  0  0
26 24  64296 117953432 2236504 58306148    0    0 1235152 893684 348922 1167211 25  9 40 26  0  0
31 20  64296 117945204 2236504 58306172    0    0 1181168 872308 331472 1135273 24  8 42 26  0  0
37 13  64296 117936400 2236504 58306172    0    0 1244368 888600 346396 1177998 25  9 41 26  0  0
17 31  64296 117939716 2236504 58306192    0    0 1246736 908764 345044 1175201 24  9 41 26  0  0
25 26  64296 117909788 2236504 58306208    0    0 1248768 926988 345258 1172297 24  7 42 27  0  0
25 20  64296 117923472 2236504 58306220    0    0 1241440 898396 348856 1172159 25  9 40 26  0  0
26 27  64296 117936692 2236504 58306232    0    0 1230288 892696 336909 1157741 24  9 41 27  0  0
25 23  64296 117944228 2236504 58306256    0    0 1251424 891740 343265 1172473 24  9 40 26  0  0
24 27  64296 117962320 2236504 58306272    0    0 1248144 891660 345476 1175588 24  9 41 26  0  0
29 20  64296 117938180 2236504 58306292    0    0 1250544 902436 349725 1184479 25  9 41 26  0  0
28 21  64296 117941392 2236504 58306308    0    0 1243792 910696 345515 1175574 25  9 40 26  0  0
procs -----------memory---------- ---swap-- -----io---- -system-- -------cpu-------
 r  b   swpd   free   buff  cache   si   so    bi    bo   in   cs us sy id wa st gu
23 24  64296 117925896 2236504 58306320    0    0 1214224 893040 334563 1176121 23  7 43 26  0  0
25 25  64296 117924204 2236504 58306412    0    0 1233360 898572 335420 1165635 24  8 41 27  0  0
35 17  64296 117938688 2236504 58306436    0    0 1243184 895704 344974 1175355 24  9 40 26  0  0
17 35  64296 117938136 2236504 58306460    0    0 1243200 923612 348386 1171550 24  9 40 26  0  0
29 21  64296 117938316 2236504 58306476    0    0 1253296 898460 339984 1176818 24  9 41 26  0  0
40 22  64296 117921652 2236504 58306492    0    0 1248736 888640 346099 1178733 24  9 41 26  0  0
29 19  64296 117944172 2236504 58306524    0    0 1229312 879900 344936 1166361 24  9 41 26  0  0
22 28  64296 117922760 2236504 58306548    0    0 1133840 832448 318341 1056901 21  7 48 24  0  0
20 26  64296 117932264 2236504 58306560    0    0 1186128 849960 324853 1117616 23  8 41 28  0  0
29 24  64296 117930100 2236504 58306576    0    0 1197296 869448 327176 1128186 23  8 41 27  0  0
33 24  64296 117939520 2236504 58306624    0    0 1215696 902944 342038 1186294 24  9 41 25  0  0
32 16  64296 117929192 2236504 58306652    0    0 1249440 897464 340913 1173866 24  9 41 26  0  0
36 13  64296 117934400 2236504 58306656    0    0 1218048 895000 334116 1152903 24  8 41 27  0  0
26 21  64296 117939896 2236504 58306672    0    0 1235952 920480 338823 1164108 24  9 41 27  0  0
28 22  64296 117916632 2236504 58306688    0    0 1256096 902980 337559 1184026 24  8 42 27  0  0
30 29  64296 117935656 2236504 58306684    0    0 1248576 911360 349469 1174331 25  8 41 26  0  0
37  9  64296 117939152 2236504 58306696    0    0 1249728 897580 343828 1184087 24  9 40 26  0  0
26 25  64296 117940244 2236504 58306712    0    0 1229664 899856 339773 1167817 24  9 41 26  0  0
20 31  64296 117933644 2236504 58306732    0    0 1237152 891696 339848 1172945 24  9 41 26  0  0
17 35  64296 117932352 2236504 58306752    0    0 1236096 898520 342211 1163827 24  9 40 27  0  0
28 19  64296 117921684 2236504 58306776    0    0 1117728 811296 301768 1084769 22  8 43 27  0  0
procs -----------memory---------- ---swap-- -----io---- -system-- -------cpu-------
 r  b   swpd   free   buff  cache   si   so    bi    bo   in   cs us sy id wa st gu
33 18  64296 117903016 2236504 58306792    0    0 1257184 904204 339722 1180231 24  7 42 27  0  0
26 24  64296 117917264 2236504 58306804    0    0 1245056 911008 342307 1174679 24  8 41 27  0  0
29 21  64296 117954360 2236504 58306824    0    0 1220528 907132 336926 1153523 24  9 41 27  0  0
24 23  64296 117954868 2236504 58306840    0    0 1223200 889064 339765 1164139 24  9 41 26  0  0
25 24  64296 117940104 2236504 58306860    0    0 1243120 897248 337564 1163666 24  9 41 26  0  0
29 18  64296 117927004 2236504 58306884    0    0 1251376 892144 335979 1180597 25  9 41 26  0  0
26 23  64296 117926348 2236504 58306900    0    0 1240512 898824 342611 1174182 24  9 41 26  0  0
27 20  64296 117907776 2236504 58306916    0    0 1236496 895284 339756 1164800 24  8 41 27  0  0
16 33  64296 117930360 2236504 58306928    0    0 1236192 892240 334388 1165661 24  8 41 27  0  0
37 27  64296 117931468 2236504 58306948    0    0 1215408 894352 335949 1184570 24  9 42 25  0  0
26 25  64296 117935964 2236504 58306968    0    0 1186736 860896 318963 1118260 23  8 41 28  0  0
31 21  64296 117938404 2236504 58306988    0    0 1193664 863044 329208 1120675 23  8 41 27  0  0
24 26  64296 117922060 2236504 58307004    0    0 1242640 915380 340578 1175790 24  9 41 26  0  0
32 20  64296 117918400 2236504 58307032    0    0 1239536 896328 337056 1171894 24  9 41 26  0  0
27 20  64296 117903956 2236504 58307048    0    0 1236448 896676 328113 1164587 24  8 42 27  0  0
33 17  64296 117911836 2236504 58307056    0    0 1250128 892956 341342 1178798 24  8 41 26  0  0
41 22  64296 117932140 2236504 58307076    0    0 1254976 904356 345485 1182713 25  9 40 26  0  0
27 24  64296 117948148 2236504 58307096    0    0 1247392 906744 345653 1178437 25  9 41 26  0  0
31 20  64296 117940628 2236504 58307120    0    0 1250080 895532 345139 1178269 24  9 41 26  0  0
29 19  64296 117941980 2236504 58307136    0    0 1196256 886500 337117 1165735 24  9 42 26  0  0
27 19  64296 117949940 2236504 58307152    0    0 1241664 905160 336760 1170980 24  9 41 26  0  0
procs -----------memory---------- ---swap-- -----io---- -system-- -------cpu-------
 r  b   swpd   free   buff  cache   si   so    bi    bo   in   cs us sy id wa st gu
22 25  64296 117939460 2236504 58307164    0    0 1181456 852288 317155 1103850 23  7 42 28  0  0
19 33  64296 117921688 2236504 58307176    0    0 1195968 897280 326678 1120541 23  8 41 28  0  0
24 25  64296 117926468 2236504 58307196    0    0 1247200 903820 355283 1175639 25  9 40 26  0  0
20 31  64296 117934620 2236504 58307212    0    0 1236736 900332 336964 1166632 24  8 41 27  0  0
22 27  64296 117933760 2236504 58307232    0    0 1177328 846328 321979 1109772 23  8 41 27  0  0
26 26  64296 117934212 2236504 58307256    0    0 1249840 897356 340705 1178111 24  9 40 27  0  0
16 34  64296 117943944 2236504 58307276    0    0 1249840 896596 347697 1177970 25  9 40 26  0  0
21 26  64296 117929916 2236504 58307296    0    0 1255152 905656 340632 1186123 24  8 41 27  0  0
20 31  64296 117945968 2236504 58307304    0    0 1227728 877976 332432 1184049 24  8 42 26  0  0
18 29  64296 117946124 2236508 58307320    0    0 1245152 885096 340250 1173604 24  9 41 26  0  0
19 31  64296 117921240 2236508 58307348    0    0 1245984 889000 338737 1166185 24  9 41 27  0  0
16 32  64296 117917120 2236508 58307376    0    0 1236064 912428 346187 1175513 24  9 41 26  0  0
18 33  64296 117940312 2236508 58307392    0    0 1159424 812044 306372 1085095 22  8 41 29  0  0
24 29  64296 117944444 2236508 58307412    0    0 1237296 876380 335567 1169246 24  9 41 27  0  0
20 29  64296 117915236 2236512 58307428    0    0 1244800 908928 343154 1175167 24  8 41 27  0  0
16 19  64296 117917316 2236512 58307452    0    0 1246976 890792 337591 1167320 24  8 41 27  0  0
28 20  64296 117934220 2236512 58307468    0    0 1232656 882276 340637 1164906 24  9 41 27  0  0
22 32  64296 117943864 2236512 58307488    0    0 1243504 893280 338815 1179599 24  9 41 26  0  0
29 25  64296 117929640 2236512 58307504    0    0 1218192 887368 337722 1179850 24  9 42 26  0  0
26 24  64296 117937116 2236512 58307584    0    0 1242336 892352 344927 1174655 24  9 41 26  0  0
25 27  64296 117948180 2236512 58307608    0    0 1233680 905104 337794 1167357 24  9 41 26  0  0
procs -----------memory---------- ---swap-- -----io---- -system-- -------cpu-------
 r  b   swpd   free   buff  cache   si   so    bi    bo   in   cs us sy id wa st gu
24 23  64296 117933284 2236512 58307624    0    0 1230576 911940 337962 1165699 24  8 41 27  0  0
31 21  64296 117923812 2236512 58307632    0    0 1247424 905536 343562 1182067 24  8 41 27  0  0
30 26  64296 117928500 2236512 58307652    0    0 1138048 815776 310776 1078201 22  8 42 28  0  0
35 13  64296 117924148 2236512 58307676    0    0 1249728 898936 347420 1176891 24  9 40 26  0  0
17 33  64296 117938908 2236512 58307700    0    0 1238624 895444 339413 1171394 24  9 41 26  0  0
28 20  64296 117948772 2236512 58307720    0    0 1142016 808784 300420 1073603 22  8 42 28  0  0
19 27  64296 117939576 2236512 58307736    0    0 1232624 892008 340913 1161663 24  9 40 27  0  0
31 15  64296 117925340 2236512 58307756    0    0 1218576 891488 342443 1179169 24  8 42 26  0  0
27 22  64296 117912188 2236512 58307768    0    0 1249680 910220 348134 1174909 24  8 41 27  0  0
30 18  64296 117925460 2236512 58307784    0    0 1248224 905652 353361 1177789 25  9 41 26  0  0
23 25  64296 117938956 2236512 58307804    0    0 1241248 919800 335097 1170203 24  9 41 26  0  0
25 25  64296 117947364 2236512 58307824    0    0 1225776 886112 336202 1163056 24  9 41 26  0  0
31 25  64296 117940420 2236512 58307840    0    0 1242720 902928 337702 1177457 24  9 41 26  0  0
26 24  64296 117942568 2236512 58307864    0    0 1193168 862672 326079 1133527 23  8 41 27  0  0
25 26  64296 117934960 2236512 58307880    0    0 1193456 853032 321567 1116849 23  8 42 28  0  0
28 22  64296 117912908 2236512 58307892    0    0 1249344 903992 336351 1182473 24  8 41 27  0  0
24 25  64296 117914632 2236512 58307904    0    0 1193696 852964 324074 1121836 23  8 41 27  0  0
29 18  64296 117925660 2236512 58307924    0    0 1203488 883004 334625 1167336 24  8 42 26  0  0
24 24  64296 117937392 2236512 58307944    0    0 1246880 897656 349488 1177000 24  9 40 26  0  0
32 19  64296 117940744 2236512 58307964    0    0 1247728 907588 351782 1172891 24  9 40 26  0  0
27 18  64296 117938216 2236512 58307984    0    0 1245840 918164 343650 1178521 24  9 41 26  0  0
procs -----------memory---------- ---swap-- -----io---- -system-- -------cpu-------
 r  b   swpd   free   buff  cache   si   so    bi    bo   in   cs us sy id wa st gu
27 19  64296 117925212 2236512 58308004    0    0 1243360 900272 342089 1168621 24  8 41 27  0  0
18 31  64296 117917940 2236512 58308012    0    0 1237104 889060 336803 1162871 24  7 42 27  0  0
29 26  64296 117936260 2236512 58308040    0    0 1244448 900728 339650 1171452 24  9 41 26  0  0
32 15  64296 117941316 2236512 58308056    0    0 1246208 896660 347659 1178938 25  9 40 26  0  0
35 17  64296 117940296 2236512 58308084    0    0 1183696 858212 329773 1121957 23  8 41 28  0  0
21 28  64296 117930676 2236512 58308100    0    0 1232240 877096 337790 1163628 24  9 41 26  0  0
25 19  64296 117926936 2236512 58308124    0    0 1211392 876140 334904 1181598 24  9 42 25  0  0
30 27  64296 117921288 2236512 58308148    0    0 1224672 905544 337298 1165915 24  8 41 26  0  0
24 27  64296 117921004 2236516 58308156    0    0 1255056 906408 336972 1180618 24  8 42 27  0  0
33 13  64296 117937884 2236516 58308172    0    0 1241488 922604 341003 1179522 25  9 41 26  0  0
32 17  64296 117924468 2236516 58308196    0    0 1253664 900900 347683 1183648 25  9 41 26  0  0
29 25  64296 117935300 2236516 58308216    0    0 1237520 898256 347511 1168982 24  9 41 26  0  0
20 29  64296 117930560 2236516 58308236    0    0 1228880 890896 335577 1160038 24  9 41 26  0  0
23 25  64296 117931560 2236516 58308252    0    0 1249200 896220 341871 1177097 24  9 41 26  0  0
29 22  64296 117944336 2236516 58308280    0    0 1254000 887712 346307 1175352 24  9 41 26  0  0
24 23  64296 117924772 2236516 58308296    0    0 1153328 825684 303138 1082563 22  7 43 29  0  0
21 26  64296 117937148 2236516 58308308    0    0 1218816 902056 345465 1186500 24  9 41 25  0  0
21 25  64296 117933812 2236516 58308328    0    0 1184400 854720 315264 1123403 23  8 42 27  0  0
32 16  64296 117926052 2236516 58308344    0    0 1169184 850276 315868 1097457 23  8 41 28  0  0
36 12  64296 117936528 2236516 58308368    0    0 1246176 909944 342970 1170195 24  9 40 26  0  0
38 23  64296 117926708 2236516 58308384    0    0 1242192 917144 344817 1169982 24  9 41 26  0  0
procs -----------memory---------- ---swap-- -----io---- -system-- -------cpu-------
 r  b   swpd   free   buff  cache   si   so    bi    bo   in   cs us sy id wa st gu
27 23  64296 117921692 2236516 58308404    0    0 1254624 908852 343259 1178991 24  9 40 26  0  0
31 16  64296 117901368 2236516 58308416    0    0 1252416 905148 339023 1182599 24  7 42 27  0  0
21 28  64296 117918516 2236516 58308428    0    0 1243856 898764 338143 1170896 24  9 41 26  0  0
27 25  64296 117918900 2236516 58308452    0    0 1232160 895500 336894 1163661 24  8 41 27  0  0
24 30  64296 117933848 2236516 58308472    0    0 1250688 895652 337219 1178962 24  9 41 26  0  0
20 29  64296 117938440 2236516 58308492    0    0 1143968 835092 306044 1086684 22  8 42 28  0  0
26 23  64296 117936644 2236516 58308508    0    0 1212160 877988 340184 1159539 24  9 41 26  0  0
29 21  64296 117944996 2236516 58308528    0    0 1190800 872200 325936 1121928 23  8 41 27  0  0
22 24  64296 117926096 2236516 58308540    0    0 1165264 849800 317925 1091058 22  7 42 29  0  0
32 16  64296 117928668 2236516 58308556    0    0 1241104 905780 341347 1167539 24  9 41 26  0  0
33 15  64296 117927944 2236516 58308576    0    0 1249808 902624 342985 1173777 25  9 40 26  0  0
29 20  64296 117927976 2236516 58308596    0    0 1249440 897052 348786 1176538 25  9 41 26  0  0
27 24  64296 117942068 2236516 58308616    0    0 1246512 901472 344274 1174371 24  9 41 26  0  0
26 27  64296 117934928 2236516 58308640    0    0 1242288 877248 343348 1177055 24  9 41 26  0  0
28 18  64296 117925516 2236516 58308660    0    0 1229168 878804 342055 1159629 24  9 41 26  0  0
25 21  64296 117901888 2236516 58308676    0    0 1246896 892616 338638 1187254 24  7 42 27  0  0
24 23  64296 117901720 2236516 58308752    0    0 1217856 891864 336047 1159983 24  8 41 26  0  0
10 38  64296 117927232 2236516 58308772    0    0 1174864 849160 315747 1098065 23  8 41 28  0  0
21 31  64296 117943240 2236516 58308796    0    0 1225008 895008 339846 1157153 24  9 41 27  0  0
26 24  64296 117934412 2236516 58308816    0    0 1157216 850892 312588 1084824 22  8 41 28  0  0
17 32  64296 117930948 2236520 58308836    0    0 1196048 866120 323301 1134986 23  8 41 27  0  0
procs -----------memory---------- ---swap-- -----io---- -system-- -------cpu-------
 r  b   swpd   free   buff  cache   si   so    bi    bo   in   cs us sy id wa st gu
20 27  64296 117937324 2236520 58308852    0    0 1251792 906460 338623 1170017 24  9 40 26  0  0
26 20  64296 117918844 2236520 58308864    0    0 1252512 911736 344321 1178433 24  8 42 27  0  0
29 28  64296 117935556 2236520 58308880    0    0 1253152 904576 351383 1179512 25  8 41 26  0  0
30 19  64296 117934832 2236520 58308904    0    0 1241184 897304 340067 1169453 24  9 41 26  0  0
31 16  64296 117935732 2236524 58308924    0    0 1220656 894696 341444 1160817 24  9 41 26  0  0
18 31  64296 117931192 2236524 58308944    0    0 1221648 893280 340643 1177115 24  9 41 26  0  0
29 21  64296 117935236 2236524 58308964    0    0 1237328 915416 348199 1157690 24  9 41 26  0  0
31 24  64296 117937068 2236524 58308984    0    0 1130240 818548 301938 1060844 22  8 42 28  0  0
30 12  64296 117920816 2236524 58309004    0    0 1245184 915864 340919 1170869 23  8 42 27  0  0
32 19  64296 117923024 2236528 58309016    0    0 1188368 863916 320691 1124301 23  8 41 28  0  0
28 21  64296 117926320 2236528 58309032    0    0 1242384 898028 346184 1166456 24  9 41 26  0  0
32 18  64296 117910184 2236528 58309060    0    0 1248832 896100 345019 1172008 25  9 41 26  0  0
40 23  64296 117916900 2236528 58309076    0    0 1249440 902208 345977 1182367 25  9 41 26  0  0
29 19  64296 117922660 2236528 58309096    0    0 1249504 896340 349689 1181801 24  9 41 26  0  0
19 31  64296 117945020 2236528 58309116    0    0 1248304 902676 346728 1171407 24  9 41 26  0  0
26 21  64296 117942076 2236528 58309140    0    0 1220720 886332 328022 1176987 24  7 43 26  0  0
30 21  64296 117931760 2236528 58309148    0    0 1237568 902992 335236 1165335 24  8 41 27  0  0
31 19  64296 117932412 2236528 58309168    0    0 1248768 910768 347693 1174936 24  9 40 26  0  0
12 38  64296 117933016 2236528 58309184    0    0 1168576 867916 318712 1100405 23  8 42 28  0  0
24 25  64296 117944444 2236532 58309208    0    0 1206592 879008 333155 1137816 24  8 41 27  0  0
26 20  64296 117932740 2236532 58309228    0    0 1177712 839004 323332 1114870 23  8 41 28  0  0
procs -----------memory---------- ---swap-- -----io---- -system-- -------cpu-------
 r  b   swpd   free   buff  cache   si   so    bi    bo   in   cs us sy id wa st gu
23 28  64296 117951936 2236532 58309248    0    0 1181952 857520 320709 1120005 23  8 42 27  0  0
34 11  64296 117926860 2236532 58309264    0    0 1253408 900928 338820 1178941 24  8 42 27  0  0
25 25  64296 117934300 2236532 58309272    0    0 1253344 906824 346393 1181158 25  8 41 26  0  0
26 25  64296 117939468 2236532 58309296    0    0 1250560 901632 338611 1175450 24  9 41 26  0  0
27 23  64296 117938216 2236532 58309316    0    0 1220848 898880 335924 1185193 24  9 41 26  0  0
29 17  64296 117940780 2236532 58309332    0    0 1236944 889984 343998 1169344 24  9 41 26  0  0
22 25  64296 117928160 2236532 58309348    0    0 1236112 904240 338628 1158733 24  9 41 27  0  0
28 21  64296 117942912 2236532 58309368    0    0 1238336 914744 346842 1172404 24  9 41 26  0  0
36 27  64296 117931464 2236532 58309392    0    0 1252480 905312 343104 1183646 24  8 41 27  0  0
26 19  64296 117938872 2236532 58309400    0    0 1248768 911704 348836 1179862 24  8 41 26  0  0
36 14  64296 117939484 2236532 58309420    0    0 1220400 881972 342454 1152439 24  9 41 27  0  0
43 24  64296 117941200 2236532 58309436    0    0 1132688 815452 305304 1070293 22  8 42 28  0  0
24 26  64296 117941172 2236532 58309452    0    0 1244048 903408 343692 1166961 24  8 41 26  0  0
32 18  64296 117936864 2236532 58309480    0    0 1246448 899952 340578 1178450 24  8 41 26  0  0
22 26  64296 117930792 2236532 58309500    0    0 1224640 903308 338274 1191522 24  9 42 25  0  0
20 24  64296 117922208 2236532 58309520    0    0 1249696 916648 345673 1182307 24  8 41 27  0  0
33 17  64296 117924996 2236532 58309528    0    0 1246384 905716 340814 1175318 24  8 41 27  0  0
23 26  64296 117930960 2236532 58309548    0    0 1223952 924240 337666 1154510 24  8 41 27  0  0
24 30  64296 117942188 2236532 58309572    0    0 1251168 913344 340148 1174270 25  8 41 26  0  0
32 16  64296 117946560 2236532 58309588    0    0 1255008 903108 338424 1175181 25  8 41 26  0  0
31 18  64296 117915344 2236532 58309608    0    0 1174464 860152 322178 1104791 23  8 42 28  0  0
procs -----------memory---------- ---swap-- -----io---- -system-- -------cpu-------
 r  b   swpd   free   buff  cache   si   so    bi    bo   in   cs us sy id wa st gu
32 22  64296 117912624 2236532 58309628    0    0 1209248 870584 326857 1126943 23  8 41 27  0  0
24 22  64296 117916312 2236532 58309652    0    0 1137856 832784 308146 1069200 22  7 43 29  0  0
25 22  64296 117926764 2236532 58309668    0    0 1250960 903816 340229 1170107 24  8 41 27  0  0
31 20  64296 117929124 2236532 58309684    0    0 1224944 898520 334924 1178599 24  8 42 26  0  0
27 25  64296 117929316 2236532 58309688    0    0 1242256 911764 347591 1175676 25  9 41 26  0  0
20 28  64296 117945688 2236532 58309708    0    0 1251824 918340 350161 1169488 24  9 40 27  0  0
29 19  64296 117943632 2236532 58309728    0    0 1228784 921576 343133 1161947 24  9 41 26  0  0
24 26  64296 117941448 2236532 58309756    0    0 1230272 903692 335348 1159216 24  9 41 26  0  0
17 29  64296 117938040 2236532 58309776    0    0 1251664 907440 335833 1167986 24  8 41 27  0  0
26 24  64296 117943436 2236532 58309784    0    0 1256016 902484 340188 1179221 24  8 41 26  0  0
29 19  64296 117928556 2236532 58309808    0    0 1245840 917248 345463 1177557 24  9 41 26  0  0
27 25  64296 117925316 2236532 58309860    0    0 1241104 906380 342729 1174986 24  9 41 26  0  0
23 30  64296 117930744 2236532 58309880    0    0 1142944 815972 303111 1070384 22  8 42 28  0  0
24 22  64296 117932260 2236532 58309972    0    0 1194704 868596 329210 1147512 24  8 42 26  0  0
19 32  64296 117941060 2236532 58309984    0    0 1243072 902164 343599 1182426 25  9 41 26  0  0
33 18  64296 117935276 2236532 58310008    0    0 1250480 919188 345971 1180110 24  8 41 26  0  0
27 21  64296 117934168 2236532 58310016    0    0 1256176 925120 351614 1176552 24  8 41 27  0  0
22 28  64296 117941352 2236532 58310032    0    0 1238448 917972 335896 1162709 24  8 41 26  0  0
28 21  64296 117937148 2236532 58310056    0    0 1247152 902888 338769 1172452 24  8 41 26  0  0
22 29  64296 117928904 2236532 58310072    0    0 1226640 899132 340441 1166062 24  9 41 26  0  0
16 30  64296 117922348 2236532 58310080    0    0 1253968 907360 342594 1170961 24  9 41 26  0  0
procs -----------memory---------- ---swap-- -----io---- -system-- -------cpu-------
 r  b   swpd   free   buff  cache   si   so    bi    bo   in   cs us sy id wa st gu
23 24  64296 117943140 2236532 58310096    0    0 1202640 853364 327636 1122794 23  8 41 27  0  0
30 16  64296 117922672 2236532 58310116    0    0 1210272 862116 326205 1131886 23  8 42 27  0  0
24 21  64296 117902548 2236532 58310132    0    0 1202704 874452 326643 1145913 23  7 42 27  0  0
25 19  64296 117915032 2236532 58310148    0    0 1117904 830476 310683 1072068 22  8 43 28  0  0
26 26  64296 117942104 2236532 58310172    0    0 1241264 904236 348025 1173119 25  9 41 26  0  0
29 18  64296 117945788 2236532 58310188    0    0 1243600 917936 337002 1165247 24  9 41 26  0  0
13 35  64296 117934660 2236532 58310208    0    0 1252288 916848 335184 1176190 24  8 41 27  0  0
36 14  64296 117932212 2236532 58310232    0    0 1246736 904972 336895 1179768 24  8 41 26  0  0
26 21  64296 117932492 2236532 58310252    0    0 1237552 910656 337635 1164569 24  8 41 27  0  0
26 19  64296 117923660 2236532 58310268    0    0 1246128 888640 334830 1159414 24  7 42 27  0  0
26 21  64296 117934052 2236532 58310276    0    0 1245328 919012 351218 1170181 25  9 40 26  0  0
41 14  64296 117935464 2236532 58310356    0    0 1249120 890472 343572 1175347 25  9 41 26  0  0
25 25  64296 117934004 2236532 58310376    0    0 1173392 844632 324021 1103687 23  8 41 27  0  0
20 25  64296 117927204 2236532 58310400    0    0 1146192 833168 313278 1103081 23  8 42 27  0  0
11 37  64296 117923796 2236532 58310416    0    0 1161504 846452 313761 1095347 23  8 42 28  0  0
29 14  64296 117918840 2236532 58310432    0    0 1247152 899560 339844 1171802 24  8 41 27  0  0
17 31  64296 117907200 2236532 58310444    0    0 1249664 926480 335404 1173090 24  7 42 27  0  0
16 31  64296 117945180 2236532 58310464    0    0 1248880 921596 337018 1178951 24  9 41 26  0  0
28 22  64296 117934572 2236532 58310484    0    0 1245552 913620 343750 1180271 25  9 41 26  0  0
26 25  64296 117913812 2236532 58310504    0    0 1238144 905672 347590 1175913 24  9 41 26  0  0
24 26  64296 117927908 2236532 58310524    0    0 1238608 899288 342858 1171831 25  8 41 26  0  0
procs -----------memory---------- ---swap-- -----io---- -system-- -------cpu-------
 r  b   swpd   free   buff  cache   si   so    bi    bo   in   cs us sy id wa st gu
26 26  64296 117926768 2236532 58310544    0    0 1240384 891988 340338 1168082 24  8 41 26  0  0
32 18  64296 117932360 2236532 58310568    0    0 1249104 911944 340292 1174039 24  8 41 26  0  0
21 25  64296 117904188 2236532 58310584    0    0 1153264 848072 313559 1109078 22  7 44 27  0  0
29 21  64296 117921984 2236532 58310596    0    0 1164208 839872 314087 1093952 23  8 42 28  0  0
19 29  64296 117926532 2236532 58310620    0    0 1165264 857708 317847 1090600 23  8 42 28  0  0
22 27  64296 117908156 2236532 58310636    0    0 1223392 906828 336585 1159562 24  8 41 26  0  0
20 29  64296 117919464 2236532 58310656    0    0 1250192 906128 340508 1175881 24  9 41 26  0  0
23 26  64296 117932160 2236532 58310676    0    0 1248320 911208 343450 1180132 25  8 41 26  0  0
26 21  64296 117916644 2236532 58310692    0    0 1252256 915524 350042 1177452 24  8 41 26  0  0
34 15  64296 117894112 2236532 58310712    0    0 1256576 914764 343664 1179123 24  7 42 27  0  0
29 20  64296 117948492 2236532 58310728    0    0 1246064 893152 349923 1174063 24  9 41 26  0  0
22 26  64296 117944944 2236532 58310744    0    0 1234240 898160 338653 1156862 24  8 41 26  0  0
23 28  64296 117943184 2236532 58310768    0    0 1220640 894884 331810 1184561 24  8 42 25  0  0
30 17  64296 117932608 2236532 58310784    0    0 1243120 907132 343922 1172667 24  9 41 26  0  0
37 23  64296 117922892 2236532 58310796    0    0 1106032 808832 300289 1034425 22  7 42 29  0  0
22 27  64296 117930944 2236532 58310820    0    0 1163296 859568 314070 1094111 22  8 42 28  0  0
21 25  64296 117912344 2236532 58310836    0    0 1230432 899816 330089 1153493 23  7 42 27  0  0
25 27  64296 117928600 2236532 58310848    0    0 1249120 905900 340136 1175619 24  8 41 27  0  0
31 17  64296 117945012 2236532 58310868    0    0 1254784 900956 333183 1175904 24  8 41 26  0  0
31 16  64296 117942272 2236532 58310888    0    0 1255312 909880 337843 1173170 24  9 41 26  0  0
16 32  64296 117930508 2236532 58310912    0    0 1245776 921116 340953 1172013 24  9 41 26  0  0
procs -----------memory---------- ---swap-- -----io---- -system-- -------cpu-------
 r  b   swpd   free   buff  cache   si   so    bi    bo   in   cs us sy id wa st gu
22 29  64296 117934720 2236532 58310928    0    0 1249136 894260 339098 1169330 24  9 41 27  0  0
30 22  64296 117933668 2236532 58310952    0    0 1226944 892792 338918 1171130 24  9 41 26  0  0
30 16  64296 117914380 2236532 58310964    0    0 1243776 916412 341395 1171765 24  7 42 27  0  0
29 24  64296 117931264 2236532 58310976    0    0 1247552 917832 345173 1174961 25  8 41 26  0  0
30 23  64296 117931144 2236532 58310996    0    0 1189936 875476 323410 1115922 24  8 41 27  0  0
22 27  64296 117935720 2236532 58311012    0    0 1131760 830016 303095 1062147 22  8 42 28  0  0
23 27  64296 117934036 2236532 58311036    0    0 1209600 881308 334422 1147132 24  8 41 27  0  0
23 26  64296 117934036 2236532 58311052    0    0 1243632 904780 342611 1175471 24  9 41 26  0  0
25 22  64296 117940184 2236532 58311072    0    0 1249440 903420 343240 1176938 24  9 41 26  0  0
24 24  64296 117919476 2236532 58311096    0    0 1261040 904500 340480 1179721 24  7 42 27  0  0
30 19  64296 117939340 2236532 58311192    0    0 1255488 904996 335456 1176962 24  8 41 26  0  0
30 17  64296 117942980 2236532 58311216    0    0 1242208 891756 339449 1178532 24  8 41 26  0  0
17 33  64296 117920720 2236532 58311232    0    0 1220160 907636 339184 1177531 24  9 42 26  0  0
24 27  64296 117917916 2236532 58311256    0    0 1239248 887360 332486 1164342 24  8 41 27  0  0
27 26  64296 117938756 2236532 58311280    0    0 1244064 921664 348757 1167928 24  9 41 26  0  0
18 31  64296 117946592 2236532 58311296    0    0 1198896 874508 335297 1123369 24  8 41 27  0  0
17 29  64296 117922132 2236532 58311312    0    0 1091232 769616 283192 1008719 20  6 43 30  0  0
34 17  64296 117925152 2236532 58311324    0    0 1236208 893448 334993 1162479 24  8 41 27  0  0
32 17  64296 117923628 2236532 58311344    0    0 1245232 903032 342152 1174177 24  8 41 26  0  0
18 31  64296 117918628 2236532 58311364    0    0 1247456 903248 341562 1172492 24  9 41 26  0  0
32 20  64296 117924880 2236532 58311384    0    0 1254896 916976 344915 1180046 24  9 41 26  0  0
procs -----------memory---------- ---swap-- -----io---- -system-- -------cpu-------
 r  b   swpd   free   buff  cache   si   so    bi    bo   in   cs us sy id wa st gu
22 24  64296 117947948 2236532 58311400    0    0 1257728 905396 344105 1178288 25  9 41 26  0  0
33 17  64296 117938984 2236532 58311424    0    0 1221776 893720 341339 1185508 24  8 42 26  0  0
39 23  64296 117925444 2236532 58311444    0    0 1252432 919160 339312 1174912 24  7 42 27  0  0
21 27  64296 117931476 2236536 58311452    0    0 1229056 901600 336293 1158702 24  8 41 26  0  0
31 17  64296 117918780 2236536 58311468    0    0 1235232 909832 342321 1172880 24  8 41 26  0  0
28 23  64296 117928192 2236536 58311488    0    0 1228496 892508 341127 1160482 24  9 41 26  0  0
27 18  64296 117928488 2236536 58311516    0    0 1142672 823812 312055 1070480 22  8 42 28  0  0
27 19  64296 117920380 2236536 58311532    0    0 1146176 827452 314833 1079901 23  8 42 28  0  0
23 29  64296 117914816 2236540 58311552    0    0 1215312 883256 330583 1147309 24  9 41 27  0  0
17 31  64296 117892340 2236540 58311568    0    0 1259872 892944 332283 1174833 24  7 41 27  0  0
14 36  64296 117910676 2236540 58311580    0    0 1255360 911384 341621 1182419 24  8 41 27  0  0
29 20  64296 117942904 2236540 58311604    0    0 1224496 895320 338843 1186342 25  8 42 25  0  0
28 20  64296 117921868 2236540 58311620    0    0 1242272 922456 347463 1170625 24  8 41 26  0  0
27 22  64296 117921796 2236544 58311644    0    0 1251968 908624 338326 1168625 24  9 41 26  0  0
25 22  64296 117925184 2236544 58311660    0    0 1233008 916380 332027 1160839 24  8 41 26  0  0
23 22  64296 117935932 2236544 58311684    0    0 1238272 918684 335738 1169237 24  8 41 27  0  0
23 23  64296 117930132 2236544 58311700    0    0 1252672 912240 341599 1179381 24  7 42 27  0  0
23 26  64296 117928632 2236544 58311708    0    0 1121664 809768 293896 1048783 22  7 42 29  0  0
23 24  64296 117947544 2236544 58311728    0    0 1177024 864216 315588 1097486 23  8 41 28  0  0
28 23  64296 117948660 2236544 58311756    0    0 1241824 883492 336628 1162823 24  8 41 26  0  0
16 32  64296 117937920 2236544 58311776    0    0 1243568 898460 349965 1167712 24  9 41 26  0  0
procs -----------memory---------- ---swap-- -----io---- -system-- -------cpu-------
 r  b   swpd   free   buff  cache   si   so    bi    bo   in   cs us sy id wa st gu
29 22  64296 117922520 2236544 58311796    0    0 1227408 887504 338388 1188076 24  9 42 25  0  0
27 22  64296 117919084 2236544 58311812    0    0 1248512 925800 344730 1175260 24  8 41 26  0  0
28 14  64296 117899980 2236544 58311832    0    0 1254080 906080 344349 1176129 24  8 41 27  0  0
25 27  64296 117906252 2236544 58311840    0    0 1248112 926384 337859 1166645 24  8 41 27  0  0
32 16  64296 117928064 2236544 58311860    0    0 1243040 915532 338998 1169760 24  8 41 27  0  0
27 21  64296 117932036 2236544 58311880    0    0 1236240 904880 343354 1158442 24  8 41 27  0  0
38 11  64296 117928240 2236544 58311900    0    0 1254928 899388 339648 1181139 25  8 41 26  0  0
18 30  64296 117917032 2236544 58311916    0    0 1218256 888360 341022 1143484 24  8 41 27  0  0
27 21  64296 117913720 2236544 58311940    0    0 1073456 776444 285485 997244 21  7 42 30  0  0
24 24  64296 117901552 2236544 58311956    0    0 1246720 883400 340917 1167827 24  8 42 27  0  0
28 17  64296 117901744 2236544 58311964    0    0 1226912 891764 336078 1184144 24  8 42 26  0  0
20 25  64296 117925724 2236544 58311984    0    0 1241168 921236 345335 1171158 24  9 41 26  0  0
29 17  64296 117939068 2236544 58312012    0    0 1242560 922376 361001 1173238 25  9 41 26  0  0
22 24  64296 117943004 2236544 58312028    0    0 1249696 923012 348680 1175368 24  8 41 26  0  0
27 22  64296 117940532 2236544 58312056    0    0 1244320 909516 346043 1174849 24  9 41 26  0  0
20 25  64296 117937900 2236544 58312072    0    0 1240752 917832 340718 1167451 24  9 41 26  0  0
20 28  64296 117928492 2236544 58312104    0    0 1244816 899076 341092 1166117 24  8 41 27  0  0
30 26  64296 117917240 2236544 58312124    0    0 1253152 906024 342839 1173191 24  7 42 27  0  0
28 22  64296 117917012 2236544 58312140    0    0 1251920 910424 344428 1173742 24  8 41 26  0  0
18 33  64296 117923972 2236544 58312156    0    0 1109072 784376 299323 1034413 22  7 42 29  0  0
32 15  64296 117922064 2236544 58312176    0    0 1171904 852564 321186 1113445 23  8 42 27  0  0
procs -----------memory---------- ---swap-- -----io---- -system-- -------cpu-------
 r  b   swpd   free   buff  cache   si   so    bi    bo   in   cs us sy id wa st gu
28 21  64296 117928564 2236544 58312196    0    0 1233600 914616 340497 1174201 24  9 41 26  0  0
23 20  64296 117926872 2236548 58312216    0    0 1242672 912236 340207 1169930 24  8 41 26  0  0
27 25  64296 117923684 2236548 58312240    0    0 1257376 926140 343992 1176725 24  8 41 27  0  0
22 30  64296 117926260 2236548 58312252    0    0 1253776 916284 348942 1179081 24  8 41 27  0  0
22 28  64296 117929468 2236548 58312264    0    0 1255136 899096 345184 1182767 24  9 41 26  0  0
15 35  64296 117936456 2236548 58312288    0    0 1245744 922732 353370 1172856 25  9 41 26  0  0
23 30  64296 117939784 2236548 58312316    0    0 1248640 894108 342820 1174180 24  9 41 26  0  0
17 33  64296 117923908 2236548 58312404    0    0 1239648 907732 342298 1154423 24  8 41 27  0  0
16 35  64296 117919268 2236548 58312424    0    0 1249568 916844 341382 1167826 24  9 41 26  0  0
14 32  64296 117910708 2236548 58312436    0    0 1089616 769612 292718 1028768 21  7 43 29  0  0
22 30  64296 117907144 2236548 58312456    0    0 1185952 837892 319342 1126560 23  7 42 27  0  0
28 32  64296 117912188 2236548 58312468    0    0 1243680 887400 352788 1176139 25  8 41 26  0  0
11 38  64296 117926236 2236548 58312488    0    0 1237328 913116 350143 1173855 24  9 41 26  0  0
15 36  64296 117931856 2236548 58312504    0    0 1249472 921916 344189 1173647 24  9 41 26  0  0
18 31  64296 117928640 2236548 58312520    0    0 1250816 904656 335607 1181196 24  9 41 26  0  0
24 31  64296 117923240 2236548 58312548    0    0 1257408 904884 332622 1178482 24  9 41 26  0  0
 9 36  64296 117910804 2236548 58312572    0    0 1245888 923236 340837 1170430 24  8 41 27  0  0
21 27  64296 117903516 2236548 58312584    0    0 1255056 900688 330691 1173530 24  7 42 27  0  0
17 34  64296 117919616 2236548 58312596    0    0 1235408 902912 337488 1165317 24  8 41 26  0  0
21 30  64296 117923808 2236548 58312616    0    0 1233984 899012 340690 1169391 24  9 41 26  0  0
14 33  64296 117928828 2236548 58312640    0    0 1189504 856728 329571 1140243 24  8 42 26  0  0
procs -----------memory---------- ---swap-- -----io---- -system-- -------cpu-------
 r  b   swpd   free   buff  cache   si   so    bi    bo   in   cs us sy id wa st gu
36 19  64296 117936400 2236548 58312656    0    0 1111776 788624 297876 1042141 22  8 42 29  0  0
22 29  64296 117930640 2236548 58312676    0    0 1192832 880416 329238 1125404 24  8 41 27  0  0
18 33  64296 117923744 2236548 58312696    0    0 1239856 914640 341691 1170598 24  8 41 26  0  0
19 15  64296 117894160 2236548 58312708    0    0 1250080 911004 339712 1173456 24  7 42 27  0  0
23 24  64296 117900028 2236548 58312724    0    0 1244816 915448 350036 1177814 24  9 41 26  0  0
29 18  64296 117901824 2236548 58312748    0    0 1243728 919136 347168 1169883 25  8 41 26  0  0
20 27  64296 117914564 2236548 58312764    0    0 1239952 906940 344901 1170326 25  9 41 26  0  0
36 22  64296 117910656 2236548 58312784    0    0 1244704 907556 350483 1171885 24  9 41 26  0  0
34 15  64296 117916032 2236548 58312804    0    0 1241648 893308 351582 1170178 24  9 41 26  0  0
26 25  64296 117902940 2236548 58312824    0    0 1197472 898260 333021 1163645 24  8 42 26  0  0
25 21  64296 117887440 2236548 58312844    0    0 1247648 905800 334573 1165762 24  7 42 27  0  0
27 24  64296 117903036 2236548 58312856    0    0 1082032 780656 291550 1011749 21  7 42 29  0  0
21 30  64296 117902024 2236548 58312872    0    0 1190288 879920 321689 1125640 23  8 41 27  0  0
30 19  64296 117904932 2236548 58312900    0    0 1242288 916264 345569 1173381 25  9 41 26  0  0
37 19  64296 117913100 2236548 58312916    0    0 1237888 897832 347384 1166705 24  9 41 26  0  0
32 17  64296 117908884 2236548 58312940    0    0 1250592 917148 345641 1176447 24  9 41 26  0  0
33 13  64296 117913064 2236548 58312960    0    0 1246720 923756 350604 1176405 24  9 41 26  0  0
30 19  64296 117895492 2236548 58312984    0    0 1253840 903804 345684 1171754 24  7 42 27  0  0
27 19  64296 117884620 2236548 58312992    0    0 1256768 908128 355115 1177992 25  8 41 26  0  0
21 29  64296 117908996 2236548 58313012    0    0 1216448 898380 341378 1175799 24  8 42 26  0  0
34 17  64296 117912604 2236548 58313032    0    0 1233744 913960 341766 1161187 24  9 41 26  0  0
procs -----------memory---------- ---swap-- -----io---- -system-- -------cpu-------
 r  b   swpd   free   buff  cache   si   so    bi    bo   in   cs us sy id wa st gu
23 28  64296 117921664 2236548 58313056    0    0 1231456 899348 346702 1155401 24  9 41 27  0  0
27 22  64296 117932848 2236548 58313072    0    0 1133296 825604 301599 1059579 22  8 42 29  0  0
18 30  64296 117936676 2236548 58313096    0    0 1163568 860088 311766 1089897 22  8 42 28  0  0
14 36  64296 117910560 2236548 58313112    0    0 1199680 867536 327234 1129235 23  7 42 28  0  0
25 25  64296 117919828 2236548 58313124    0    0 1244112 905364 339121 1176199 25  8 41 26  0  0
34 16  64296 117924360 2236548 58313148    0    0 1258416 894932 342137 1179590 25  9 41 26  0  0
24 25  64296 117921708 2236548 58313164    0    0 1248032 929216 342266 1170011 24  9 41 26  0  0
31 15  64296 117939828 2236548 58313180    0    0 1249296 896344 339320 1179518 24  8 41 26  0  0
30 20  64296 117925520 2236548 58313200    0    0 1226032 893456 349820 1176557 24  9 41 26  0  0
27 24  64296 117933852 2236548 58313220    0    0 1241344 922376 351086 1170775 24  9 41 26  0  0
23 22  64296 117925844 2236548 58313240    0    0 1255056 912868 342127 1176143 24  7 42 27  0  0
29 16  64296 117923492 2236548 58313248    0    0 1229968 907704 339305 1151826 24  8 41 27  0  0
14 32  64296 117933296 2236548 58313268    0    0 1208912 879628 328832 1129651 23  8 41 27  0  0
18 29  64296 117926848 2236548 58313288    0    0 1100448 801472 295247 1026720 21  7 42 29  0  0
27 23  64296 117917612 2236552 58313308    0    0 1235936 898092 341484 1159778 24  8 41 27  0  0
29 15  64296 117925392 2236552 58313332    0    0 1248384 896664 340836 1177228 24  9 41 26  0  0
18 29  64296 117931664 2236552 58313356    0    0 1243488 909336 351214 1170285 24  9 41 26  0  0
23 28  64296 117921036 2236552 58313376    0    0 1255776 924968 340796 1179253 24  7 42 27  0  0
29 19  64296 117920832 2236552 58313388    0    0 1236304 890964 344352 1182543 25  8 41 26  0  0
28 23  64296 117936204 2236556 58313396    0    0 1241184 899908 335992 1179385 24  9 41 26  0  0
27 25  64296 117928952 2236556 58313428    0    0 1246496 925480 338787 1172666 24  9 41 26  0  0
procs -----------memory---------- ---swap-- -----io---- -system-- -------cpu-------
 r  b   swpd   free   buff  cache   si   so    bi    bo   in   cs us sy id wa st gu
29 19  64296 117912748 2236556 58313444    0    0 1246352 905384 342904 1177105 24  8 41 26  0  0
27 23  64296 117937772 2236556 58313464    0    0 1234304 919952 338787 1165441 24  8 41 27  0  0
24 27  64296 117917200 2236556 58313480    0    0 1168608 841848 318717 1099693 23  8 41 28  0  0
18 30  64296 117911868 2236560 58313496    0    0 1155008 849660 314174 1080146 22  7 42 28  0  0
24 23  64296 117903572 2236560 58313588    0    0 1177504 846564 317326 1101801 23  7 42 28  0  0
16 32  64296 117913944 2236560 58313608    0    0 1254048 910332 345358 1175469 24  9 41 26  0  0
17 35  64296 117922160 2236560 58313628    0    0 1249632 896204 338975 1172719 24  9 41 26  0  0
25 19  64296 117905288 2236560 58313644    0    0 1241840 909896 345588 1175041 24  9 41 26  0  0
20 29  64296 117915856 2236564 58313664    0    0 1224160 899368 347162 1172900 24  9 41 26  0  0
28 21  64296 117914808 2236564 58313692    0    0 1252048 906596 345853 1168745 24  8 41 27  0  0
29 19  64296 117912480 2236564 58313712    0    0 1248992 928652 346204 1173774 24  8 41 27  0  0
25 22  64296 117912060 2236564 58313720    0    0 1246208 918260 337578 1169612 24  8 41 27  0  0
43 21  64296 117919096 2236564 58313736    0    0 1242976 913584 342231 1172145 24  9 41 26  0  0
24 23  64296 117941868 2236564 58313756    0    0 1215936 898604 338735 1143222 24  8 41 27  0  0
21 28  64296 117915832 2236564 58313780    0    0 1146080 819376 308523 1073968 22  8 42 28  0  0
37 24  64296 117928212 2236564 58313796    0    0 1160976 842844 313516 1088885 23  8 42 28  0  0
24 26  64296 117931488 2236564 58313812    0    0 1198912 872224 324794 1130050 23  8 41 27  0  0
27 22  64296 117918088 2236564 58313836    0    0 1249120 921352 341567 1174082 24  8 42 27  0  0
28 24  64296 117907456 2236564 58313844    0    0 1223248 890068 343110 1188003 24  8 42 26  0  0
31 18  64296 117918660 2236564 58313864    0    0 1253712 914872 339956 1179523 24  9 41 26  0  0
37 16  64296 117930044 2236564 58313884    0    0 1251216 904996 341475 1174579 24  9 41 26  0  0
procs -----------memory---------- ---swap-- -----io---- -system-- -------cpu-------
 r  b   swpd   free   buff  cache   si   so    bi    bo   in   cs us sy id wa st gu
15 36  64296 117925732 2236564 58313900    0    0 1243120 933624 345019 1165599 24  9 41 26  0  0
29 18  64296 117912128 2236564 58313924    0    0 1249360 909208 353444 1175534 24  9 41 26  0  0
26 24  64296 117925412 2236564 58313940    0    0 1254944 905740 353039 1176466 24  9 41 26  0  0
19 31  64296 117923132 2236564 58313960    0    0 1207424 885272 330773 1142078 23  7 42 27  0  0
21 30  64296 117933900 2236564 58313972    0    0 1182000 853796 314718 1109731 23  7 42 28  0  0
21 31  64296 117921276 2236564 58313988    0    0 1165648 840268 316554 1096496 23  8 42 28  0  0
26 21  64296 117924012 2236564 58314016    0    0 1189152 844264 322746 1113148 23  8 42 28  0  0
23 23  64296 117929388 2236564 58314032    0    0 1216864 902016 338069 1175284 24  9 42 26  0  0
32 14  64296 117936744 2236564 58314056    0    0 1250496 900252 339935 1173513 25  8 41 26  0  0
23 26  64296 117945960 2236564 58314076    0    0 1244320 919936 348665 1169262 24  9 41 26  0  0
33 28  64296 117930984 2236564 58314100    0    0 1248240 924588 339191 1173060 24  8 42 27  0  0
27 20  64296 117916576 2236564 58314108    0    0 1247616 919952 346918 1170754 24  7 42 27  0  0
16 35  64296 117923500 2236564 58314120    0    0 1252688 909544 340418 1178589 25  9 41 26  0  0
22 25  64296 117922404 2236564 58314144    0    0 1248512 907236 341141 1174760 24  9 41 26  0  0
18 31  64296 117915728 2236564 58314164    0    0 1211792 884604 333182 1136406 24  8 41 27  0  0
23 24  64296 117929088 2236564 58314192    0    0 1158464 835452 313997 1086527 22  8 42 28  0  0
30 19  64296 117935288 2236564 58314208    0    0 1233936 891632 339893 1153262 24  8 41 27  0  0
20 25  64296 117910872 2236564 58314228    0    0 1121424 807680 303286 1077957 22  7 43 28  0  0
26 23  64296 117903360 2236564 58314240    0    0 1230640 910852 338284 1161620 24  7 42 27  0  0
31 19  64296 117931732 2236564 58314256    0    0 1245216 905332 353520 1178013 25  9 41 26  0  0
29 20  64296 117935552 2236564 58314276    0    0 1242352 928548 343650 1170252 24  9 40 27  0  0
procs -----------memory---------- ---swap-- -----io---- -system-- -------cpu-------
 r  b   swpd   free   buff  cache   si   so    bi    bo   in   cs us sy id wa st gu
14 34  64296 117917424 2236564 58314296    0    0 1243312 920496 339978 1171968 24  9 41 26  0  0
40 25  64296 117915840 2236564 58314312    0    0 1248336 905308 339682 1172539 24  9 41 26  0  0
27 24  64296 117919864 2236564 58314332    0    0 1246560 902612 346154 1169821 24  9 41 26  0  0
28 20  64296 117923276 2236564 58314356    0    0 1257824 917876 342883 1180997 24  8 41 27  0  0
27 24  64296 117906472 2236564 58314368    0    0 1252096 930332 343157 1170344 24  7 42 27  0  0
19 29  64296 117920984 2236564 58314384    0    0 1198352 864676 322673 1122317 23  8 41 28  0  0
23 22  64296 117924872 2236564 58314404    0    0 1150624 828424 315204 1090089 22  8 42 28  0  0
24 20  64296 117930808 2236568 58314452    0    0 1170432 846188 315023 1109181 23  8 42 27  0  0
30 27  64296 117924504 2236568 58314476    0    0 1206432 896156 328695 1131508 24  8 41 27  0  0
30 19  64296 117915692 2236568 58314492    0    0 1250048 911728 349348 1178900 25  8 41 26  0  0
24 22  64296 117910484 2236568 58314508    0    0 1242144 924756 343829 1174486 24  8 41 26  0  0
34 18  64296 117889312 2236568 58314524    0    0 1248704 929652 344636 1171808 24  7 42 27  0  0
29 23  64296 117917372 2236568 58314540    0    0 1246704 910644 344735 1173466 25  8 41 26  0  0
14 36  64296 117921728 2236568 58314560    0    0 1256880 904764 344203 1181811 25  9 41 26  0  0
11 38  64296 117929996 2236568 58314580    0    0 1250000 907220 349328 1181893 25  9 41 26  0  0
22 30  64296 117937796 2236568 58314596    0    0 1243408 911756 339019 1169570 24  8 41 26  0  0
30 17  64296 117935460 2236568 58314616    0    0 1164704 833856 316027 1097484 23  8 42 28  0  0
32 15  64296 117917208 2236568 58314644    0    0 1172672 863592 323424 1128164 23  8 42 27  0  0
24 21  64296 117898364 2236568 58314660    0    0 1147040 843044 308474 1067680 22  6 43 29  0  0
33 20  64296 117923924 2236568 58314668    0    0 1226096 883112 328592 1150037 24  8 41 27  0  0
44 18  64296 117924888 2236568 58314688    0    0 1242032 919888 342270 1163901 24  8 41 26  0  0
procs -----------memory---------- ---swap-- -----io---- -system-- -------cpu-------
 r  b   swpd   free   buff  cache   si   so    bi    bo   in   cs us sy id wa st gu
26 22  64296 117923352 2236568 58314704    0    0 1250144 906744 341804 1171377 24  9 41 26  0  0
18 31  64296 117939408 2236568 58314800    0    0 1248704 921496 334846 1171286 24  9 41 27  0  0
23 27  64296 117926124 2236568 58314828    0    0 1248896 919752 339543 1167982 24  8 41 27  0  0
25 25  64296 117922700 2236568 58314848    0    0 1260016 907828 340817 1173706 24  8 41 26  0  0
26 21  64296 117902968 2236568 58314860    0    0 1257584 925968 341539 1173597 24  7 42 27  0  0
19 31  64296 117917436 2236568 58314872    0    0 1252464 905252 345083 1176210 25  8 41 26  0  0
23 27  64296 117912668 2236568 58314892    0    0 1183040 862120 329120 1149769 24  8 42 26  0  0
23 26  64296 117928700 2236568 58314908    0    0 1178400 852244 316463 1106136 23  8 41 28  0  0
31 25  64296 117924660 2236568 58314932    0    0 1184224 869080 323284 1113762 23  8 42 27  0  0
22 27  64296 117921368 2236568 58314948    0    0 1162160 858744 312231 1085177 22  8 42 28  0  0
22 28  64296 117936380 2236568 58314964    0    0 1248208 905136 352065 1177781 24  9 41 26  0  0
25 23  64296 117922248 2236568 58314988    0    0 1253856 901456 345434 1179150 24  7 42 27  0  0
20 28  64296 117931840 2236568 58314996    0    0 1243520 927988 344465 1167830 24  8 41 26  0  0
24 26  64296 117935916 2236568 58315016    0    0 1251568 897496 341742 1177937 24  9 41 26  0  0
30 18  64296 117940616 2236568 58315036    0    0 1249872 911796 344593 1176724 24  9 41 26  0  0
25 27  64296 117925536 2236568 58315056    0    0 1251200 908316 345849 1177954 25  8 41 26  0  0
22 29  64296 117918940 2236568 58315072    0    0 1221360 895972 337395 1178199 24  9 42 25  0  0
30 16  64296 117915844 2236568 58315100    0    0 1242464 892612 335954 1161147 24  8 41 27  0  0
41 24  64296 117894632 2236568 58315124    0    0 1130880 836660 299311 1057791 21  6 43 30  0  0
11 37  64296 117911288 2236568 58315132    0    0 1174272 873572 319578 1099163 23  8 42 28  0  0
24 27  64296 117923904 2236568 58315156    0    0 1194208 866480 324386 1118665 23  8 41 28  0  0
procs -----------memory---------- ---swap-- -----io---- -system-- -------cpu-------
 r  b   swpd   free   buff  cache   si   so    bi    bo   in   cs us sy id wa st gu
25 22  64296 117919392 2236568 58315168    0    0 1250624 901592 348013 1175106 24  9 41 26  0  0
32 16  64296 117910416 2236568 58315188    0    0 1245168 892356 343717 1170572 24  9 41 26  0  0
26 25  64296 117931668 2236568 58315216    0    0 1238816 916296 338831 1170921 24  9 41 26  0  0
23 24  64296 117937752 2236568 58315236    0    0 1247152 907560 338271 1172527 24  9 41 26  0  0
15 31  64296 117915068 2236568 58315256    0    0 1259248 899120 343579 1180097 24  7 42 27  0  0
27 25  64296 117911432 2236572 58315260    0    0 1223952 915988 334477 1179616 24  8 42 26  0  0
14 35  64296 117919164 2236572 58315284    0    0 1244800 907060 354815 1173100 25  8 41 26  0  0
24 25  64296 117932848 2236572 58315312    0    0 1242544 911404 343965 1164826 24  8 41 26  0  0
27 17  64296 117927852 2236572 58315332    0    0 1166448 851768 313795 1093200 23  8 42 28  0  0
24 22  64296 117916196 2236572 58315352    0    0 1175440 875636 321860 1100551 23  8 41 28  0  0
35 18  64296 117908100 2236572 58315368    0    0 1148784 826664 307464 1077480 22  8 42 28  0  0
17 29  64296 117900844 2236572 58315388    0    0 1236128 901880 337362 1159092 24  7 42 27  0  0
20 28  64296 117918880 2236572 58315404    0    0 1249088 919372 342002 1170674 24  8 41 27  0  0
17 34  64296 117927312 2236572 58315424    0    0 1249760 912480 345840 1173010 24  8 41 27  0  0
28 22  64296 117940200 2236572 58315428    0    0 1252000 898824 346775 1174285 25  8 41 26  0  0
27 22  64296 117939036 2236572 58315444    0    0 1226592 889324 337521 1183096 24  9 42 25  0  0
23 29  64296 117922772 2236572 58315460    0    0 1252848 917588 342569 1175720 24  9 41 26  0  0
26 25  64296 117930512 2236572 58315480    0    0 1259008 905880 346532 1177598 25  9 41 26  0  0
25 22  64296 117913072 2236572 58315504    0    0 1244464 922460 341527 1168625 24  8 42 27  0  0
16 36  64296 117918988 2236572 58315512    0    0 1189520 879644 323872 1116052 23  7 42 28  0  0
22 26  64296 117908584 2236576 58315524    0    0 1183888 855000 323101 1112489 23  8 41 28  0  0
procs -----------memory---------- ---swap-- -----io---- -system-- -------cpu-------
 r  b   swpd   free   buff  cache   si   so    bi    bo   in   cs us sy id wa st gu
25 27  64296 117920196 2236576 58315552    0    0 1157808 819516 313217 1081419 22  8 42 28  0  0
26 24  64296 117939536 2236576 58315568    0    0 1237792 889392 340830 1159258 24  8 41 27  0  0
32 23  64296 117925148 2236576 58315592    0    0 1250448 921612 343632 1170629 24  9 41 26  0  0
31 17  64296 117920540 2236576 58315612    0    0 1254048 908508 345541 1177788 24  9 41 26  0  0
19 28  64296 117918036 2236576 58315628    0    0 1239968 902788 338816 1184544 24  8 42 26  0  0
33 13  64296 117927576 2236576 58315636    0    0 1245760 906200 339921 1178027 24  8 42 26  0  0
21 25  64296 117927136 2236576 58315656    0    0 1247584 920976 345640 1170419 24  9 41 26  0  0
19 32  64296 117935436 2236576 58315680    0    0 1246656 924900 343748 1174918 24  9 41 26  0  0
24 25  64296 117929212 2236576 58315696    0    0 1247584 915144 341385 1174363 24  8 41 26  0  0
28 22  64296 117900444 2236576 58315716    0    0 1187632 867500 333213 1113895 23  8 41 27  0  0
22 29  64296 117906696 2236576 58315736    0    0 1183712 858336 320410 1104413 23  8 41 28  0  0
26 21  64296 117908828 2236576 58315752    0    0 1125520 814276 305826 1046047 21  7 47 25  0  0
23 27  64296 117912552 2236576 58315768    0    0 1157520 827008 304178 1071730 22  7 42 29  0  0
36 15  64296 117920244 2236576 58315788    0    0 1247728 922268 345773 1167263 24  9 41 26  0  0
37 21  64296 117911756 2236576 58315800    0    0 1229088 892060 343158 1167916 24  9 42 25  0  0
27 17  64296 117910380 2236576 58315824    0    0 1240592 910248 348248 1166090 24  8 41 26  0  0
30 24  64296 117922484 2236576 58315840    0    0 1249392 918528 338989 1171165 24  9 41 27  0  0
27 38  64296 117935228 2236576 58315864    0    0 1249584 914768 345567 1177429 24  9 40 27  0  0
19 32  64296 117934604 2236576 58315884    0    0 1252624 914568 342553 1187031 24  8 41 26  0  0
27 22  64296 117918524 2236576 58315960    0    0 1261488 912480 351603 1183351 24  8 41 27  0  0
14 34  64296 117923272 2236576 58315976    0    0 1214720 892880 327857 1144702 24  8 41 27  0  0
procs -----------memory---------- ---swap-- -----io---- -system-- -------cpu-------
 r  b   swpd   free   buff  cache   si   so    bi    bo   in   cs us sy id wa st gu
23 28  64296 117919268 2236576 58316000    0    0 1173312 860224 321891 1113913 23  8 41 28  0  0
25 24  64296 117917492 2236576 58316020    0    0 1144992 822580 305214 1084705 22  8 42 28  0  0
22 31  64296 117921800 2236576 58316048    0    0 1124736 796696 297489 1061900 22  8 42 29  0  0
38 15  64296 117928472 2236576 58316072    0    0 1111280 805360 293931 1040819 21  7 42 29  0  0
12 35  64296 117918048 2236576 58316092    0    0 1132512 813692 304109 1090479 22  8 43 28  0  0
26 23  64296 117918164 2236576 58316104    0    0 1168688 841864 314545 1093033 22  7 42 29  0  0
15 32  64296 117915320 2236576 58316120    0    0 1179296 848968 317559 1116721 23  8 41 28  0  0
29 19  64296 117923788 2236576 58316140    0    0 1126560 855536 304748 1063896 22  8 42 28  0  0
28 21  64296 117922384 2236576 58316164    0    0 1170048 859472 319241 1113251 23  8 42 27  0  0
20 27  64296 117924248 2236576 58316184    0    0 1152176 829312 310938 1088501 22  8 42 28  0  0
20 31  64296 117924536 2236576 58316200    0    0 1155472 827276 315137 1085029 22  8 41 29  0  0
32 20  64296 117922284 2236576 58316216    0    0 1129520 823600 302398 1072866 22  7 42 29  0  0
37 29  64296 117913712 2236576 58316236    0    0 1168384 848524 311464 1101906 22  7 42 29  0  0
31 17  64296 117932852 2236576 58316248    0    0 1168720 837176 314953 1099051 23  8 41 28  0  0
19 27  64296 117920600 2236576 58316268    0    0 1070896 774872 283155 1001748 21  7 42 30  0  0
36 14  64296 117921740 2236576 58316284    0    0 1122032 800024 303357 1088129 22  8 43 27  0  0
27 19  64296 117926128 2236576 58316304    0    0 1177408 856948 320686 1109426 23  8 41 28  0  0
14 35  64296 117919480 2236576 58316328    0    0 1213568 890400 331503 1152818 24  9 41 27  0  0
25 24  64296 117918708 2236576 58316348    0    0 1196672 910876 333034 1134290 23  8 41 28  0  0
18 31  64296 117900240 2236576 58316360    0    0 1210336 885680 330400 1145480 23  7 42 28  0  0
23 26  64296 117918944 2236576 58316372    0    0 1220912 880208 332467 1154178 23  8 41 27  0  0
procs -----------memory---------- ---swap-- -----io---- -system-- -------cpu-------
 r  b   swpd   free   buff  cache   si   so    bi    bo   in   cs us sy id wa st gu
27 28  64296 117918924 2236580 58316384    0    0 1206976 877964 339420 1149147 24  8 41 27  0  0
30 18  64296 117918820 2236580 58316420    0    0 1211536 891720 338844 1150828 24  8 41 27  0  0
17 29  64296 117920860 2236580 58316436    0    0 1214944 879488 329225 1147200 24  8 41 27  0  0
30 16  64296 117934496 2236580 58316456    0    0 1194528 865908 334120 1138168 24  8 41 27  0  0
17 32  64296 117927784 2236580 58316476    0    0 1177616 873120 321912 1118244 23  8 42 27  0  0
32 28  64296 117908876 2236584 58316492    0    0 1105952 815976 298365 1068076 21  6 44 29  0  0
23 22  64296 117917956 2236584 58316516    0    0 1181184 855984 326052 1115636 23  8 41 28  0  0
18 31  64296 117931508 2236584 58316540    0    0 1214352 901448 336351 1147093 24  8 41 27  0  0
27 25  64296 117920244 2236584 58316556    0    0 1207632 900300 328103 1145140 23  8 41 27  0  0
24 31  64296 117912976 2236584 58316576    0    0 1214768 881304 334896 1146074 24  8 41 27  0  0
34 13  64296 117931620 2236588 58316592    0    0 1210592 874140 327454 1154048 24  8 41 27  0  0
18 31  64296 117924712 2236588 58316624    0    0 1242512 911804 339012 1169516 24  8 41 27  0  0
26 21  64296 117896328 2236588 58316644    0    0 1263264 926020 339176 1183245 24  7 42 27  0  0
17 30  64296 117897500 2236588 58316652    0    0 1248272 907004 350936 1180980 25  9 40 26  0  0
22 27  64296 117897484 2236588 58316672    0    0 1236544 886684 345966 1164807 24  8 41 26  0  0
28 25  64296 117910796 2236588 58316692    0    0 1198480 900740 336417 1173585 24  9 42 26  0  0
23 28  64296 117894212 2236588 58316716    0    0 1206736 882712 338009 1144023 24  8 41 27  0  0
24 27  64296 117907280 2236588 58316740    0    0 1168400 841992 314131 1104363 23  8 42 28  0  0
26 25  64296 117912592 2236588 58316760    0    0 1239232 921300 341708 1180415 24  9 41 26  0  0
25 25  64296 117905248 2236588 58316784    0    0 1248352 919444 339784 1184304 24  7 42 27  0  0
11 37  64296 117904180 2236588 58316792    0    0 1253312 903128 340439 1185466 25  9 40 26  0  0
procs -----------memory---------- ---swap-- -----io---- -system-- -------cpu-------
 r  b   swpd   free   buff  cache   si   so    bi    bo   in   cs us sy id wa st gu
27 22  64296 117912956 2236588 58316812    0    0 1253312 909680 348030 1177491 25  9 40 26  0  0
26 25  64296 117914676 2236588 58316828    0    0 1245360 926852 339955 1178735 24  9 41 26  0  0
14 33  64296 117904892 2236588 58316848    0    0 1260448 903936 345142 1186088 24  9 41 26  0  0
28 20  64296 117909260 2236588 58316864    0    0 1250272 913808 348069 1181674 24  9 41 26  0  0
20 29  64296 117902644 2236592 58316880    0    0 1210608 892772 343419 1179692 24  9 41 26  0  0
23 26  64296 117893368 2236592 58316900    0    0 1226960 912504 333033 1161230 23  7 42 28  0  0
27 28  64296 117895664 2236592 58316920    0    0 1204752 876452 324617 1133780 23  8 41 28  0  0
18 30  64296 117918236 2236592 58316944    0    0 1153552 860604 315477 1092062 23  8 41 28  0  0
21 27  64296 117896260 2236592 58316960    0    0 1251040 908584 339229 1177371 24  8 41 26  0  0
34 17  64296 117924072 2236592 58316980    0    0 1246176 919636 342661 1176761 24  9 41 26  0  0
31 21  64296 117923652 2236592 58317000    0    0 1249568 914056 337717 1180116 24  9 41 26  0  0
33 23  64296 117936844 2236592 58317020    0    0 1247840 900624 344022 1186093 24  9 41 26  0  0
20 29  64296 117910676 2236592 58317044    0    0 1255664 918060 336675 1182433 24  7 42 27  0  0
15 34  64296 117916036 2236592 58317052    0    0 1258576 911464 345494 1189638 25  8 41 26  0  0
15 35  64296 117916604 2236592 58317068    0    0 1225808 890240 342526 1194611 24  9 41 25  0  0
27 22  64296 117918940 2236592 58317088    0    0 1240880 900660 354488 1177547 25  9 40 26  0  0
20 30  64296 117918612 2236592 58317204    0    0 1224560 902584 336755 1165216 24  8 41 27  0  0
20 32  64296 117914036 2236592 58317224    0    0 1234704 913016 340512 1170483 24  9 41 27  0  0
28 32  64296 117899376 2236592 58317248    0    0 1186848 854316 320083 1126005 23  8 41 27  0  0
31 31  64296 117890956 2236592 58317268    0    0 1179104 880640 316097 1117500 22  7 42 28  0  0
21 27  64296 117910976 2236592 58317272    0    0 1255968 899832 345573 1189094 24  8 41 26  0  0
procs -----------memory---------- ---swap-- -----io---- -system-- -------cpu-------
 r  b   swpd   free   buff  cache   si   so    bi    bo   in   cs us sy id wa st gu
21 30  64296 117915728 2236592 58317292    0    0 1237904 909724 345849 1171148 24  9 41 26  0  0
18 35  64296 117921024 2236592 58317316    0    0 1245360 893552 347885 1175514 24  9 41 26  0  0
15 33  64296 117902416 2236592 58317336    0    0 1246192 915968 347630 1178720 25  9 40 26  0  0
29 20  64296 117905808 2236592 58317352    0    0 1237712 888796 347460 1192165 25  9 41 26  0  0
25 26  64296 117918196 2236592 58317368    0    0 1241840 898524 341512 1190480 24  9 41 26  0  0
19 31  64296 117898232 2236592 58317392    0    0 1241728 924040 337917 1167112 24  8 42 27  0  0
24 27  64296 117893460 2236592 58317408    0    0 1237088 897836 342161 1166159 24  8 41 27  0  0
20 30  64296 117915948 2236592 58317420    0    0 1223168 905920 337698 1165913 24  9 41 26  0  0
23 29  64296 117915636 2236592 58317440    0    0 1163920 838572 317890 1100918 23  8 41 28  0  0
26 25  64296 117922032 2236592 58317456    0    0 1206720 890344 335445 1153214 24  8 41 27  0  0
33 17  64296 117906016 2236592 58317484    0    0 1252256 906336 345554 1182389 25  9 41 26  0  0
25 27  64296 117916352 2236592 58317500    0    0 1249872 899396 343472 1193479 25  9 41 26  0  0
12 29  64296 117919656 2236592 58317520    0    0 1238656 925200 351577 1175796 24  8 41 27  0  0
27 21  64296 117907768 2236592 58317532    0    0 1252352 902256 352932 1181119 25  8 41 27  0  0
30 19  64296 117922212 2236592 58317548    0    0 1228928 894680 338574 1196307 24  9 41 25  0  0
28 24  64296 117912608 2236592 58317572    0    0 1250144 916956 347630 1181805 25  9 41 26  0  0
23 26  64296 117914184 2236592 58317588    0    0 1239168 927604 344338 1172094 24  9 41 27  0  0
16 34  64296 117914984 2236592 58317604    0    0 1237760 916616 338938 1168874 24  9 41 26  0  0
16 37  64296 117913380 2236592 58317628    0    0 1227584 889180 336169 1159650 24  8 41 27  0  0
28 19  64296 117916796 2236592 58317648    0    0 1235584 897024 336131 1165919 24  8 41 27  0  0
33 20  64296 117911528 2236592 58317660    0    0 1145024 846616 307967 1077865 22  7 42 29  0  0
procs -----------memory---------- ---swap-- -----io---- -system-- -------cpu-------
 r  b   swpd   free   buff  cache   si   so    bi    bo   in   cs us sy id wa st gu
49 17  64296 117936516 2236592 58317676    0    0 1229984 900376 339753 1159614 24  9 41 27  0  0
32 22  64296 117921640 2236592 58317696    0    0 1252752 906004 343599 1184838 24  9 41 26  0  0
26 22  64296 117930948 2236592 58317716    0    0 1239120 916848 348146 1171298 24  9 41 27  0  0
29 22  64296 117920500 2236592 58317736    0    0 1223936 893816 338420 1191700 24  9 42 26  0  0
35 13  64296 117923424 2236592 58317756    0    0 1254336 915364 348400 1185461 24  9 41 26  0  0
26 24  64296 117913128 2236592 58317784    0    0 1254336 918276 350295 1187407 24  8 41 27  0  0
18 34  64296 117894692 2236592 58317796    0    0 1240752 940504 345925 1176066 24  7 42 27  0  0
18 34  64296 117905432 2236592 58317816    0    0 1239392 909768 344880 1180534 24  9 41 27  0  0
26 24  64296 117925628 2236592 58317840    0    0 1218400 888596 334930 1163614 24  8 41 27  0  0
30 17  64296 117920308 2236592 58317856    0    0 1240560 912840 335404 1170967 24  8 41 27  0  0
32 18  64296 117934000 2236592 58317876    0    0 1183168 842864 319922 1111844 23  8 41 28  0  0
26 20  64296 117925284 2236592 58317900    0    0 1205984 873044 328643 1138277 23  8 41 27  0  0
16 35  64296 117925020 2236592 58317912    0    0 1253280 910812 347955 1185319 24  8 41 26  0  0
24 21  64296 117930132 2236592 58317932    0    0 1211856 911476 340743 1178800 24  7 43 26  0  0
32 18  64296 117923720 2236592 58317940    0    0 1245344 901800 343385 1172916 24  9 41 26  0  0
26 24  64296 117910556 2236592 58317964    0    0 1251040 911248 345487 1182255 24  9 41 26  0  0
29 22  64296 117909228 2236592 58317980    0    0 1245680 927484 346867 1188771 24  9 41 26  0  0
28 20  64296 117907480 2236592 58318008    0    0 1242912 926728 343532 1179156 24  8 41 27  0  0
33 17  64296 117918456 2236596 58318056    0    0 1242128 900812 353614 1175582 24  9 41 26  0  0
21 23  64296 117914620 2236596 58318080    0    0 1230464 903396 339380 1169192 24  8 41 27  0  0
25 24  64296 117893444 2236596 58318100    0    0 1234112 916392 336165 1165075 23  7 42 27  0  0
procs -----------memory---------- ---swap-- -----io---- -system-- -------cpu-------
 r  b   swpd   free   buff  cache   si   so    bi    bo   in   cs us sy id wa st gu
17 31  64296 117900388 2236596 58318112    0    0 1193408 865392 329610 1125580 23  8 41 27  0  0
32 20  64296 117924012 2236596 58318136    0    0 1182512 854732 318695 1108311 23  8 42 28  0  0
21 29  64296 117934016 2236596 58318152    0    0 1226880 890060 335883 1192303 24  9 41 26  0  0
31 21  64296 117917084 2236596 58318172    0    0 1242224 916040 352410 1173913 24  9 40 26  0  0
29 20  64296 117904416 2236596 58318192    0    0 1245904 916016 346957 1177059 24  9 41 26  0  0
44  6  64296 117901328 2236596 58318212    0    0 1242720 922444 349862 1185003 25  9 41 26  0  0
40 19  64296 117877204 2236596 58318228    0    0 1246112 931940 345064 1180279 24  7 42 27  0  0
22 28  64296 117909172 2236600 58318232    0    0 1246848 908912 344036 1186556 25  9 41 26  0  0
28 19  64296 117910000 2236600 58318256    0    0 1253200 899104 350082 1180603 25  9 40 26  0  0
17 33  64296 117916208 2236600 58318272    0    0 1227488 899432 344128 1159761 24  9 41 27  0  0
31 18  64296 117932936 2236600 58318300    0    0 1232160 906124 337554 1168428 24  9 41 27  0  0
24 28  64296 117923564 2236600 58318324    0    0 1243552 914144 340292 1177524 24  9 41 27  0  0
18 31  64296 117933796 2236608 58318336    0    0 1156336 834764 313292 1113490 23  8 42 27  0  0
24 27  64296 117916568 2236608 58318456    0    0 1205296 889324 327757 1138114 23  7 42 28  0  0
18 30  64296 117912156 2236608 58318468    0    0 1250608 910828 342334 1172815 24  8 41 27  0  0
27 21  64296 117909548 2236608 58318488    0    0 1246176 923128 339554 1176115 24  9 41 27  0  0
19 26  64296 117916924 2236608 58318508    0    0 1244592 918408 345436 1180772 24  9 41 26  0  0
35 18  64296 117928064 2236612 58318520    0    0 1251824 929252 350469 1178925 24  9 40 27  0  0
18 32  64296 117922676 2236612 58318544    0    0 1253216 901440 354003 1183478 25  9 40 26  0  0
24 24  64296 117904976 2236612 58318572    0    0 1250208 902976 347335 1181545 24  9 40 27  0  0
22 27  64296 117894048 2236612 58318596    0    0 1234384 916684 339958 1160687 23  7 42 28  0  0
procs -----------memory---------- ---swap-- -----io---- -system-- -------cpu-------
 r  b   swpd   free   buff  cache   si   so    bi    bo   in   cs us sy id wa st gu
52 12  64296 117902012 2236612 58318604    0    0 1243232 901408 341522 1180342 24  8 41 27  0  0
19 28  64296 117904960 2236616 58318616    0    0 1222672 887748 342254 1179847 24  9 41 26  0  0
20 32  64296 117930980 2236616 58318644    0    0 1170112 844852 315468 1109326 23  8 41 28  0  0
27 25  64296 117919752 2236616 58318660    0    0 1193936 889684 337021 1127218 23  8 41 27  0  0
23 22  64296 117908988 2236616 58318688    0    0 1238448 912560 349637 1184409 24  9 41 26  0  0
32 16  64296 117904900 2236616 58318696    0    0 1248080 904204 340241 1182095 24  9 41 27  0  0
22 27  64296 117902192 2236616 58318716    0    0 1250528 917372 353150 1177760 24  8 42 27  0  0
20 32  64296 117902332 2236616 58318728    0    0 1249776 921396 340111 1179577 24  8 41 26  0  0
26 23  64296 117910628 2236616 58318744    0    0 1251696 906636 343978 1175537 24  9 41 26  0  0
24 25  64296 117949596 2236616 58318764    0    0 1250096 908160 341648 1177862 24  8 41 26  0  0
30 17  64296 117916292 2236616 58318784    0    0 1229872 922304 337317 1172349 24  9 41 26  0  0
26 21  64296 117911440 2236616 58318804    0    0 1229920 887956 341028 1175274 24  9 41 26  0  0
16 34  64296 117920372 2236616 58318824    0    0 1206832 896876 332696 1172285 24  9 41 26  0  0
29 19  64296 117899576 2236616 58318840    0    0 1238640 893600 334482 1168236 24  7 42 27  0  0
35 14  64296 117902872 2236616 58318852    0    0 1139632 857132 310018 1077032 22  7 42 29  0  0
32 17  64296 117917324 2236616 58318868    0    0 1230560 903856 340677 1157616 24  9 41 27  0  0
24 27  64296 117916004 2236616 58318884    0    0 1242704 914976 342305 1176674 24  9 41 26  0  0
19 28  64296 117911912 2236616 58318908    0    0 1245056 922944 338533 1175518 24  9 41 26  0  0
26 21  64296 117912760 2236616 58318932    0    0 1250816 916248 350510 1178648 24  9 41 26  0  0
41  7  64296 117902176 2236616 58318952    0    0 1251152 910860 346435 1182997 24  9 41 26  0  0
23 21  64296 117900152 2236616 58318968    0    0 1252896 917040 340167 1190804 24  8 42 26  0  0
procs -----------memory---------- ---swap-- -----io---- -system-- -------cpu-------
 r  b   swpd   free   buff  cache   si   so    bi    bo   in   cs us sy id wa st gu
28 22  64296 117893444 2236616 58318984    0    0 1245312 912080 338917 1177615 24  8 41 27  0  0
28 23  64296 117917752 2236616 58318992    0    0 1208032 885284 329473 1174763 24  9 42 26  0  0
45 20  64296 117916520 2236616 58319012    0    0 1240848 911012 352166 1168020 24  9 40 27  0  0
46 16  64296 117922224 2236616 58319036    0    0 1243008 910892 343385 1174972 24  9 41 26  0  0
20 30  64296 117905772 2236616 58319056    0    0 1121760 847820 302549 1061416 22  8 42 28  0  0
27 20  64296 117907296 2236620 58319080    0    0 1250832 902320 343236 1184100 25  9 41 26  0  0
23 24  64296 117919872 2236620 58319100    0    0 1248880 918124 342452 1179184 24  8 41 27  0  0
22 30  64296 117907708 2236620 58319112    0    0 1250256 918828 340011 1179019 24  8 41 27  0  0
32 20  64296 117924864 2236620 58319148    0    0 1248384 914464 348681 1182202 24  9 40 26  0  0
25 19  64296 117921756 2236620 58319160    0    0 1255296 900428 347594 1185656 25  9 41 26  0  0
15 36  64296 117912560 2236620 58319184    0    0 1255264 905872 345580 1178808 25  9 40 26  0  0
32 20  64296 117908136 2236620 58319208    0    0 1217280 914832 339043 1189263 24  9 42 26  0  0
25 23  64296 117916748 2236620 58319216    0    0 1228144 903392 338916 1164294 24  9 41 27  0  0
22 25  64296 117908640 2236620 58319248    0    0 1235488 902320 339218 1172253 24  8 41 27  0  0
21 30  64296 117892024 2236620 58319256    0    0 1106752 842656 299599 1046094 22  7 43 29  0  0
20 29  64296 117912072 2236620 58319276    0    0 1162896 840292 323518 1101166 23  8 42 28  0  0
26 26  64296 117929016 2236620 58319292    0    0 1156656 827292 315415 1093483 23  8 42 28  0  0
17 32  64296 117924180 2236620 58319304    0    0 1076144 775416 289554 1007375 21  7 42 29  0  0
