procs -----------memory---------- ---swap-- -----io---- -system-- -------cpu-------
 r  b   swpd   free   buff  cache   si   so    bi    bo   in   cs us sy id wa st gu
 5  2  59712 92338844 2530748 85800380    0    1 30125 30590 9345    6  3  1 96  1  0  0
35  2  59712 91109536 2530748 85800436    0    0 183248 281944 415468 645120 10 18 70  2  0  0
41  1  59712 87822660 2530748 85800472    0    0 159408 206404 608005 1327644 19 29 49  2  0  0
126  0  59712 85309840 2530748 85800556    0    0 152144 168440 558849 839568 42 30 28  1  0  0
102  0  59712 82684448 2530748 85800924    0    0 89808 235704 1080690 570828 16 70 13  1  0  0
66  4  59712 81860064 2530748 85800976    0    0 169088 70784 636501 1053500 28 55 17  1  0  0
75  5  59712 81843532 2530748 85801060    0    0 381184 58704 267117 1497332 44 31 23  1  0  0
67  6  59712 81831512 2530820 85801040    0    0 676192 500448 277968 1096265 32 17 40 11  0  0
110  0  59712 81809968 2530820 85801132    0    0 323776 225904 285199 1469078 45 31 23  1  0  0
81  6  59712 81780972 2530820 85801252    0    0 209344 173536 264789 1476243 41 34 25  1  0  0
119  0  59712 81752868 2530820 85801340    0    0 165872 96180 235129 1444844 37 38 24  1  0  0
87  2  59712 81735548 2530820 85801420    0    0 137472 73308 228733 1441384 36 38 25  0  0  0
145  1  59712 81723688 2530820 85801508    0    0 133760 62620 226374 1435302 36 38 25  0  0  0
133  0  59712 81711132 2530820 85801516    0    0 129280 57972 224793 1435357 35 39 26  0  0  0
39  0  59712 81683660 2530820 85801524    0    0 117328 54364 221403 1429847 35 39 26  0  0  0
89  0  59712 81687704 2530820 85801544    0    0 121104 59648 219108 1430045 36 39 25  0  0  0
53  0  59712 81693468 2530820 85801584    0    0 152208 68680 232152 1433434 36 39 24  0  0  0
31  1  59712 81675452 2530820 85801592    0    0 135328 60088 225326 1432679 36 39 25  0  0  0
96  6  59712 81667376 2530820 85801620    0    0 135520 61600 224732 1430192 35 39 25  0  0  0
72  1  59712 81649384 2530820 85801640    0    0 132080 59836 230569 1439607 35 39 26  0  0  0
 5  0  59712 81644892 2530820 85801656    0    0 150096 107884 241249 1455506 36 39 24  1  0  0
procs -----------memory---------- ---swap-- -----io---- -system-- -------cpu-------
 r  b   swpd   free   buff  cache   si   so    bi    bo   in   cs us sy id wa st gu
37  0  59712 81647892 2530820 85801676    0    0 150128 72708 242856 1459335 36 40 24  0  0  0
124  0  59712 81645236 2530820 85801708    0    0 144480 67784 242413 1458923 36 39 24  0  0  0
177  0  59712 81630664 2530820 85801716    0    0 147168 70096 238395 1454322 36 39 25  1  0  0
63  0  59712 81620472 2530820 85801724    0    0 140800 64672 228967 1443047 36 39 25  0  0  0
69  1  59712 81608916 2530824 85801728    0    0 137088 61212 225904 1440125 35 39 25  0  0  0
23  1  59712 81597284 2530824 85801744    0    0 131632 61508 224784 1439925 36 38 26  0  0  0
45  0  59712 81587384 2530824 85801752    0    0 125648 57928 223211 1435855 36 38 25  0  0  0
57  0  59712 81545684 2530824 85801760    0    0 125136 61320 221557 1436586 35 38 26  0  0  0
68  0  59712 81527668 2530824 85801784    0    0 142272 65596 230485 1429030 36 40 24  0  0  0
40  5  59712 81498548 2530824 85801868    0    0 143200 71716 228205 1433492 36 39 25  0  0  0
20  1  59712 81485320 2530824 85801892    0    0 142144 65128 226494 1426527 36 39 25  0  0  0
45  9  59712 81469892 2530824 85801908    0    0 141520 103692 231803 1433938 36 39 25  0  0  0
99  4  59712 81459688 2530824 85801944    0    0 150048 70856 230648 1432827 36 39 25  0  0  0
114  2  59712 81445540 2530824 85801960    0    0 138752 64468 230212 1434427 36 39 25  0  0  0
230  0  59712 81451372 2530824 85801972    0    0 137200 64424 231671 1435007 37 38 25  0  0  0
62  5  59712 81446532 2530824 85801980    0    0 129408 59208 229012 1437026 36 38 25  0  0  0
54  4  59712 81440116 2530824 85801992    0    0 126864 60448 225766 1437519 36 38 26  0  0  0
26  0  59712 81435532 2530824 85802000    0    0 122784 54920 222912 1437760 35 39 26  0  0  0
82  5  59712 81425216 2530824 85802012    0    0 151360 67896 233352 1442951 37 39 24  0  0  0
97  0  59712 81409384 2530824 85802028    0    0 150672 70004 235949 1441726 37 39 24  0  0  0
29  0  59712 81401736 2530824 85802036    0    0 143792 64832 233017 1437457 36 39 24  0  0  0
procs -----------memory---------- ---swap-- -----io---- -system-- -------cpu-------
 r  b   swpd   free   buff  cache   si   so    bi    bo   in   cs us sy id wa st gu
145  0  59712 81367652 2530828 85802052    0    0 138256 83212 229282 1432483 36 39 25  0  0  0
99  0  59712 81343888 2530828 85802076    0    0 131008 60880 227269 1427472 35 40 24  0  0  0
38  0  59712 81322600 2530828 85802092    0    0 125968 74012 225355 1431832 37 38 25  0  0  0
64  0  59712 81301700 2530828 85802112    0    0 156016 94804 234834 1439885 36 39 24  0  0  0
17  0  59712 81299772 2530828 85802128    0    0 150224 67992 232076 1432938 37 38 24  0  0  0
13  0  59712 81294444 2530832 85802156    0    0 148864 67572 229438 1434778 37 38 24  0  0  0
80  0  59712 81294412 2530832 85802172    0    0 136448 62296 228737 1436888 36 39 24  0  0  0
98  0  59712 81297416 2530832 85802188    0    0 133008 62404 230233 1437558 35 40 24  0  0  0
32  3  59712 81299156 2530832 85802196    0    0 127136 58600 225762 1434883 35 39 25  0  0  0
112  2  59712 81294400 2530832 85802204    0    0 128112 55812 224907 1444958 36 38 26  0  0  0
29  1  59712 81287676 2530832 85802220    0    0 123824 56380 222580 1439800 35 39 26  0  0  0
30  0  59712 81284156 2530832 85802236    0    0 122144 59548 224327 1438898 36 38 25  0  0  0
38 12  59712 81276816 2530832 85802240    0    0 153088 69688 235770 1445392 36 40 24  0  0  0
47  1  59712 81263624 2530832 85802248    0    0 151392 70248 233389 1441692 36 40 24  0  0  0
89  0  59712 81219644 2530832 85802268    0    0 140688 65864 236178 1446869 36 39 25  0  0  0
97  1  59712 81196732 2530832 85802292    0    0 137600 65304 228596 1427832 36 39 25  0  0  0
80  0  59712 81184048 2530832 85802312    0    0 140704 98880 231268 1435687 36 39 25  0  0  0
24  0  59712 81177784 2530832 85802332    0    0 145856 70008 230607 1436438 36 39 24  0  0  0
162  2  59712 81150496 2530832 85802348    0    0 140720 63364 225050 1438072 36 39 25  0  0  0
13  0  59712 81138404 2530832 85802372    0    0 140240 63472 222873 1437647 35 39 25  0  0  0
127  3  59712 81142836 2530832 85802392    0    0 133264 59588 223684 1442811 35 39 25  0  0  0
procs -----------memory---------- ---swap-- -----io---- -system-- -------cpu-------
 r  b   swpd   free   buff  cache   si   so    bi    bo   in   cs us sy id wa st gu
74  4  59712 81150788 2530832 85802416    0    0 128944 56844 223925 1442031 35 39 25  0  0  0
74  5  59712 81148992 2530832 85802424    0    0 130112 59584 226764 1439392 35 39 25  0  0  0
63  1  59712 81149088 2530832 85802436    0    0 122336 56760 225959 1448206 36 39 25  0  0  0
17  0  59712 81146864 2530832 85802444    0    0 138240 69936 233215 1458505 35 39 26  0  0  0
10  0  59712 81137584 2530832 85802464    0    0 154544 69000 233914 1445351 36 40 24  0  0  0
52  1  59712 81131556 2530832 85802472    0    0 148768 67588 229455 1447716 36 39 24  0  0  0
43  0  59712 81125536 2530832 85802480    0    0 137936 64828 227151 1444684 35 39 25  0  0  0
39  1  59712 81086268 2530832 85802492    0    0 130720 58648 225052 1438654 36 39 25  0  0  0
90  6  59712 81073096 2530832 85802512    0    0 142768 105056 229940 1440460 36 39 25  0  0  0
111  0  59712 81046400 2530832 85802532    0    0 147040 65464 230057 1437796 36 39 25  0  0  0
132  1  59712 81020580 2530832 85802552    0    0 145504 66420 229933 1432113 36 39 24  0  0  0
62  0  59712 81014032 2530832 85802572    0    0 138144 61716 227090 1429051 36 39 25  0  0  0
83  0  59712 81010476 2530832 85802592    0    0 134032 60976 224173 1427930 36 39 25  0  0  0
102  0  59712 81002076 2530832 85802612    0    0 126384 59472 231897 1445964 36 38 26  0  0  0
45  0  59712 81001528 2530832 85802628    0    0 130432 63928 224407 1437373 36 38 26  0  0  0
124  0  59712 81007096 2530832 85802644    0    0 155456 72856 234192 1446181 36 39 24  0  0  0
10  0  59712 81004124 2530832 85802660    0    0 154032 71608 233051 1447508 37 38 25  0  0  0
58  7  59712 81001528 2530832 85802680    0    0 144560 66672 230905 1446531 35 39 25  0  0  0
69  2  59712 80991192 2530832 85802688    0    0 144288 65048 231185 1445498 35 39 25  0  0  0
121  5  59712 80982292 2530832 85802696    0    0 137376 61096 228081 1443106 36 39 25  0  0  0
99  3  59712 80967080 2530832 85802708    0    0 141904 102128 231837 1442000 36 39 24  0  0  0
procs -----------memory---------- ---swap-- -----io---- -system-- -------cpu-------
 r  b   swpd   free   buff  cache   si   so    bi    bo   in   cs us sy id wa st gu
53  7  59712 80944552 2530832 85802724    0    0 147904 68024 228884 1434178 36 39 25  0  0  0
92  3  59712 80932856 2530832 85802756    0    0 143520 65112 227921 1430789 36 39 24  0  0  0
83  0  59712 80910224 2530832 85802772    0    0 138144 64768 225893 1433808 37 38 25  0  0  0
76  3  59712 80904584 2530832 85802792    0    0 136688 62368 226830 1431970 37 39 24  0  0  0
108  1  59712 80900200 2530832 85802808    0    0 131584 61360 226847 1437484 36 38 25  0  0  0
115  2  59712 80902068 2530832 85802828    0    0 125344 59744 222406 1428195 35 39 25  0  0  0
129  0  59712 80909784 2530832 85802928    0    0 123488 55292 222651 1436245 35 39 25  0  0  0
42  4  59712 80911804 2530832 85802936    0    0 133376 66300 227011 1441858 36 39 25  0  0  0
57  0  59712 80910652 2530832 85802944    0    0 147360 68172 233871 1448617 37 38 24  0  0  0
111  3  59712 80910212 2530832 85802956    0    0 141968 64708 231464 1447818 37 38 24  0  0  0
46  0  59712 80903984 2530832 85802972    0    0 144672 65628 229805 1446654 35 40 25  0  0  0
59  0  59712 80897220 2530832 85802980    0    0 144960 65608 231897 1441367 35 40 25  0  0  0
84  1  59712 80887844 2530832 85803000    0    0 139712 90104 229421 1445362 36 38 25  0  0  0
173  0  59712 80860304 2530832 85803012    0    0 148128 98056 233727 1439963 36 39 24  0  0  0
132  0  59712 80840776 2530832 85803036    0    0 143280 64524 233594 1445710 36 39 25  0  0  0
28  0  59712 80809804 2530832 85803056    0    0 139920 65400 234763 1449760 37 38 25  0  0  0
66  0  59712 80801412 2530832 85803072    0    0 138464 63308 227441 1436059 36 38 25  0  0  0
66  4  59712 80803576 2530832 85803088    0    0 130416 60612 222249 1430727 36 38 25  0  0  0
29  0  59712 80798784 2530832 85803108    0    0 127248 60256 221419 1432091 36 39 25  0  0  0
91  0  59712 80802736 2530832 85803128    0    0 124912 55616 220838 1429591 35 39 26  0  0  0
114  1  59712 80801672 2530832 85803144    0    0 139504 65884 229558 1444347 36 39 25  0  0  0
procs -----------memory---------- ---swap-- -----io---- -system-- -------cpu-------
 r  b   swpd   free   buff  cache   si   so    bi    bo   in   cs us sy id wa st gu
174  0  59712 80804568 2530832 85803152    0    0 147840 66688 233898 1443552 36 39 24  0  0  0
159  0  59712 80803080 2530832 85803156    0    0 145232 66540 232789 1445106 36 39 24  0  0  0
48  0  59712 80800664 2530832 85803168    0    0 141728 60536 230471 1436708 36 39 25  0  0  0
56  2  59712 80795308 2530832 85803176    0    0 140688 66716 230337 1440023 36 39 25  0  0  0
109  0  59712 80784492 2530832 85803188    0    0 148304 111412 233502 1443542 37 38 25  0  0  0
107  1  59712 80767928 2530832 85803196    0    0 151360 67000 232656 1442198 36 39 25  0  0  0
73  1  59712 80744616 2530832 85803212    0    0 143648 66304 228141 1429679 36 39 25  0  0  0
72  2  59712 80726716 2530832 85803232    0    0 138576 64604 224835 1429527 36 38 25  0  0  0
82  7  59712 80716204 2530832 85803248    0    0 134432 63096 223885 1428140 36 39 25  0  0  0
57  0  59712 80702016 2530832 85803272    0    0 144032 66788 222838 1425985 36 38 25  1  0  0
120  8  59712 80698336 2530832 85803288    0    0 191904 88700 226839 1432550 39 35 26  1  0  0
35  0  59712 80703032 2530832 85803308    0    0 199216 92296 235108 1446491 38 37 25  1  0  0
30  0  59712 80718312 2530832 85803324    0    0 157552 73484 237574 1456506 37 37 25  1  0  0
78  4  59712 80717592 2530832 85803372    0    0 144240 107332 242619 1464221 37 38 25  0  0  0
65  2  59712 80711644 2530832 85803388    0    0 150016 70432 238137 1448636 36 38 25  0  0  0
98  2  59712 80711564 2530832 85803396    0    0 138848 66628 228936 1443254 36 38 25  0  0  0
73  0  59712 80705096 2530832 85803404    0    0 135984 60784 229208 1440950 36 39 25  0  0  0
59  0  59712 80699496 2530832 85803412    0    0 138464 64456 226318 1441464 36 39 25  0  0  0
95  6  59712 80698584 2530832 85803424    0    0 134256 59352 225751 1442822 36 39 25  0  0  0
98  2  59712 80662104 2530832 85803440    0    0 129360 57760 223814 1436514 35 40 25  0  0  0
40  0  59712 80632120 2530832 85803460    0    0 125072 55980 219720 1431111 36 38 25  0  0  0
procs -----------memory---------- ---swap-- -----io---- -system-- -------cpu-------
 r  b   swpd   free   buff  cache   si   so    bi    bo   in   cs us sy id wa st gu
215  0  59712 80619852 2530832 85803484    0    0 121152 58284 218543 1431370 35 39 26  0  0  0
33  0  59712 80618904 2530832 85803504    0    0 130464 60452 226068 1444452 36 39 24  0  0  0
125  1  59712 80611968 2530832 85803520    0    0 142384 67868 237890 1458268 36 39 25  0  0  0
54  5  59712 80605496 2530832 85803540    0    0 142832 64888 236383 1451688 36 39 25  0  0  0
61  0  59712 80595668 2530832 85803560    0    0 141056 65980 232567 1447364 36 39 25  0  0  0
93  0  59712 80604772 2530832 85803576    0    0 149376 117756 233780 1449283 36 39 25  0  0  0
68  6  59712 80606128 2530832 85803588    0    0 150368 67164 232131 1446390 36 39 24  0  0  0
12  2  59712 80602392 2530832 85803596    0    0 147168 68776 231437 1444571 36 39 25  0  0  0
128  7  59712 80603396 2530832 85803608    0    0 146048 67320 231145 1442818 36 39 25  0  0  0
85  0  59712 80598412 2530832 85803624    0    0 140032 63296 228999 1441111 36 39 25  0  0  0
99  0  59712 80591748 2530832 85803632    0    0 134512 62544 227951 1438470 36 38 25  0  0  0
97  1  59712 80590700 2530832 85803640    0    0 133744 59792 225366 1436605 36 38 25  0  0  0
153  0  59712 80552104 2530832 85803648    0    0 128256 60080 222784 1433364 36 38 25  0  0  0
135  0  59712 80531536 2530832 85803664    0    0 123232 57008 218604 1428322 36 39 25  0  0  0
112  3  59712 80539432 2530832 85803684    0    0 146672 73036 230816 1437108 35 40 24  0  0  0
63  2  59712 80523832 2530832 85803704    0    0 146064 65816 229439 1440127 36 39 24  0  0  0
92  0  59712 80514924 2530832 85803720    0    0 140208 64824 236165 1447156 36 39 25  0  0  0
92  7  59712 80508164 2530832 85803744    0    0 141936 116888 242404 1450830 36 40 24  0  0  0
38  0  59712 80522608 2530832 85803768    0    0 152256 68468 242332 1456625 36 39 24  0  0  0
152  0  59712 80528060 2530832 85803784    0    0 146624 65460 240160 1457058 36 40 24  0  0  0
84  1  59712 80527492 2530832 85803796    0    0 139248 61612 232107 1441310 36 39 25  0  0  0
procs -----------memory---------- ---swap-- -----io---- -system-- -------cpu-------
 r  b   swpd   free   buff  cache   si   so    bi    bo   in   cs us sy id wa st gu
82  4  59712 80526148 2530832 85803804    0    0 138864 83032 230581 1440018 35 40 24  0  0  0
20  6  59712 80522880 2530832 85803808    0    0 136000 63588 228556 1434932 35 39 25  0  0  0
45  7  59712 80518164 2530832 85803816    0    0 132848 60524 227689 1435305 36 39 25  0  0  0
13  0  59712 80510664 2530832 85803892    0    0 129696 59804 225940 1432456 35 39 25  0  0  0
107  0  59712 80506108 2530832 85803900    0    0 124480 56172 223192 1430882 36 38 26  0  0  0
161  0  59712 80449920 2530832 85803908    0    0 126352 61596 222943 1429327 35 39 25  0  0  0
68  4  59712 80447764 2530832 85803928    0    0 150432 68692 233468 1430635 36 40 24  0  0  0
96  0  59712 80443156 2530832 85803944    0    0 149872 69988 232814 1434625 36 39 24  0  0  0
19  0  59712 80439744 2530832 85803964    0    0 140592 65224 237257 1449967 36 39 25  0  0  0
140  5  59712 80430812 2530832 85803980    0    0 139104 65084 237349 1444986 36 39 25  0  0  0
112  5  59712 80425948 2530832 85803992    0    0 147840 111596 233380 1443042 36 39 25  0  0  0
13  0  59712 80430792 2530832 85804016    0    0 146624 67324 231741 1446313 36 39 24  0  0  0
71  1  59712 80432028 2530832 85804032    0    0 147680 70360 232255 1440327 36 40 24  0  0  0
60  0  59712 80433272 2530832 85804044    0    0 143696 63832 230639 1436601 35 39 25  0  0  0
86  1  59712 80431324 2530832 85804052    0    0 132832 62804 225953 1439632 36 39 25  0  0  0
84  1  59712 80427528 2530832 85804064    0    0 128208 61320 225226 1440168 36 38 25  0  0  0
18  0  59712 80419476 2530832 85804072    0    0 128208 55964 223780 1439134 36 38 26  0  0  0
78  2  59712 80416156 2530832 85804084    0    0 123520 57648 222846 1438655 35 39 26  0  0  0
56  1  59712 80415116 2530832 85804104    0    0 136864 67588 228049 1438023 36 39 25  0  0  0
42  1  59712 80374728 2530832 85804112    0    0 145696 66776 229715 1437573 36 39 25  0  0  0
113  5  59712 80369152 2530832 85804128    0    0 138320 64220 227820 1430982 35 40 24  0  0  0
procs -----------memory---------- ---swap-- -----io---- -system-- -------cpu-------
 r  b   swpd   free   buff  cache   si   so    bi    bo   in   cs us sy id wa st gu
74  2  59712 80354504 2530832 85804152    0    0 135696 62752 227964 1433378 36 39 25  0  0  0
35  4  59712 80342736 2530832 85804180    0    0 130912 61928 227198 1428696 36 39 25  0  0  0
65  1  59712 80351664 2530832 85804196    0    0 141552 114192 230200 1438775 36 39 25  0  0  0
12  0  59712 80342500 2530832 85804224    0    0 151184 69152 232327 1439936 36 40 24  0  0  0
55  0  59712 80357420 2530832 85804240    0    0 145024 69588 231218 1434591 36 39 25  0  0  0
10  0  59712 80361728 2530832 85804256    0    0 144160 66524 230085 1437239 36 39 25  0  0  0
119  0  59712 80361928 2530832 85804268    0    0 130160 59784 228294 1439861 36 39 25  0  0  0
34  0  59712 80361368 2530832 85804276    0    0 134208 61036 226286 1440139 36 39 25  0  0  0
 5  0  59712 80363888 2530832 85804288    0    0 128576 59536 225999 1436268 36 38 25  0  0  0
20  0  59712 80359440 2530832 85804296    0    0 122672 57000 222502 1441033 36 38 26  0  0  0
53  1  59712 80358200 2530832 85804304    0    0 133872 66416 226067 1442946 36 39 25  0  0  0
75  0  59712 80356996 2530832 85804312    0    0 151808 70256 233921 1447948 36 39 24  0  0  0
86  1  59712 80307684 2530832 85804332    0    0 143904 65784 228497 1433328 36 38 25  0  0  0
130  0  59712 80298724 2530832 85804356    0    0 143216 67092 226463 1430017 35 39 25  0  0  0
99  0  59712 80279316 2530832 85804376    0    0 129280 59776 225529 1426225 36 39 25  0  0  0
83  0  59712 80269112 2530832 85804388    0    0 131392 88076 226582 1433049 35 39 25  0  0  0
18  0  59712 80269432 2530832 85804408    0    0 144912 91196 230764 1445102 36 39 24  0  0  0
 6  0  59712 80267184 2530832 85804432    0    0 144000 66968 226947 1436072 35 40 24  0  0  0
83  0  59712 80278552 2530832 85804464    0    0 136960 64632 228176 1440634 34 40 25  0  0  0
101  0  59712 80283928 2530832 85804476    0    0 135184 62976 227155 1442854 36 39 25  0  0  0
37  0  59712 80287948 2530832 85804488    0    0 135120 65884 224479 1439719 35 39 25  0  0  0
procs -----------memory---------- ---swap-- -----io---- -system-- -------cpu-------
 r  b   swpd   free   buff  cache   si   so    bi    bo   in   cs us sy id wa st gu
31  0  59712 80290752 2530832 85804496    0    0 131088 61628 230540 1451439 36 39 25  0  0  0
88  6  59712 80288368 2530832 85804504    0    0 131776 64472 233729 1458097 36 38 25  0  0  0
42  0  59712 80282492 2530832 85804516    0    0 119856 57348 226112 1438846 35 38 26  0  0  0
32  0  59712 80279368 2530832 85804520    0    0 124304 66676 220517 1443431 35 39 26  0  0  0
56  5  59712 80268968 2530832 85804552    0    0 152448 76012 233403 1451801 36 39 24  0  0  0
60  0  59712 80227580 2530832 85804560    0    0 140544 65412 229553 1441241 36 39 25  0  0  0
61  1  59712 80212240 2530832 85804580    0    0 142992 69184 227447 1437941 36 38 25  0  0  0
89  0  59712 80192916 2530832 85804604    0    0 138304 64344 224576 1429167 36 38 25  0  0  0
233  1  59712 80188056 2530836 85804616    0    0 145152 118248 230477 1438153 36 38 25  0  0  0
70  4  59712 80209632 2530836 85804644    0    0 143776 66444 229684 1433439 37 39 24  0  0  0
87  0  59712 80188980 2530836 85804660    0    0 143664 67736 228933 1438999 36 39 24  0  0  0
87  7  59712 80196832 2530836 85804684    0    0 136304 67124 225357 1435585 36 39 25  0  0  0
145  0  59712 80200476 2530836 85804696    0    0 136688 64896 226563 1438365 36 38 25  0  0  0
34  1  59712 80202612 2530836 85804716    0    0 130736 82560 225687 1445306 36 38 26  0  0  0
79  0  59712 80202500 2530836 85804732    0    0 126608 61668 221946 1439255 35 38 26  0  0  0
65  1  59712 80206392 2530836 85804740    0    0 126288 67520 222391 1436480 35 39 26  0  0  0
 7  0  59712 80199900 2530836 85804748    0    0 151760 71900 233213 1445004 36 40 25  0  0  0
56  1  59712 80194488 2530836 85804756    0    0 147376 72524 232919 1443835 36 39 25  0  0  0
115  0  59712 80192336 2530836 85804768    0    0 137648 65952 230367 1442516 35 39 25  0  0  0
86  1  59712 80136484 2530836 85804776    0    0 134688 64520 225743 1429726 35 39 25  0  0  0
48  2  59712 80130576 2530836 85804792    0    0 128944 62828 225928 1427782 36 39 25  0  0  0
procs -----------memory---------- ---swap-- -----io---- -system-- -------cpu-------
 r  b   swpd   free   buff  cache   si   so    bi    bo   in   cs us sy id wa st gu
36  1  59712 80130988 2530836 85804876    0    0 147600 114920 230206 1436233 35 39 25  0  0  0
59  0  59712 80113124 2530836 85804900    0    0 142256 69000 229731 1435294 36 39 24  0  0  0
41  0  59712 80119404 2530836 85804932    0    0 144288 69568 231165 1439210 36 39 25  0  0  0
27  0  59712 80120608 2530836 85804952    0    0 138784 66816 235228 1447598 36 38 25  0  0  0
105  4  59712 80121372 2530836 85804968    0    0 130144 63544 228438 1438566 37 38 25  0  0  0
22  0  59712 80130480 2530836 85804976    0    0 128496 64436 224355 1441705 35 39 26  0  0  0
17  0  59712 80131868 2530836 85804984    0    0 127888 64888 224364 1438483 35 39 25  0  0  0
44  0  59712 80134096 2530836 85805004    0    0 123680 63236 223958 1435403 36 39 25  0  0  0
45  1  59712 80131468 2530836 85805012    0    0 152800 71384 234668 1449153 36 40 24  0  0  0
34  0  59712 80128080 2530836 85805020    0    0 145680 70064 231882 1442792 36 39 25  0  0  0
37  1  59712 80123408 2530836 85805028    0    0 141392 67388 231074 1442618 36 39 25  0  0  0
13  0  59712 80112152 2530836 85805036    0    0 136272 64920 229359 1439462 36 39 25  0  0  0
115  5  59712 80064856 2530836 85805052    0    0 133024 64568 223224 1436387 36 38 26  0  0  0
133  0  59712 80056536 2530836 85805072    0    0 151360 119444 231645 1440404 36 39 24  0  0  0
125  0  59712 80049072 2530836 85805092    0    0 152400 74544 234875 1444589 36 40 24  0  0  0
44  0  59712 80049392 2530836 85805108    0    0 137648 66704 237215 1450192 35 39 25  0  0  0
27  1  59712 80044116 2530836 85805124    0    0 134288 65868 233428 1449098 35 39 25  0  0  0
70  0  59712 80040620 2530836 85805140    0    0 129952 63584 226139 1439277 36 39 25  0  0  0
102  0  59712 80051636 2530836 85805144    0    0 131264 63668 224774 1431601 37 38 25  0  0  0
60  1  59712 80055068 2530836 85805152    0    0 123008 58744 223407 1437166 35 39 25  0  0  0
53  0  59712 80050776 2530836 85805160    0    0 132448 65076 227640 1440020 36 39 25  0  0  0
procs -----------memory---------- ---swap-- -----io---- -system-- -------cpu-------
 r  b   swpd   free   buff  cache   si   so    bi    bo   in   cs us sy id wa st gu
86  5  59712 80050948 2530836 85805168    0    0 150240 71772 233893 1447439 37 39 24  0  0  0
28  3  59712 80049040 2530836 85805180    0    0 146160 69040 231542 1436346 35 39 25  0  0  0
17  1  59712 80042192 2530836 85805196    0    0 137984 64608 230776 1441683 36 38 25  0  0  0
67  1  59712 80042768 2530836 85805204    0    0 140704 69696 228882 1438173 36 39 25  0  0  0
85  2  59712 80025064 2530836 85805212    0    0 136128 64972 226700 1432807 36 38 25  0  0  0
63  2  59712 79990528 2530836 85805228    0    0 139840 109816 238741 1448164 36 39 25  0  0  0
88  0  59712 79981280 2530836 85805256    0    0 150752 72848 241557 1452796 37 39 24  0  0  0
30  0  59712 79967156 2530836 85805276    0    0 141424 69968 239599 1454819 36 39 24  0  0  0
44  0  59712 79972788 2530836 85805288    0    0 144576 71224 227354 1436161 35 39 25  0  0  0
103  3  59712 79961672 2530836 85805308    0    0 136144 65440 224947 1431012 36 39 25  0  0  0
80  2  59712 79960740 2530836 85805324    0    0 131248 63980 224608 1430156 36 39 25  0  0  0
61  1  59712 79968668 2530836 85805344    0    0 126576 61808 224508 1438590 36 38 26  0  0  0
36  1  59712 79970972 2530836 85805352    0    0 119824 57436 222832 1435925 36 38 26  0  0  0
74  1  59712 79968948 2530836 85805356    0    0 125840 64920 225280 1439542 35 39 26  0  0  0
106  4  59712 79970192 2530836 85805368    0    0 147856 70748 234939 1449443 37 38 25  0  0  0
64  0  59712 79965656 2530836 85805376    0    0 150448 72584 234316 1444933 37 38 25  0  0  0
33  7  59712 79964692 2530836 85805392    0    0 145936 69004 238631 1450345 36 39 25  0  0  0
61  4  59712 79964284 2530836 85805404    0    0 136336 75872 240339 1457693 35 40 25  0  0  0
95  5  59712 79938168 2530836 85805412    0    0 148576 109880 244185 1460714 36 39 24  0  0  0
33  0  59712 79914660 2530836 85805428    0    0 146112 71064 240048 1450529 36 39 24  0  0  0
45  7  59712 79901856 2530836 85805444    0    0 138608 66740 233962 1439172 37 39 24  0  0  0
procs -----------memory---------- ---swap-- -----io---- -system-- -------cpu-------
 r  b   swpd   free   buff  cache   si   so    bi    bo   in   cs us sy id wa st gu
97  0  59712 79879800 2530836 85805464    0    0 135168 65996 226958 1429892 36 38 26  0  0  0
105  5  59712 79871332 2530836 85805488    0    0 136496 64908 225162 1422036 35 39 25  0  0  0
12  0  59712 79872124 2530836 85805536    0    0 124128 59704 222342 1427908 35 39 25  0  0  0
69  0  59712 79882000 2530836 85805552    0    0 124032 60320 221129 1428844 35 39 26  0  0  0
46  2  59712 79896080 2530836 85805568    0    0 121200 56652 221598 1437641 35 39 26  0  0  0
44  1  59712 79897928 2530836 85805584    0    0 145904 89584 233499 1448129 36 38 25  0  0  0
79  5  59712 79898856 2530836 85805596    0    0 144624 67492 233826 1438827 36 39 24  0  0  0
81  1  59712 79897420 2530836 85805612    0    0 144608 69640 231555 1438635 36 39 25  0  0  0
44  0  59712 79894724 2530836 85805620    0    0 138400 69996 230482 1435886 35 40 25  0  0  0
19  0  59712 79889220 2530836 85805624    0    0 137168 67876 229820 1437762 35 39 25  0  0  0
69  2  59712 79887616 2530836 85805632    0    0 148768 110960 235437 1448249 36 39 24  0  0  0
19  8  59712 79855856 2530836 85805644    0    0 144928 69644 228838 1433594 36 39 25  0  0  0
73  0  59712 79826604 2530836 85805672    0    0 135584 66408 225786 1434527 35 39 25  0  0  0
56  0  59712 79829168 2530836 85805692    0    0 129680 64656 223351 1431023 35 39 25  0  0  0
83  0  59712 79819196 2530836 85805720    0    0 122192 59688 222389 1433121 36 39 25  0  0  0
69  2  59712 79796228 2530836 85805748    0    0 121936 58368 221292 1430334 36 39 25  0  0  0
69  3  59712 79800744 2530836 85805752    0    0 122480 58336 217672 1429838 35 38 26  0  0  0
38  0  59712 79797108 2530836 85805792    0    0 138112 69536 228121 1442472 35 39 25  0  0  0
41  0  59712 79800196 2530836 85805860    0    0 147312 71376 234419 1444169 36 39 24  0  0  0
26  0  59712 79797368 2530836 85805872    0    0 144368 70004 235770 1447905 36 39 25  0  0  0
35  1  59712 79794232 2530836 85805880    0    0 139744 66636 237391 1454123 36 39 25  0  0  0
procs -----------memory---------- ---swap-- -----io---- -system-- -------cpu-------
 r  b   swpd   free   buff  cache   si   so    bi    bo   in   cs us sy id wa st gu
15  0  59712 79798384 2530836 85805888    0    0 137024 69396 238071 1459499 36 39 25  0  0  0
33  0  59712 79793548 2530836 85805908    0    0 135808 74432 236079 1456945 36 38 25  0  0  0
64  0  59712 79789964 2530836 85805916    0    0 148320 107144 234690 1453018 36 39 24  0  0  0
46  1  59712 79776876 2530836 85805924    0    0 144688 70648 231868 1440221 37 39 24  0  0  0
61  0  59712 79755744 2530836 85805948    0    0 134896 65104 225844 1431807 35 39 25  0  0  0
75  8  59712 79757984 2530836 85805960    0    0 130368 62740 223535 1428910 36 40 24  0  0  0
48  1  59712 79752048 2530836 85805980    0    0 129728 63808 220872 1427360 35 39 26  0  0  0
54  0  59712 79741544 2530836 85806004    0    0 123840 60604 220678 1431224 35 39 25  0  0  0
151  2  59712 79730096 2530836 85806016    0    0 131888 65396 222625 1435464 36 38 25  0  0  0
52  2  59712 79723796 2530836 85806036    0    0 149712 71644 228641 1446755 36 39 25  0  0  0
68  0  59712 79733536 2530836 85806052    0    0 148272 73936 238885 1469270 37 38 25  0  0  0
84  8  59712 79736672 2530836 85806064    0    0 140976 68240 237962 1465910 35 40 24  0  0  0
95  2  59712 79742876 2530836 85806072    0    0 140992 70832 235678 1459616 35 39 25  0  0  0
36  0  59712 79746872 2530836 85806080    0    0 136688 65184 235841 1462238 36 39 25  0  0  0
33  1  59712 79741920 2530836 85806092    0    0 126608 59976 232667 1461058 36 38 26  0  0  0
65  1  59712 79737768 2530836 85806100    0    0 143248 112180 233833 1450363 35 39 25  0  0  0
27  0  59712 79737776 2530836 85806120    0    0 143904 69960 230723 1451152 36 39 25  0  0  0
84  7  59712 79702944 2530836 85806140    0    0 140240 68128 229558 1444535 35 39 25  0  0  0
53  0  59712 79674680 2530836 85806156    0    0 136496 65436 225276 1433842 35 40 25  0  0  0
42  0  59712 79666976 2530836 85806188    0    0 128400 61640 222225 1429741 36 39 25  0  0  0
25  3  59712 79655792 2530836 85806192    0    0 129952 62120 221220 1430606 36 38 26  0  0  0
procs -----------memory---------- ---swap-- -----io---- -system-- -------cpu-------
 r  b   swpd   free   buff  cache   si   so    bi    bo   in   cs us sy id wa st gu
71  0  59712 79641680 2530836 85806224    0    0 121920 57244 218378 1428031 36 38 26  0  0  0
84  0  59712 79656720 2530836 85806236    0    0 142576 71472 229063 1439209 35 40 25  0  0  0
39  3  59712 79655800 2530836 85806248    0    0 147520 71072 236101 1450201 36 39 25  0  0  0
35  0  59712 79668044 2530836 85806276    0    0 143392 70104 240614 1460458 36 38 25  0  0  0
39  2  59712 79680104 2530836 85806276    0    0 141712 70860 238234 1457290 36 39 25  0  0  0
34  1  59712 79681000 2530836 85806292    0    0 136480 65084 236393 1455304 36 39 25  0  0  0
44  6  59712 79679772 2530836 85806304    0    0 130848 65516 236189 1454705 36 39 25  0  0  0
108  0  59712 79677972 2530836 85806304    0    0 126032 60332 226393 1437924 36 39 25  0  0  0
14  4  59712 79676416 2530836 85806320    0    0 150992 110900 239102 1451139 35 40 24  0  0  0
 7  0  59712 79673124 2530836 85806328    0    0 144816 67852 235351 1445486 36 39 24  0  0  0
73  2  59712 79635856 2530836 85806328    0    0 139728 67432 229504 1434591 36 39 24  0  0  0
58  1  59712 79614304 2530836 85806352    0    0 136144 65472 227176 1426845 36 39 25  0  0  0
56  0  59712 79605788 2530836 85806368    0    0 133184 62256 225542 1425479 36 39 25  0  0  0
111  0  59712 79606908 2530836 85806392    0    0 134112 64236 224815 1430763 36 38 25  0  0  0
30  0  59712 79586732 2530836 85806408    0    0 125216 60896 223214 1424543 35 39 25  0  0  0
50  4  59712 79576296 2530836 85806428    0    0 122592 59092 220425 1431722 35 39 26  0  0  0
10  0  59712 79596724 2530836 85806456    0    0 122048 60128 230452 1446650 35 39 26  0  0  0
 8  0  59712 79601364 2530836 85806472    0    0 136016 71136 239158 1460919 36 38 26  0  0  0
118  0  59712 79602464 2530836 85806476    0    0 151312 91088 236194 1449333 36 38 25  0  0  0
42  4  59712 79603996 2530836 85806476    0    0 142784 66616 233751 1437234 36 39 24  0  0  0
76  4  59712 79600900 2530836 85806488    0    0 136624 67044 229831 1438421 35 39 25  0  0  0
procs -----------memory---------- ---swap-- -----io---- -system-- -------cpu-------
 r  b   swpd   free   buff  cache   si   so    bi    bo   in   cs us sy id wa st gu
46  0  59712 79601124 2530836 85806496    0    0 146384 116756 235976 1443876 36 39 24  0  0  0
109  6  59712 79596064 2530836 85806508    0    0 150816 71512 233285 1443771 36 39 24  0  0  0
62  0  59712 79577672 2530836 85806516    0    0 142960 69096 231593 1441251 36 39 24  0  0  0
168  0  59712 79548880 2530836 85806540    0    0 138720 67176 227323 1433118 36 39 25  0  0  0
96  1  59712 79540020 2530836 85806552    0    0 133536 61712 225092 1430976 35 40 25  0  0  0
40  2  59712 79521012 2530836 85806572    0    0 128432 62248 221316 1430874 36 39 25  0  0  0
34  2  59712 79512584 2530836 85806588    0    0 124400 62588 225025 1438671 35 39 25  0  0  0
68  0  59712 79496832 2530836 85806608    0    0 120384 61104 227919 1450899 36 38 25  0  0  0
119  7  59712 79521048 2530836 85806624    0    0 143552 71312 238073 1447977 36 39 24  0  0  0
47  0  59712 79532056 2530836 85806648    0    0 150352 73812 233494 1439568 36 39 24  0  0  0
155  0  59712 79532192 2530836 85806656    0    0 142864 67104 230749 1440753 37 38 25  0  0  0
72  3  59712 79536104 2530836 85806660    0    0 141792 110940 234795 1438715 36 40 24  0  0  0
87  8  59712 79538192 2530836 85806676    0    0 154304 71392 235123 1441152 36 39 25  0  0  0
83  1  59712 79533652 2530836 85806680    0    0 142656 69364 233954 1440609 35 40 25  0  0  0
83  3  59712 79525464 2530836 85806688    0    0 136000 66552 235701 1448347 36 39 25  0  0  0
117  5  59712 79522108 2530836 85806764    0    0 138336 64128 236910 1454181 36 38 25  0  0  0
23  0  59712 79486044 2530836 85806776    0    0 127680 61484 232982 1446247 35 39 26  0  0  0
24  1  59712 79459776 2530836 85806792    0    0 127424 64084 230708 1440620 35 39 26  0  0  0
81  1  59712 79452980 2530836 85806820    0    0 120000 58560 228362 1444246 36 39 25  0  0  0
113  2  59712 79465124 2530836 85806844    0    0 144304 71780 239809 1449037 36 39 24  0  0  0
82  0  59712 79467860 2530836 85806864    0    0 142192 68732 238864 1453494 36 39 24  0  0  0
procs -----------memory---------- ---swap-- -----io---- -system-- -------cpu-------
 r  b   swpd   free   buff  cache   si   so    bi    bo   in   cs us sy id wa st gu
25  0  59712 79464424 2530836 85806884    0    0 138976 66972 227602 1435348 36 38 25  0  0  0
46  1  59712 79467796 2530836 85806900    0    0 139328 66332 229644 1434647 36 39 25  0  0  0
59  2  59712 79471000 2530836 85806912    0    0 132928 63484 228148 1439339 36 38 25  0  0  0
58  0  59712 79470328 2530836 85806920    0    0 127440 74520 227164 1441319 35 39 26  0  0  0
74  0  59712 79471920 2530836 85806932    0    0 149824 102548 236155 1443825 37 39 24  0  0  0
102  3  59712 79471088 2530836 85806940    0    0 149696 70052 233409 1441287 36 39 24  0  0  0
99  1  59712 79466052 2530836 85806940    0    0 137744 66904 230994 1440421 36 39 25  0  0  0
58  1  59712 79461312 2530836 85806952    0    0 136480 65748 227748 1437392 37 38 25  0  0  0
34  0  59712 79459380 2530836 85806960    0    0 132320 63728 227159 1436476 36 39 25  0  0  0
96  1  59712 79422328 2530836 85806968    0    0 123264 60348 224369 1432753 36 39 25  0  0  0
108  2  59712 79405992 2530836 85806988    0    0 121696 61660 224410 1437956 35 39 26  0  0  0
117  0  59712 79394552 2530836 85807012    0    0 125008 59224 227293 1445453 36 38 26  0  0  0
50  1  59712 79385592 2530836 85807020    0    0 143152 73384 229479 1439842 35 39 25  0  0  0
149  0  59712 79380128 2530836 85807044    0    0 148176 71596 229228 1431668 37 38 25  0  0  0
91  4  59712 79380976 2530836 85807100    0    0 141488 68116 228600 1426532 36 38 25  0  0  0
58  1  59712 79393020 2530836 85807112    0    0 135152 65608 226525 1428813 35 39 25  0  0  0
149  0  59712 79391452 2530836 85807124    0    0 142432 109316 235714 1448955 36 39 25  0  0  0
46  2  59712 79394240 2530836 85807132    0    0 149792 72712 233809 1444699 37 38 24  0  0  0
102  4  59712 79396612 2530836 85807140    0    0 148976 70944 232803 1445931 36 39 25  0  0  0
45  1  59712 79398072 2530836 85807156    0    0 142496 68252 232494 1440109 36 39 24  0  0  0
116  3  59712 79394216 2530836 85807168    0    0 140032 69584 229716 1443190 36 38 25  0  0  0
procs -----------memory---------- ---swap-- -----io---- -system-- -------cpu-------
 r  b   swpd   free   buff  cache   si   so    bi    bo   in   cs us sy id wa st gu
18  0  59712 79392160 2530836 85807180    0    0 136848 67432 237895 1453560 36 39 25  0  0  0
57  3  59712 79388988 2530836 85807192    0    0 132768 64148 237676 1457449 36 38 25  0  0  0
82  0  59712 79349524 2530836 85807204    0    0 124864 59088 233807 1444179 36 39 25  0  0  0
64  4  59712 79337320 2530836 85807224    0    0 124672 61364 231080 1442992 35 39 25  0  0  0
57  1  59712 79324712 2530836 85807240    0    0 122176 59976 222783 1440899 35 39 26  0  0  0
100  0  59712 79309352 2530836 85807264    0    0 149712 76068 231567 1437437 36 40 24  0  0  0
84  1  59712 79315036 2530836 85807316    0    0 147840 70768 229132 1435947 35 39 25  0  0  0
117  0  59712 79318144 2530836 85807328    0    0 138656 66180 229202 1429850 36 39 25  0  0  0
58  2  59712 79324480 2530836 85807340    0    0 134304 64244 226489 1434096 35 39 25  0  0  0
65  0  59712 79331256 2530836 85807352    0    0 140960 133704 231383 1443807 35 39 25  1  0  0
 7  0  59712 79331212 2530836 85807360    0    0 148320 69688 237674 1456232 36 39 24  0  0  0
93  7  59712 79329920 2530836 85807368    0    0 144064 70868 241063 1461919 36 39 25  0  0  0
 6  0  59712 79328716 2530836 85807384    0    0 139808 67460 239671 1456092 36 39 25  0  0  0
60  3  59712 79326344 2530836 85807392    0    0 134704 66448 236002 1456782 36 39 25  0  0  0
169  1  59712 79319856 2530836 85807392    0    0 129312 60852 236923 1454581 35 39 25  0  0  0
28  0  59712 79305632 2530836 85807404    0    0 129728 64916 230352 1442986 36 38 25  0  0  0
44  1  59712 79277512 2530836 85807420    0    0 123760 59136 218822 1433492 36 38 26  0  0  0
132  2  59712 79258824 2530836 85807456    0    0 144224 72700 227297 1440262 36 39 25  0  0  0
75  0  59712 79260024 2530836 85807456    0    0 146240 70080 228438 1429696 36 39 25  0  0  0
220  0  59712 79261700 2530836 85807480    0    0 141472 66000 228554 1431846 37 38 25  0  0  0
65  1  59712 79241524 2530836 85807520    0    0 134192 64800 228081 1436309 35 39 25  0  0  0
procs -----------memory---------- ---swap-- -----io---- -system-- -------cpu-------
 r  b   swpd   free   buff  cache   si   so    bi    bo   in   cs us sy id wa st gu
81  3  59712 79239760 2530836 85807524    0    0 130816 64908 225176 1428404 36 39 25  0  0  0
78  0  59712 79253660 2530836 85807548    0    0 149248 121028 236069 1448940 36 40 24  0  0  0
93  2  59712 79255276 2530836 85807556    0    0 146352 67488 233239 1445040 35 40 25  0  0  0
97  4  59712 79257232 2530836 85807556    0    0 134528 66092 228792 1439569 36 39 25  0  0  0
171  0  59712 79258992 2530836 85807564    0    0 130000 62468 228151 1440375 35 39 25  0  0  0
12  0  59712 79252756 2530836 85807572    0    0 134352 65556 236014 1450092 36 39 25  0  0  0
45  1  59712 79249820 2530836 85807580    0    0 127136 60540 232341 1450088 35 39 26  0  0  0
16  0  59712 79248480 2530836 85807604    0    0 126544 63880 224580 1437431 35 39 26  0  0  0
70  1  59712 79221556 2530836 85807604    0    0 121712 57968 220730 1430851 35 39 26  0  0  0
108  8  59712 79213604 2530836 85807632    0    0 140704 70668 228862 1436743 36 39 25  0  0  0
134  0  59712 79207364 2530836 85807644    0    0 147504 73004 230905 1434451 36 39 25  0  0  0
46  0  59712 79191912 2530836 85807664    0    0 142032 67944 230195 1434561 36 39 24  0  0  0
61  1  59712 79184632 2530836 85807784    0    0 139136 66692 228772 1430690 36 39 25  0  0  0
53  0  59712 79177440 2530836 85807804    0    0 133280 62512 227210 1429111 36 39 25  0  0  0
84  7  59712 79189188 2530836 85807816    0    0 150400 117496 233921 1442567 36 39 25  0  0  0
84  1  59712 79188184 2530836 85807828    0    0 147024 71980 234408 1445292 37 38 25  0  0  0
45  1  59712 79191560 2530836 85807836    0    0 144336 70000 236148 1446973 35 39 25  0  0  0
70  3  59712 79190796 2530836 85807864    0    0 138448 68112 234738 1444028 36 39 24  0  0  0
90  6  59712 79187768 2530836 85807864    0    0 132608 63840 227756 1441539 35 40 25  0  0  0
59  5  59712 79183900 2530836 85807880    0    0 129728 62500 223117 1443647 35 39 25  0  0  0
21  6  59712 79181476 2530836 85807888    0    0 124000 61116 222235 1443270 35 39 25  0  0  0
procs -----------memory---------- ---swap-- -----io---- -system-- -------cpu-------
 r  b   swpd   free   buff  cache   si   so    bi    bo   in   cs us sy id wa st gu
53  2  59712 79178600 2530836 85807904    0    0 125168 61396 221029 1442823 36 38 25  0  0  0
58  6  59712 79147916 2530836 85807912    0    0 151536 73116 232900 1440883 36 39 24  0  0  0
103  4  59712 79135700 2530836 85807924    0    0 139376 65600 227597 1431654 35 40 25  0  0  0
118  2  59712 79129352 2530836 85807952    0    0 139168 65816 227222 1434139 36 39 24  0  0  0
124  0  59712 79115004 2530836 85807972    0    0 132720 65560 225850 1435324 36 39 25  0  0  0
70  1  59712 79111080 2530836 85807996    0    0 129184 63564 230328 1440513 35 39 25  0  0  0
 8  0  59712 79094348 2530836 85808000    0    0 145536 117440 242370 1457605 36 39 24  0  0  0
48  2  59712 79124716 2530836 85808024    0    0 148496 71248 239187 1457004 36 39 24  0  0  0
80  5  59712 79133764 2530836 85808040    0    0 143824 69172 233614 1447746 36 38 25  0  0  0
95  3  59712 79132944 2530836 85808052    0    0 136512 68112 227977 1444896 37 38 25  0  0  0
144  0  59712 79128420 2530836 85808060    0    0 131904 62676 226480 1440439 36 39 25  0  0  0
33  0  59712 79127360 2530836 85808068    0    0 127792 63584 225507 1436165 35 39 25  0  0  0
55  5  59712 79124160 2530836 85808076    0    0 125184 61052 223506 1439602 35 39 25  0  0  0
20  0  59712 79124320 2530836 85808084    0    0 121872 56856 222556 1444741 35 39 26  0  0  0
50  2  59712 79122472 2530836 85808096    0    0 128368 63912 224940 1439779 35 39 25  0  0  0
63  0  59712 79074652 2530840 85808116    0    0 153360 72404 233219 1437082 36 40 24  0  0  0
87  3  59712 79046740 2530840 85808140    0    0 141200 67644 230801 1431529 36 40 24  0  0  0
64  0  59712 79035204 2530840 85808152    0    0 135280 68376 230068 1436341 36 38 25  0  0  0
67  1  59712 79038900 2530840 85808164    0    0 130368 63944 232532 1446704 36 38 26  0  0  0
69  8  59712 79044052 2530840 85808188    0    0 141504 115232 238830 1445439 35 39 25  0  0  0
66  0  59712 79042820 2530840 85808208    0    0 146352 70556 231112 1435833 36 39 25  0  0  0
procs -----------memory---------- ---swap-- -----io---- -system-- -------cpu-------
 r  b   swpd   free   buff  cache   si   so    bi    bo   in   cs us sy id wa st gu
62  2  59712 79052328 2530840 85808216    0    0 143248 87544 231039 1435151 35 41 24  0  0  0
100  5  59712 79055064 2530840 85808224    0    0 136576 65708 231136 1442238 36 39 24  0  0  0
13  0  59712 79054588 2530840 85808232    0    0 135584 65480 229740 1438904 35 39 25  0  0  0
 8  1  59712 79055536 2530840 85808244    0    0 129520 62420 227457 1439346 36 39 25  0  0  0
32  5  59712 79055624 2530840 85808252    0    0 126272 61280 224260 1436127 36 39 25  0  0  0
63  6  59712 79050644 2530840 85808260    0    0 121760 56180 225453 1439189 35 39 25  0  0  0
182  0  59712 79050064 2530840 85808268    0    0 130432 64608 224964 1437830 36 38 25  0  0  0
12  0  59712 79047384 2530840 85808280    0    0 153456 74840 233761 1445242 36 39 25  0  0  0
78  0  59712 79012076 2530840 85808292    0    0 145376 70348 231335 1434566 36 39 24  0  0  0
60  5  59712 78993536 2530840 85808324    0    0 142448 69900 227424 1434261 36 39 25  0  0  0
23  0  59712 78967552 2530840 85808340    0    0 137344 65820 226221 1426170 36 39 25  0  0  0
45  0  59712 78974012 2530840 85808356    0    0 144976 112304 229569 1433947 35 39 25  0  0  0
81  0  59712 78973176 2530840 85808360    0    0 147552 70812 232047 1439631 36 38 25  0  0  0
58  5  59712 78966412 2530840 85808388    0    0 149392 71888 230885 1431946 37 38 24  0  0  0
23  1  59712 78959180 2530840 85808408    0    0 144064 69008 229273 1431753 36 39 25  1  0  0
70  0  59712 78966636 2530840 85808424    0    0 138240 66252 230419 1438831 35 39 25  0  0  0
17  0  59712 78968656 2530840 85808436    0    0 134128 66044 229118 1435479 36 38 25  0  0  0
20  2  59712 78968688 2530840 85808444    0    0 128816 61072 224802 1435869 36 39 25  0  0  0
56  0  59712 78968232 2530840 85808456    0    0 123184 60408 223674 1437776 36 38 26  0  0  0
12  0  59712 78966768 2530840 85808464    0    0 123392 61780 222750 1438084 36 37 26  0  0  0
12  1  59712 78970492 2530840 85808472    0    0 150352 74288 236691 1444955 36 39 24  0  0  0
procs -----------memory---------- ---swap-- -----io---- -system-- -------cpu-------
 r  b   swpd   free   buff  cache   si   so    bi    bo   in   cs us sy id wa st gu
27  0  59712 78966568 2530840 85808484    0    0 148832 72764 240109 1453898 36 39 24  0  0  0
11  0  59712 78937400 2530840 85808492    0    0 142256 69696 234654 1438108 35 40 24  0  0  0
32  6  59712 78915824 2530840 85808520    0    0 135488 65864 225245 1428947 36 38 25  0  0  0
 8  0  59712 78907560 2530840 85808532    0    0 132624 64340 226007 1434854 36 39 25  0  0  0
72  7  59712 78909152 2530840 85808556    0    0 145632 113404 234314 1439718 36 40 24  0  0  0
95  0  59712 78895744 2530840 85808580    0    0 146464 72428 231885 1435187 36 39 24  0  0  0
29  3  59712 78897204 2530840 85808588    0    0 144016 67400 229896 1432872 36 39 24  0  0  0
13  0  59712 78886540 2530840 85808604    0    0 138272 67596 228168 1431339 36 38 25  0  0  0
64  1  59712 78887796 2530840 85808696    0    0 131840 63112 230455 1438024 36 39 25  0  0  0
67  0  59712 78888312 2530840 85808728    0    0 134448 64520 234890 1451450 36 39 25  0  0  0
 7  0  59712 78891572 2530848 85808784    0    0 129392 63404 235514 1450531 36 38 26  0  0  0
102  5  59712 78890684 2530848 85808796    0    0 129648 62936 235379 1451483 36 38 26  0  0  0
44  0  59712 78893624 2530848 85808808    0    0 124192 61064 230617 1453544 35 38 26  0  0  0
86  5  59712 78895032 2530848 85808808    0    0 137760 68952 231321 1446644 36 39 25  0  0  0
32  1  59712 78892872 2530848 85808820    0    0 151472 73368 234130 1440011 36 39 25  0  0  0
163  0  59712 78861504 2530848 85808832    0    0 140240 68908 229870 1434027 36 39 25  0  0  0
55  0  59712 78851432 2530848 85808856    0    0 134768 66576 228268 1424339 36 39 25  0  0  0
86  1  59712 78841228 2530848 85808872    0    0 148288 115664 231396 1435720 35 40 25  0  0  0
52  0  59712 78840228 2530848 85808904    0    0 147440 69196 229700 1438019 36 39 25  0  0  0
13  0  59712 78837240 2530848 85808924    0    0 143536 69700 228992 1433111 35 40 25  0  0  0
68  0  59712 78819760 2530848 85808940    0    0 136144 64824 225014 1432031 36 39 25  0  0  0
procs -----------memory---------- ---swap-- -----io---- -system-- -------cpu-------
 r  b   swpd   free   buff  cache   si   so    bi    bo   in   cs us sy id wa st gu
28  3  59712 78834864 2530848 85808956    0    0 141136 67552 226515 1435351 36 39 25  0  0  0
24  1  59712 78842132 2530848 85808972    0    0 130960 64412 231195 1453177 35 39 25  0  0  0
21  0  59712 78842444 2530848 85808984    0    0 126592 62856 236097 1455230 35 40 25  0  0  0
54  1  59712 78845544 2530848 85808996    0    0 125072 59748 233667 1460357 35 38 26  0  0  0
 8  0  59712 78843412 2530848 85809016    0    0 125984 62976 231981 1456953 36 38 25  0  0  0
 9  1  59712 78840392 2530848 85809020    0    0 121152 59896 231679 1450347 35 39 25  0  0  0
117  5  59712 78840172 2530848 85809028    0    0 146944 72352 240558 1459406 36 39 24  0  0  0
63  7  59712 78835848 2530848 85809040    0    0 142464 68828 241928 1462139 35 40 24  0  0  0
127  0  59712 78795648 2530848 85809056    0    0 136304 81372 237729 1450679 36 38 25  0  0  0
34  2  59712 78769720 2530848 85809072    0    0 130576 63620 225195 1427707 36 39 25  0  0  0
118  0  59712 78772268 2530848 85809092    0    0 149904 111356 232121 1432409 36 39 25  0  0  0
60  5  59712 78779600 2530848 85809104    0    0 145776 71008 230891 1430292 35 40 24  0  0  0
37  0  59712 78769260 2530852 85809128    0    0 136528 64348 227357 1438717 36 39 24  0  0  0
42  0  59712 78774940 2530852 85809148    0    0 132528 65180 225551 1435306 36 39 25  0  0  0
106  0  59712 78795196 2530852 85809180    0    0 133232 63808 224706 1439280 35 39 25  0  0  0
38  8  59712 78804428 2530852 85809180    0    0 128336 61476 223345 1440624 36 38 26  0  0  0
65  0  59712 78809280 2530856 85809188    0    0 124096 59276 223761 1439631 35 39 25  0  0  0
59  0  59712 78815256 2530856 85809208    0    0 127408 65328 225103 1446851 35 39 26  0  0  0
120  0  59712 78807868 2530856 85809216    0    0 154240 75572 232893 1450271 36 40 24  0  0  0
65  2  59712 78804972 2530856 85809216    0    0 146384 70720 232661 1444916 36 39 25  0  0  0
67  7  59712 78804032 2530856 85809232    0    0 144832 68388 230793 1445285 36 39 25  0  0  0
procs -----------memory---------- ---swap-- -----io---- -system-- -------cpu-------
 r  b   swpd   free   buff  cache   si   so    bi    bo   in   cs us sy id wa st gu
122  4  59712 78787660 2530856 85809240    0    0 140048 68416 229295 1437427 36 39 25  0  0  0
70  0  59712 78744592 2530856 85809252    0    0 137744 92300 227940 1430220 36 39 25  0  0  0
105  0  59712 78740060 2530856 85809276    0    0 148160 89692 231521 1438138 36 38 25  0  0  0
63  2  59712 78723844 2530856 85809288    0    0 143584 70584 228786 1431445 36 39 25  0  0  0
153  0  59712 78723676 2530856 85809312    0    0 141120 67148 228616 1429715 36 39 24  0  0  0
135  0  59712 78715748 2530856 85809324    0    0 135056 66076 227114 1434856 36 39 25  0  0  0
73  0  59712 78710108 2530856 85809348    0    0 128224 59192 225266 1433821 36 39 25  0  0  0
85  1  59712 78725304 2530856 85809364    0    0 128864 62268 225326 1438348 36 37 26  0  0  0
71  1  59712 78727000 2530856 85809376    0    0 126064 62656 222564 1436277 35 38 26  0  0  0
124  1  59712 78727476 2530856 85809384    0    0 133040 67484 227178 1441100 36 38 25  0  0  0
35  2  59712 78730636 2530856 85809392    0    0 151120 72764 235388 1448637 36 39 24  0  0  0
84  3  59712 78728228 2530856 85809400    0    0 142944 67664 235374 1451478 36 39 25  0  0  0
31  0  59712 78722724 2530860 85809412    0    0 139488 68724 231595 1444788 36 39 25  0  0  0
48  4  59712 78724840 2530860 85809412    0    0 135760 67548 228475 1441657 36 38 25  0  0  0
31  3  59712 78701812 2530860 85809428    0    0 134032 65948 226239 1433872 36 38 26  0  0  0
119  4  59712 78674316 2530860 85809448    0    0 149264 111460 232007 1435970 36 39 24  0  0  0
42  0  59712 78664528 2530860 85809468    0    0 138096 67696 227538 1434915 36 39 25  0  0  0
89  2  59712 78664188 2530860 85809488    0    0 129808 62660 226989 1427920 35 39 25  0  0  0
84  3  59712 78657504 2530860 85809504    0    0 128864 62372 223847 1428317 36 39 25  0  0  0
39  0  59712 78649280 2530860 85809520    0    0 124784 60180 222102 1429063 36 39 25  0  0  0
37  4  59712 78656640 2530860 85809544    0    0 120800 57732 221911 1428664 35 39 25  0  0  0
procs -----------memory---------- ---swap-- -----io---- -system-- -------cpu-------
 r  b   swpd   free   buff  cache   si   so    bi    bo   in   cs us sy id wa st gu
128  0  59712 78675016 2530860 85809560    0    0 134496 67248 236296 1457120 36 38 25  0  0  0
30  0  59712 78686372 2530860 85809572    0    0 142352 68632 233955 1442650 35 40 24  0  0  0
62  3  59712 78687520 2530860 85809584    0    0 145456 69708 230349 1438049 36 39 24  0  0  0
76  3  59712 78685332 2530860 85809592    0    0 133248 65976 229082 1438868 36 39 25  0  0  0
 6  0  59712 78681084 2530860 85809600    0    0 132960 64672 226727 1435606 35 39 25  0  0  0
44  2  59712 78680788 2530860 85809672    0    0 129728 63360 224600 1437672 35 39 25  0  0  0
82  0  59712 78673312 2530860 85809676    0    0 136496 110020 231697 1444048 36 38 25  0  0  0
113  0  59712 78592664 2530860 85809696    0    0 146096 70628 235715 1436321 37 39 24  0  0  0
73  0  59712 78544452 2530860 85809720    0    0 140000 66736 230979 1430816 36 39 24  0  0  0
166  0  59712 78546292 2530860 85809720    0    0 137424 67656 235864 1423509 35 40 25  0  0  0
37  1  59712 78489756 2530860 85809760    0    0 132352 64092 226390 1429423 36 39 25  0  0  0
56  3  59712 78502576 2530860 85809784    0    0 126800 60888 230635 1442202 36 39 25  0  0  0
57  5  59712 78499968 2530860 85809800    0    0 123184 60476 225664 1439462 35 39 26  0  0  0
59  1  59712 78500976 2530860 85809816    0    0 126992 64768 220654 1431154 35 38 26  0  0  0
70  3  59712 78517176 2530860 85809824    0    0 150576 72836 234586 1442520 36 39 24  0  0  0
111  9  59712 78509472 2530860 85809828    0    0 140896 65336 234789 1440953 36 40 24  0  0  0
80  0  59712 78525052 2530860 85809840    0    0 141392 69336 230493 1440414 36 38 25  0  0  0
46  0  59712 78540492 2530860 85809856    0    0 138128 68196 231838 1438003 35 39 25  0  0  0
26  0  59712 78529104 2530860 85809864    0    0 131328 63564 229243 1435111 35 40 25  0  0  0
80  1  59712 78501184 2530860 85809872    0    0 146384 112796 235659 1451177 36 39 24  0  0  0
48  0  59712 78492064 2530860 85809884    0    0 149552 74096 237160 1443939 35 39 25  0  0  0
procs -----------memory---------- ---swap-- -----io---- -system-- -------cpu-------
 r  b   swpd   free   buff  cache   si   so    bi    bo   in   cs us sy id wa st gu
221  0  59712 78454264 2530860 85809900    0    0 147616 87532 230713 1425435 36 40 24  0  0  0
28  4  59712 78468016 2530864 85809920    0    0 146144 70580 229028 1425141 36 39 25  0  0  0
114  0  59712 78451264 2530864 85809940    0    0 135728 67344 228023 1431410 36 39 25  0  0  0
 7  0  59712 78490044 2530864 85809964    0    0 132800 62496 225795 1434419 36 39 25  0  0  0
30  1  59712 78495316 2530864 85809976    0    0 127008 62916 223453 1428376 36 38 25  0  0  0
53  0  59712 78455268 2530864 85810024    0    0 127168 60936 221977 1423142 35 40 25  0  0  0
121  0  59712 78453432 2530864 85810044    0    0 118720 57168 221027 1432015 36 38 26  0  0  0
36  0  59712 78481324 2530864 85810052    0    0 148544 74612 233539 1450718 37 39 24  0  0  0
61  1  59712 78502688 2530872 85810052    0    0 148624 72148 234921 1441928 36 40 24  0  0  0
88  1  59712 78502120 2530872 85810068    0    0 144768 70180 234141 1437388 36 39 24  0  0  0
103  0  59712 78491476 2530872 85810072    0    0 138128 67504 232503 1442450 35 39 25  0  0  0
54  5  59712 78487016 2530872 85810080    0    0 141312 109300 241211 1454475 36 39 25  0  0  0
80  0  59712 78478260 2530872 85810088    0    0 149760 76348 239510 1457512 36 39 25  0  0  0
60  0  59712 78460504 2530872 85810100    0    0 145856 69468 234488 1435426 37 39 24  0  0  0
96  0  59712 78447684 2530872 85810120    0    0 138112 66264 230316 1431685 36 39 25  0  0  0
52  0  59712 78452396 2530872 85810144    0    0 137680 67620 227566 1428373 36 38 25  0  0  0
12  0  59712 78439748 2530872 85810160    0    0 129968 63744 224484 1430366 35 39 25  0  0  0
96  2  59712 78417376 2530872 85810180    0    0 127504 61676 223246 1430283 35 39 25  0  0  0
82  0  59712 78436972 2530872 85810196    0    0 122464 55584 221574 1430583 35 39 25  0  0  0
61  0  59712 78443420 2530872 85810212    0    0 125472 65420 221746 1435820 36 38 26  0  0  0
12  0  59712 78458900 2530872 85810220    0    0 149584 72412 233598 1446472 36 39 25  0  0  0
procs -----------memory---------- ---swap-- -----io---- -system-- -------cpu-------
 r  b   swpd   free   buff  cache   si   so    bi    bo   in   cs us sy id wa st gu
35  3  59712 78464068 2530872 85810228    0    0 147824 70468 234535 1445540 36 39 25  0  0  0
56  5  59712 78451292 2530872 85810240    0    0 143984 71648 237659 1450514 36 38 25  0  0  0
119  7  59712 78445252 2530872 85810248    0    0 140928 68304 233621 1447693 37 38 25  0  0  0
223  0  59712 78436832 2530872 85810256    0    0 138992 107780 230851 1447642 36 38 25  0  0  0
95  2  59712 78424692 2530872 85810264    0    0 151952 73800 236801 1446161 36 39 24  0  0  0
172  0  59712 78423872 2530872 85810276    0    0 148240 72144 232596 1437777 35 39 25  0  0  0
64  2  59712 78436960 2530876 85810296    0    0 133744 65868 228218 1433923 35 39 25  0  0  0
79  4  59712 78446064 2530876 85810308    0    0 132832 62144 223994 1424364 36 39 26  0  0  0
69  0  59712 78411468 2530876 85810328    0    0 131584 64188 225430 1427863 35 39 25  0  0  0
40  0  59712 78375368 2530876 85810352    0    0 129568 60968 223043 1424096 35 40 25  0  0  0
21  0  59712 78387608 2530876 85810372    0    0 123264 61112 221994 1436899 35 39 26  0  0  0
108  4  59712 78401368 2530876 85810392    0    0 122432 60476 232085 1447029 35 38 26  0  0  0
40  0  59712 78420336 2530876 85810404    0    0 154192 74712 244396 1455887 36 39 25  0  0  0
95  4  59712 78414656 2530876 85810412    0    0 147136 72668 241003 1453862 36 39 25  0  0  0
60  1  59712 78409800 2530876 85810420    0    0 147584 71420 231469 1438329 36 39 25  0  0  0
53  3  59712 78408312 2530876 85810428    0    0 134976 66420 230170 1442605 36 39 25  0  0  0
81  1  59712 78394980 2530876 85810440    0    0 149328 115560 234768 1452973 35 39 25  0  0  0
61  0  59712 78380480 2530876 85810448    0    0 152720 73896 232793 1445231 36 40 24  0  0  0
43  0  59712 78377552 2530880 85810456    0    0 144944 68672 231966 1445669 36 39 25  0  0  0
36  0  59712 78367848 2530880 85810468    0    0 136976 63456 229165 1437237 35 39 25  0  0  0
10 10  59712 78353752 2530880 85810488    0    0 137664 66596 227429 1429763 35 40 25  0  0  0
procs -----------memory---------- ---swap-- -----io---- -system-- -------cpu-------
 r  b   swpd   free   buff  cache   si   so    bi    bo   in   cs us sy id wa st gu
141  0  59712 78384616 2530880 85810512    0    0 124800 61872 232162 1449166 35 39 25  0  0  0
60  1  59712 78349508 2530880 85810528    0    0 122016 58324 231371 1451004 35 39 25  0  0  0
72  1  59712 78346192 2530880 85810612    0    0 119504 59520 227255 1445984 35 38 26  0  0  0
37  6  59712 78337732 2530880 85810632    0    0 137840 69788 235341 1455341 35 40 24  0  0  0
68  2  59712 78345536 2530884 85810644    0    0 150320 72764 239108 1451626 36 39 25  0  0  0
30  3  59712 78357604 2530884 85810656    0    0 142432 68064 237206 1457269 36 39 24  0  0  0
32  1  59712 78362432 2530884 85810664    0    0 138256 66784 231813 1437482 36 39 24  0  0  0
59  3  59712 78361936 2530884 85810672    0    0 134704 66812 227379 1433216 35 39 25  0  0  0
69  1  59712 78360284 2530884 85810680    0    0 152368 113644 235283 1446494 36 39 24  0  0  0
78  5  59712 78357952 2530884 85810688    0    0 147920 73620 233844 1446555 36 39 24  0  0  0
83  3  59712 78344208 2530884 85810700    0    0 141696 66248 231376 1440641 36 38 25  0  0  0
28  0  59712 78332448 2530884 85810708    0    0 137232 67064 231130 1435646 35 39 25  0  0  0
121  0  59712 78330032 2530884 85810728    0    0 134688 79120 225806 1431149 36 39 25  0  0  0
149  0  59712 78338312 2530888 85810744    0    0 131248 64744 231164 1435276 36 39 25  0  0  0
32  0  59712 78307452 2530888 85810760    0    0 122400 59716 232796 1448575 35 39 25  0  0  0
 9  0  59712 78292192 2530888 85810784    0    0 125008 59132 228476 1442737 36 39 25  0  0  0
64  0  59712 78285408 2530888 85810800    0    0 128928 68652 223388 1437338 36 38 25  0  0  0
39  1  59712 78306568 2530888 85810820    0    0 153312 74688 231588 1438772 36 39 25  0  0  0
10  0  59712 78306800 2530888 85810832    0    0 145760 71608 232450 1440872 36 38 25  0  0  0
79  2  59712 78314032 2530888 85810840    0    0 146256 67784 232927 1440522 36 39 25  0  0  0
76  1  59712 78328072 2530888 85810852    0    0 139280 69004 230429 1440549 36 39 25  0  0  0
procs -----------memory---------- ---swap-- -----io---- -system-- -------cpu-------
 r  b   swpd   free   buff  cache   si   so    bi    bo   in   cs us sy id wa st gu
59  0  59712 78327980 2530888 85810856    0    0 138592 108440 232821 1448146 36 38 25  0  0  0
45  1  59712 78319144 2530888 85810872    0    0 145584 70036 235814 1446819 36 39 24  0  0  0
69  0  59712 78315320 2530888 85810872    0    0 141776 68204 232827 1439255 36 39 25  0  0  0
15  0  59712 78306672 2530888 85810888    0    0 139088 66904 234339 1446275 35 39 25  0  0  0
 9  0  59712 78288180 2530892 85810900    0    0 137152 67512 235136 1453648 37 37 25  0  0  0
54  2  59712 78272644 2530892 85810924    0    0 128112 61716 231671 1444670 35 39 26  0  0  0
61  1  59712 78275024 2530892 85810944    0    0 129184 62808 222424 1439924 36 38 26  0  0  0
58  0  59712 78291792 2530892 85810960    0    0 126496 61536 219938 1430595 35 39 26  0  0  0
65  1  59712 78288840 2530892 85810980    0    0 119136 58380 218487 1437001 35 39 26  0  0  0
60 10  59712 78267196 2530892 85811008    0    0 123792 63448 219702 1434601 35 39 25  0  0  0
110  2  59712 78269228 2530892 85811028    0    0 150352 72788 232216 1444878 35 40 24  0  0  0
134  0  59712 78275428 2530896 85811040    0    0 142576 67604 230421 1449472 35 40 25  0  0  0
78  3  59712 78281076 2530896 85811048    0    0 142496 70524 230542 1442982 35 39 25  0  0  0
63  2  59712 78280432 2530896 85811056    0    0 136144 64480 227320 1444536 35 40 25  0  0  0
44  1  59712 78275708 2530896 85811064    0    0 131968 79276 228642 1444179 36 38 25  0  0  0
60  0  59712 78266456 2530896 85811076    0    0 152976 103492 235927 1448686 36 40 24  0  0  0
38  0  59712 78266736 2530896 85811084    0    0 147712 72236 232223 1446070 36 38 25  0  0  0
17  0  59712 78266272 2530896 85811092    0    0 141936 70384 230636 1440596 36 39 25  0  0  0
74  0  59712 78233516 2530896 85811104    0    0 134384 64652 225724 1434388 36 39 25  0  0  0
137  0  59712 78249648 2530896 85811124    0    0 128272 63304 222204 1439145 35 39 26  0  0  0
48  1  59712 78253136 2530896 85811144    0    0 127616 60736 221648 1433276 36 38 25  0  0  0
procs -----------memory---------- ---swap-- -----io---- -system-- -------cpu-------
 r  b   swpd   free   buff  cache   si   so    bi    bo   in   cs us sy id wa st gu
87  2  59712 78246040 2530896 85811164    0    0 124400 60684 220174 1436336 35 39 25  0  0  0
199  0  59712 78227004 2530896 85811180    0    0 127920 65360 223297 1437283 35 39 26  0  0  0
82  9  59712 78214596 2530896 85811196    0    0 147040 70464 231138 1437296 36 39 24  0  0  0
132  2  59712 78216708 2530896 85811208    0    0 141904 68820 230788 1436427 36 39 25  0  0  0
56  0  59712 78232752 2530896 85811220    0    0 139232 65324 230240 1440836 36 39 25  0  0  0
74  0  59712 78244856 2530896 85811228    0    0 136640 67076 228278 1438346 36 39 25  0  0  0
141  0  59712 78247444 2530896 85811236    0    0 131776 63720 228973 1436733 35 39 25  0  0  0
30  0  59712 78242444 2530896 85811244    0    0 139424 115804 241046 1461263 36 39 25  0  0  0
55  0  59712 78240496 2530896 85811252    0    0 151792 75432 242616 1453141 35 40 24  0  0  0
94  2  59712 78233184 2530896 85811264    0    0 141904 68340 233690 1441380 36 39 25  0  0  0
74  0  59712 78217264 2530900 85811272    0    0 135136 65412 228865 1436991 35 40 25  0  0  0
22  0  59712 78214700 2530900 85811296    0    0 128096 63580 224065 1432961 36 39 25  0  0  0
27  1  59712 78211284 2530900 85811316    0    0 124848 60856 220789 1434277 36 38 25  0  0  0
93  3  59712 78217452 2530900 85811336    0    0 122576 58552 220226 1432777 36 38 25  0  0  0
103  4  59712 78204872 2530900 85811348    0    0 132640 65840 224096 1433770 35 39 25  0  0  0
42  0  59712 78172148 2530900 85811368    0    0 142640 68348 231119 1440378 36 40 24  0  0  0
81  5  59712 78188668 2530904 85811388    0    0 142672 69136 230173 1437159 37 39 24  0  0  0
90  6  59712 78188692 2530904 85811396    0    0 138864 68232 231967 1440107 36 39 25  0  0  0
73  0  59712 78211212 2530908 85811404    0    0 139744 68140 232123 1442143 35 39 25  0  0  0
12  0  59712 78211160 2530908 85811412    0    0 126032 60968 227945 1447266 35 39 25  0  0  0
114  1  59712 78203600 2530908 85811492    0    0 136016 111252 230630 1448690 35 39 25  0  0  0
procs -----------memory---------- ---swap-- -----io---- -system-- -------cpu-------
 r  b   swpd   free   buff  cache   si   so    bi    bo   in   cs us sy id wa st gu
75  0  59712 78198628 2530908 85811500    0    0 152528 73608 235905 1446000 36 39 25  0  0  0
41  3  59712 78200280 2530908 85811508    0    0 145744 71768 234133 1440763 36 39 25  0  0  0
79  4  59712 78191948 2530908 85811516    0    0 134656 65256 231526 1440367 36 39 25  0  0  0
53  3  59712 78183132 2530908 85811536    0    0 131456 62428 225691 1430650 36 39 25  0  0  0
 7  0  59712 78164972 2530908 85811560    0    0 125648 76324 222982 1425271 35 40 25  0  0  0
38  2  59712 78179064 2530908 85811580    0    0 123280 60296 221763 1425308 35 40 25  0  0  0
43  4  59712 78172416 2530912 85811596    0    0 124304 61312 220939 1426719 35 39 25  0  0  0
30  0  59712 78157440 2530912 85811616    0    0 142800 71564 230009 1431116 35 39 25  0  0  0
59  0  59712 78132440 2530912 85811640    0    0 153520 73976 240577 1443778 36 40 24  0  0  0
84  0  59712 78153352 2530912 85811656    0    0 149776 73500 239887 1457531 36 38 25  0  0  0
98  2  59712 78150016 2530912 85811660    0    0 142000 68720 230353 1444872 36 38 25  0  0  0
35  0  59712 78166872 2530912 85811668    0    0 133248 65052 228184 1441348 35 39 25  0  0  0
119  1  59712 78166700 2530912 85811676    0    0 135632 110004 230589 1444020 36 38 25  0  0  0
 8  0  59712 78164800 2530912 85811684    0    0 150960 71752 234287 1449461 35 40 24  0  0  0
109  0  59712 78158864 2530912 85811696    0    0 145872 70328 234433 1445751 36 39 24  0  0  0
41  6  59712 78151292 2530912 85811704    0    0 143600 68140 232729 1445194 36 39 24  0  0  0
205  0  59712 78157748 2530912 85811712    0    0 139344 66896 231383 1441476 36 40 24  0  0  0
33  2  59712 78137576 2530912 85811732    0    0 134848 64940 225594 1433374 35 39 25  0  0  0
 7  0  59712 78127220 2530912 85811748    0    0 126176 63220 232369 1450041 36 39 25  0  0  0
149  0  59712 78133164 2530912 85811776    0    0 128304 64252 231954 1441125 36 38 25  0  0  0
150  0  59712 78118988 2530916 85811796    0    0 127328 61800 231060 1442337 35 39 25  0  0  0
procs -----------memory---------- ---swap-- -----io---- -system-- -------cpu-------
 r  b   swpd   free   buff  cache   si   so    bi    bo   in   cs us sy id wa st gu
34  0  59712 78113000 2530916 85811816    0    0 126704 60012 228910 1447332 35 39 26  0  0  0
39  0  59712 78132176 2530916 85811840    0    0 138656 70732 233102 1450048 35 39 25  0  0  0
61  0  59712 78133452 2530916 85811852    0    0 143216 69580 232992 1445543 36 38 25  0  0  0
23  0  59712 78125420 2530916 85811872    0    0 143120 68888 230805 1443267 36 39 25  0  0  0
119  0  59712 78131444 2530916 85811888    0    0 142624 67572 230677 1438797 35 39 25  0  0  0
44  1  59712 78126024 2530916 85811896    0    0 144080 114756 233400 1447714 37 38 25  0  0  0
164  0  59712 78126648 2530916 85811904    0    0 146544 72196 234400 1450838 36 39 24  0  0  0
12  0  59712 78117500 2530916 85811908    0    0 136880 63196 233072 1446817 35 40 24  0  0  0
112  0  59712 78116616 2530916 85811916    0    0 141744 68348 229305 1441450 35 39 25  0  0  0
62  0  59712 78102164 2530916 85811936    0    0 132304 63180 225662 1432026 35 39 25  0  0  0
136  0  59712 78102288 2530916 85811960    0    0 130512 61876 223461 1433047 36 38 25  0  0  0
43  0  59712 78092152 2530916 85811980    0    0 130256 64912 222542 1430403 36 38 26  0  0  0
51  1  59712 78092124 2530920 85812004    0    0 122272 59796 228263 1448130 36 38 25  0  0  0
18  0  59712 78084504 2530920 85812020    0    0 122304 62100 230788 1445800 35 40 25  0  0  0
139  4  59712 78087420 2530920 85812044    0    0 135808 68484 235082 1451714 35 40 25  0  0  0
214  2  59712 78093472 2530920 85812060    0    0 150368 71368 242267 1461050 36 39 24  0  0  0
 7  0  59712 78097344 2530920 85812068    0    0 145696 71244 235168 1448470 36 39 24  0  0  0
81  2  59712 78105492 2530920 85812076    0    0 138560 65384 231281 1440056 36 39 25  0  0  0
57  2  59712 78101768 2530924 85812084    0    0 135168 67080 228058 1444105 36 39 25  0  0  0
30  4  59712 78097844 2530924 85812096    0    0 147984 113432 237295 1448822 36 40 24  0  0  0
138  1  59712 78089248 2530924 85812104    0    0 148096 69040 235517 1447269 36 40 24  0  0  0
procs -----------memory---------- ---swap-- -----io---- -system-- -------cpu-------
 r  b   swpd   free   buff  cache   si   so    bi    bo   in   cs us sy id wa st gu
54  4  59712 78089744 2530924 85812112    0    0 142208 68688 231828 1440723 36 39 25  0  0  0
41  0  59712 78082016 2530924 85812124    0    0 139072 67472 233119 1443283 36 39 25  0  0  0
114  0  59712 78064732 2530928 85812144    0    0 131456 63052 235127 1448516 36 39 25  0  0  0
12  0  59712 78058940 2530932 85812160    0    0 124464 60156 231831 1445860 36 39 25  0  0  0
75  0  59712 78053216 2530932 85812184    0    0 123360 61216 231378 1445505 36 38 25  0  0  0
68  3  59712 78058824 2530932 85812204    0    0 118960 58260 230296 1452005 35 39 26  0  0  0
108  0  59712 78054028 2530932 85812220    0    0 145744 73476 233788 1444382 36 40 24  0  0  0
 8  0  59712 78073932 2530932 85812236    0    0 144064 69596 231945 1438779 36 39 24  0  0  0
68  1  59712 78082908 2530932 85812260    0    0 146736 70972 231015 1441323 36 39 25  0  0  0
144  1  59712 78087704 2530932 85812268    0    0 146688 70548 232196 1439462 35 40 25  0  0  0
33  0  59712 78085680 2530932 85812276    0    0 139040 107820 234536 1443068 36 39 25  0  0  0
38  0  59712 78078824 2530932 85812284    0    0 146176 70340 233718 1446034 36 39 25  0  0  0
88  0  59712 78070516 2530932 85812292    0    0 142816 69876 233474 1438452 35 40 24  0  0  0
47 10  59712 78066600 2530932 85812304    0    0 135328 64848 230794 1440690 36 39 25  0  0  0
20  3  59712 78059296 2530932 85812316    0    0 132064 64460 227063 1434313 36 39 25  0  0  0
91  2  59712 78035316 2530932 85812336    0    0 127552 64504 231035 1453914 36 38 26  0  0  0
84  0  59712 78027144 2530932 85812360    0    0 124304 77580 225131 1439126 36 38 25  0  0  0
51  0  59712 78022356 2530932 85812460    0    0 126480 64640 220246 1428657 35 39 26  0  0  0
102  0  59712 78039296 2530932 85812484    0    0 146688 70480 230170 1438532 36 39 25  0  0  0
50  0  59712 78037548 2530932 85812504    0    0 142896 68644 230805 1433583 36 39 25  0  0  0
73  5  59712 78029696 2530932 85812520    0    0 136304 66388 228820 1435191 36 40 24  0  0  0
procs -----------memory---------- ---swap-- -----io---- -system-- -------cpu-------
 r  b   swpd   free   buff  cache   si   so    bi    bo   in   cs us sy id wa st gu
146  5  59712 78008460 2530932 85812536    0    0 134432 64212 227891 1434414 36 39 25  0  0  0
107  5  59712 78023836 2530932 85812544    0    0 131952 63768 225226 1440892 36 38 26  0  0  0
45  5  59712 78032108 2530932 85812552    0    0 140000 111308 231716 1446290 35 39 25  0  0  0
12  0  59712 78030248 2530932 85812564    0    0 152880 73000 234668 1448921 36 39 25  0  0  0
71  0  59712 78028812 2530932 85812576    0    0 147664 72236 233862 1443124 36 39 24  0  0  0
118  0  59712 78020772 2530932 85812584    0    0 138736 66072 232272 1444396 36 39 24  0  0  0
55  1  59712 78023840 2530932 85812592    0    0 137536 66268 230045 1438273 36 39 25  0  0  0
50  0  59712 78015964 2530932 85812600    0    0 130368 65528 226737 1438208 35 39 25  0  0  0
69  4  59712 78018488 2530932 85812624    0    0 129920 62648 222535 1427034 36 38 25  0  0  0
49  2  59712 78001648 2530932 85812652    0    0 124304 59348 220303 1428603 35 38 26  0  0  0
77  0  59712 78003352 2530932 85812672    0    0 122144 60744 220424 1429896 35 39 26  0  0  0
100  5  59712 78016996 2530932 85812688    0    0 137360 68832 227997 1434666 36 39 25  0  0  0
84  1  59712 78010344 2530932 85812716    0    0 143904 68480 228505 1433286 35 39 25  0  0  0
57  2  59712 78005656 2530932 85812736    0    0 138368 66192 230948 1436426 36 40 24  0  0  0
85  0  59712 78010444 2530932 85812748    0    0 132752 64828 238774 1456346 35 40 25  0  0  0
152  0  59712 78014288 2530932 85812756    0    0 142224 114000 240740 1458790 36 38 25  0  0  0
90  6  59712 78013420 2530932 85812760    0    0 150192 70820 241464 1460380 36 39 25  0  0  0
28  0  59712 78010000 2530936 85812768    0    0 146240 70884 233221 1444666 35 39 25  0  0  0
57  3  59712 78013792 2530936 85812792    0    0 140432 69744 232585 1445724 36 39 24  0  0  0
153  0  59712 78013368 2530936 85812800    0    0 137056 65408 230031 1441336 36 39 25  0  0  0
103  0  59712 78006592 2530936 85812808    0    0 132944 64744 229050 1442798 35 39 25  0  0  0
procs -----------memory---------- ---swap-- -----io---- -system-- -------cpu-------
 r  b   swpd   free   buff  cache   si   so    bi    bo   in   cs us sy id wa st gu
57  2  59712 77990396 2530940 85812824    0    0 130368 62756 224527 1434818 35 39 26  0  0  0
44  0  59712 77983788 2530940 85812844    0    0 125568 60716 220426 1435058 36 39 25  0  0  0
57  0  59712 77979920 2530940 85812864    0    0 142816 71508 228569 1434275 36 38 25  0  0  0
59  1  59712 77983916 2530940 85812884    0    0 143168 68416 231077 1437481 36 39 24  0  0  0
65  6  59712 77983960 2530940 85812900    0    0 138832 69492 228773 1433109 36 39 25  0  0  0
162  0  59712 77957012 2530944 85812916    0    0 140048 66188 234232 1441029 35 39 25  0  0  0
56  1  59712 77963604 2530944 85812940    0    0 140688 112876 230219 1438006 36 39 25  0  0  0
129  3  59712 77972636 2530944 85812948    0    0 147232 71128 232604 1444714 36 39 25  0  0  0
 8  3  59712 77968936 2530944 85812960    0    0 138560 65180 230564 1443462 37 38 25  0  0  0
11  0  59712 77974016 2530944 85812968    0    0 135328 65588 230551 1435115 36 38 25  0  0  0
129  5  59712 77974796 2530944 85812976    0    0 136624 65248 228900 1433965 36 39 25  0  0  0
55  0  59712 77970532 2530944 85812984    0    0 129664 63316 227480 1435782 36 38 25  0  0  0
11  0  59712 77980996 2530944 85812996    0    0 123728 57960 222821 1438898 36 38 26  0  0  0
58  0  59712 77984776 2530944 85813004    0    0 141952 74004 232788 1442696 36 39 25  0  0  0
63  0  59712 77952300 2530944 85813020    0    0 145280 67768 232644 1435890 36 40 24  0  0  0
53  0  59712 77941644 2530944 85813036    0    0 139488 68856 228945 1430799 36 39 25  0  0  0
20  0  59712 77954932 2530944 85813056    0    0 132784 64112 225736 1432427 36 39 25  0  0  0
28  0  59712 77952212 2530944 85813076    0    0 134560 65656 232352 1444442 36 39 25  0  0  0
149  0  59712 77951152 2530944 85813096    0    0 149216 118260 235677 1442073 36 39 25  0  0  0
63  5  59712 77957412 2530944 85813112    0    0 146336 68516 230619 1431132 36 39 25  0  0  0
141  7  59712 77959448 2530948 85813128    0    0 140768 69016 231078 1432817 36 39 25  0  0  0
procs -----------memory---------- ---swap-- -----io---- -system-- -------cpu-------
 r  b   swpd   free   buff  cache   si   so    bi    bo   in   cs us sy id wa st gu
13  0  59712 77953148 2530948 85813136    0    0 132496 62396 229347 1433237 36 39 25  0  0  0
108  0  59712 77952748 2530948 85813144    0    0 126640 61540 226320 1438359 36 38 25  0  0  0
71  0  59712 77953484 2530948 85813168    0    0 132304 62744 224489 1432281 35 39 26  0  0  0
89  1  59712 77957064 2530948 85813176    0    0 124176 59992 226056 1438175 36 39 25  0  0  0
67  0  59712 77956876 2530948 85813196    0    0 130784 65892 226680 1438531 35 39 25  0  0  0
25  0  59712 77953712 2530948 85813204    0    0 148080 69708 236290 1449898 36 39 24  0  0  0
79  7  59712 77945456 2530948 85813212    0    0 143152 70728 233989 1440628 36 39 24  0  0  0
34  0  59712 77924740 2530948 85813232    0    0 143552 86236 235205 1440608 36 39 25  0  0  0
113  6  59712 77912372 2530948 85813252    0    0 137088 68288 227529 1425629 35 39 25  0  0  0
134  0  59712 77931832 2530948 85813268    0    0 130784 88628 225946 1434221 36 38 26  0  0  0
24  4  59712 77920208 2530948 85813296    0    0 155472 92588 233493 1435799 37 39 24  0  0  0
112  0  59712 77916144 2530948 85813312    0    0 144656 70532 230464 1433136 36 39 24  0  0  0
51  0  59712 77899756 2530948 85813332    0    0 141504 68972 227236 1428822 36 39 25  0  0  0
80  1  59712 77909424 2530948 85813348    0    0 134672 64392 229010 1434592 36 39 25  0  0  0
 5  0  59712 77914108 2530948 85813432    0    0 130160 60940 227639 1441110 36 38 25  0  0  0
50  0  59712 77915664 2530948 85813440    0    0 129232 63600 226106 1436946 36 39 25  0  0  0
84  0  59712 77921308 2530948 85813452    0    0 126400 60980 224441 1438755 36 38 25  0  0  0
25  0  59712 77922164 2530948 85813460    0    0 118112 57560 231447 1459262 36 38 26  0  0  0
40  5  59712 77922052 2530948 85813472    0    0 146048 73172 242947 1465359 36 39 25  0  0  0
53  0  59712 77913016 2530948 85813484    0    0 149328 73084 237005 1446459 36 38 25  0  0  0
138  5  59712 77898200 2530948 85813500    0    0 137728 66588 231780 1438575 35 40 25  0  0  0
procs -----------memory---------- ---swap-- -----io---- -system-- -------cpu-------
 r  b   swpd   free   buff  cache   si   so    bi    bo   in   cs us sy id wa st gu
39  0  59712 77904688 2530948 85813520    0    0 132960 64252 228048 1432498 36 39 25  0  0  0
74  1  59712 77890936 2530948 85813536    0    0 136560 109236 229079 1430348 36 39 25  0  0  0
10  0  59712 77905336 2530948 85813556    0    0 148416 71028 230724 1430804 35 40 24  0  0  0
40  1  59712 77889128 2530948 85813580    0    0 147152 71204 231069 1432708 36 39 24  0  0  0
89  0  59712 77885148 2530948 85813596    0    0 138016 64224 226858 1431872 36 39 25  0  0  0
106  0  59712 77870028 2530948 85813612    0    0 130864 63216 225178 1429322 35 40 25  0  0  0
76  0  59712 77875632 2530948 85813624    0    0 133216 64028 226668 1438081 36 39 25  0  0  0
55  0  59712 77882764 2530948 85813636    0    0 128336 62412 223593 1439876 35 39 26  0  0  0
78  0  59712 77882064 2530948 85813644    0    0 123008 60032 222955 1441720 35 39 25  0  0  0
48  0  59712 77880132 2530948 85813652    0    0 134896 68260 226994 1440283 36 39 25  0  0  0
161  0  59712 77883376 2530948 85813660    0    0 149472 72100 232536 1445379 36 39 25  0  0  0
10  0  59712 77881416 2530948 85813668    0    0 139360 66832 230852 1442817 35 39 25  0  0  0
 4  0  59712 77879684 2530948 85813680    0    0 133408 64872 229038 1440008 35 40 25  0  0  0
41  0  59712 77868316 2530948 85813692    0    0 128288 63488 226044 1438685 36 38 25  0  0  0
188  0  59712 77870000 2530948 85813712    0    0 129136 60636 222863 1433425 36 38 26  0  0  0
67  9  59712 77876212 2530948 85813732    0    0 132064 108340 227920 1432965 35 39 25  0  0  0
174  0  59712 77889460 2530952 85813748    0    0 145344 70628 230529 1433902 37 38 24  0  0  0
126  0  59712 77867948 2530952 85813768    0    0 142944 67928 227220 1436115 36 39 25  0  0  0
55  1  59712 77851392 2530952 85813788    0    0 139776 68924 230104 1442980 36 39 25  0  0  0
192  0  59712 77844420 2530952 85813808    0    0 130016 62296 233175 1450166 35 39 26  0  0  0
65  2  59712 77840552 2530952 85813816    0    0 129872 63272 233069 1459437 35 39 25  0  0  0
procs -----------memory---------- ---swap-- -----io---- -system-- -------cpu-------
 r  b   swpd   free   buff  cache   si   so    bi    bo   in   cs us sy id wa st gu
66  3  59712 77862164 2530952 85813824    0    0 126192 61592 230878 1454468 36 38 26  0  0  0
49  0  59712 77861728 2530956 85813840    0    0 121264 59388 222457 1437190 35 39 25  0  0  0
45  2  59712 77863968 2530956 85813844    0    0 146272 73104 241928 1450898 37 38 25  0  0  0
59  1  59712 77860132 2530956 85813852    0    0 150240 69828 233740 1442169 36 39 24  0  0  0
103  0  59712 77855336 2530956 85813860    0    0 142816 69080 232971 1441108 36 39 24  0  0  0
111  5  59712 77853020 2530956 85813868    0    0 139360 67628 230060 1440191 36 38 25  0  0  0
59  0  59712 77858864 2530956 85813892    0    0 138880 66764 225191 1431608 36 38 25  0  0  0
47  1  59712 77851568 2530956 85813916    0    0 138768 108776 230536 1436802 36 39 25  0  0  0
22  0  59712 77831132 2530956 85813936    0    0 144784 71156 229890 1436733 35 40 25  0  0  0
87  0  59712 77821268 2530956 85813956    0    0 139472 66980 227143 1436295 36 39 25  0  0  0
120  0  59712 77816992 2530956 85813976    0    0 141408 68936 225780 1431862 36 39 25  0  0  0
65  2  59712 77838072 2530956 85813992    0    0 131056 63836 224377 1435105 36 38 25  0  0  0
125  0  59712 77841368 2530956 85814012    0    0 125840 61364 225197 1441772 35 38 26  0  0  0
68  0  59712 77832268 2530956 85814028    0    0 124688 61196 223918 1438195 35 39 25  0  0  0
104  2  59712 77837044 2530956 85814036    0    0 132304 65500 225836 1439041 35 39 25  0  0  0
155  1  59712 77839656 2530956 85814040    0    0 152544 73320 234562 1443828 36 39 24  0  0  0
52  1  59712 77837744 2530956 85814052    0    0 145648 69808 233125 1446271 37 38 24  0  0  0
77  1  59712 77832968 2530956 85814060    0    0 137568 63876 229043 1438776 36 39 25  0  0  0
80  1  59712 77829748 2530956 85814068    0    0 131456 63592 228729 1437018 34 40 25  0  0  0
26  0  59712 77823016 2530956 85814072    0    0 139616 111148 231224 1438558 35 39 25  0  0  0
126  0  59712 77822392 2530956 85814096    0    0 145792 87740 230075 1436947 37 39 24  0  0  0
procs -----------memory---------- ---swap-- -----io---- -system-- -------cpu-------
 r  b   swpd   free   buff  cache   si   so    bi    bo   in   cs us sy id wa st gu
146  1  59712 77807796 2530956 85814112    0    0 139728 67244 233753 1446928 36 39 25  0  0  0
36  0  59712 77804648 2530956 85814136    0    0 134992 65884 235025 1450387 36 39 25  0  0  0
117  1  59712 77787316 2530956 85814152    0    0 127264 61560 224211 1433384 35 39 25  0  0  0
133  0  59712 77779800 2530956 85814172    0    0 128576 62012 221503 1428722 35 39 26  0  0  0
77  1  59712 77786296 2530956 85814192    0    0 120032 58688 221669 1430847 36 39 25  0  0  0
68  1  59712 77792796 2530956 85814200    0    0 122576 57416 223699 1437060 35 39 26  0  0  0
122  2  59712 77807284 2530956 85814212    0    0 137168 71084 231783 1444694 36 39 25  0  0  0
79  0  59712 77807604 2530956 85814220    0    0 144720 69080 234388 1442228 36 40 24  0  0  0
92  1  59712 77802604 2530956 85814228    0    0 146320 70632 231164 1443275 35 39 25  0  0  0
12  1  59712 77796336 2530956 85814236    0    0 140960 66988 233238 1440524 36 39 25  0  0  0
129  0  59712 77798096 2530956 85814244    0    0 138960 67900 238239 1453994 35 39 25  0  0  0
24  0  59712 77797500 2530956 85814320    0    0 139936 111524 242377 1463202 35 40 25  0  0  0
140  0  59712 77802168 2530956 85814332    0    0 157168 75872 239700 1455822 37 38 25  0  0  0
52  0  59712 77792080 2530956 85814352    0    0 141568 69636 230744 1435203 36 39 24  0  0  0
79  4  59712 77788380 2530956 85814372    0    0 143200 69408 226311 1434560 36 38 25  0  0  0
62  0  59712 77780932 2530956 85814384    0    0 131920 64304 227781 1431405 36 39 25  0  0  0
55  4  59712 77786640 2530956 85814404    0    0 127664 61588 224074 1434030 36 39 25  0  0  0
186  0  59712 77784628 2530956 85814424    0    0 124288 60116 221498 1436347 35 39 25  0  0  0
48  0  59712 77787632 2530956 85814444    0    0 127712 61284 220880 1434436 35 38 26  0  0  0
46  6  59712 77784412 2530956 85814452    0    0 124976 58948 223074 1436737 35 39 25  0  0  0
60  0  59712 77787756 2530956 85814460    0    0 148080 73076 234918 1450841 36 39 25  0  0  0
procs -----------memory---------- ---swap-- -----io---- -system-- -------cpu-------
 r  b   swpd   free   buff  cache   si   so    bi    bo   in   cs us sy id wa st gu
 9  0  59712 77789232 2530956 85814468    0    0 142752 69316 231659 1443824 36 39 25  0  0  0
31  3  59712 77784572 2530956 85814480    0    0 135520 64576 233244 1448438 35 40 25  0  0  0
133  0  59712 77792444 2530960 85814488    0    0 137104 68372 237941 1453750 36 38 25  0  0  0
11  0  59712 77786680 2530960 85814496    0    0 155136 117820 236749 1449555 37 38 25  0  0  0
111  1  59712 77772104 2530960 85814504    0    0 143344 68016 231152 1440628 36 39 25  0  0  0
75  0  59712 77753728 2530960 85814524    0    0 138896 70576 229672 1434856 36 39 25  0  0  0
54  0  59712 77745924 2530960 85814544    0    0 142432 67336 227205 1427206 36 38 25  0  0  0
84  3  59712 77756768 2530960 85814564    0    0 136560 65200 227544 1428083 35 39 25  0  0  0
24  3  59712 77766384 2530960 85814580    0    0 127168 62216 224558 1431620 35 39 25  0  0  0
176  0  59712 77738348 2530960 85814600    0    0 127264 58460 223950 1427728 35 39 25  0  0  0
59  0  59712 77755080 2530960 85814616    0    0 126688 62448 222722 1431114 36 38 26  0  0  0
135  0  59712 77750804 2530960 85814624    0    0 126192 63128 225598 1436813 36 39 25  0  0  0
45  0  59712 77759660 2530964 85814628    0    0 149712 72888 235524 1443537 36 39 25  0  0  0
84  6  59712 77759516 2530964 85814640    0    0 142320 68440 233868 1436974 36 40 24  0  0  0
43  2  59712 77755980 2530964 85814652    0    0 141328 69288 231609 1441351 36 39 25  0  0  0
63  7  59712 77745972 2530964 85814660    0    0 138448 107120 233112 1440524 35 39 25  0  0  0
29  2  59712 77740336 2530964 85814672    0    0 148432 72840 236284 1445730 36 39 25  0  0  0
33  1  59712 77730556 2530964 85814688    0    0 148560 71012 235243 1445401 37 38 24  0  0  0
131  0  59712 77727416 2530964 85814708    0    0 143824 69608 229898 1431821 36 39 25  0  0  0
119  4  59712 77735632 2530964 85814724    0    0 139008 66724 227255 1428198 36 39 25  0  0  0
21  0  59712 77717300 2530964 85814744    0    0 127920 61700 223773 1429169 36 38 26  0  0  0
procs -----------memory---------- ---swap-- -----io---- -system-- -------cpu-------
 r  b   swpd   free   buff  cache   si   so    bi    bo   in   cs us sy id wa st gu
103  0  59712 77729508 2530964 85814764    0    0 125168 61456 223230 1432202 35 39 25  0  0  0
14  0  59712 77717948 2530964 85814784    0    0 123584 58836 219975 1427952 36 39 25  0  0  0
37  0  59712 77731224 2530964 85814800    0    0 140624 69356 229694 1436042 36 39 24  0  0  0
12  0  59712 77747880 2530964 85814812    0    0 146944 70468 244551 1457758 36 39 24  0  0  0
72  2  59712 77753984 2530964 85814820    0    0 144128 70472 239528 1454205 37 38 25  0  0  0
58  2  59712 77752016 2530964 85814828    0    0 138528 68508 237953 1456887 35 39 26  0  0  0
12  0  59712 77750404 2530964 85814836    0    0 133968 66104 229781 1442758 36 39 25  0  0  0
 6  0  59712 77744728 2530964 85814844    0    0 132304 107420 230892 1447209 36 39 25  0  0  0
66  3  59712 77735460 2530964 85814848    0    0 150528 73940 235034 1447560 35 39 25  0  0  0
100  6  59712 77733272 2530968 85814856    0    0 138464 66496 233255 1444864 35 39 25  0  0  0
16  0  59712 77732188 2530968 85814868    0    0 141216 69040 230616 1438821 35 40 25  0  0  0
45  0  59712 77695064 2530968 85814892    0    0 138032 82752 225064 1432307 35 38 26  0  0  0
66  0  59712 77712304 2530968 85814912    0    0 133264 63408 226337 1429451 35 39 25  0  0  0
110  0  59712 77690840 2530968 85814928    0    0 130672 62660 224332 1430836 35 39 25  0  0  0
47  1  59712 77698768 2530968 85814944    0    0 126912 62948 222119 1431193 36 38 26  0  0  0
51  1  59712 77709740 2530968 85814964    0    0 129936 63648 231619 1445621 36 38 25  0  0  0
33  2  59712 77686428 2530968 85814988    0    0 130000 65872 235150 1451997 36 39 25  0  0  0
39  0  59712 77694360 2530968 85814996    0    0 150640 73388 236084 1444545 36 39 24  0  0  0
28  4  59712 77695928 2530968 85815004    0    0 145216 69600 233652 1445322 35 39 25  0  0  0
63  2  59712 77695436 2530968 85815012    0    0 138480 67300 231968 1438700 35 39 25  0  0  0
65  2  59712 77691736 2530972 85815020    0    0 137296 66672 226758 1439758 35 39 25  0  0  0
procs -----------memory---------- ---swap-- -----io---- -system-- -------cpu-------
 r  b   swpd   free   buff  cache   si   so    bi    bo   in   cs us sy id wa st gu
62  1  59712 77686476 2530972 85815032    0    0 142704 111668 235303 1447106 36 39 25  0  0  0
67  0  59712 77685060 2530972 85815040    0    0 147488 71500 232190 1445302 35 40 25  1  0  0
74  0  59712 77683756 2530972 85815048    0    0 144432 68572 230980 1435459 36 39 25  0  0  0
108  0  59712 77669200 2530972 85815056    0    0 134352 63540 229861 1435809 35 40 25  0  0  0
91  1  59712 77670772 2530972 85815072    0    0 133184 66580 226797 1432589 35 39 25  0  0  0
110  0  59712 77678596 2530972 85815092    0    0 130000 66208 228719 1438902 35 39 25  0  0  0
50  1  59712 77675636 2530972 85815112    0    0 128992 59556 232648 1442140 36 38 25  0  0  0
87  1  59712 77655148 2530972 85815128    0    0 120272 58052 230747 1446258 35 40 25  0  0  0
53  1  59712 77660580 2530972 85815216    0    0 132768 68088 233309 1449411 36 39 25  0  0  0
37  0  59712 77660224 2530976 85815232    0    0 146704 70796 234037 1437069 36 39 25  0  0  0
35  2  59712 77662120 2530976 85815244    0    0 139072 67732 231609 1442788 36 39 25  0  0  0
20  0  59712 77669524 2530976 85815256    0    0 137312 67180 231162 1442366 36 39 25  0  0  0
35  4  59712 77667452 2530976 85815264    0    0 132848 63060 229107 1438750 36 39 25  0  0  0
43  2  59712 77666044 2530976 85815272    0    0 128240 91592 230354 1438410 36 39 25  0  0  0
69  0  59712 77666160 2530976 85815280    0    0 145920 86624 234534 1447903 36 39 25  0  0  0
40  1  59712 77665724 2530976 85815292    0    0 144784 68260 233292 1439368 36 40 24  0  0  0
130  7  59712 77665416 2530976 85815300    0    0 140368 65960 230370 1443983 35 39 25  0  0  0
87  1  59712 77673076 2530976 85815312    0    0 134256 65600 227699 1430568 35 39 25  0  0  0
55  2  59712 77643776 2530976 85815332    0    0 126160 60620 228275 1441309 35 39 25  0  0  0
57  4  59712 77651900 2530976 85815352    0    0 124048 61740 231016 1445167 35 39 25  0  0  0
60  0  59712 77659668 2530976 85815376    0    0 124144 63568 228958 1447824 35 39 26  0  0  0
procs -----------memory---------- ---swap-- -----io---- -system-- -------cpu-------
 r  b   swpd   free   buff  cache   si   so    bi    bo   in   cs us sy id wa st gu
59  0  59712 77637636 2530976 85815396    0    0 149296 74104 237972 1451401 36 39 24  0  0  0
176  2  59712 77642104 2530976 85815412    0    0 143712 69192 229669 1435724 36 39 25  0  0  0
47 12  59712 77656120 2530980 85815432    0    0 143552 68284 229803 1442753 36 39 24  0  0  0
38  4  59712 77652580 2530980 85815444    0    0 138720 67752 228100 1447244 36 38 25  0  0  0
 9  0  59712 77657100 2530980 85815452    0    0 132784 63156 226622 1440217 35 38 26  0  0  0
27  3  59712 77662208 2530980 85815464    0    0 129440 61572 224039 1439359 36 39 25  0  0  0
34  0  59712 77659004 2530980 85815472    0    0 148400 117020 236081 1452886 36 39 25  0  0  0
52  1  59712 77658488 2530980 85815480    0    0 146912 70756 233667 1442810 36 39 24  0  0  0
54  0  59712 77662624 2530980 85815492    0    0 145680 69556 232010 1441893 36 39 24  0  0  0
89  3  59712 77661244 2530980 85815500    0    0 141120 69764 228860 1438298 36 39 25  0  0  0
102  0  59712 77655484 2530980 85815524    0    0 132432 66724 226223 1430777 36 39 25  0  0  0
151  0  59712 77621356 2530980 85815540    0    0 132000 63120 228076 1439381 36 38 25  0  0  0
106  0  59712 77624844 2530980 85815556    0    0 126176 59548 222788 1432771 36 38 25  0  0  0
127  0  59712 77622680 2530980 85815576    0    0 127216 63984 220841 1425658 36 38 25  0  0  0
109  3  59712 77634252 2530980 85815592    0    0 139520 70404 227545 1436648 36 39 25  0  0  0
80  5  59712 77631552 2530980 85815616    0    0 149280 70724 231826 1434724 36 39 25  0  0  0
85  1  59712 77632384 2530980 85815628    0    0 134928 65136 232731 1441670 36 40 24  0  0  0
 9  0  59712 77630300 2530980 85815636    0    0 133200 66368 230772 1439628 35 39 25  0  0  0
98  2  59712 77632220 2530980 85815640    0    0 134848 63396 229646 1435189 35 39 25  0  0  0
154  0  59712 77631792 2530980 85815648    0    0 146832 114260 233865 1443274 37 38 25  0  0  0
63  5  59712 77629816 2530980 85815660    0    0 153856 74880 237925 1447083 36 40 24  0  0  0
procs -----------memory---------- ---swap-- -----io---- -system-- -------cpu-------
 r  b   swpd   free   buff  cache   si   so    bi    bo   in   cs us sy id wa st gu
 9  0  59712 77626404 2530980 85815668    0    0 144080 68256 240574 1459069 35 40 25  0  0  0
62  6  59712 77646492 2530980 85815676    0    0 139616 67344 242052 1450127 35 39 25  0  0  0
45  1  59712 77727660 2530980 85815596    0    0 134416 83588 242523 1449859 36 39 24  0  0  0
39  0  59712 77894972 2530980 85815612    0    0 127872 60984 236550 1439893 36 38 25  0  0  0
38 10  59712 78116444 2530980 85815636    0    0 129040 63352 231001 1430728 36 39 25  0  0  0
79  0  59712 78433884 2530980 85815644    0    0 127712 63064 228738 1423575 36 38 25  0  0  0
48  3  59712 79143956 2530980 85815664    0    0 126928 62908 227248 1424856 36 38 26  0  0  0
10  0  59712 80169932 2530980 85815680    0    0 124768 58888 227769 1422708 36 38 26  0  0  0
 3  3  59712 83557712 2530984 85815696    0    0 126880 304816 421926 1669544 39 34 26  1  0  0
