procs -----------memory---------- ---swap-- -----io---- -system-- -------cpu-------
 r  b   swpd   free   buff  cache   si   so    bi    bo   in   cs us sy id wa st gu
 4  4  63344 123125384 2331648 49091404   19   22 193423 190198 39487   36 18  3 76  3  0  0
30  2  63344 122495744 2331648 49091476    0    0 146576 342036 444546 669399 10 16 72  2  0  0
156  0  63344 119550976 2331648 49091504    0    0 103760 320576 836776 917255 18 62 19  1  0  0
90  2  63344 117658004 2331648 49091528    0    0 123792 364272 308936 821503 18 71 10  1  0  0
48  1  63344 117631888 2331648 49091544    0    0 151648 220356 255063 1488154 35 43 22  1  0  0
93  5  63344 117643472 2331648 49091556    0    0 178896 93328 246062 1500662 35 42 22  1  0  0
146  1  63344 117634124 2331648 49091592    0    0 209952 136504 269568 1547636 38 40 22  1  0  0
82  2  63344 117604484 2331648 49091632    0    0 207232 129044 268217 1552753 38 39 22  1  0  0
 2  0  63344 117591872 2331648 49091656    0    0 187216 120872 271469 1551218 37 40 23  1  0  0
83  0  63344 117540864 2331648 49091680    0    0 209904 131792 266153 1505477 37 37 26  1  0  0
57  7  63344 117477104 2331648 49091728    0    0 268432 180400 285599 1591272 40 35 23  1  0  0
40  5  63344 117425800 2331648 49091752    0    0 460512 286664 302432 1642798 46 29 23  2  0  0
13  0  63344 117369984 2331648 49091776    0    0 224080 153764 274357 1561425 38 39 22  1  0  0
68  7  63344 117339228 2331648 49091788    0    0 227328 251044 271770 1564251 39 37 23  1  0  0
121  2  63344 117280796 2331648 49091820    0    0 508208 595272 309336 1581536 45 28 20  7  0  0
53  6  63344 117248936 2331648 49091844    0    0 436048 477972 305090 1645105 46 29 23  2  0  0
200  2  63344 117199564 2331648 49091864    0    0 448976 521968 309981 1616626 45 30 20  4  0  0
33  2  63344 117160856 2331648 49091876    0    0 388720 336320 292978 1626699 44 31 23  2  0  0
87  4  63344 117123044 2331648 49091904    0    0 286464 173932 276095 1599936 41 35 23  1  0  0
101  0  63344 117104404 2331648 49091912    0    0 237248 149140 271634 1577562 40 36 23  1  0  0
46  2  63344 117080004 2331648 49091940    0    0 146976 88792 266674 1515016 36 43 21  1  0  0
procs -----------memory---------- ---swap-- -----io---- -system-- -------cpu-------
 r  b   swpd   free   buff  cache   si   so    bi    bo   in   cs us sy id wa st gu
75  2  63344 117058412 2331648 49091952    0    0 137168 84820 264879 1511868 35 43 21  0  0  0
11  1  63344 117044576 2331648 49091972    0    0 147152 90768 264837 1517094 36 42 21  1  0  0
62  0  63344 117055400 2331648 49091996    0    0 170800 105944 268279 1531337 37 40 22  1  0  0
138  0  63344 117037948 2331648 49092008    0    0 202768 124400 269543 1551988 39 37 23  1  0  0
99 14  63344 117005020 2331648 49092024    0    0 299392 193960 279204 1595434 42 33 24  1  0  0
107  1  63344 116967900 2331648 49092048    0    0 497792 346204 303644 1629901 45 29 21  4  0  0
30  0  63344 116939468 2331648 49092060    0    0 244816 150704 275560 1567355 40 37 22  1  0  0
75  8  63344 116922636 2331648 49092076    0    0 321696 206256 281380 1607712 42 33 23  1  0  0
20  2  63344 116890592 2331648 49092104    0    0 288384 186872 274438 1603419 41 34 24  1  0  0
18  2  63344 116875136 2331648 49092116    0    0 287888 190800 273102 1607436 42 33 24  1  0  0
96  3  63344 116868856 2331648 49092144    0    0 246304 169880 272136 1588157 40 34 25  1  0  0
27  7  63344 116844220 2331648 49092156    0    0 176000 114192 271660 1537994 37 41 21  1  0  0
16  0  63344 116826764 2331648 49092168    0    0 154368 103680 268125 1516938 36 42 22  1  0  0
39  1  63344 116803860 2331648 49092208    0    0 155648 106332 264598 1522385 36 42 22  1  0  0
138  3  63344 116797256 2331648 49092216    0    0 167040 120136 265043 1528919 37 40 22  1  0  0
143  1  63344 116771440 2331648 49092304    0    0 179728 116944 263481 1544677 37 40 23  1  0  0
33  4  63344 116765264 2331648 49092328    0    0 156096 100776 255755 1517466 36 41 22  1  0  0
35  0  63344 116758812 2331648 49092340    0    0 161040 89232 242202 1500850 35 41 23  1  0  0
39  0  63344 116762048 2331648 49092368    0    0 198480 117624 251544 1539778 37 39 24  1  0  0
51 10  63344 116727620 2331648 49092384    0    0 263728 194304 271998 1593333 40 34 24  1  0  0
71  2  63344 116716192 2331648 49092400    0    0 317696 260660 282938 1613914 42 33 23  1  0  0
procs -----------memory---------- ---swap-- -----io---- -system-- -------cpu-------
 r  b   swpd   free   buff  cache   si   so    bi    bo   in   cs us sy id wa st gu
103  4  63344 116694480 2331648 49092424    0    0 339760 227912 287941 1619037 42 33 23  1  0  0
38 10  63344 116667468 2331648 49092444    0    0 280656 193284 274589 1590459 40 34 24  1  0  0
51  2  63344 116645928 2331648 49092464    0    0 229648 149216 270529 1574974 40 36 23  1  0  0
57  4  63344 116635444 2331648 49092484    0    0 183376 124796 263034 1546479 38 38 23  1  0  0
114  2  63344 116608736 2331648 49092492    0    0 206768 142568 267366 1561675 40 36 23  1  0  0
81  9  63344 116622328 2331648 49092512    0    0 181632 131160 265779 1564860 38 37 24  1  0  0
141 19  63344 116598152 2331648 49092536    0    0 238288 157876 277474 1562872 40 37 22  1  0  0
61  1  63344 116580280 2331648 49092552    0    0 256832 176624 279926 1578915 40 37 22  1  0  0
68  2  63344 116552636 2331648 49092572    0    0 170832 119924 266810 1537096 37 40 22  1  0  0
49  6  63344 116549744 2331648 49092596    0    0 167360 112416 267335 1527683 37 40 22  1  0  0
122  1  63344 116536188 2331648 49092616    0    0 151872 98932 261639 1513198 36 41 22  1  0  0
110  0  63344 116521036 2331648 49092636    0    0 138208 84824 250512 1506550 36 42 22  0  0  0
114  2  63344 116510088 2331648 49092648    0    0 157152 92568 244176 1510307 35 42 23  1  0  0
125  0  63344 116495616 2331648 49092660    0    0 188528 117040 255095 1534795 37 39 23  1  0  0
59  3  63344 116478456 2331648 49092672    0    0 223920 152696 270438 1569548 39 37 23  1  0  0
54  2  63344 116474976 2331648 49092696    0    0 247008 170512 271845 1580612 39 36 24  1  0  0
111  8  63344 116459180 2331648 49092720    0    0 318912 290564 284745 1626627 42 33 23  1  0  0
61  2  63344 116362208 2331648 49092744    0    0 294112 201840 284463 1604638 41 35 23  1  0  0
20  0  63344 116344224 2331648 49092760    0    0 278288 192132 279160 1596919 41 35 23  1  0  0
31  1  63344 116326148 2331648 49092776    0    0 219472 154916 273644 1575502 39 38 22  1  0  0
54  8  63344 116321960 2331648 49092800    0    0 194464 133872 269688 1554916 38 37 23  1  0  0
procs -----------memory---------- ---swap-- -----io---- -system-- -------cpu-------
 r  b   swpd   free   buff  cache   si   so    bi    bo   in   cs us sy id wa st gu
73  1  63344 116301996 2331648 49092808    0    0 209312 151476 274035 1574604 39 37 24  1  0  0
164  0  63344 116275300 2331648 49092824    0    0 144256 100812 260476 1519223 36 40 23  1  0  0
77  0  63344 116280388 2331648 49092852    0    0 140912 83276 243629 1501610 35 42 23  1  0  0
123  1  63344 116265692 2331648 49092872    0    0 150336 91308 241394 1498397 35 42 23  1  0  0
64  2  63344 116257640 2331648 49092896    0    0 173856 101832 242550 1504944 36 39 24  1  0  0
37  1  63344 116254216 2331648 49092908    0    0 230240 162688 275737 1575283 40 36 23  1  0  0
75  2  63344 116230340 2331648 49092928    0    0 272160 189048 284617 1594812 41 36 22  1  0  0
22  0  63344 116230696 2331648 49092952    0    0 232944 158140 276959 1569431 39 37 23  1  0  0
51  4  63344 116209976 2331648 49092956    0    0 291440 202356 283485 1609726 42 33 23  1  0  0
90  7  63344 116175712 2331648 49092976    0    0 287040 205484 279732 1608576 42 33 24  1  0  0
37  1  63344 116158272 2331648 49093012    0    0 236496 191452 275254 1579267 40 37 22  1  0  0
10  0  63344 116151088 2331648 49093028    0    0 206944 215604 273958 1568628 38 40 22  1  0  0
139  7  63344 116138088 2331648 49093040    0    0 192592 161188 270527 1560737 38 39 22  1  0  0
190  0  63344 116128156 2331648 49093060    0    0 194800 158080 272375 1552798 37 41 22  1  0  0
300  0  63344 116105560 2331648 49093080    0    0 163024 176832 271879 1555052 37 41 21  1  0  0
104  2  63344 116114812 2331648 49093104    0    0 121152 104580 253168 1509230 34 44 22  0  0  0
 9  1  63344 116101364 2331648 49093116    0    0 126688 93352 243570 1494685 33 44 22  0  0  0
41  2  63344 116094176 2331648 49093132    0    0 151744 110240 250759 1510641 35 42 22  1  0  0
 8  0  63344 116091868 2331648 49093156    0    0 153712 116752 244458 1508221 34 44 22  1  0  0
61 10  63344 116074500 2331648 49093172    0    0 176976 124724 250911 1536049 36 40 23  1  0  0
222  1  63344 116061028 2331648 49093196    0    0 199008 150544 267261 1567180 37 39 23  1  0  0
procs -----------memory---------- ---swap-- -----io---- -system-- -------cpu-------
 r  b   swpd   free   buff  cache   si   so    bi    bo   in   cs us sy id wa st gu
124  2  63344 116062216 2331648 49093216    0    0 271984 201444 277381 1613519 40 36 23  1  0  0
97  4  63344 116037096 2331648 49093244    0    0 334864 246444 281473 1650131 43 31 24  2  0  0
65  3  63344 116039840 2331648 49093252    0    0 334464 249224 285078 1649008 43 33 23  1  0  0
140  2  63344 116022984 2331648 49093268    0    0 269504 198444 279993 1613155 41 35 23  1  0  0
36  1  63344 115921020 2331648 49093284    0    0 294384 221512 278889 1623209 41 34 24  1  0  0
98 19  63344 115922068 2331648 49093308    0    0 276048 213936 273415 1614382 41 34 24  1  0  0
83  1  63344 115904056 2331648 49093320    0    0 222560 165436 274377 1577587 38 39 22  1  0  0
109  8  63344 115904764 2331648 49093344    0    0 256272 234012 279737 1584486 40 37 23  1  0  0
169  7  63344 115889248 2331648 49093368    0    0 393760 305048 293895 1672783 44 31 24  2  0  0
102  2  63344 115872948 2331648 49093376    0    0 272560 204808 275160 1617754 41 34 24  1  0  0
106 15  63344 115875056 2331648 49093396    0    0 256848 197092 274746 1614284 41 34 24  1  0  0
92  0  63344 115837500 2331648 49093472    0    0 313616 234140 290398 1631029 42 34 22  1  0  0
15  3  63344 115819556 2331648 49093504    0    0 171136 126984 265781 1535978 37 40 22  1  0  0
59  2  63344 115802104 2331648 49093516    0    0 184352 139708 266390 1549434 38 39 23  1  0  0
38  0  63344 115805568 2331648 49093552    0    0 219520 163560 270181 1569292 39 36 23  1  0  0
24  2  63344 115790740 2331648 49093564    0    0 264144 204764 272084 1606209 40 34 25  1  0  0
70  3  63344 115773272 2331648 49093584    0    0 234752 183636 278205 1595032 39 38 22  1  0  0
93  0  63344 115781456 2331648 49093604    0    0 280608 205912 282198 1606186 40 36 22  1  0  0
29  1  63344 115780108 2331648 49093620    0    0 286672 217620 286287 1631056 41 35 23  1  0  0
29  2  63344 115767492 2331648 49093640    0    0 244656 190264 277323 1601107 39 36 23  1  0  0
191  0  63344 115754460 2331648 49093656    0    0 239824 228752 280291 1585731 40 37 22  1  0  0
procs -----------memory---------- ---swap-- -----io---- -system-- -------cpu-------
 r  b   swpd   free   buff  cache   si   so    bi    bo   in   cs us sy id wa st gu
84  5  63344 115736028 2331648 49093676    0    0 251856 194788 278017 1583354 40 36 23  1  0  0
67  3  63344 115731952 2331648 49093688    0    0 242064 198276 278140 1599713 40 36 23  1  0  0
29  0  63344 115717048 2331648 49093716    0    0 175904 130696 265861 1545076 38 38 23  1  0  0
98  2  63344 115715540 2331648 49093740    0    0 205040 159384 268649 1562633 39 36 23  1  0  0
45  0  63344 115710300 2331648 49093748    0    0 182528 141104 268094 1566444 38 38 23  1  0  0
86  1  63344 115707772 2331652 49093764    0    0 151216 119100 264110 1548647 37 39 23  1  0  0
173  5  63344 115704784 2331652 49093796    0    0 133408 96020 249023 1512532 35 42 23  0  0  0
41  0  63344 115690992 2331652 49093796    0    0 184560 125496 250120 1537988 36 41 23  1  0  0
128  5  63344 115675504 2331652 49093836    0    0 178464 126840 255608 1546984 36 41 22  1  0  0
74  6  63344 115679552 2331652 49093848    0    0 234928 174684 267454 1588863 39 37 23  1  0  0
111  0  63344 115676220 2331652 49093864    0    0 372768 282888 288852 1686948 44 31 24  2  0  0
90  2  63344 115661916 2331652 49093880    0    0 172880 135072 259034 1593397 39 37 23  1  0  0
126  0  63344 115659780 2331652 49093900    0    0 155872 119184 256709 1564914 37 39 23  1  0  0
15  0  63344 115659712 2331652 49093912    0    0 266848 207756 275084 1634627 40 35 23  1  0  0
94  2  63344 115655556 2331652 49093936    0    0 353008 285792 287657 1674463 43 33 23  2  0  0
55  0  63344 115636216 2331652 49093952    0    0 369504 277864 291934 1686085 42 34 22  2  0  0
108 12  63344 115626256 2331652 49093972    0    0 384832 323952 293662 1684239 44 32 22  2  0  0
60  7  63344 115613356 2331652 49093988    0    0 247424 184676 278960 1617391 39 36 23  1  0  0
96  0  63344 115587776 2331652 49094008    0    0 235520 207556 274741 1607949 40 37 23  1  0  0
112  1  63344 115568128 2331652 49094024    0    0 127680 95712 256924 1523745 36 42 22  0  0  0
67  2  63344 115584404 2331652 49094044    0    0 152384 118684 261387 1551005 36 41 22  1  0  0
procs -----------memory---------- ---swap-- -----io---- -system-- -------cpu-------
 r  b   swpd   free   buff  cache   si   so    bi    bo   in   cs us sy id wa st gu
260  1  63344 115587280 2331652 49094056    0    0 179936 140228 262412 1567904 38 39 23  1  0  0
46  2  63344 115581060 2331652 49094076    0    0 251056 195476 270210 1621330 40 34 24  1  0  0
59 10  63344 115584960 2331652 49094104    0    0 316352 246560 282265 1661654 42 33 24  1  0  0
73  3  63344 115562524 2331652 49094120    0    0 308544 230172 280156 1653992 42 33 24  1  0  0
148  0  63344 115571916 2331652 49094140    0    0 252144 198456 268588 1613072 40 35 24  1  0  0
124  9  63344 115548316 2331652 49094156    0    0 219776 174976 268119 1602138 38 37 23  1  0  0
67  4  63344 115537048 2331652 49094172    0    0 221136 166904 263083 1590208 39 35 24  1  0  0
109 11  63344 115553936 2331652 49094196    0    0 386128 299952 295557 1704981 44 32 23  2  0  0
50  0  63344 115536580 2331652 49094208    0    0 521264 474116 310552 1686766 46 28 22  5  0  0
93  3  63344 115531608 2331652 49094232    0    0 300288 239836 280925 1639245 42 34 23  1  0  0
62  1  63344 115531428 2331652 49094256    0    0 263792 211832 274228 1623467 41 34 24  1  0  0
102 13  63344 115521576 2331652 49094272    0    0 327216 249160 283565 1649224 43 33 23  2  0  0
101  2  63344 115494524 2331652 49094296    0    0 195040 148664 270574 1565912 38 39 22  1  0  0
191  0  63344 115490980 2331652 49094316    0    0 247504 187048 277223 1600981 40 37 22  1  0  0
85  1  63344 115488676 2331652 49094332    0    0 164144 125152 267282 1553941 36 41 22  1  0  0
61  0  63344 115495624 2331652 49094336    0    0 161952 128928 266457 1559223 36 40 23  1  0  0
50  4  63344 115481424 2331652 49094360    0    0 198576 152792 265398 1567364 38 38 23  1  0  0
23  2  63344 115476220 2331652 49094380    0    0 248752 200188 271939 1614007 40 35 24  1  0  0
44  0  63344 115471808 2331652 49094396    0    0 218848 175240 262195 1594051 39 36 25  1  0  0
17  4  63344 115466612 2331652 49094424    0    0 255376 203756 272403 1625218 40 35 24  1  0  0
115  0  63344 115464136 2331652 49094432    0    0 297088 280836 284657 1641218 41 35 23  1  0  0
procs -----------memory---------- ---swap-- -----io---- -system-- -------cpu-------
 r  b   swpd   free   buff  cache   si   so    bi    bo   in   cs us sy id wa st gu
67 12  63344 115454296 2331652 49094460    0    0 255008 192796 277871 1601763 39 38 22  1  0  0
34  3  63344 115468812 2331652 49094476    0    0 260896 224004 278926 1623185 40 36 23  1  0  0
99  1  63344 115470108 2331652 49094488    0    0 268112 208684 277449 1627456 41 35 24  1  0  0
122  1  63344 115466664 2331652 49094508    0    0 276192 214540 275300 1632043 40 34 24  1  0  0
19  2  63344 115429424 2331652 49094528    0    0 210096 163772 267495 1599112 39 37 24  1  0  0
59  1  63344 115416416 2331652 49094540    0    0 161136 128400 262519 1554125 37 40 22  1  0  0
110  0  63344 115430428 2331652 49094568    0    0 219936 168208 272712 1580670 38 38 22  1  0  0
170  7  63344 115418552 2331652 49094592    0    0 217824 169656 273603 1593066 39 38 22  1  0  0
68  2  63344 115417856 2331652 49094688    0    0 218928 174448 270812 1580707 40 37 23  1  0  0
43  2  63344 115435000 2331652 49094692    0    0 238720 181248 272241 1599357 39 36 24  1  0  0
54  1  63344 115425552 2331652 49094712    0    0 189568 147404 271284 1585026 38 39 23  1  0  0
42  0  63344 115401640 2331652 49094740    0    0 128624 104948 257519 1531941 36 42 22  0  0  0
46  3  63344 115346016 2331652 49095092    0    0 122656 85716 233397 1493648 35 42 22  0  0  0
70 15  63344 115306188 2331652 49101088    0    0 131696 86912 234723 1490583 36 41 23  1  0  0
 9  0  63344 115286216 2331652 49095440    0    0 142064 92792 233424 1504007 35 42 23  1  0  0
137  2  63344 115177140 2331652 49160252    0    0 150944 165404 233366 1516032 36 40 23  1  0  0
45  3  63344 115242768 2331652 49096308    0    0 178448 188936 246450 1539536 37 39 23  1  0  0
56  2  63344 115349736 2331652 49095016    0    0 254992 202196 274627 1608530 40 36 23  1  0  0
10  1  63344 115347308 2331652 49095028    0    0 214704 219204 275694 1621414 38 38 22  1  0  0
13  0  63344 115341008 2331652 49095048    0    0 152656 118692 260968 1537926 36 42 22  1  0  0
67  0  63344 115367292 2331652 49095076    0    0 140240 93168 240175 1506492 34 43 22  0  0  0
procs -----------memory---------- ---swap-- -----io---- -system-- -------cpu-------
 r  b   swpd   free   buff  cache   si   so    bi    bo   in   cs us sy id wa st gu
35  1  63344 115386804 2331652 49095088    0    0 158192 104944 239794 1519883 35 42 23  1  0  0
33  6  63344 115391356 2331652 49095120    0    0 194304 167596 261192 1576365 39 38 23  1  0  0
67  2  63344 115382672 2331652 49095124    0    0 187920 144668 262007 1570385 38 38 23  1  0  0
11  2  63344 115379960 2331652 49095152    0    0 306608 243840 275713 1647038 43 32 24  1  0  0
99  4  63344 115390696 2331652 49095164    0    0 416464 327084 299657 1718848 45 31 22  2  0  0
99  1  63344 115373080 2331652 49095184    0    0 187264 147188 267412 1578454 38 39 23  1  0  0
48  1  63344 115367436 2331652 49095196    0    0 169632 132168 260748 1550898 37 39 23  1  0  0
95  8  63344 115367520 2331652 49095220    0    0 219056 174564 264002 1580504 39 36 24  1  0  0
97  7  63344 115370676 2331652 49095232    0    0 207584 166180 264713 1593825 39 36 24  1  0  0
48  2  63344 115353868 2331652 49095260    0    0 293152 234024 276773 1645208 41 34 23  1  0  0
142  2  63344 115352116 2331652 49095264    0    0 253616 198452 273049 1603435 41 35 23  1  0  0
45  5  63344 115362536 2331652 49095296    0    0 335088 310096 287704 1654386 42 33 23  1  0  0
120  0  63344 115375088 2331652 49095308    0    0 310816 249056 288538 1661289 41 34 23  1  0  0
63  2  63344 115351240 2331652 49095320    0    0 132880 104728 259155 1531345 36 42 22  1  0  0
105  3  63344 115338512 2331652 49095348    0    0 142944 112500 258664 1533653 37 40 23  1  0  0
19  2  63344 115346500 2331652 49095364    0    0 175392 142256 260165 1553294 38 38 24  1  0  0
48  6  63344 115355788 2331652 49095372    0    0 212960 186968 267345 1590283 39 36 24  1  0  0
26  1  63344 115347820 2331652 49095408    0    0 231584 181296 270247 1598511 39 37 23  1  0  0
122  0  63344 115342432 2331652 49095424    0    0 248160 192924 279314 1606956 40 38 22  1  0  0
13  0  63344 115324680 2331652 49095444    0    0 194704 147856 268456 1567831 37 39 22  1  0  0
64  5  63344 115326792 2331652 49095460    0    0 172192 136028 266428 1553802 37 39 23  1  0  0
procs -----------memory---------- ---swap-- -----io---- -system-- -------cpu-------
 r  b   swpd   free   buff  cache   si   so    bi    bo   in   cs us sy id wa st gu
89  0  63344 115329176 2331652 49095472    0    0 226320 185660 269501 1584793 39 36 23  1  0  0
60  6  63344 115340644 2331652 49095488    0    0 256112 203968 273232 1622877 40 35 24  1  0  0
15  2  63344 115334076 2331652 49095516    0    0 250064 203344 270048 1620565 40 35 24  1  0  0
18  0  63344 115333656 2331652 49095536    0    0 282608 224408 283574 1628941 40 36 23  1  0  0
59  2  63344 115331264 2331652 49095560    0    0 230352 184280 275574 1590477 39 37 23  1  0  0
31  3  63344 115331752 2331652 49095580    0    0 249952 251084 281731 1611202 41 36 22  1  0  0
144  4  63344 115320716 2331652 49095604    0    0 206816 166336 272837 1571544 38 38 23  1  0  0
216  0  63344 115320260 2331652 49095616    0    0 202080 161988 271112 1572084 38 38 23  1  0  0
68  9  63344 115319604 2331652 49095632    0    0 218704 176672 275115 1596753 40 37 23  1  0  0
90  0  63344 115313420 2331652 49095652    0    0 141776 110276 262211 1535279 36 42 22  1  0  0
38  1  63344 115303580 2331652 49095672    0    0 138080 96812 241265 1500677 35 42 23  1  0  0
25  0  63344 115297760 2331652 49095684    0    0 156288 102040 238826 1511621 35 42 23  1  0  0
50  2  63344 115320444 2331652 49095712    0    0 179744 121412 240775 1527565 35 41 23  1  0  0
61  7  63344 115324580 2331652 49095736    0    0 182112 127308 249732 1549608 37 40 23  1  0  0
77  0  63344 115314192 2331652 49095748    0    0 143008 112280 258536 1533364 36 41 23  1  0  0
84  0  63344 115322332 2331652 49095760    0    0 152736 109892 239171 1518801 35 41 24  1  0  0
58  4  63344 115318188 2331652 49095784    0    0 216800 156180 251765 1561637 39 36 24  1  0  0
40  1  63344 115319596 2331652 49095792    0    0 360704 301440 290657 1678308 44 32 23  2  0  0
78  2  63344 115325988 2331652 49095812    0    0 246016 190532 267905 1592423 40 35 24  1  0  0
56  6  63344 115322208 2331652 49095836    0    0 302512 244896 277506 1645152 42 32 25  1  0  0
83  3  63344 115316796 2331652 49095848    0    0 301712 241248 287688 1635886 41 36 22  1  0  0
procs -----------memory---------- ---swap-- -----io---- -system-- -------cpu-------
 r  b   swpd   free   buff  cache   si   so    bi    bo   in   cs us sy id wa st gu
 5  0  63344 115312368 2331652 49095872    0    0 269232 210060 283581 1621661 41 36 22  1  0  0
82  1  63344 115302544 2331652 49095892    0    0 147920 173276 267954 1543189 37 41 21  1  0  0
94  4  63344 115308100 2331652 49095936    0    0 134880 108060 268071 1536048 36 43 21  0  0  0
22  8  63344 115293640 2331652 49095956    0    0 110464 84316 251842 1500745 33 45 21  0  0  0
168  1  63344 115252388 2331652 49096280    0    0 128736 91208 241760 1488932 34 44 22  0  0  0
82  6  63344 115263180 2331652 49096244    0    0 135440 91808 238309 1505023 35 42 22  0  0  0
13  1  63344 115279908 2331652 49096096    0    0 177456 120544 243706 1534667 36 41 23  1  0  0
66  2  63344 115307372 2331652 49096116    0    0 219424 162112 260580 1575313 39 37 23  1  0  0
85  0  63344 115298712 2331652 49096136    0    0 280192 224264 273074 1641613 41 34 24  1  0  0
179  3  63344 115321004 2331652 49096144    0    0 307456 250412 279223 1667752 42 33 25  1  0  0
64  3  63344 115306276 2331652 49096156    0    0 221264 171356 273158 1587710 39 37 23  1  0  0
87  2  63344 115304256 2331652 49096180    0    0 273024 235844 278354 1629298 41 35 23  1  0  0
67  2  63344 115308144 2331652 49096196    0    0 259760 203976 270407 1616320 40 34 24  1  0  0
49  6  63344 115285296 2331652 49096216    0    0 177424 144616 265962 1582547 38 38 23  1  0  0
43  1  63344 115281768 2331652 49096236    0    0 153056 123196 258101 1543442 37 39 23  1  0  0
12  0  63344 115280004 2331652 49096260    0    0 175904 138484 260116 1557952 38 38 23  1  0  0
100  3  63344 115297436 2331652 49096284    0    0 213488 170588 267365 1592841 39 36 24  1  0  0
98  3  63344 115293328 2331652 49096304    0    0 216640 180884 270484 1595779 40 36 23  1  0  0
71  3  63344 115284664 2331652 49096308    0    0 255760 203464 278316 1606726 40 36 23  1  0  0
120 12  63344 115297636 2331652 49096336    0    0 231040 183484 274075 1594229 40 37 23  1  0  0
209 19  63344 115311740 2331652 49096356    0    0 309280 276472 287952 1634696 42 34 23  1  0  0
procs -----------memory---------- ---swap-- -----io---- -system-- -------cpu-------
 r  b   swpd   free   buff  cache   si   so    bi    bo   in   cs us sy id wa st gu
34  2  63344 115300856 2331652 49096596    0    0 372304 293520 297168 1680105 43 33 22  1  0  0
56  3  63344 115285336 2331652 49096404    0    0 350352 279908 294618 1675490 43 34 22  1  0  0
176  1  63344 115280012 2331652 49096420    0    0 216624 170112 274142 1578470 39 38 22  1  0  0
41  0  63344 115274292 2331652 49096436    0    0 288496 235016 286940 1631379 41 36 22  1  0  0
54  2  63344 115289792 2331652 49096460    0    0 288752 227588 286266 1625627 41 36 22  1  0  0
82  3  63344 115289672 2331652 49096472    0    0 414544 336492 304796 1708302 45 32 22  2  0  0
61  5  63344 115284552 2331652 49096492    0    0 342192 272752 293252 1650368 44 33 22  1  0  0
160  1  63344 115293400 2331652 49096508    0    0 268592 215616 285323 1617997 40 36 23  1  0  0
57  3  63344 115289388 2331652 49096532    0    0 284640 279596 290143 1628237 41 36 22  1  0  0
104  1  63344 115283720 2331652 49096556    0    0 171712 137968 270171 1541869 37 40 22  1  0  0
56  1  63344 115281552 2331652 49096572    0    0 180976 142896 273930 1553875 37 40 22  1  0  0
48  0  63344 115277216 2331652 49096596    0    0 200736 157816 271493 1550812 37 40 22  1  0  0
20  0  63344 115278652 2331652 49096604    0    0 210768 172380 276242 1594146 40 37 23  1  0  0
99  5  63344 115276896 2331652 49096628    0    0 189632 148236 265881 1561696 38 38 23  1  0  0
13  1  63344 115282912 2331652 49096648    0    0 215200 171848 266754 1580335 39 36 24  1  0  0
43  1  63344 115252132 2331652 49096680    0    0 145440 121396 263359 1557480 37 40 22  1  0  0
103  4  63344 115242096 2331652 49096688    0    0 92928 72820 247497 1491493 34 44 22  0  0  0
81  0  63344 115239088 2331652 49096716    0    0 95104 67188 236285 1481992 33 45 22  0  0  0
80  2  63344 115240648 2331652 49096736    0    0 97744 65248 244854 1481132 32 45 23  0  0  0
120  0  63344 115240288 2331652 49096752    0    0 104464 71416 236916 1484844 33 44 23  0  0  0
13  1  63344 115240160 2331652 49096760    0    0 101184 75996 235850 1505737 32 44 23  0  0  0
procs -----------memory---------- ---swap-- -----io---- -system-- -------cpu-------
 r  b   swpd   free   buff  cache   si   so    bi    bo   in   cs us sy id wa st gu
 7  3  63344 115237228 2331652 49096784    0    0 116480 81812 234284 1502991 33 44 23  0  0  0
161  0  63344 115258804 2331652 49096796    0    0 146272 100440 242466 1515674 35 42 23  1  0  0
147  1  63344 115265652 2331652 49096824    0    0 167856 114520 242763 1522760 34 42 23  1  0  0
149  4  63344 115267588 2331652 49096836    0    0 179360 144632 264087 1565119 37 40 22  1  0  0
65  3  63344 115264172 2331652 49096856    0    0 203536 160176 264123 1577761 39 38 23  1  0  0
80  6  63344 115271992 2331652 49096876    0    0 295488 236708 275394 1648706 42 33 24  1  0  0
121  0  63344 115299560 2331652 49096896    0    0 411152 345704 295036 1724419 45 30 24  2  0  0
60  8  63344 115286424 2331652 49096904    0    0 134080 110864 262404 1546920 36 41 22  0  0  0
135  0  63344 115256684 2331652 49096932    0    0 126448 100640 257274 1528685 36 42 22  0  0  0
80  1  63344 115256116 2331652 49096944    0    0 136992 106828 257110 1534972 35 42 22  1  0  0
194  1  63344 115253840 2331652 49096964    0    0 154096 107836 238471 1518125 35 41 24  1  0  0
142  1  63344 115236128 2331652 49097296    0    0 169440 123552 238116 1524928 36 40 24  1  0  0
117  2  63344 115225600 2331652 49097316    0    0 208320 211960 261099 1567309 40 37 23  1  0  0
70 13  63344 115280832 2331652 49097020    0    0 322096 253156 281104 1640768 42 34 24  1  0  0
79  3  63344 115263188 2331652 49097032    0    0 250208 200848 272303 1619083 40 35 24  1  0  0
93  1  63344 115265512 2331652 49097052    0    0 245728 196920 272421 1626515 40 35 24  1  0  0
128  1  63344 115254028 2331652 49097068    0    0 122592 103288 256785 1522465 36 41 22  0  0  0
54  0  63344 115246988 2331652 49097100    0    0 128000 89780 246034 1518442 34 43 22  0  0  0
39  1  63344 115235940 2331652 49097116    0    0 135632 93952 234644 1509963 34 42 23  1  0  0
11  1  63344 115246484 2331652 49097140    0    0 135120 94468 234668 1507922 33 43 23  1  0  0
205  0  63344 115247488 2331652 49097160    0    0 152944 104256 238225 1531890 35 41 23  1  0  0
procs -----------memory---------- ---swap-- -----io---- -system-- -------cpu-------
 r  b   swpd   free   buff  cache   si   so    bi    bo   in   cs us sy id wa st gu
104  0  63344 115243240 2331652 49097176    0    0 154864 110380 240555 1540659 35 41 23  1  0  0
53  2  63344 115245228 2331652 49097196    0    0 127824 88020 234793 1521588 34 43 23  0  0  0
173  0  63344 115241584 2331652 49097296    0    0 123984 85444 233672 1510650 34 42 24  0  0  0
102  2  63344 115250760 2331652 49097324    0    0 151024 108192 230499 1514434 34 41 24  1  0  0
121 13  63344 115253972 2331652 49097344    0    0 242352 184660 258820 1592209 38 37 24  1  0  0
91  6  63344 115253920 2331652 49097368    0    0 330800 271244 282522 1667825 42 33 23  1  0  0
92 10  63344 115255688 2331652 49097388    0    0 275792 221912 271142 1636267 41 33 24  1  0  0
38  1  63344 115247300 2331652 49097408    0    0 169680 166856 260332 1573953 38 38 23  1  0  0
164  2  63344 115228004 2331652 49097820    0    0 155072 120796 253272 1549283 37 38 24  1  0  0
39  1  63344 115236304 2331652 49097564    0    0 184448 151980 257509 1577330 38 37 25  1  0  0
20  0  63344 115240484 2331652 49097584    0    0 268816 214516 277461 1617791 40 36 23  1  0  0
71  7  63344 115246340 2331652 49097600    0    0 304336 296700 289670 1659344 42 34 23  1  0  0
264  1  63344 115236900 2331652 49097624    0    0 195936 151100 267605 1568299 38 39 23  1  0  0
119  3  63344 115252820 2331656 49097640    0    0 203696 164016 266504 1567398 38 38 23  1  0  0
58  4  63344 115253396 2331656 49097664    0    0 222128 177256 268441 1595112 39 37 24  1  0  0
37  2  63344 115264208 2331656 49097684    0    0 215920 174916 266318 1578564 38 37 24  1  0  0
136  0  63344 115254768 2331656 49097708    0    0 241712 194384 268813 1617301 40 35 24  1  0  0
62  5  63344 115262288 2331656 49097716    0    0 273984 220704 274616 1651765 40 34 25  1  0  0
311  0  63344 115247260 2331656 49097732    0    0 156064 124040 265996 1545655 37 41 22  1  0  0
12  2  63344 115233156 2331656 49097748    0    0 124592 106364 260656 1522132 35 43 22  0  0  0
35  0  63344 115246272 2331656 49097772    0    0 136384 95832 242436 1504701 34 43 22  0  0  0
procs -----------memory---------- ---swap-- -----io---- -system-- -------cpu-------
 r  b   swpd   free   buff  cache   si   so    bi    bo   in   cs us sy id wa st gu
163  0  63344 115241240 2331656 49097796    0    0 147424 102524 240303 1509218 34 42 23  1  0  0
48  4  63344 115247824 2331656 49097812    0    0 168672 113132 240613 1529916 35 40 24  1  0  0
76  7  63344 115222628 2331656 49097960    0    0 142016 100604 239331 1514162 35 42 23  1  0  0
22  1  63344 115230048 2331656 49097852    0    0 162384 117820 238456 1512275 35 41 23  1  0  0
75  6  63344 115237104 2331656 49097860    0    0 212896 159416 259878 1578522 38 37 24  1  0  0
59  6  63344 115249880 2331656 49097888    0    0 238720 198900 267024 1612816 40 35 24  1  0  0
52  5  63344 115251984 2331656 49097904    0    0 276384 239216 280700 1634603 41 34 23  1  0  0
124  9  63344 115260400 2331656 49097912    0    0 230800 187604 272191 1593183 40 36 23  1  0  0
146  2  63344 115252036 2331656 49097936    0    0 279600 265128 284902 1630028 41 36 22  1  0  0
109  2  63344 115233320 2331656 49097964    0    0 195792 165508 273316 1570763 39 39 22  1  0  0
32  8  63344 115244532 2331656 49097984    0    0 168240 141584 270181 1550668 37 41 22  1  0  0
11  2  63344 115237896 2331656 49098000    0    0 124608 97044 257669 1517482 35 43 21  0  0  0
250  0  63344 115245560 2331656 49098008    0    0 110768 78200 242809 1483963 32 45 22  0  0  0
52  0  63344 115244328 2331656 49098024    0    0 120352 81184 241617 1496393 33 44 22  0  0  0
141  0  63344 115230924 2331656 49098052    0    0 123920 87556 240967 1497571 35 43 22  0  0  0
76  0  63344 115238252 2331656 49098068    0    0 119776 83780 238561 1500205 33 44 23  0  0  0
101  0  63344 115233684 2331656 49098088    0    0 146752 100140 239190 1507680 33 43 23  1  0  0
123  0  63344 115237596 2331656 49098388    0    0 181984 127180 241501 1529605 36 40 23  1  0  0
15  4  63344 115246488 2331656 49098144    0    0 232464 187708 267285 1597856 40 35 24  1  0  0
36  1  63344 115251624 2331656 49098164    0    0 263216 220460 289618 1636541 41 34 24  1  0  0
59  2  63344 115260424 2331656 49098164    0    0 234320 189528 275361 1597344 40 36 23  1  0  0
procs -----------memory---------- ---swap-- -----io---- -system-- -------cpu-------
 r  b   swpd   free   buff  cache   si   so    bi    bo   in   cs us sy id wa st gu
62  1  63344 115255056 2331656 49098184    0    0 240064 194336 273639 1609253 39 37 23  1  0  0
40  4  63344 115255948 2331656 49098204    0    0 266960 217220 271921 1620957 40 34 25  1  0  0
38  0  63344 115243900 2331656 49098232    0    0 185840 150720 260605 1579803 38 38 24  1  0  0
54  0  63344 115241924 2331656 49098248    0    0 166176 134716 254515 1559705 36 39 24  1  0  0
45  2  63344 115240288 2331656 49098276    0    0 178128 136796 245594 1552430 37 38 24  1  0  0
87  0  63344 115245432 2331656 49098292    0    0 249232 200560 273426 1618563 39 36 23  1  0  0
101  1  63344 115254208 2331656 49098312    0    0 259152 209604 275823 1617520 40 36 23  1  0  0
66  3  63344 115245360 2331656 49098324    0    0 264496 256552 282113 1623004 40 37 22  1  0  0
20  1  63344 115237596 2331656 49098340    0    0 234528 183316 273982 1585257 39 37 23  1  0  0
56  4  63344 115249008 2331656 49098360    0    0 318912 256452 287452 1652874 42 35 22  1  0  0
55  1  63344 115242524 2331656 49098372    0    0 299424 255260 283138 1641516 42 34 22  1  0  0
87 11  63344 115239296 2331656 49098392    0    0 200304 159816 265847 1566436 38 38 23  1  0  0
132  1  63344 115253188 2331656 49098412    0    0 237984 187472 268693 1596239 40 36 24  1  0  0
81  1  63344 115239164 2331656 49098432    0    0 208896 172436 267974 1592945 40 36 23  1  0  0
50  4  63344 115249672 2331656 49098448    0    0 211920 172112 267718 1594588 40 36 23  1  0  0
78  0  63344 115237624 2331656 49098464    0    0 219712 199044 274273 1600731 39 37 23  1  0  0
 6  2  63344 115243400 2331656 49098488    0    0 225600 178104 274118 1576062 39 38 22  1  0  0
65  5  63344 115240848 2331656 49098504    0    0 217504 180184 271728 1581309 39 37 23  1  0  0
174  2  63344 115226268 2331656 49098524    0    0 158960 130056 267375 1555552 37 40 22  1  0  0
58  6  63344 115219416 2331656 49098540    0    0 147136 114160 253244 1520806 35 43 22  1  0  0
37  0  63344 115215300 2331656 49098628    0    0 188432 141120 252013 1539434 37 40 23  1  0  0
procs -----------memory---------- ---swap-- -----io---- -system-- -------cpu-------
 r  b   swpd   free   buff  cache   si   so    bi    bo   in   cs us sy id wa st gu
135  0  63344 115240764 2331660 49098648    0    0 232032 190424 269902 1607119 39 36 23  1  0  0
41  2  63344 115253332 2331660 49098660    0    0 233584 185676 267420 1614768 39 36 24  1  0  0
99 25  63344 115250824 2331660 49098676    0    0 355712 294672 288353 1686349 43 32 23  2  0  0
187  2  63344 115240124 2331660 49098696    0    0 267392 262268 281697 1621581 40 37 22  1  0  0
58  1  63344 115235312 2331660 49098724    0    0 264928 208340 276578 1620285 41 35 23  1  0  0
46  0  63344 115227676 2331660 49098732    0    0 170640 135704 259405 1557981 37 39 23  1  0  0
74  2  63344 115223368 2331660 49098764    0    0 180832 151428 261673 1565452 39 38 23  1  0  0
110  2  63344 115243940 2331660 49098784    0    0 192784 161784 263435 1572860 39 37 24  1  0  0
108  3  63344 115237472 2331660 49098804    0    0 172768 140476 267189 1561538 38 39 22  1  0  0
145  3  63344 115239324 2331660 49098812    0    0 264336 208724 282009 1606773 40 36 23  1  0  0
38  2  63344 115242356 2331660 49098828    0    0 380112 305776 298762 1695820 45 31 22  2  0  0
70  1  63344 115185992 2331660 49099160    0    0 177152 142408 263198 1552286 39 37 23  1  0  0
142  0  63344 115193032 2331660 49098864    0    0 146032 120296 258948 1529627 37 40 23  1  0  0
144  2  63344 115211116 2331660 49098896    0    0 161968 132300 261024 1545806 37 39 23  1  0  0
113  1  63344 115214588 2331660 49098920    0    0 153104 111740 247590 1536427 36 40 23  1  0  0
34  0  63344 115215596 2331660 49098940    0    0 149936 108352 234575 1525405 35 41 24  1  0  0
11  0  63344 115225628 2331660 49098956    0    0 182768 126616 245128 1534296 35 41 23  1  0  0
63  2  63344 115237864 2331660 49098968    0    0 258288 197600 274137 1609075 39 38 22  1  0  0
111 13  63344 115259620 2331660 49098980    0    0 333680 313180 292147 1676202 43 33 23  1  0  0
45  4  63344 115240708 2331660 49099008    0    0 218336 173088 271433 1588751 39 38 22  1  0  0
85 13  63344 115225540 2331660 49099032    0    0 277904 223232 273642 1613538 41 35 23  1  0  0
procs -----------memory---------- ---swap-- -----io---- -system-- -------cpu-------
 r  b   swpd   free   buff  cache   si   so    bi    bo   in   cs us sy id wa st gu
127  1  63344 115228748 2331660 49099052    0    0 257552 230504 273715 1630158 41 34 24  1  0  0
62  3  63344 115228228 2331660 49099072    0    0 255168 207928 275810 1621729 39 36 23  1  0  0
87  2  63344 115237836 2331660 49099084    0    0 205504 168800 269071 1570094 38 38 23  1  0  0
165  0  63344 115229904 2331660 49099108    0    0 245760 193768 271605 1596530 40 36 24  1  0  0
39  0  63344 115231328 2331660 49099112    0    0 187248 159060 267853 1590086 38 38 23  1  0  0
62  3  63344 115241628 2331660 49099136    0    0 182528 144424 260720 1561131 38 39 23  1  0  0
61  1  63344 115227576 2331660 49099164    0    0 233744 192008 266612 1603805 39 36 24  1  0  0
140  1  63344 115230932 2331660 49099176    0    0 255504 210576 272024 1619256 40 34 24  1  0  0
245  0  63344 115220948 2331660 49099200    0    0 202496 165884 273782 1588460 38 39 22  1  0  0
55  2  63344 115209736 2331660 49099352    0    0 152960 125380 263363 1536016 36 41 22  1  0  0
89  4  63344 115221592 2331660 49099248    0    0 153680 112132 246455 1524957 36 41 23  1  0  0
110  1  63344 115214372 2331660 49099256    0    0 155504 113836 240525 1515902 35 42 23  1  0  0
36  1  63344 115216064 2331660 49099264    0    0 186592 131628 246803 1555384 35 41 23  1  0  0
56  3  63344 115206128 2331660 49099288    0    0 162720 131960 260870 1557034 37 39 23  1  0  0
71  0  63344 115217688 2331660 49099308    0    0 165824 130284 259798 1548159 37 39 23  1  0  0
27  0  63344 115227132 2331660 49099332    0    0 212192 226220 273664 1588552 39 37 23  1  0  0
77  2  63344 115227556 2331660 49099352    0    0 186576 151132 270843 1575555 38 39 22  1  0  0
127  0  63344 115239160 2331660 49099372    0    0 181856 150460 265572 1559487 38 39 23  1  0  0
42  4  63344 115228936 2331660 49099388    0    0 224384 179156 270698 1589804 39 37 23  1  0  0
33  0  63344 115225164 2331660 49099420    0    0 175904 141536 267709 1576981 37 40 23  1  0  0
23  2  63344 115230616 2331660 49099428    0    0 162752 128656 256534 1548705 37 39 23  1  0  0
procs -----------memory---------- ---swap-- -----io---- -system-- -------cpu-------
 r  b   swpd   free   buff  cache   si   so    bi    bo   in   cs us sy id wa st gu
59  7  63344 115241020 2331660 49099448    0    0 208544 155172 252229 1561296 38 38 24  1  0  0
60  2  63344 115225668 2331660 49099468    0    0 259104 229444 280118 1638576 40 34 25  1  0  0
37  2  63344 115238136 2331660 49099496    0    0 284944 227824 276556 1623202 41 34 23  1  0  0
31  4  63344 115241916 2331660 49099512    0    0 286928 230560 277979 1639027 41 34 24  1  0  0
35  1  63344 115243640 2331660 49099532    0    0 273296 219476 272846 1633781 41 33 25  1  0  0
125  2  63344 115238128 2331660 49099552    0    0 297376 246372 283048 1639393 41 35 23  1  0  0
51  8  63344 115257768 2331660 49099564    0    0 314160 253712 284975 1639813 41 34 24  1  0  0
50  5  63344 115232980 2331660 49099576    0    0 332512 314712 290729 1660899 42 34 23  1  0  0
115  4  63344 115227048 2331660 49099604    0    0 280880 226632 279933 1625264 41 35 23  1  0  0
29  2  63344 115233376 2331660 49099624    0    0 243920 195584 273979 1612393 40 35 23  1  0  0
175  0  63344 115197916 2331660 49099644    0    0 116608 92808 257099 1519890 34 43 22  0  0  0
55  0  63344 115195432 2331660 49099664    0    0 110576 90916 254611 1510727 35 43 22  0  0  0
89  1  63344 115197232 2331660 49099684    0    0 109760 81892 242110 1501672 34 43 22  0  0  0
10  0  63344 115200312 2331660 49099704    0    0 111568 79628 238646 1488253 32 45 23  0  0  0
36  4  63344 115215712 2331660 49099724    0    0 116944 80904 236989 1502040 33 43 23  0  0  0
78  4  63344 115222720 2331660 49099732    0    0 132304 91416 237570 1505456 34 42 23  0  0  0
57  0  63344 115220280 2331660 49099748    0    0 166688 117280 236323 1524267 36 40 24  1  0  0
50  3  63344 115236772 2331660 49099808    0    0 187040 136984 243675 1550557 36 39 24  1  0  0
25  2  63344 115241584 2331660 49099824    0    0 342880 289024 286616 1651704 42 33 23  2  0  0
69  2  63344 115232960 2331660 49099844    0    0 309888 249068 281869 1648334 42 33 24  1  0  0
126  9  63344 115228912 2331660 49099864    0    0 245360 195504 271543 1598547 40 36 23  1  0  0
procs -----------memory---------- ---swap-- -----io---- -system-- -------cpu-------
 r  b   swpd   free   buff  cache   si   so    bi    bo   in   cs us sy id wa st gu
79  5  63344 115225668 2331660 49099880    0    0 205824 170072 273336 1583003 38 39 22  1  0  0
33  5  63344 115232780 2331660 49099896    0    0 167472 135504 266513 1549544 37 40 23  1  0  0
89  2  63344 115218208 2331660 49099916    0    0 190576 151444 266784 1553663 39 37 23  1  0  0
58  7  63344 115220340 2331660 49099940    0    0 267504 269596 284561 1615027 41 36 22  1  0  0
65  4  63344 115226672 2331660 49099956    0    0 225792 179652 271383 1570999 38 37 23  1  0  0
69  5  63344 115235628 2331660 49099988    0    0 280128 225188 278653 1617640 42 33 24  1  0  0
88  1  63344 115225072 2331660 49100008    0    0 258288 213792 277690 1620247 41 35 23  1  0  0
49  2  63344 115193768 2331660 49100160    0    0 122672 95940 263439 1529954 36 41 22  0  0  0
86  2  63344 115190528 2331660 49100044    0    0 133872 109904 265882 1544945 36 41 23  1  0  0
63  0  63344 115195748 2331660 49100056    0    0 141760 114492 264722 1551086 36 41 22  1  0  0
149  0  63344 115189096 2331660 49100080    0    0 119632 88620 256717 1508807 34 43 22  0  0  0
133  0  63344 115213896 2331660 49100092    0    0 126384 88160 254700 1507615 33 45 22  0  0  0
36  0  63344 115201068 2331660 49100120    0    0 127360 90916 250143 1513293 34 43 22  0  0  0
26  2  63344 115214032 2331660 49100136    0    0 143056 102000 251218 1525497 34 44 22  1  0  0
73  1  63344 115209940 2331660 49100152    0    0 140624 98512 250068 1516006 33 44 22  1  0  0
188  0  63344 115208216 2331660 49100180    0    0 151216 105248 246525 1543593 34 42 23  1  0  0
77  3  63344 115202860 2331660 49100200    0    0 169056 120544 246615 1552327 35 41 23  1  0  0
53  4  63344 115210248 2331660 49100208    0    0 230944 175424 264864 1613310 39 36 24  1  0  0
67  8  63344 115221124 2331660 49100224    0    0 231904 192368 274761 1638368 40 35 24  1  0  0
20  0  63344 115216392 2331660 49100248    0    0 226064 206772 275117 1629815 39 37 23  1  0  0
86  0  63344 115183332 2331660 49100804    0    0 169168 133416 271051 1563176 37 40 22  1  0  0
procs -----------memory---------- ---swap-- -----io---- -system-- -------cpu-------
 r  b   swpd   free   buff  cache   si   so    bi    bo   in   cs us sy id wa st gu
198  3  63344 115199228 2331660 49100296    0    0 173104 117992 250970 1543040 35 42 23  1  0  0
187  6  63344 115213156 2331660 49100312    0    0 213360 159800 259162 1571034 38 39 23  1  0  0
78  3  63344 115205216 2331660 49100336    0    0 222960 180380 268411 1604589 39 37 23  1  0  0
139  2  63344 115198848 2331660 49100356    0    0 211088 204912 267236 1595591 38 38 23  1  0  0
213  2  63344 115191688 2331660 49100356    0    0 252896 224456 278328 1630145 40 36 23  1  0  0
10  2  63344 115202596 2331660 49100384    0    0 152864 124788 260102 1546252 36 41 22  1  0  0
68  7  63344 115223480 2331660 49100404    0    0 164944 121076 239791 1532656 35 41 23  1  0  0
53  4  63344 115214240 2331660 49100428    0    0 208656 157220 252621 1570818 37 38 24  1  0  0
265  2  63344 115201364 2331660 49100452    0    0 205744 166916 263182 1598967 39 36 24  1  0  0
28  1  63344 115204912 2331660 49100468    0    0 220112 181084 264514 1601917 39 36 24  1  0  0
33  2  63344 115216896 2331660 49100484    0    0 203712 170640 272770 1589823 39 38 22  1  0  0
73  4  63344 115225412 2331660 49100504    0    0 159632 116624 252098 1534428 36 41 22  1  0  0
107  3  63344 115226276 2331660 49100520    0    0 200256 151048 258586 1563081 37 38 23  1  0  0
145  0  63344 115213984 2331660 49100540    0    0 239712 199036 271435 1613979 40 36 23  1  0  0
60  6  63344 115219064 2331660 49100556    0    0 275296 223004 271577 1627966 41 34 24  1  0  0
72  0  63344 115218352 2331660 49100572    0    0 222736 178104 275320 1597715 40 37 22  1  0  0
53  3  63344 115208416 2331660 49100596    0    0 175024 143384 265983 1551836 37 39 23  1  0  0
143  0  63344 115215680 2331660 49100604    0    0 207264 163412 268317 1571700 39 38 22  1  0  0
52  3  63344 115217384 2331660 49100636    0    0 218960 189612 270194 1589967 39 36 24  1  0  0
87  0  63344 115224564 2331660 49100648    0    0 226800 185000 270456 1597665 40 36 24  1  0  0
56  2  63344 115223828 2331660 49100656    0    0 160416 140116 257410 1557097 37 39 23  1  0  0
procs -----------memory---------- ---swap-- -----io---- -system-- -------cpu-------
 r  b   swpd   free   buff  cache   si   so    bi    bo   in   cs us sy id wa st gu
166  5  63344 115216452 2331660 49100684    0    0 170112 132116 240878 1525482 36 40 24  1  0  0
83  0  63344 115215648 2331660 49100696    0    0 197360 186536 255255 1541226 37 39 23  1  0  0
78 10  63344 115214928 2331660 49100728    0    0 183264 145688 265564 1551447 37 40 23  1  0  0
39  3  63344 115202988 2331660 49100744    0    0 168576 143816 267357 1568294 37 40 22  1  0  0
82  2  63344 115223508 2331660 49100772    0    0 147824 101520 244163 1510935 35 42 22  1  0  0
26  0  63344 115202184 2331660 49100792    0    0 137664 95968 240628 1513732 35 42 22  1  0  0
73  1  63344 115217544 2331660 49100808    0    0 128512 88836 242238 1500303 33 44 22  0  0  0
61  3  63344 115221776 2331660 49100820    0    0 151280 102984 238950 1514413 35 42 23  1  0  0
55  2  63344 115215088 2331660 49100844    0    0 195424 142380 245237 1556053 37 39 24  1  0  0
70  5  63344 115222796 2331660 49100860    0    0 274080 222888 269311 1631526 41 33 25  1  0  0
22  1  63344 115222956 2331660 49100924    0    0 227504 187572 267633 1606970 39 36 24  1  0  0
53  0  63344 115217024 2331660 49100944    0    0 305856 244200 284052 1647391 41 35 23  1  0  0
47  4  63344 115220504 2331660 49100956    0    0 267472 217492 273162 1610088 40 35 24  1  0  0
62  6  63344 115220436 2331660 49100992    0    0 270912 220512 271993 1630460 41 34 24  1  0  0
58  7  63344 115234584 2331660 49101068    0    0 208208 174048 269128 1606940 39 37 23  1  0  0
121 16  63344 115224204 2331660 49101076    0    0 191488 153940 268253 1564535 38 39 22  1  0  0
86  0  63344 115222672 2331660 49101096    0    0 207648 165236 270752 1578306 39 38 22  1  0  0
44  2  63344 115221672 2331660 49101124    0    0 156416 129756 264846 1551745 37 41 22  1  0  0
99  5  63344 115206388 2331660 49101148    0    0 145664 110076 253279 1529284 35 42 22  1  0  0
337  0  63344 115194308 2331660 49101156    0    0 125472 96288 240416 1510537 33 44 23  0  0  0
151  0  63344 115193628 2331660 49101180    0    0 126752 87584 239592 1492152 34 43 22  0  0  0
procs -----------memory---------- ---swap-- -----io---- -system-- -------cpu-------
 r  b   swpd   free   buff  cache   si   so    bi    bo   in   cs us sy id wa st gu
54  3  63344 115207572 2331660 49101208    0    0 145584 102896 239599 1511060 35 42 23  1  0  0
157  0  63344 115218788 2331660 49101212    0    0 212464 232880 269534 1588162 38 38 23  1  0  0
112  4  63344 115222900 2331660 49101232    0    0 367744 289872 293898 1669904 43 33 22  2  0  0
144  0  63344 115223932 2331660 49101252    0    0 335648 273244 285703 1670861 43 32 23  1  0  0
87  1  63344 115220856 2331660 49101264    0    0 237888 187980 265325 1603147 40 34 24  1  0  0
39  9  63344 115229736 2331660 49101288    0    0 249184 204852 278006 1604157 40 37 23  1  0  0
134  3  63344 115222660 2331660 49101308    0    0 200944 162804 270953 1570160 38 39 22  1  0  0
126  5  63344 115230976 2331660 49101328    0    0 243312 197468 278905 1599518 39 37 23  1  0  0
70  8  63344 115224748 2331660 49101344    0    0 182224 151688 267532 1558749 38 39 22  1  0  0
15 11  63344 115233252 2331660 49101356    0    0 184128 147140 268369 1567502 38 38 23  1  0  0
39  2  63344 115212432 2331660 49101372    0    0 211200 170132 266770 1577500 39 37 24  1  0  0
57  3  63344 115215832 2331660 49101396    0    0 224592 187736 268692 1598212 40 35 24  1  0  0
127  2  63344 115233020 2331660 49101420    0    0 249024 203976 276627 1601560 40 36 23  1  0  0
186  0  63344 115212800 2331660 49101440    0    0 167200 139596 273331 1551922 36 42 21  1  0  0
77  1  63344 115214256 2331660 49101460    0    0 139024 107140 253812 1507603 35 42 22  0  0  0
95  1  63344 115218788 2331664 49101484    0    0 139712 103468 242674 1502686 34 43 22  1  0  0
56  2  63344 115220632 2331664 49101508    0    0 169616 115960 243608 1522484 36 40 23  1  0  0
60  4  63344 115223372 2331664 49101512    0    0 208288 165876 264641 1579173 38 38 23  1  0  0
122  4  63344 115226416 2331664 49101520    0    0 270432 260896 281665 1601171 40 36 23  1  0  0
51 11  63344 115227500 2331664 49101544    0    0 348992 299212 290954 1674137 43 33 23  2  0  0
33  0  63344 115217728 2331664 49101568    0    0 239440 199208 274132 1612693 40 35 24  1  0  0
procs -----------memory---------- ---swap-- -----io---- -system-- -------cpu-------
 r  b   swpd   free   buff  cache   si   so    bi    bo   in   cs us sy id wa st gu
53  0  63344 115227964 2331664 49101580    0    0 177280 146964 260945 1552458 37 38 24  1  0  0
88  3  63344 115237364 2331664 49101604    0    0 324624 265648 288975 1640483 42 34 23  1  0  0
70  2  63344 115233848 2331664 49101620    0    0 252688 205904 277404 1606732 40 36 23  1  0  0
35  5  63344 115232308 2331664 49101648    0    0 221040 178028 273883 1598239 39 36 24  1  0  0
109  2  63344 115227444 2331664 49101656    0    0 195872 156508 264846 1579429 38 37 24  1  0  0
151  0  63344 115224332 2331664 49101708    0    0 215536 177136 273429 1583373 38 37 23  1  0  0
214  3  63344 115233476 2331664 49101720    0    0 168432 133924 268405 1545758 37 41 22  1  0  0
170  0  63344 115230852 2331664 49101748    0    0 149824 117528 258495 1535689 36 41 22  1  0  0
58  4  63344 115202456 2331664 49101760    0    0 157680 111076 242418 1515411 35 42 23  1  0  0
111  0  63344 115218328 2331664 49101776    0    0 175456 134756 255070 1548607 37 40 23  1  0  0
85  2  63344 115222436 2331664 49101792    0    0 186496 150424 264841 1559242 38 38 23  1  0  0
57  3  63344 115230172 2331664 49101816    0    0 216016 178032 267354 1589856 39 36 24  1  0  0
20 13  63344 115232156 2331664 49101828    0    0 250640 232168 280010 1620932 40 36 23  1  0  0
29  3  63344 115228280 2331664 49101848    0    0 214448 171916 270947 1574044 39 37 23  1  0  0
79  1  63344 115227860 2331664 49101864    0    0 254096 209372 274599 1613798 41 34 24  1  0  0
35  3  63344 115211704 2331664 49101880    0    0 188256 148996 263998 1568178 38 38 23  1  0  0
75  3  63344 115204084 2331664 49101908    0    0 165760 131856 263885 1557668 37 40 23  1  0  0
100  1  63344 115218384 2331664 49101928    0    0 129760 101472 246893 1510844 35 42 23  0  0  0
48  1  63344 115211428 2331664 49101944    0    0 134608 110616 239987 1511742 35 42 23  1  0  0
48  1  63344 115218968 2331664 49101956    0    0 115488 81096 239685 1498938 34 43 23  0  0  0
145  0  63344 115231164 2331664 49101968    0    0 124432 89468 239220 1500799 34 42 23  0  0  0
procs -----------memory---------- ---swap-- -----io---- -system-- -------cpu-------
 r  b   swpd   free   buff  cache   si   so    bi    bo   in   cs us sy id wa st gu
228  0  63344 115212100 2331664 49101988    0    0 136256 94040 241031 1496774 34 43 23  0  0  0
27  0  63344 115208920 2331664 49102016    0    0 129600 90512 237313 1500577 33 43 23  1  0  0
33  1  63344 115201852 2331664 49102032    0    0 139536 103076 236690 1505031 34 41 24  1  0  0
81  1  63344 115218904 2331664 49102052    0    0 144672 104628 238686 1517423 35 41 24  1  0  0
73 10  63344 115225460 2331664 49102072    0    0 190944 134392 254685 1540843 36 41 23  1  0  0
45 10  63344 115227396 2331664 49102100    0    0 250256 202048 275212 1595609 40 37 23  1  0  0
94  6  63344 115239684 2331664 49102108    0    0 284880 229876 277293 1646116 41 33 24  1  0  0
104  3  63344 115236356 2331664 49102120    0    0 270144 219440 271179 1636869 42 32 25  1  0  0
50  2  63344 115224436 2331664 49102140    0    0 306768 243960 280533 1640381 42 33 24  1  0  0
130  0  63344 115172476 2331664 49102164    0    0 280464 257824 292447 1630639 40 36 23  1  0  0
17  0  63344 115141952 2331664 49102188    0    0 308528 243400 302801 1632547 41 35 22  1  0  0
63  1  63344 115095200 2331664 49102276    0    0 237600 197864 276205 1594417 39 38 22  1  0  0
37 10  63344 115045180 2331664 49102292    0    0 252960 203444 280641 1615902 40 37 22  1  0  0
74  1  63344 115117160 2331664 49102308    0    0 207280 226384 277239 1589168 39 39 22  1  0  0
101  2  63344 115141012 2331664 49102328    0    0 152144 117256 267973 1551937 36 42 21  1  0  0
39 11  63344 115094568 2331664 49102340    0    0 138272 110504 263493 1524638 35 43 21  1  0  0
77  1  63344 115115532 2331664 49102360    0    0 157408 122912 263094 1531868 37 40 22  1  0  0
46  3  63344 115126040 2331664 49102376    0    0 168144 138792 257626 1546527 37 39 23  1  0  0
90  0  63344 115131716 2331664 49102400    0    0 192352 139232 248973 1545542 37 39 23  1  0  0
49  2  63344 115128512 2331664 49102420    0    0 261184 227576 275782 1622138 40 34 24  1  0  0
47  2  63344 115112180 2331664 49102428    0    0 278336 231012 279462 1637408 41 34 24  1  0  0
procs -----------memory---------- ---swap-- -----io---- -system-- -------cpu-------
 r  b   swpd   free   buff  cache   si   so    bi    bo   in   cs us sy id wa st gu
190  0  63344 115130136 2331664 49102452    0    0 195280 157176 269332 1560792 38 39 22  1  0  0
45 14  63344 115124840 2331664 49102464    0    0 260464 205644 281726 1615792 40 36 23  1  0  0
55  2  63344 115129732 2331664 49102480    0    0 305616 252264 283320 1647790 42 33 23  1  0  0
97  1  63344 115123500 2331664 49102500    0    0 240560 196436 270736 1607099 40 35 24  1  0  0
67  5  63344 115137484 2331664 49102516    0    0 150576 126408 257702 1544582 37 40 23  1  0  0
58  1  63344 115143972 2331664 49102536    0    0 150000 122748 259309 1547338 37 39 23  1  0  0
145  0  63344 115114680 2331664 49102556    0    0 137344 107852 257007 1536546 36 41 23  1  0  0
10  1  63344 115114764 2331664 49102584    0    0 137536 102540 245274 1506620 34 43 22  0  0  0
28  3  63344 115109188 2331664 49102608    0    0 127248 88372 247760 1486284 33 45 21  0  0  0
 7  0  63344 115129484 2331664 49102620    0    0 135104 94000 248859 1506929 34 44 22  0  0  0
87  1  63344 115143012 2331664 49102624    0    0 155248 112540 244356 1513574 35 42 22  1  0  0
46  1  63344 115118372 2331664 49102652    0    0 177200 133760 258711 1552569 35 42 22  1  0  0
182  0  63344 115142212 2331664 49102676    0    0 159936 128120 264013 1539693 36 41 22  1  0  0
18  2  63344 115128548 2331664 49102692    0    0 183920 150304 265291 1554810 37 39 23  1  0  0
113  0  63344 115156748 2331664 49102712    0    0 272592 252924 279724 1628059 40 35 23  1  0  0
28  0  63344 115119808 2331664 49102732    0    0 331040 287524 284552 1663252 43 32 24  1  0  0
23  2  63344 115152040 2331664 49102760    0    0 316656 270504 279850 1659205 43 31 25  1  0  0
47  6  63344 115128788 2331664 49102772    0    0 334048 266808 288184 1657920 43 33 23  1  0  0
123  2  63344 115140372 2331664 49102788    0    0 192880 161140 272711 1582500 39 37 23  1  0  0
53  1  63344 115153064 2331664 49102808    0    0 164608 130804 262384 1538108 37 40 23  1  0  0
161  0  63344 115162900 2331664 49102820    0    0 208288 163340 268358 1571483 38 38 23  1  0  0
procs -----------memory---------- ---swap-- -----io---- -system-- -------cpu-------
 r  b   swpd   free   buff  cache   si   so    bi    bo   in   cs us sy id wa st gu
95  1  63344 115101616 2331664 49102844    0    0 162128 135956 269628 1563004 37 39 23  1  0  0
14  0  63344 115114740 2331668 49102872    0    0 156880 126244 259435 1541446 37 39 23  1  0  0
75  5  63344 115119484 2331668 49102888    0    0 192768 161540 260620 1568801 38 36 25  1  0  0
107  0  63344 115122704 2331668 49102904    0    0 249488 197064 282365 1609784 40 37 22  1  0  0
89  1  63344 115114192 2331668 49102924    0    0 286160 231676 284901 1635341 41 35 23  1  0  0
86  3  63344 115123388 2331668 49102944    0    0 217840 177792 272452 1573270 39 37 24  1  0  0
84  3  63344 115116028 2331668 49102956    0    0 330736 308208 292937 1649706 42 34 23  1  0  0
58  6  63344 115130364 2331668 49102980    0    0 317024 257920 284891 1645120 42 33 24  1  0  0
36  8  63344 115107276 2331668 49102992    0    0 218768 176496 268089 1590629 39 36 24  1  0  0
117  1  63344 115114440 2331668 49103020    0    0 213952 170480 264409 1586826 39 36 24  1  0  0
105  8  63344 115134836 2331668 49103036    0    0 182576 155720 265490 1575341 38 37 24  1  0  0
95  5  63344 115144540 2331668 49103048    0    0 181408 146112 270753 1549024 37 41 22  1  0  0
183  0  63344 115147328 2331668 49103064    0    0 200736 158256 272546 1567911 38 38 22  1  0  0
90  2  63344 115134724 2331668 49103084    0    0 170064 160284 273258 1568992 37 40 22  1  0  0
76  1  63344 115138880 2331668 49103096    0    0 145264 106848 247154 1510473 34 42 23  1  0  0
267  0  63344 115135924 2331668 49103124    0    0 165440 116004 244741 1524273 35 41 23  1  0  0
53  1  63344 115144592 2331668 49103144    0    0 157760 128088 256816 1541863 36 41 22  1  0  0
13  0  63344 115114440 2331668 49103164    0    0 165744 114048 238564 1511144 35 41 24  1  0  0
36  0  63344 115123140 2331668 49103248    0    0 187744 135528 244659 1555693 37 39 23  1  0  0
84  2  63344 115129588 2331668 49103268    0    0 158816 124220 242544 1538273 35 41 24  1  0  0
32  9  63344 115134092 2331668 49103280    0    0 197792 149268 252176 1568532 37 37 25  1  0  0
procs -----------memory---------- ---swap-- -----io---- -system-- -------cpu-------
 r  b   swpd   free   buff  cache   si   so    bi    bo   in   cs us sy id wa st gu
92  8  63344 115153740 2331668 49103296    0    0 291216 235016 280666 1633356 42 34 23  1  0  0
49  2  63344 115137912 2331668 49103320    0    0 265312 273752 281058 1638763 40 36 23  1  0  0
48  2  63344 115125180 2331668 49103336    0    0 179184 139276 266034 1557608 37 40 22  1  0  0
39  1  63344 115157628 2331668 49103356    0    0 236544 190580 269912 1595119 40 36 22  1  0  0
108  2  63344 115131628 2331668 49103388    0    0 260208 211116 273140 1623729 41 34 24  1  0  0
89  1  63344 115135468 2331668 49103408    0    0 267104 218952 271772 1632290 41 34 24  1  0  0
11  3  63344 115137360 2331668 49103428    0    0 253792 203912 271258 1617312 40 35 24  1  0  0
112  6  63344 115122072 2331668 49103460    0    0 288672 229092 280175 1630985 41 35 23  1  0  0
58  4  63344 115141868 2331668 49103548    0    0 252016 201400 271533 1592151 40 35 23  1  0  0
 6  0  63344 115142092 2331668 49103568    0    0 203536 165200 268926 1600606 39 38 23  1  0  0
52  2  63344 115151500 2331668 49103580    0    0 147424 118720 257503 1538324 37 40 23  1  0  0
78  0  63344 115144176 2331668 49103604    0    0 183376 153764 266028 1556727 38 38 23  1  0  0
67  3  63344 115133760 2331668 49103628    0    0 233824 206944 280096 1594647 39 37 22  1  0  0
114  9  63344 115164000 2331668 49103648    0    0 210320 166532 272686 1568210 39 38 23  1  0  0
86  2  63344 115141024 2331668 49103832    0    0 225008 183048 275863 1596613 39 38 22  1  0  0
90  4  63344 115144436 2331668 49103692    0    0 187920 153792 271154 1565145 38 39 22  1  0  0
81  1  63344 115151100 2331668 49103712    0    0 211824 172424 272426 1582332 39 37 23  1  0  0
94  7  63344 115136108 2331668 49103736    0    0 200864 212820 271326 1558882 39 38 22  1  0  0
39  5  63344 115159572 2331668 49103744    0    0 251040 203268 280080 1597520 40 38 22  1  0  0
57  0  63344 115155368 2331668 49103768    0    0 214704 180244 275602 1586507 39 38 22  1  0  0
67  9  63344 115142840 2331668 49103788    0    0 150736 114848 260297 1528337 36 41 22  1  0  0
procs -----------memory---------- ---swap-- -----io---- -system-- -------cpu-------
 r  b   swpd   free   buff  cache   si   so    bi    bo   in   cs us sy id wa st gu
59  2  63344 115120492 2331668 49103812    0    0 202768 141224 248354 1530555 36 39 24  1  0  0
20  2  63344 115143004 2331668 49103820    0    0 376736 301956 295425 1686113 44 31 23  2  0  0
81  2  63344 115156976 2331668 49103840    0    0 214720 172772 271213 1574730 38 39 23  1  0  0
92  3  63344 115173752 2331668 49103860    0    0 281632 225812 279924 1634637 41 35 23  1  0  0
18  2  63344 115159008 2331672 49103884    0    0 219776 180580 268381 1576968 39 37 23  1  0  0
202  0  63344 115141616 2331672 49103900    0    0 268656 216408 273915 1618995 40 35 24  1  0  0
17  0  63344 115159764 2331672 49103920    0    0 233216 187864 271270 1594310 40 37 22  1  0  0
87  1  63344 115165272 2331672 49103936    0    0 274784 291148 282934 1632821 41 36 22  1  0  0
34  5  63344 115154040 2331672 49103956    0    0 177392 146060 265950 1551517 37 40 22  1  0  0
45  3  63344 115147628 2331676 49103976    0    0 200768 158200 268123 1574252 39 38 23  1  0  0
111  3  63344 115160332 2331676 49103988    0    0 261104 211860 273873 1613624 40 35 24  1  0  0
84  0  63344 115145720 2331676 49104008    0    0 259568 212244 273892 1625699 41 34 24  1  0  0
58  1  63344 115144560 2331676 49104028    0    0 254976 208684 270663 1627315 40 34 25  1  0  0
119  4  63344 115151428 2331676 49104048    0    0 170592 143792 266310 1580810 38 39 22  1  0  0
40  1  63344 115151800 2331676 49104064    0    0 146112 115112 263680 1526583 36 42 22  1  0  0
68  8  63344 115148400 2331676 49104084    0    0 164736 135644 265569 1540582 37 41 22  1  0  0
84  3  63344 115162240 2331676 49104100    0    0 196464 153008 268665 1563769 38 39 23  1  0  0
20  2  63344 115157176 2331676 49104120    0    0 206432 164124 273027 1590245 38 38 23  1  0  0
38  6  63344 115152848 2331676 49104132    0    0 183040 131972 254051 1544358 36 40 23  1  0  0
114  5  63344 115153296 2331676 49104152    0    0 261120 223284 273878 1622022 41 34 24  1  0  0
123  1  63344 115160220 2331676 49104168    0    0 335680 265232 284558 1662179 42 32 24  2  0  0
procs -----------memory---------- ---swap-- -----io---- -system-- -------cpu-------
 r  b   swpd   free   buff  cache   si   so    bi    bo   in   cs us sy id wa st gu
93  2  63344 115137932 2331676 49104200    0    0 304128 247668 283441 1647720 42 34 23  1  0  0
50  3  63344 115127056 2331676 49104212    0    0 170928 136500 261380 1547065 38 39 23  1  0  0
74  3  63344 115127812 2331676 49104236    0    0 186208 154708 264889 1567984 38 38 23  1  0  0
11  7  63344 115151664 2331676 49104256    0    0 251792 231448 283066 1606067 40 38 22  1  0  0
37  0  63344 115152420 2331676 49104276    0    0 161792 133244 268848 1542518 37 41 22  1  0  0
59  2  63344 115149584 2331676 49104288    0    0 182576 149564 268828 1553776 37 39 23  1  0  0
88  4  63344 115158460 2331676 49104308    0    0 223696 179344 271183 1578529 39 37 23  1  0  0
95  3  63344 115136888 2331676 49104324    0    0 196064 193876 269357 1576704 38 38 22  1  0  0
 9  1  63344 115139692 2331676 49104344    0    0 296864 241164 274319 1643853 41 33 24  1  0  0
235  0  63344 115151616 2331676 49104364    0    0 225824 183860 265358 1616532 39 36 24  1  0  0
69  8  63344 115145664 2331676 49104396    0    0 215712 178636 280802 1611037 39 38 22  1  0  0
57  1  63344 115155248 2331676 49104412    0    0 183152 146552 273825 1581865 37 40 23  1  0  0
63 10  63344 115159120 2331676 49104428    0    0 177520 144216 274038 1590030 36 40 22  1  0  0
37  4  63344 115154412 2331676 49104444    0    0 201184 156168 273977 1594332 38 38 23  1  0  0
11  1  63344 115146716 2331676 49104464    0    0 149776 129076 270076 1571235 36 41 22  1  0  0
63  0  63344 115138084 2331676 49104488    0    0 125232 86084 248360 1519133 34 43 23  0  0  0
88  6  63344 115148828 2331676 49104504    0    0 127184 87420 243921 1509748 34 43 23  0  0  0
165  0  63344 115145964 2331676 49104524    0    0 142960 100144 238169 1515583 35 42 23  1  0  0
69  2  63344 115144332 2331676 49104540    0    0 169824 125016 244915 1536230 36 40 23  1  0  0
52  3  63344 115145492 2331676 49104568    0    0 230464 189628 266821 1613483 39 35 24  1  0  0
21  0  63344 115138232 2331676 49104572    0    0 296368 242228 281008 1652786 41 34 23  1  0  0
procs -----------memory---------- ---swap-- -----io---- -system-- -------cpu-------
 r  b   swpd   free   buff  cache   si   so    bi    bo   in   cs us sy id wa st gu
116  6  63344 115154520 2331676 49104592    0    0 365632 315388 291507 1678843 43 32 23  2  0  0
33  2  63344 115156296 2331676 49104612    0    0 337936 271580 290278 1671397 42 34 22  1  0  0
62  7  63344 115157044 2331676 49104628    0    0 345184 272748 289298 1648217 42 34 22  1  0  0
14  2  63344 115173588 2331676 49104664    0    0 339808 320184 292275 1661447 42 35 22  1  0  0
15  0  63344 115155124 2331676 49104680    0    0 182240 148744 270575 1575211 37 40 22  1  0  0
13  1  63344 115153664 2331676 49104760    0    0 166576 138476 263921 1546086 37 39 23  1  0  0
33  1  63344 115159660 2331676 49104784    0    0 270672 219268 277601 1616339 41 35 23  1  0  0
20  0  63344 115166724 2331680 49104800    0    0 234928 192552 273863 1603240 39 37 24  1  0  0
30  5  63344 115175500 2331680 49104820    0    0 273408 221168 275965 1628669 42 33 24  1  0  0
87  2  63344 115166356 2331680 49104840    0    0 317008 260736 283542 1648084 42 33 23  1  0  0
80  5  63344 115152184 2331680 49104852    0    0 193936 154744 267962 1561242 38 39 23  1  0  0
17  1  63344 115165692 2331680 49104880    0    0 245616 191824 271335 1590456 40 35 24  1  0  0
54  3  63344 115170028 2331684 49104884    0    0 239136 193416 271413 1618497 40 34 24  1  0  0
89 12  63344 115173728 2331684 49104912    0    0 273088 223268 278238 1623785 40 35 23  1  0  0
69  5  63344 115163876 2331684 49104936    0    0 219232 179020 274463 1579145 40 37 23  1  0  0
31  0  63344 115159644 2331684 49104948    0    0 207312 167496 272692 1580333 39 37 23  1  0  0
40 13  63344 115178120 2331684 49104964    0    0 226016 202480 273959 1587793 40 36 23  1  0  0
73  2  63344 115175864 2331684 49104988    0    0 323440 310016 294976 1655828 42 34 22  1  0  0
37  3  63344 115179828 2331684 49105004    0    0 294128 235200 281626 1621592 42 33 23  1  0  0
77  1  63344 115151984 2331684 49105028    0    0 165984 137364 266987 1565399 36 41 22  1  0  0
35  0  63344 115141724 2331684 49105052    0    0 110304 89420 257204 1518706 36 42 22  0  0  0
procs -----------memory---------- ---swap-- -----io---- -system-- -------cpu-------
 r  b   swpd   free   buff  cache   si   so    bi    bo   in   cs us sy id wa st gu
55  0  63344 115162560 2331684 49105060    0    0 108304 86776 248292 1505144 34 43 22  0  0  0
21  0  63344 115153468 2331684 49105084    0    0 119616 81844 236291 1494863 33 43 23  0  0  0
118  1  63344 115158988 2331684 49105476    0    0 137472 96168 236786 1509041 35 41 23  1  0  0
45  0  63344 115175276 2331684 49105256    0    0 173920 122660 240085 1522386 36 40 24  1  0  0
40  1  63344 115180968 2331684 49105272    0    0 232608 192068 275537 1592628 39 38 22  1  0  0
170  4  63344 115184088 2331684 49105292    0    0 274048 223540 280116 1638182 40 36 23  1  0  0
49  0  63344 115153656 2331684 49105308    0    0 152960 123236 258505 1543041 36 41 23  1  0  0
106  0  63344 115169112 2331684 49105328    0    0 176768 141156 262247 1551991 37 40 23  1  0  0
61  6  63344 115174720 2331684 49105344    0    0 199872 159944 262308 1569705 39 36 24  1  0  0
94 15  63344 115171072 2331684 49105372    0    0 239488 196428 270914 1610145 40 35 24  1  0  0
98  4  63344 115160504 2331684 49105384    0    0 355456 286484 294623 1677491 43 33 23  2  0  0
135 19  63344 115164644 2331684 49105404    0    0 311712 302560 290221 1639508 42 35 22  1  0  0
 4  1  63344 115170200 2331684 49105424    0    0 292656 243988 285731 1624724 41 35 22  1  0  0
50  5  63344 115174728 2331684 49105440    0    0 283168 230464 281464 1615153 42 34 23  1  0  0
52  0  63344 115159156 2331684 49105468    0    0 160576 136444 267754 1555547 37 40 22  1  0  0
181  0  63344 115155564 2331684 49105484    0    0 154336 126896 263081 1533692 37 39 23  1  0  0
22  0  63344 115159336 2331684 49105504    0    0 207760 169276 266593 1577859 39 37 24  1  0  0
199  0  63344 115168260 2331684 49105524    0    0 207776 179072 276181 1579791 38 38 23  1  0  0
48  0  63344 115177772 2331684 49105540    0    0 174112 135992 273958 1547497 37 41 22  1  0  0
219  1  63344 115149596 2331684 49105560    0    0 181632 143692 270449 1541153 38 39 23  1  0  0
88  1  63344 115146064 2331684 49105952    0    0 236416 192324 276991 1578409 41 36 23  1  0  0
procs -----------memory---------- ---swap-- -----io---- -system-- -------cpu-------
 r  b   swpd   free   buff  cache   si   so    bi    bo   in   cs us sy id wa st gu
74  7  63344 115145460 2331684 49105592    0    0 301216 243280 282929 1636128 42 32 24  1  0  0
13  1  63344 115137436 2331684 49105624    0    0 241616 196976 275230 1604658 40 35 23  1  0  0
12  0  63344 115132424 2331684 49105636    0    0 128384 106192 256437 1520909 36 40 23  0  0  0
112  1  63344 115138100 2331684 49105656    0    0 148688 109280 248212 1503206 36 40 23  1  0  0
38  1  63344 115160244 2331684 49105672    0    0 204688 154836 266709 1548325 38 40 22  1  0  0
71  6  63344 115168416 2331684 49105692    0    0 219216 181480 278211 1588754 38 38 22  1  0  0
68  1  63344 115166404 2331684 49105708    0    0 245088 194532 275691 1590969 40 36 23  1  0  0
204  5  63344 115158680 2331684 49105728    0    0 244400 206192 283539 1608950 40 37 22  1  0  0
38  1  63344 115164100 2331684 49105744    0    0 150320 136136 270300 1539396 36 42 22  1  0  0
57  2  63344 115167948 2331684 49105768    0    0 142848 119644 267379 1523091 37 41 22  1  0  0
82 17  63344 115169516 2331684 49105792    0    0 135152 97392 247757 1497012 33 45 21  0  0  0
 9  0  63344 115166216 2331684 49105800    0    0 153312 104620 246549 1505671 34 44 22  1  0  0
37  3  63344 115181816 2331684 49105820    0    0 170800 145748 255602 1538842 36 42 22  1  0  0
60  1  63344 115177612 2331684 49105840    0    0 193616 155236 271106 1563133 38 39 22  1  0  0
36  0  63344 115154584 2331684 49105856    0    0 193456 174776 272339 1567165 37 41 21  1  0  0
57  0  63344 115176004 2331684 49105880    0    0 205184 175504 271688 1568625 38 39 22  1  0  0
81  3  63344 115191780 2331684 49105896    0    0 229488 189628 274244 1593073 40 37 23  1  0  0
36  3  63344 115181096 2331684 49105908    0    0 265232 202928 274550 1605681 40 36 23  1  0  0
23  2  63344 115164692 2331684 49105932    0    0 209552 171272 269031 1591699 39 37 23  1  0  0
26  5  63344 115160176 2331684 49105948    0    0 225600 184892 267504 1589820 39 36 24  1  0  0
88  4  63344 115157908 2331684 49105972    0    0 267152 223992 282769 1631515 39 36 24  1  0  0
procs -----------memory---------- ---swap-- -----io---- -system-- -------cpu-------
 r  b   swpd   free   buff  cache   si   so    bi    bo   in   cs us sy id wa st gu
17  0  63344 115151432 2331684 49105984    0    0 177904 140556 270579 1550437 38 39 22  1  0  0
63  2  63344 115169236 2331684 49105996    0    0 221744 179568 274825 1580392 39 38 23  1  0  0
41  8  63344 115152276 2331684 49106092    0    0 215520 172324 269024 1575950 39 36 24  1  0  0
173  1  63344 115134872 2331684 49106108    0    0 211584 172952 269778 1593597 40 36 24  1  0  0
57  5  63344 115151624 2331684 49106132    0    0 147584 121660 252091 1542147 37 39 23  1  0  0
 8  3  63344 115149540 2331684 49106148    0    0 159232 111924 233696 1526263 36 40 24  1  0  0
101  1  63344 115154376 2331684 49106164    0    0 186912 138420 252911 1553334 36 41 22  1  0  0
76  7  63344 115153508 2331684 49106196    0    0 187776 156172 270404 1568574 37 40 22  1  0  0
100  6  63344 115162056 2331684 49106212    0    0 173216 137904 265226 1563526 37 40 23  1  0  0
64  6  63344 115155320 2331684 49106232    0    0 142048 98916 242676 1503542 34 43 23  1  0  0
 8  0  63344 115157860 2331684 49106240    0    0 153888 107008 245996 1522213 35 42 22  1  0  0
126  1  63344 115151928 2331684 49106256    0    0 164464 113884 240596 1515259 35 42 23  1  0  0
80  5  63344 115168556 2331684 49106280    0    0 178816 141492 257531 1562137 38 39 23  1  0  0
118  4  63344 115169484 2331684 49106308    0    0 215200 203004 269893 1582291 39 37 23  1  0  0
79  8  63344 115172320 2331684 49106328    0    0 256880 220620 279802 1628398 40 36 23  1  0  0
183  0  63344 115159884 2331684 49106348    0    0 160464 132324 263726 1559654 36 41 23  1  0  0
159  3  63344 115151864 2331684 49106352    0    0 164208 130100 261627 1558620 37 39 23  1  0  0
80  5  63344 115146224 2331684 49106380    0    0 175008 163264 262848 1565388 37 39 23  1  0  0
40  3  63344 115157848 2331684 49106396    0    0 194192 140612 243064 1553160 36 39 24  1  0  0
52  2  63344 115157756 2331684 49106420    0    0 164784 128500 255292 1549416 37 40 23  1  0  0
106  2  63344 115146044 2331684 49106436    0    0 213184 159004 255158 1554142 37 39 23  1  0  0
procs -----------memory---------- ---swap-- -----io---- -system-- -------cpu-------
 r  b   swpd   free   buff  cache   si   so    bi    bo   in   cs us sy id wa st gu
62 10  63344 115165292 2331684 49106456    0    0 268016 210740 275305 1626713 40 35 23  1  0  0
57  0  63344 115117880 2331684 49106480    0    0 288144 233520 278547 1638716 42 34 23  1  0  0
31  1  63344 115118056 2331684 49106880    0    0 195808 159212 263201 1577877 39 36 23  1  0  0
41  2  63344 115110624 2331684 49106524    0    0 248064 206964 268740 1608804 41 34 24  1  0  0
116  1  63344 115139540 2331684 49106544    0    0 230192 188868 274283 1597704 39 38 22  1  0  0
170  4  63344 115142752 2331684 49106568    0    0 267968 214168 275957 1633867 40 35 23  1  0  0
42  1  63344 115138136 2331684 49106580    0    0 158032 133676 264268 1541835 36 41 22  1  0  0
41  0  63344 115148444 2331684 49106596    0    0 163824 139452 267223 1546398 37 41 22  1  0  0
200  0  63344 115160028 2331684 49106616    0    0 187904 147536 268719 1558856 37 41 22  1  0  0
40  1  63344 115157192 2331684 49106636    0    0 187984 151664 268354 1563233 37 41 22  1  0  0
47  0  63344 115161040 2331684 49106652    0    0 194336 160572 271646 1564828 37 40 22  1  0  0
31  2  63344 115168456 2331684 49106676    0    0 230160 185024 274487 1587621 39 38 22  1  0  0
156  6  63344 115162340 2331684 49106696    0    0 236320 196408 276026 1610100 39 38 22  1  0  0
30  0  63344 115177696 2331684 49106708    0    0 267968 228688 278035 1609933 40 36 22  1  0  0
255  1  63344 115163580 2331684 49106728    0    0 240288 209112 274685 1616076 40 37 22  1  0  0
15  0  63344 115162760 2331684 49106752    0    0 205296 165716 265690 1571565 38 38 23  1  0  0
109  3  63344 115153540 2331684 49106780    0    0 255168 206872 269733 1605539 40 35 24  1  0  0
86  6  63344 115149796 2331684 49107064    0    0 175840 146768 262751 1561321 39 38 23  1  0  0
12  0  63344 115164048 2331684 49106812    0    0 179216 151112 259860 1565901 38 37 24  1  0  0
104  2  63344 115173640 2331684 49106832    0    0 248976 207700 267619 1607646 40 35 24  1  0  0
56 13  63344 115165240 2331684 49106852    0    0 365456 291596 289263 1675929 43 32 23  2  0  0
procs -----------memory---------- ---swap-- -----io---- -system-- -------cpu-------
 r  b   swpd   free   buff  cache   si   so    bi    bo   in   cs us sy id wa st gu
263  0  63344 115160260 2331684 49106872    0    0 176544 144396 263050 1571669 37 39 23  1  0  0
91  1  63344 115155692 2331684 49106880    0    0 193360 161180 261791 1570155 38 37 24  1  0  0
13  2  63344 115153960 2331684 49106912    0    0 175424 142936 258872 1557619 38 37 24  1  0  0
160  3  63344 115158708 2331684 49106936    0    0 258800 214472 276497 1613580 40 36 23  1  0  0
87  2  63344 115167260 2331684 49106956    0    0 302768 250400 280612 1637113 41 34 23  1  0  0
84  9  63344 115180508 2331684 49106968    0    0 303488 256196 284549 1641303 41 35 23  1  0  0
49  2  63344 115163764 2331684 49106984    0    0 185136 154000 272247 1576730 38 40 21  1  0  0
57  1  63344 115155780 2331688 49107012    0    0 159104 127376 264821 1537224 36 42 22  1  0  0
14  1  63344 115158356 2331688 49107032    0    0 158208 128744 263570 1534606 35 42 22  1  0  0
17  4  63344 115168572 2331688 49107040    0    0 170048 128528 251802 1524473 36 41 22  1  0  0
55  2  63344 115177536 2331688 49107064    0    0 211504 171852 268865 1566250 38 38 23  1  0  0
68  4  63344 115188488 2331688 49107084    0    0 270816 217928 280423 1615420 41 36 22  1  0  0
155  0  63344 115184944 2331688 49107108    0    0 230640 202064 276083 1592449 39 38 22  1  0  0
80  7  63344 115186824 2331688 49107120    0    0 236160 186472 274070 1594730 40 37 22  1  0  0
46  3  63344 115177784 2331688 49107132    0    0 239840 200372 278190 1598772 39 38 22  1  0  0
35  1  63344 115170460 2331688 49107156    0    0 214080 169296 270443 1567701 39 37 23  1  0  0
60  2  63344 115171448 2331688 49107172    0    0 298928 241860 285239 1641673 42 35 23  1  0  0
102  0  63344 115166396 2331692 49107192    0    0 208928 167024 272418 1566751 39 38 22  1  0  0
115  4  63344 115176872 2331692 49107208    0    0 242528 189272 275237 1582660 40 37 22  1  0  0
75  3  63344 115177764 2331692 49107224    0    0 317648 252048 286945 1631833 41 35 22  1  0  0
84  1  63344 115186296 2331692 49107320    0    0 287840 234336 284416 1624968 40 37 22  1  0  0
procs -----------memory---------- ---swap-- -----io---- -system-- -------cpu-------
 r  b   swpd   free   buff  cache   si   so    bi    bo   in   cs us sy id wa st gu
103  8  63344 115186160 2331692 49107340    0    0 233008 189404 277550 1586707 39 37 23  1  0  0
73  2  63344 115181556 2331692 49107356    0    0 338096 272816 289913 1654204 43 33 23  1  0  0
110  1  63344 115182776 2331692 49107376    0    0 321152 264216 292179 1645736 42 34 22  1  0  0
81  0  63344 115151952 2331692 49107392    0    0 114768 90980 263474 1506409 35 44 20  0  0  0
10  1  63344 115139556 2331692 49107412    0    0 104032 89484 258515 1517574 36 43 21  0  0  0
53  6  63344 115140916 2331692 49107436    0    0 104160 77708 243539 1499776 33 45 21  0  0  0
153  0  63344 115130092 2331692 49107456    0    0 109008 76784 239675 1493112 31 47 22  0  0  0
25  0  63344 115155092 2331692 49107472    0    0 111792 79384 239995 1494922 33 45 22  0  0  0
238  0  63344 115164984 2331692 49107500    0    0 120256 86792 238799 1512708 33 44 22  0  0  0
 9  1  63344 115166684 2331692 49107508    0    0 127712 88992 241235 1514575 32 45 22  0  0  0
181  0  63344 115151240 2331692 49107656    0    0 110288 85892 239080 1506723 34 45 21  0  0  0
155  0  63344 115148948 2331696 49107684    0    0 100032 107856 239705 1490300 33 46 21  0  0  0
20  0  63344 115131040 2331696 49107572    0    0 88048 61968 237637 1486390 31 47 21  0  0  0
14  0  63344 115139680 2331696 49107596    0    0 85264 60328 237538 1478955 31 48 21  0  0  0
93  0  63344 115135976 2331696 49107616    0    0 100048 67920 238427 1481362 31 47 21  0  0  0
61  6  63344 115151212 2331696 49107628    0    0 92336 64624 237516 1489559 32 47 21  0  0  0
71  0  63344 115165884 2331696 49107640    0    0 87152 63696 237590 1488703 31 47 21  0  0  0
351  2  63344 115168092 2331696 49107660    0    0 99696 69032 237269 1487515 31 47 21  0  0  0
51  3  63344 115156672 2331696 49107680    0    0 97952 68816 236310 1490453 32 46 21  0  0  0
71  4  63344 115150576 2331696 49107700    0    0 106272 76364 236222 1497782 33 45 22  0  0  0
13  1  63344 115154040 2331696 49107716    0    0 109552 76320 238064 1500296 32 46 21  0  0  0
procs -----------memory---------- ---swap-- -----io---- -system-- -------cpu-------
 r  b   swpd   free   buff  cache   si   so    bi    bo   in   cs us sy id wa st gu
222  0  63344 115150896 2331696 49107740    0    0 119824 85912 237653 1507338 33 45 22  0  0  0
94  6  63344 115139808 2331696 49107760    0    0 126192 105532 247750 1521112 33 45 22  0  0  0
105  0  63344 115139280 2331696 49107784    0    0 146848 103380 238742 1527536 34 43 23  1  0  0
40  1  63344 115145256 2331696 49107788    0    0 192672 132468 240512 1555724 36 41 23  1  0  0
82 10  63344 115169776 2331696 49107804    0    0 275040 223772 265974 1627902 40 34 25  1  0  0
63  4  63344 115188420 2331696 49107820    0    0 389696 317412 282686 1690111 44 31 24  2  0  0
26  0  63344 115181580 2331696 49107848    0    0 288784 233144 269025 1649776 41 33 24  1  0  0
58  5  63344 115164616 2331696 49107864    0    0 235632 195200 257877 1612746 40 34 25  1  0  0
82  3  63344 115163616 2331696 49107884    0    0 252096 207140 270557 1627961 40 36 23  1  0  0
74  4  63344 115173060 2331696 49107908    0    0 347072 284892 285859 1685171 42 34 23  1  0  0
118  2  63344 115186788 2331696 49107936    0    0 230592 185556 271320 1597183 38 38 23  1  0  0
104  4  63344 115194952 2331696 49107948    0    0 258496 205296 274812 1625602 39 37 23  1  0  0
63  3  63344 115183064 2331696 49107956    0    0 390912 352404 296353 1699133 43 33 23  2  0  0
79  3  63344 115165184 2331696 49107980    0    0 303088 243912 277579 1641495 42 34 23  1  0  0
51  2  63344 115154588 2331696 49107992    0    0 231408 201144 269358 1604068 39 37 23  1  0  0
51  0  63344 115166400 2331696 49108028    0    0 298384 238256 274110 1644973 42 33 24  1  0  0
41  0  63344 115176260 2331696 49108044    0    0 264640 220092 267791 1631364 41 34 24  1  0  0
53  1  63344 115188452 2331696 49108056    0    0 293312 236892 280636 1643875 41 36 22  1  0  0
152  3  63344 115176348 2331696 49108080    0    0 206816 172248 267626 1583839 39 38 23  1  0  0
13  1  63344 115165928 2331696 49108088    0    0 136912 113672 263051 1558168 37 41 22  1  0  0
98  0  63344 115144436 2331696 49108116    0    0 102432 87140 253181 1508563 34 44 21  0  0  0
procs -----------memory---------- ---swap-- -----io---- -system-- -------cpu-------
 r  b   swpd   free   buff  cache   si   so    bi    bo   in   cs us sy id wa st gu
53  2  63344 115148552 2331696 49108132    0    0 103312 74684 239346 1492968 33 45 21  0  0  0
15  3  63344 115135832 2331696 49108148    0    0 97040 65176 234979 1493351 32 45 22  0  0  0
85  3  63344 115128516 2331696 49108168    0    0 117472 83120 233987 1508155 33 44 22  0  0  0
53  0  63344 115153288 2331696 49108188    0    0 125728 90436 233541 1511318 33 44 23  0  0  0
53  1  63344 115163336 2331696 49108216    0    0 156592 110324 235227 1533447 34 42 23  1  0  0
71  4  63344 115154076 2331696 49108232    0    0 195856 151196 247433 1578724 37 38 24  1  0  0
98  9  63344 115170228 2331696 49108248    0    0 367360 295732 281042 1695223 43 31 24  2  0  0
12  1  63344 115162052 2331696 49108264    0    0 285248 234696 274802 1651196 41 35 23  1  0  0
22  1  63344 115167000 2331696 49108284    0    0 216304 179236 265289 1595868 38 38 23  1  0  0
60  5  63344 115168036 2331696 49108304    0    0 290848 236488 279596 1640871 41 35 22  1  0  0
102 13  63344 115191104 2331696 49108324    0    0 295744 241208 278265 1639244 41 35 22  1  0  0
71  2  63344 115182128 2331696 49108344    0    0 313792 265312 283168 1653948 41 36 22  1  0  0
187  3  63344 115173296 2331696 49108360    0    0 332080 261788 285768 1666202 42 35 22  1  0  0
12  1  63344 115187856 2331696 49108380    0    0 282528 230152 276113 1633765 40 36 23  1  0  0
90  6  63344 115174864 2331696 49108392    0    0 251968 248340 280449 1631101 40 37 22  1  0  0
105  0  63344 115179936 2331696 49108404    0    0 233632 188588 268711 1591616 39 37 23  1  0  0
49  0  63344 115158676 2331696 49108416    0    0 233760 196276 273118 1621747 39 38 22  1  0  0
52  4  63344 115161580 2331696 49108504    0    0 132880 105732 257788 1532434 35 43 21  1  0  0
43  1  63344 115163724 2331696 49108524    0    0 136208 94836 238763 1508098 34 43 23  0  0  0
48  1  63344 115164512 2331696 49108544    0    0 133280 93380 240074 1508310 34 44 22  0  0  0
83  1  63344 115144684 2331696 49108564    0    0 151584 105536 240380 1524327 35 41 23  1  0  0
procs -----------memory---------- ---swap-- -----io---- -system-- -------cpu-------
 r  b   swpd   free   buff  cache   si   so    bi    bo   in   cs us sy id wa st gu
10  0  63344 115137900 2331696 49108592    0    0 200976 150660 253174 1580271 37 38 23  1  0  0
52  6  63344 115133400 2331696 49108600    0    0 167904 139036 259242 1560339 37 39 23  1  0  0
18  1  63344 115154264 2331696 49108616    0    0 221472 183880 263710 1598495 39 37 24  1  0  0
27  3  63344 115138408 2331696 49108636    0    0 235184 195308 264277 1616102 40 35 24  1  0  0
36  4  63344 115146672 2331696 49108660    0    0 326192 260180 283360 1660887 42 34 22  1  0  0
25  0  63344 115151992 2331696 49108688    0    0 274384 225432 272827 1640407 41 34 24  1  0  0
69  5  63344 115131292 2331696 49108708    0    0 169216 135272 253926 1568376 37 38 24  1  0  0
31  3  63344 115146484 2331696 49108724    0    0 217328 177516 259280 1596119 39 36 24  1  0  0
75  1  63344 115165408 2331696 49108744    0    0 264192 233636 275078 1632905 40 36 23  1  0  0
45  3  63344 115155488 2331696 49108744    0    0 253248 208860 272148 1617845 40 36 23  1  0  0
13  1  63344 115140624 2331696 49108760    0    0 170032 138740 263019 1578303 37 40 23  1  0  0
182  0  63344 115134672 2331696 49108780    0    0 145072 116924 256986 1536084 36 41 22  1  0  0
32  9  63344 115155172 2331696 49108800    0    0 183696 157364 260902 1566819 38 38 24  1  0  0
83  0  63344 115152808 2331696 49108812    0    0 251712 245344 278142 1615025 38 39 22  1  0  0
44 11  63344 115150188 2331696 49108844    0    0 241888 192656 268716 1596552 39 37 23  1  0  0
81  0  63344 115156544 2331696 49108860    0    0 266032 217320 274203 1636567 41 35 23  1  0  0
87  3  63344 115150940 2331696 49108876    0    0 229952 184584 266881 1603532 39 36 24  1  0  0
12  2  63344 115163988 2331696 49108884    0    0 240416 194308 265466 1620844 40 34 24  1  0  0
20  0  63344 115168504 2331696 49108908    0    0 349840 285244 287045 1673634 43 33 23  2  0  0
27  0  63344 115169460 2331696 49108916    0    0 295824 237840 275335 1627516 42 33 24  1  0  0
41  1  63344 115168256 2331696 49108936    0    0 234848 188624 268313 1607970 39 36 24  1  0  0
procs -----------memory---------- ---swap-- -----io---- -system-- -------cpu-------
 r  b   swpd   free   buff  cache   si   so    bi    bo   in   cs us sy id wa st gu
295  0  63344 115159844 2331696 49108960    0    0 254944 210856 273942 1621723 40 35 23  1  0  0
57  0  63344 115141768 2331696 49108972    0    0 141856 118172 264193 1529099 36 41 22  1  0  0
55  5  63344 115138952 2331696 49108992    0    0 136256 116912 258667 1534745 35 43 21  1  0  0
13  1  63344 115155728 2331696 49109012    0    0 135136 96248 245377 1520288 34 43 23  0  0  0
12  0  63344 115148756 2331696 49109020    0    0 136736 98348 239629 1521651 34 43 22  0  0  0
152  1  63344 115141464 2331696 49109040    0    0 154336 106316 239373 1518541 34 42 23  1  0  0
60  3  63344 115150728 2331696 49109064    0    0 167232 140880 242962 1545123 35 41 24  1  0  0
20  2  63344 115158296 2331696 49109080    0    0 181072 135384 248299 1550311 37 39 24  1  0  0
55  4  63344 115161880 2331696 49109100    0    0 224224 190912 268326 1593973 39 38 22  1  0  0
102  1  63344 115170380 2331696 49109116    0    0 246528 199376 275205 1615827 40 38 22  1  0  0
144  2  63344 115179580 2331696 49109136    0    0 243104 190208 270480 1603128 39 37 23  1  0  0
17  3  63344 115180832 2331696 49109156    0    0 269232 264516 282097 1646971 41 36 22  1  0  0
17  0  63344 115168268 2331696 49109176    0    0 149760 119760 262428 1548279 36 42 21  1  0  0
48  0  63344 115146948 2331696 49109200    0    0 134976 106768 259835 1534920 36 42 22  0  0  0
59  3  63344 115152264 2331696 49109212    0    0 147296 104964 242879 1512825 34 44 22  1  0  0
31  0  63344 115165684 2331696 49109228    0    0 174448 119264 242683 1533280 35 42 23  1  0  0
75  2  63344 115158456 2331696 49109256    0    0 183552 141644 256945 1562089 36 40 23  1  0  0
49  2  63344 115167968 2331696 49109292    0    0 184800 134908 247850 1544699 36 40 24  1  0  0
53  6  63344 115167348 2331696 49109308    0    0 202624 168696 262712 1578783 38 38 23  1  0  0
66  4  63344 115178768 2331696 49109328    0    0 189824 153612 263928 1594686 38 38 23  1  0  0
137  0  63344 115165512 2331696 49109336    0    0 140944 108972 248779 1540250 36 42 22  1  0  0
procs -----------memory---------- ---swap-- -----io---- -system-- -------cpu-------
 r  b   swpd   free   buff  cache   si   so    bi    bo   in   cs us sy id wa st gu
13  1  63344 115153460 2331696 49109360    0    0 129520 91740 234038 1511133 33 43 24  0  0  0
219  1  63344 115133328 2331696 49109376    0    0 131024 90724 234147 1515323 33 43 23  1  0  0
149  0  63344 115142260 2331696 49109396    0    0 132144 91072 233685 1522770 33 43 23  1  0  0
63  2  63344 115153416 2331696 49109420    0    0 150128 110080 232043 1523136 35 41 24  1  0  0
66  5  63344 115144268 2331696 49109436    0    0 137200 95984 234787 1534140 35 41 24  1  0  0
48  0  63344 115136648 2331696 49109444    0    0 142656 103008 235330 1521214 34 42 23  1  0  0
44  8  63344 115156480 2331696 49109460    0    0 185312 130872 244292 1539708 36 40 24  1  0  0
28  0  63344 115146376 2331696 49109472    0    0 231200 183068 268163 1587944 39 37 23  1  0  0
38  2  63344 115152536 2331696 49109488    0    0 226480 191224 268310 1600358 39 37 24  1  0  0
40  2  63344 115136288 2331696 49109516    0    0 269792 219824 275764 1642639 41 34 24  1  0  0
13  0  63344 115137680 2331696 49109532    0    0 194480 161436 260312 1580680 39 36 24  1  0  0
 7  0  63344 115152248 2331696 49109552    0    0 206224 187824 264032 1598316 39 37 24  1  0  0
75  6  63344 115138432 2331696 49109576    0    0 152944 126436 253150 1556068 37 39 24  1  0  0
113  2  63344 115165872 2331696 49109612    0    0 241792 201948 272502 1600366 39 37 23  1  0  0
136  3  63344 115160536 2331696 49109724    0    0 283632 224772 279804 1642921 40 35 23  1  0  0
262  0  63344 115169272 2331696 49109732    0    0 238160 247352 277764 1615486 40 37 23  1  0  0
250  1  63344 115156604 2331696 49109752    0    0 172752 141744 262800 1549298 37 41 22  1  0  0
134  1  63344 115150416 2331696 49109776    0    0 173312 139224 261840 1551330 37 39 23  1  0  0
43  1  63344 115159824 2331696 49109792    0    0 201312 162888 264249 1570435 39 37 23  1  0  0
43  0  63344 115149724 2331696 49109808    0    0 217136 182428 269260 1602874 39 37 23  1  0  0
78  5  63344 115152708 2331696 49109844    0    0 279456 221716 271276 1624303 42 33 24  1  0  0
procs -----------memory---------- ---swap-- -----io---- -system-- -------cpu-------
 r  b   swpd   free   buff  cache   si   so    bi    bo   in   cs us sy id wa st gu
122  2  63344 115161800 2331696 49109852    0    0 300544 250356 292969 1657914 41 36 22  1  0  0
56  3  63344 115161764 2331696 49109876    0    0 226592 184880 283368 1610387 39 38 22  1  0  0
53 14  63344 115162492 2331696 49109884    0    0 255424 200684 283035 1618019 40 36 23  1  0  0
62  0  63344 115160160 2331696 49109908    0    0 217536 174376 280663 1609810 39 37 23  1  0  0
180  0  63344 115160500 2331696 49109932    0    0 211872 174848 276045 1598671 39 36 23  1  0  0
51  6  63344 115147528 2331696 49109948    0    0 207264 169016 275934 1601905 38 38 23  1  0  0
101 16  63344 115152624 2331696 49109964    0    0 295120 240988 284420 1643102 42 33 24  1  0  0
86  4  63344 115159468 2331696 49109992    0    0 436608 390752 300287 1651148 44 32 21  4  0  0
24  2  63344 115160236 2331696 49110012    0    0 187440 151864 260126 1521169 37 40 22  1  0  0
65  1  63344 115164340 2331696 49110028    0    0 235312 193972 267868 1566054 38 37 24  1  0  0
37  5  63344 115175448 2331696 49110040    0    0 333536 278472 280550 1614498 41 34 23  2  0  0
215  0  63344 115180076 2331696 49110064    0    0 366560 290084 291477 1652700 43 33 22  2  0  0
108  4  63344 115152248 2331696 49110080    0    0 167216 134572 256124 1513950 37 40 22  1  0  0
29  4  63344 115157032 2331696 49110100    0    0 251584 205168 270535 1558642 39 37 23  1  0  0
123  1  63344 115162872 2331696 49110124    0    0 308896 249556 282616 1601786 41 36 22  1  0  0
110  9  63344 115165544 2331696 49110144    0    0 222944 210532 270974 1548820 38 38 23  1  0  0
77 27  63344 115182976 2331696 49110156    0    0 282448 276508 282110 1582669 41 36 22  1  0  0
39  1  63344 115186168 2331696 49110172    0    0 174368 140256 265666 1516754 37 41 22  1  0  0
49  2  63344 115182232 2331696 49110184    0    0 220256 180056 267688 1539076 39 38 22  1  0  0
81  5  63344 115161520 2331696 49110208    0    0 222432 195220 268317 1550257 39 38 22  1  0  0
53  5  63344 115157352 2331696 49110224    0    0 183856 145352 258235 1518836 38 39 23  1  0  0
