procs -----------memory---------- ---swap-- -----io---- -system-- -------cpu-------
 r  b   swpd   free   buff  cache   si   so    bi    bo   in   cs us sy id wa st gu
 7  1  63344 125697256 2329332 48656404   19   22 192316 189416 38695   35 18  3 76  3  0  0
29  3  63344 124432476 2329332 48656460    0    0 126160 350004 521432 685053 12 16 71  1  0  0
114  7  63344 122744144 2329332 48656528    0    0 153600 264464 524447 982775 23 62 15  0  0  0
98  0  63344 122791512 2329332 48656548    0    0 181504 78488 258481 1481205 36 42 21  1  0  0
31  4  63344 122781356 2329332 48656560    0    0 269680 118296 269633 1521609 39 39 22  1  0  0
49 18  63344 122725692 2329332 48656588    0    0 554816 261388 313295 1641861 48 27 22  2  0  0
35  3  63344 122664324 2329332 48656608    0    0 544384 315992 314246 1638675 47 29 21  3  0  0
44  1  63344 122615232 2329332 48656624    0    0 265312 130180 288853 1566824 39 38 22  1  0  0
46  7  63344 122603220 2329332 48656644    0    0 284592 158008 289321 1577493 40 36 23  1  0  0
35 12  63344 122549148 2329332 48656652    0    0 445728 416980 312007 1639010 46 30 22  2  0  0
118  0  63344 122512064 2329332 48656672    0    0 284016 268060 281738 1571071 41 34 23  1  0  0
23  1  63344 122481756 2329332 48656696    0    0 275200 266808 277865 1581353 41 33 24  1  0  0
47 13  63344 122466216 2329332 48656712    0    0 183312 184028 263818 1528260 39 38 23  1  0  0
85 10  63344 122450996 2329332 48656732    0    0 271536 271860 284436 1561879 40 36 23  1  0  0
206  1  63344 122433572 2329332 48656748    0    0 284224 332076 285915 1574362 42 34 22  1  0  0
124  8  63344 122401348 2329332 48656772    0    0 351472 158592 287057 1598171 43 33 22  1  0  0
80 12  63344 122390968 2329332 48656800    0    0 470896 232136 304358 1650464 46 30 22  2  0  0
51  2  63344 122341756 2329332 48656808    0    0 276224 158652 289152 1570927 40 37 21  1  0  0
69  1  63344 122324712 2329332 48656828    0    0 183968 95448 278389 1530029 37 41 21  1  0  0
306  0  63344 122297968 2329332 48656840    0    0 179728 94188 277475 1534151 37 42 21  1  0  0
90  3  63344 122288716 2329332 48656864    0    0 191728 101476 275625 1536960 37 41 21  1  0  0
procs -----------memory---------- ---swap-- -----io---- -system-- -------cpu-------
 r  b   swpd   free   buff  cache   si   so    bi    bo   in   cs us sy id wa st gu
155  2  63344 122271600 2329332 48656888    0    0 181920 93032 274465 1535055 36 41 22  1  0  0
132  1  63344 122259652 2329332 48656904    0    0 182624 92712 275439 1534966 36 41 21  1  0  0
70  4  63344 122243804 2329332 48656920    0    0 181760 94904 275858 1541525 37 41 21  1  0  0
281  1  63344 122246808 2329332 48656944    0    0 179424 100440 276421 1542811 36 42 21  1  0  0
46  5  63344 122237968 2329332 48656960    0    0 189776 97352 276642 1552230 38 40 22  1  0  0
44 14  63344 122211388 2329332 48656972    0    0 205536 107548 275651 1553946 37 40 22  1  0  0
80  6  63344 122202892 2329332 48656992    0    0 254576 195784 279573 1571688 40 37 22  1  0  0
44 18  63344 122180028 2329332 48657012    0    0 360432 184204 287443 1618493 43 33 23  1  0  0
51  2  63344 122167220 2329332 48657032    0    0 351024 192424 284644 1610764 43 33 23  1  0  0
44  1  63344 122155780 2329332 48657052    0    0 488592 263348 304735 1664557 47 28 23  2  0  0
30  3  63344 122113460 2329332 48657072    0    0 265104 147916 284801 1578529 39 38 22  1  0  0
39  0  63344 122118484 2329332 48657092    0    0 187184 106172 277587 1540411 38 40 22  1  0  0
78  6  63344 122112572 2329332 48657112    0    0 213488 118444 280292 1562328 38 39 22  1  0  0
122  1  63344 122080760 2329332 48657128    0    0 245104 134460 281257 1569050 39 37 23  1  0  0
80  8  63344 122063336 2329332 48657148    0    0 337072 197832 291088 1623133 41 34 23  1  0  0
57  0  63344 122061396 2329332 48657168    0    0 474576 326932 313473 1667824 45 31 22  2  0  0
80  6  63344 122029412 2329332 48657184    0    0 227776 129744 269587 1545085 39 37 23  1  0  0
66  4  63344 122004880 2329332 48657284    0    0 248608 140984 272762 1559977 39 37 23  1  0  0
45  2  63344 122008316 2329332 48657300    0    0 253968 139852 272007 1554912 39 37 23  1  0  0
60  4  63344 122004304 2329332 48657320    0    0 285904 160948 273839 1579294 41 34 24  1  0  0
70  4  63344 122016032 2329332 48657340    0    0 302736 169736 278599 1588797 41 34 24  1  0  0
procs -----------memory---------- ---swap-- -----io---- -system-- -------cpu-------
 r  b   swpd   free   buff  cache   si   so    bi    bo   in   cs us sy id wa st gu
13  0  63344 121967588 2329332 48657356    0    0 360432 205384 288774 1612838 42 34 23  2  0  0
96  2  63344 121951000 2329332 48657376    0    0 193824 110344 269727 1528153 38 39 22  1  0  0
47  2  63344 121959664 2329332 48657396    0    0 217776 121944 271277 1542238 38 39 22  1  0  0
50  3  63344 121939876 2329332 48657412    0    0 295584 164672 282365 1575745 41 35 23  1  0  0
55 12  63344 121925776 2329332 48657432    0    0 410752 280900 292752 1639715 43 32 23  2  0  0
12  0  63344 121906820 2329332 48657464    0    0 348128 205576 285550 1606825 41 35 22  1  0  0
79  1  63344 121908344 2329332 48657480    0    0 235920 130084 270122 1549352 38 38 23  1  0  0
98  3  63344 121911956 2329332 48657500    0    0 373984 212676 297280 1641990 43 32 23  2  0  0
38  3  63344 121886148 2329332 48657512    0    0 414560 227520 290005 1634085 44 30 23  2  0  0
10  3  63344 121875660 2329332 48657524    0    0 193344 115596 269311 1536432 37 41 22  1  0  0
99  0  63344 121853112 2329332 48657564    0    0 181600 127360 268495 1532632 37 40 22  1  0  0
91  0  63344 121847840 2329332 48657568    0    0 189136 147116 269168 1531556 37 40 22  1  0  0
69  3  63344 121851824 2329332 48657592    0    0 200288 160924 269919 1538935 38 38 23  1  0  0
258  0  63344 121845400 2329332 48657612    0    0 199824 161440 267968 1541742 38 39 22  1  0  0
10  0  63344 121839196 2329332 48657620    0    0 165472 139600 260855 1536116 37 40 23  1  0  0
59  2  63344 121842260 2329332 48657656    0    0 153152 133280 261523 1533911 36 41 22  1  0  0
39  1  63344 121822184 2329332 48657660    0    0 151632 137472 258901 1522860 36 41 23  1  0  0
81 11  63344 121827840 2329332 48657672    0    0 164736 145480 256421 1533125 37 39 23  1  0  0
45  4  63344 121833228 2329332 48657704    0    0 193856 159472 251102 1535051 38 38 24  1  0  0
27  3  63344 121832924 2329332 48657732    0    0 318464 319544 279530 1611005 42 33 24  2  0  0
53  1  63344 121840096 2329332 48657744    0    0 347552 307924 289090 1621452 43 32 23  2  0  0
procs -----------memory---------- ---swap-- -----io---- -system-- -------cpu-------
 r  b   swpd   free   buff  cache   si   so    bi    bo   in   cs us sy id wa st gu
12  0  63344 121829284 2329332 48657764    0    0 311584 282436 281245 1606040 42 33 24  1  0  0
67  1  63344 121826720 2329332 48657780    0    0 285200 244844 272393 1593478 41 33 24  1  0  0
34  9  63344 121827028 2329332 48657804    0    0 371344 309352 289726 1645300 43 32 24  2  0  0
56  3  63344 121805168 2329332 48657816    0    0 206256 128244 270584 1560577 38 39 22  1  0  0
37  2  63344 121803524 2329332 48657836    0    0 172992 106124 262390 1522967 36 40 22  1  0  0
52  6  63344 121795032 2329332 48657856    0    0 209184 130748 262899 1548323 38 38 23  1  0  0
94 26  63344 121791824 2329332 48657876    0    0 345440 217572 277649 1618913 42 32 24  2  0  0
16  1  63344 121781140 2329332 48657896    0    0 186608 119060 268239 1535191 37 40 22  1  0  0
99  4  63344 121763404 2329332 48657912    0    0 173824 114892 275848 1521839 37 41 22  1  0  0
209  0  63344 121772924 2329332 48657936    0    0 161952 106696 264029 1523002 36 42 22  1  0  0
345  0  63344 121754924 2329332 48657952    0    0 159456 104724 264869 1526696 35 42 22  1  0  0
27  3  63344 121761196 2329332 48657968    0    0 169184 112380 265076 1532643 37 40 22  1  0  0
94  0  63344 121768684 2329332 48657980    0    0 186960 176416 270806 1525879 38 39 22  1  0  0
164  0  63344 121774488 2329332 48658004    0    0 190352 127224 268517 1539399 37 40 22  1  0  0
49  5  63344 121766560 2329332 48658028    0    0 201408 136264 266081 1532243 38 39 22  1  0  0
20  0  63344 121752472 2329332 48658052    0    0 329936 221436 283627 1591409 40 36 22  2  0  0
73  0  63344 121754320 2329332 48658072    0    0 174832 117760 267952 1524949 37 41 22  1  0  0
206  1  63344 121742920 2329332 48658092    0    0 164624 109692 264917 1513850 37 41 22  1  0  0
152  0  63344 121745144 2329332 48658112    0    0 168016 114104 265675 1524751 37 40 22  1  0  0
 9  5  63344 121751880 2329332 48658128    0    0 161936 91492 250250 1504280 36 41 23  1  0  0
38  2  63344 121743652 2329332 48658156    0    0 159184 107720 264223 1526591 36 42 22  1  0  0
procs -----------memory---------- ---swap-- -----io---- -system-- -------cpu-------
 r  b   swpd   free   buff  cache   si   so    bi    bo   in   cs us sy id wa st gu
116  0  63344 121741296 2329332 48658164    0    0 164784 113348 262029 1529417 36 41 22  1  0  0
50  3  63344 121741544 2329332 48658184    0    0 157184 107848 260659 1519092 36 41 22  1  0  0
123  2  63344 121739248 2329332 48658200    0    0 178688 120896 262311 1526447 37 40 23  1  0  0
36  1  63344 121755268 2329332 48658216    0    0 212064 143252 265744 1544651 38 38 23  1  0  0
48  1  63344 121759252 2329332 48658240    0    0 426032 303232 309061 1642768 44 31 23  2  0  0
103  2  63344 121765544 2329332 48658260    0    0 245392 225452 278508 1571149 39 37 23  1  0  0
48  2  63344 121767352 2329332 48658276    0    0 312368 201936 284465 1598895 41 34 23  1  0  0
105  9  63344 121754944 2329332 48658288    0    0 443360 297028 295678 1652891 45 30 23  2  0  0
13  2  63344 121742896 2329332 48658312    0    0 285616 192132 282996 1586701 41 36 22  1  0  0
87  2  63344 121745100 2329332 48658332    0    0 241056 163200 273048 1554289 40 37 23  1  0  0
63 10  63344 121749040 2329332 48658360    0    0 431264 290788 298463 1648277 45 30 23  2  0  0
79  4  63344 121741556 2329332 48658372    0    0 301408 210036 286253 1584393 41 36 22  1  0  0
234  1  63344 121725248 2329332 48658388    0    0 172736 118848 269529 1514577 36 42 21  1  0  0
97  4  63344 121722288 2329332 48658412    0    0 170400 176212 270644 1522817 37 41 22  1  0  0
36  1  63344 121724248 2329332 48658512    0    0 165376 116236 268351 1533490 36 41 22  1  0  0
41  1  63344 121717704 2329332 48658520    0    0 171056 121592 266601 1521906 36 41 22  1  0  0
76  3  63344 121709928 2329332 48658544    0    0 176704 119672 267592 1533365 36 41 22  1  0  0
60  3  63344 121718192 2329332 48658556    0    0 180960 125776 265426 1530610 37 40 22  1  0  0
119  1  63344 121709112 2329332 48658588    0    0 185696 127236 267004 1535925 37 40 22  1  0  0
132  0  63344 121724632 2329332 48658600    0    0 172544 117020 265543 1525192 36 42 22  1  0  0
33  2  63344 121729576 2329332 48658628    0    0 208528 144416 267704 1543278 38 39 22  1  0  0
procs -----------memory---------- ---swap-- -----io---- -system-- -------cpu-------
 r  b   swpd   free   buff  cache   si   so    bi    bo   in   cs us sy id wa st gu
30  9  63344 121747556 2329332 48658644    0    0 437792 318020 295208 1641543 45 30 23  2  0  0
67  8  63344 121756128 2329332 48658652    0    0 318688 222168 287006 1617806 41 35 23  1  0  0
95  9  63344 121735724 2329332 48658664    0    0 255376 177724 273344 1566924 40 36 23  1  0  0
68  5  63344 121729840 2329332 48658684    0    0 239632 172396 271557 1562284 39 36 24  1  0  0
11  1  63344 121724172 2329332 48658704    0    0 202672 141952 266446 1550062 38 39 23  1  0  0
46 11  63344 121724400 2329332 48658736    0    0 237968 163800 268480 1558682 40 35 24  1  0  0
19  0  63344 121740052 2329332 48658752    0    0 494608 392308 306385 1675213 46 29 22  3  0  0
25  7  63344 121742748 2329332 48658764    0    0 469232 325020 307085 1661315 45 30 22  2  0  0
40  4  63344 121734944 2329332 48658784    0    0 202512 138520 265990 1538865 38 38 23  1  0  0
64 13  63344 121739184 2329332 48658804    0    0 304224 233036 279594 1602535 42 33 24  1  0  0
80  4  63344 121730996 2329332 48658816    0    0 358736 256220 295048 1634816 43 32 23  2  0  0
63  0  63344 121720128 2329332 48658844    0    0 256736 179996 277673 1565884 40 36 23  1  0  0
51  5  63344 121713416 2329332 48658856    0    0 238384 169224 272700 1554086 39 37 23  1  0  0
83  0  63344 121714464 2329332 48658888    0    0 222704 165596 271510 1559190 39 36 24  1  0  0
62  5  63344 121717204 2329332 48658904    0    0 274720 204020 275091 1581450 41 34 24  1  0  0
102  1  63344 121723988 2329332 48658924    0    0 384752 330700 296027 1639028 43 32 23  2  0  0
41  2  63344 121732004 2329332 48658948    0    0 341440 232092 297997 1620209 42 34 23  1  0  0
67  4  63344 121730744 2329336 48658972    0    0 269008 184816 280514 1570070 41 35 23  1  0  0
12  1  63344 121724076 2329336 48658984    0    0 285408 204788 279435 1601460 42 33 24  1  0  0
182  0  63344 121712216 2329336 48659012    0    0 179904 128024 263375 1532418 37 39 23  1  0  0
52  5  63344 121723744 2329336 48659020    0    0 187440 138472 263793 1535710 38 39 23  1  0  0
procs -----------memory---------- ---swap-- -----io---- -system-- -------cpu-------
 r  b   swpd   free   buff  cache   si   so    bi    bo   in   cs us sy id wa st gu
54  7  63344 121732100 2329336 48659036    0    0 328368 231872 291218 1599750 42 35 22  1  0  0
61  2  63344 121721448 2329336 48659064    0    0 388672 286808 295709 1628581 44 31 23  2  0  0
96  1  63344 121715832 2329336 48659080    0    0 307328 217192 291386 1605296 42 33 23  1  0  0
42  1  63344 121697336 2329336 48659108    0    0 163168 117476 262369 1532929 38 38 23  1  0  0
150  0  63344 121704944 2329336 48659120    0    0 174832 129212 262611 1533824 37 39 23  1  0  0
136  2  63344 121715780 2329336 48659140    0    0 307280 210896 290404 1600382 42 35 22  1  0  0
105  7  63344 121716212 2329336 48659156    0    0 397968 327696 297999 1626488 44 32 22  2  0  0
50  3  63344 121725764 2329336 48659172    0    0 319744 226116 285378 1598273 43 33 23  1  0  0
18  3  63344 121723792 2329336 48659200    0    0 331536 235352 289415 1619535 43 32 24  1  0  0
62  5  63344 121724288 2329336 48659224    0    0 353616 243768 294908 1629916 43 31 24  2  0  0
19  0  63344 121712908 2329336 48659232    0    0 221264 154608 282034 1567277 38 38 22  1  0  0
46  0  63344 121696784 2329336 48659256    0    0 182752 128320 277819 1541972 36 41 22  1  0  0
137  1  63344 121716092 2329336 48659280    0    0 192688 136720 277485 1550050 37 40 22  1  0  0
100  2  63344 121723488 2329336 48659292    0    0 164064 114496 272423 1553002 36 41 22  1  0  0
96  1  63344 121695900 2329336 48659296    0    0 173056 125576 269842 1543603 36 41 22  1  0  0
62  2  63344 121692060 2329336 48659312    0    0 160352 113620 260280 1526318 36 41 22  1  0  0
115  0  63344 121686596 2329336 48659332    0    0 153152 114800 260526 1524614 35 42 22  1  0  0
12  0  63344 121693552 2329336 48659360    0    0 152784 113616 259041 1527409 36 41 22  1  0  0
68  0  63344 121703496 2329336 48659376    0    0 156848 113016 260110 1526448 36 41 22  1  0  0
83  1  63344 121716452 2329336 48659396    0    0 155984 113932 257611 1529864 36 41 22  1  0  0
44  0  63344 121692892 2329336 48659424    0    0 154480 103008 252938 1518557 36 41 23  1  0  0
procs -----------memory---------- ---swap-- -----io---- -system-- -------cpu-------
 r  b   swpd   free   buff  cache   si   so    bi    bo   in   cs us sy id wa st gu
32  1  63344 121701972 2329336 48659436    0    0 157344 93068 243259 1509788 34 43 23  1  0  0
170  3  63344 121701612 2329336 48659448    0    0 169856 108292 239251 1508774 36 40 24  1  0  0
34  1  63344 121707764 2329336 48659480    0    0 305152 226308 274394 1592081 41 35 23  2  0  0
19  0  63344 121705360 2329336 48659500    0    0 402688 346984 295520 1646654 44 32 23  2  0  0
18  0  63344 121716820 2329336 48659516    0    0 350880 253168 292583 1641516 42 33 24  2  0  0
71  8  63344 121707976 2329336 48659532    0    0 319200 229804 287060 1635809 42 33 24  1  0  0
168  1  63344 121718300 2329336 48659564    0    0 349968 246744 285807 1630301 43 32 24  2  0  0
110  7  63344 121715388 2329336 48659588    0    0 336480 236104 285299 1608386 42 33 23  1  0  0
125  0  63344 121728000 2329336 48659592    0    0 294640 210352 279896 1613929 41 34 24  1  0  0
30  2  63344 121721904 2329336 48659608    0    0 359312 253324 283864 1631445 43 31 24  2  0  0
45  3  63344 121715556 2329336 48659680    0    0 363728 258896 304197 1638050 43 33 23  2  0  0
92 10  63344 121711348 2329336 48659708    0    0 342560 294108 294162 1623426 42 34 23  1  0  0
30  6  63344 121708356 2329336 48659740    0    0 387168 275296 296516 1639218 43 33 23  2  0  0
62  7  63344 121714656 2329336 48659752    0    0 305184 211536 287046 1591986 41 36 22  1  0  0
66  7  63344 121719140 2329336 48659764    0    0 292304 212280 285151 1592516 41 36 23  1  0  0
50 18  63344 121738312 2329336 48659788    0    0 491488 361608 313315 1672927 45 31 22  2  0  0
82  9  63344 121743140 2329336 48659812    0    0 370016 290236 299951 1631692 43 33 22  2  0  0
62  3  63344 121737596 2329336 48659836    0    0 373392 266560 292695 1633991 43 33 23  2  0  0
48  8  63344 121723588 2329336 48659844    0    0 374752 265148 287929 1619409 43 31 24  2  0  0
57  2  63344 121712688 2329336 48659860    0    0 202896 143320 271398 1536812 37 40 22  1  0  0
26  7  63344 121703948 2329336 48659880    0    0 173488 126600 267426 1521086 36 41 22  1  0  0
procs -----------memory---------- ---swap-- -----io---- -system-- -------cpu-------
 r  b   swpd   free   buff  cache   si   so    bi    bo   in   cs us sy id wa st gu
150  0  63344 121694308 2329336 48659908    0    0 175488 127628 266537 1527174 36 41 22  1  0  0
14  0  63344 121685872 2329336 48659924    0    0 163648 118788 261722 1528271 36 41 22  1  0  0
99 11  63344 121702096 2329336 48659948    0    0 158752 115672 260444 1526556 36 41 22  1  0  0
32  0  63344 121705236 2329336 48659964    0    0 169472 123944 264556 1529533 37 41 22  1  0  0
123  0  63344 121713120 2329336 48659984    0    0 158160 115272 262504 1536085 36 41 22  1  0  0
162  0  63344 121691720 2329336 48659996    0    0 159904 114564 260966 1525749 37 41 22  1  0  0
74  0  63344 121689796 2329336 48660024    0    0 153664 100952 245218 1507220 34 43 23  1  0  0
49 11  63344 121696320 2329336 48660044    0    0 152112 95576 241544 1494015 34 43 23  1  0  0
10  0  63344 121703152 2329336 48660064    0    0 161008 98072 240022 1499245 34 42 23  1  0  0
74 14  63344 121700100 2329336 48660076    0    0 196400 133408 258546 1540200 38 39 23  1  0  0
49  4  63344 121714696 2329336 48660092    0    0 316688 243900 276900 1604745 42 33 24  2  0  0
74  7  63344 121722860 2329336 48660120    0    0 479632 388408 300622 1640228 45 29 23  4  0  0
41  2  63344 121729068 2329336 48660128    0    0 392976 329812 293783 1623770 43 33 22  2  0  0
100  1  63344 121734716 2329336 48660148    0    0 444624 307840 299947 1657418 45 31 23  2  0  0
18  1  63344 121717872 2329336 48660188    0    0 221712 167148 274019 1552376 39 38 23  1  0  0
83 10  63344 121700568 2329336 48660196    0    0 233104 165524 265250 1540265 39 37 24  1  0  0
61  7  63344 121731644 2329336 48660224    0    0 346384 244212 282536 1599929 42 33 23  2  0  0
110  8  63344 121718668 2329336 48660240    0    0 363952 273568 286264 1602155 42 34 23  2  0  0
62  2  63344 121715488 2329336 48660252    0    0 308416 218160 279260 1581195 41 35 23  1  0  0
59  1  63344 121727492 2329336 48660272    0    0 346592 243008 280950 1583448 42 33 23  2  0  0
66  2  63344 121726908 2329336 48660288    0    0 255552 239144 279181 1547058 39 38 22  1  0  0
procs -----------memory---------- ---swap-- -----io---- -system-- -------cpu-------
 r  b   swpd   free   buff  cache   si   so    bi    bo   in   cs us sy id wa st gu
84  1  63344 121709620 2329336 48660300    0    0 176848 127400 266393 1507145 37 42 21  1  0  0
105  0  63344 121701044 2329336 48660328    0    0 171872 123404 264645 1506923 36 42 21  1  0  0
56  1  63344 121702940 2329336 48660344    0    0 163232 120836 262733 1499389 36 42 21  1  0  0
40  9  63344 121701276 2329336 48660364    0    0 160064 117704 270148 1508867 36 43 21  1  0  0
12  2  63344 121692752 2329336 48660392    0    0 154208 116692 270114 1513606 36 42 21  1  0  0
12  0  63344 121685952 2329336 48660408    0    0 165568 117452 269092 1515971 36 42 21  1  0  0
48 10  63344 121688876 2329336 48660440    0    0 149968 94748 242053 1472686 35 42 22  1  0  0
59  1  63344 121705920 2329336 48660448    0    0 151312 95004 240970 1474658 34 43 22  1  0  0
79  7  63344 121703824 2329336 48660468    0    0 166784 117540 260123 1506039 36 41 22  1  0  0
127  6  63344 121700616 2329336 48660488    0    0 204464 149944 259418 1525875 38 38 23  1  0  0
73  4  63344 121710172 2329336 48660516    0    0 384960 273624 284887 1614667 43 34 22  2  0  0
49  3  63344 121702596 2329336 48660532    0    0 465056 330076 296076 1641061 45 31 22  2  0  0
277  4  63344 121683096 2329336 48660548    0    0 299584 269144 289835 1574821 39 38 21  1  0  0
77  6  63344 121692536 2329336 48660560    0    0 172704 125724 272469 1521473 37 41 22  1  0  0
93  1  63344 121688560 2329336 48660592    0    0 163392 117920 270111 1517433 35 43 21  1  0  0
237  1  63344 121689256 2329336 48660612    0    0 161776 117204 271357 1524395 37 41 21  1  0  0
99  0  63344 121678044 2329336 48660620    0    0 168176 119144 270168 1528804 37 41 22  1  0  0
205  1  63344 121680960 2329336 48660652    0    0 166912 122740 268666 1525887 36 42 22  1  0  0
157  0  63344 121675136 2329336 48660664    0    0 175904 149960 270435 1531863 37 41 22  1  0  0
55  8  63344 121675008 2329336 48660684    0    0 145824 96092 257788 1504849 35 43 22  1  0  0
82  0  63344 121675872 2329336 48660700    0    0 158448 95852 247151 1490089 35 42 23  1  0  0
procs -----------memory---------- ---swap-- -----io---- -system-- -------cpu-------
 r  b   swpd   free   buff  cache   si   so    bi    bo   in   cs us sy id wa st gu
93  0  63344 121679736 2329336 48660716    0    0 171872 106092 246187 1497822 35 42 22  1  0  0
59  7  63344 121690508 2329336 48660728    0    0 234064 168728 271946 1559080 39 37 23  1  0  0
68  4  63344 121690680 2329336 48660768    0    0 505552 407076 304399 1632223 45 29 22  4  0  0
154  2  63344 121684924 2329336 48660780    0    0 419808 299516 295051 1642596 44 31 23  2  0  0
80 11  63344 121698264 2329336 48660796    0    0 351856 255300 287803 1613852 43 32 23  2  0  0
73  6  63344 121692692 2329336 48660820    0    0 312208 223712 280226 1579365 41 35 23  1  0  0
105  0  63344 121691168 2329336 48660836    0    0 233248 169312 267028 1540144 39 37 24  1  0  0
61  5  63344 121688388 2329336 48660916    0    0 282880 209456 274209 1575900 41 34 23  1  0  0
69  1  63344 121689064 2329336 48660968    0    0 304112 235648 277129 1584806 41 34 23  1  0  0
124  5  63344 121689972 2329336 48660980    0    0 261008 188560 276060 1550156 40 37 22  1  0  0
14  1  63344 121707388 2329336 48661004    0    0 316640 229256 286862 1589160 41 35 22  1  0  0
184  0  63344 121711716 2329336 48661012    0    0 305600 273960 292060 1597391 41 36 22  1  0  0
144  0  63344 121705404 2329336 48661024    0    0 226800 163600 271778 1525973 39 39 22  1  0  0
13  1  63344 121699964 2329336 48661052    0    0 253648 179640 274577 1542531 39 37 23  1  0  0
61  4  63344 121688400 2329336 48661064    0    0 184112 137176 265117 1521409 38 40 22  1  0  0
107  1  63344 121685832 2329336 48661080    0    0 155136 111432 258091 1498621 36 41 22  1  0  0
121  4  63344 121680680 2329336 48661112    0    0 153152 117016 259807 1498871 36 41 22  1  0  0
244  0  63344 121683636 2329336 48661124    0    0 152784 113736 256941 1498687 35 42 22  1  0  0
50  0  63344 121685588 2329336 48661148    0    0 174768 129908 260513 1509297 37 40 22  1  0  0
62  5  63344 121692544 2329336 48661156    0    0 207920 153164 265362 1539965 38 38 23  1  0  0
57  5  63344 121692404 2329336 48661168    0    0 245680 176280 268226 1552382 39 36 23  1  0  0
procs -----------memory---------- ---swap-- -----io---- -system-- -------cpu-------
 r  b   swpd   free   buff  cache   si   so    bi    bo   in   cs us sy id wa st gu
61  5  63344 121689876 2329336 48661196    0    0 305408 222860 280870 1580008 41 35 23  1  0  0
12  1  63344 121676768 2329336 48661216    0    0 294496 216872 283687 1578661 41 36 22  1  0  0
25  1  63344 121684896 2329336 48661232    0    0 297904 220676 283453 1581743 41 34 23  1  0  0
131  6  63344 121689820 2329336 48661256    0    0 267872 200560 273650 1575571 40 35 23  1  0  0
87  0  63344 121690080 2329336 48661272    0    0 297376 237636 277247 1585924 41 35 23  1  0  0
26 14  63344 121696032 2329336 48661304    0    0 374576 318492 293015 1600667 43 34 22  2  0  0
84  7  63344 121701904 2329336 48661324    0    0 290512 207660 286630 1581099 41 36 22  1  0  0
96  5  63344 121701408 2329336 48661328    0    0 411888 293992 306638 1644542 44 31 23  2  0  0
86  7  63344 121704468 2329336 48661364    0    0 373168 266716 289733 1608296 43 32 24  2  0  0
30  1  63344 121702148 2329336 48661388    0    0 305056 218492 283913 1582896 40 37 22  1  0  0
45  3  63344 121700388 2329336 48661400    0    0 204992 150312 269635 1515021 37 41 21  1  0  0
25  1  63344 121695736 2329336 48661432    0    0 239152 175224 272517 1532936 39 37 23  1  0  0
66  2  63344 121687544 2329336 48661440    0    0 245920 179500 274129 1545306 39 38 22  1  0  0
32 10  63344 121702612 2329336 48661464    0    0 294432 210960 277486 1561738 42 34 23  1  0  0
17  1  63344 121709820 2329336 48661484    0    0 334688 294940 297584 1601629 42 34 23  2  0  0
59  5  63344 121710832 2329336 48661500    0    0 282368 215160 291798 1580412 40 36 22  1  0  0
36  3  63344 121701392 2329336 48661524    0    0 310256 223016 290988 1586043 41 35 23  1  0  0
58  6  63344 121691292 2329336 48661540    0    0 247632 182300 280301 1555315 40 36 23  1  0  0
12  0  63344 121684016 2329336 48661552    0    0 301344 224168 289508 1587365 40 35 23  1  0  0
79  0  63344 121686912 2329336 48661576    0    0 165104 119636 275320 1509083 36 42 21  1  0  0
35  5  63344 121691580 2329336 48661596    0    0 168320 119188 276520 1510479 37 42 21  1  0  0
procs -----------memory---------- ---swap-- -----io---- -system-- -------cpu-------
 r  b   swpd   free   buff  cache   si   so    bi    bo   in   cs us sy id wa st gu
133  1  63344 121688056 2329336 48661620    0    0 157952 116204 270235 1508706 36 42 22  1  0  0
109  3  63344 121696312 2329336 48661628    0    0 149424 109608 268292 1510501 36 42 22  1  0  0
11  1  63344 121700284 2329336 48661636    0    0 156944 115340 263026 1507027 36 42 22  1  0  0
50  1  63344 121668820 2329336 48661664    0    0 154368 112792 263532 1496438 36 42 21  1  0  0
46  1  63344 121665892 2329336 48661692    0    0 163184 119624 261557 1493853 36 42 22  1  0  0
28 11  63344 121665700 2329336 48661716    0    0 169504 127096 261331 1508157 37 40 22  1  0  0
25  2  63344 121688768 2329336 48661736    0    0 257856 182020 270935 1547834 40 37 22  1  0  0
80  4  63344 121697320 2329336 48661760    0    0 402144 289044 293789 1630739 43 32 22  2  0  0
73  0  63344 121692584 2329336 48661768    0    0 425664 352652 306812 1657011 44 32 22  2  0  0
17  2  63344 121700144 2329336 48661780    0    0 306992 224888 288982 1595186 41 35 23  1  0  0
43  2  63344 121698544 2329336 48661800    0    0 250288 182844 281158 1574256 40 37 22  1  0  0
89  4  63344 121694516 2329336 48661812    0    0 298832 214652 276469 1564769 41 34 24  1  0  0
60  3  63344 121705836 2329336 48661840    0    0 425648 323600 301373 1628953 45 31 22  2  0  0
51 13  63344 121705692 2329336 48661844    0    0 300912 217800 279536 1567599 40 36 23  1  0  0
56  8  63344 121705236 2329336 48661864    0    0 341072 248720 292438 1607789 43 33 23  2  0  0
109  2  63344 121712268 2329336 48661892    0    0 409552 344704 302992 1627239 44 32 22  2  0  0
41  2  63344 121690432 2329336 48661920    0    0 205712 148084 272216 1521821 38 40 21  1  0  0
12  2  63344 121683016 2329336 48661936    0    0 159840 115676 262999 1498265 36 42 21  1  0  0
118 10  63344 121685836 2329336 48661952    0    0 182128 131224 267948 1520392 37 41 22  1  0  0
90  5  63344 121687468 2329336 48661964    0    0 202848 148012 266202 1523586 37 39 23  1  0  0
89  4  63344 121698252 2329336 48661992    0    0 230768 177876 269797 1540330 39 37 23  1  0  0
procs -----------memory---------- ---swap-- -----io---- -system-- -------cpu-------
 r  b   swpd   free   buff  cache   si   so    bi    bo   in   cs us sy id wa st gu
93  6  63344 121694668 2329336 48662024    0    0 286496 205128 274318 1568438 41 34 23  1  0  0
101  0  63344 121694432 2329336 48662040    0    0 331072 241872 281561 1589993 42 33 23  2  0  0
59  3  63344 121694808 2329336 48662052    0    0 338944 238816 283569 1586734 41 34 23  2  0  0
110  6  63344 121705824 2329336 48662080    0    0 322560 251652 280092 1591614 42 33 24  1  0  0
114  6  63344 121689008 2329336 48662172    0    0 300960 227852 282621 1582738 42 34 23  1  0  0
95  4  63344 121683240 2329336 48662188    0    0 189488 137352 271715 1516119 38 40 21  1  0  0
29  0  63344 121679032 2329336 48662188    0    0 187648 136324 269525 1511875 38 40 22  1  0  0
60  3  63344 121678960 2329336 48662216    0    0 252432 213588 279454 1543717 39 38 22  1  0  0
102  3  63344 121679164 2329336 48662240    0    0 323856 234520 292240 1590618 41 35 22  1  0  0
19  3  63344 121672768 2329336 48662260    0    0 304320 227152 285872 1587193 41 35 23  1  0  0
66  8  63344 121683924 2329336 48662284    0    0 332176 245220 284044 1595027 42 33 23  1  0  0
103  5  63344 121680516 2329336 48662300    0    0 305712 226096 281008 1582309 42 33 24  1  0  0
29  6  63344 121684776 2329336 48662316    0    0 371088 272000 301068 1611660 43 33 22  2  0  0
97  0  63344 121695000 2329336 48662340    0    0 190896 159584 278150 1529271 37 40 22  1  0  0
74  2  63344 121691524 2329336 48662348    0    0 224208 165544 281593 1551706 40 37 23  1  0  0
81  2  63344 121690392 2329336 48662372    0    0 392608 296460 303448 1611266 43 33 22  2  0  0
55  3  63344 121685836 2329336 48662384    0    0 169040 123864 266743 1502122 38 40 21  1  0  0
73  0  63344 121688924 2329336 48662408    0    0 169440 123184 267085 1497657 36 42 21  1  0  0
117  0  63344 121676944 2329336 48662428    0    0 168512 129200 262324 1505644 36 41 22  1  0  0
151  1  63344 121666748 2329336 48662452    0    0 184560 141072 267402 1513760 37 40 21  1  0  0
153  3  63344 121675588 2329344 48662472    0    0 227888 217656 275125 1534839 39 39 21  1  0  0
procs -----------memory---------- ---swap-- -----io---- -system-- -------cpu-------
 r  b   swpd   free   buff  cache   si   so    bi    bo   in   cs us sy id wa st gu
34  5  63344 121676012 2329344 48662488    0    0 260160 186484 274001 1550359 39 37 23  1  0  0
88 11  63344 121683408 2329344 48662508    0    0 357072 259404 289950 1604566 43 33 23  2  0  0
58  2  63344 121683920 2329344 48662516    0    0 308240 228396 280799 1578359 41 35 23  1  0  0
60  1  63344 121681036 2329344 48662536    0    0 163056 118096 269678 1506030 37 41 21  1  0  0
86  8  63344 121675460 2329344 48662556    0    0 165056 121148 272423 1512888 36 42 21  1  0  0
16  0  63344 121671588 2329344 48662584    0    0 161536 121984 271554 1517295 36 42 21  1  0  0
13  0  63344 121664780 2329344 48662604    0    0 163856 120380 270662 1519628 37 41 22  1  0  0
52 13  63344 121663728 2329344 48662612    0    0 167872 122268 269863 1518934 36 42 21  1  0  0
149  6  63344 121668960 2329344 48662632    0    0 176336 133780 272134 1529830 37 41 22  1  0  0
74 10  63344 121678576 2329344 48662660    0    0 194400 143680 273635 1542597 37 40 22  1  0  0
75  2  63344 121682124 2329344 48662664    0    0 187808 137648 272612 1532022 37 39 23  1  0  0
72  4  63344 121672056 2329344 48662696    0    0 212944 152272 273941 1547671 39 38 22  1  0  0
17  1  63344 121692556 2329344 48662716    0    0 368528 265460 294320 1622638 42 33 23  2  0  0
52  5  63344 121688840 2329344 48662720    0    0 291344 214856 287401 1589787 40 36 23  1  0  0
67  1  63344 121699212 2329348 48662752    0    0 341056 286416 292241 1607860 42 34 22  1  0  0
61  6  63344 121701008 2329348 48662760    0    0 338608 242396 285549 1584798 42 34 22  1  0  0
31  5  63344 121696392 2329348 48662788    0    0 363648 289396 288260 1590183 43 32 23  2  0  0
46  1  63344 121709388 2329348 48662808    0    0 326912 236756 286074 1576684 40 36 22  2  0  0
30  1  63344 121701592 2329348 48662816    0    0 169568 123648 267238 1505026 38 40 21  1  0  0
47  1  63344 121678972 2329352 48662840    0    0 165696 123236 262228 1505325 36 42 22  1  0  0
61  5  63344 121665916 2329352 48662864    0    0 163904 126920 264706 1505696 37 41 22  1  0  0
procs -----------memory---------- ---swap-- -----io---- -system-- -------cpu-------
 r  b   swpd   free   buff  cache   si   so    bi    bo   in   cs us sy id wa st gu
10  2  63344 121654532 2329352 48662872    0    0 158048 115216 261995 1503592 36 42 21  1  0  0
51 16  63344 121684248 2329352 48662900    0    0 164528 119376 261344 1505510 37 41 22  1  0  0
85  9  63344 121675920 2329352 48662920    0    0 191024 139404 262458 1525826 37 40 22  1  0  0
41 10  63344 121675912 2329352 48662940    0    0 232032 172048 269785 1535273 38 38 22  1  0  0
63  6  63344 121690388 2329352 48662956    0    0 443440 315116 293422 1625430 44 31 23  2  0  0
127  4  63344 121686752 2329352 48662976    0    0 175952 181076 272330 1520683 37 41 21  1  0  0
155  1  63344 121666960 2329352 48662984    0    0 166528 125356 277227 1502342 36 42 21  1  0  0
228  0  63344 121646156 2329352 48663012    0    0 160512 121532 265200 1504238 36 42 21  1  0  0
268  0  63344 121654780 2329352 48663032    0    0 161792 124664 262336 1503784 36 42 21  1  0  0
67  1  63344 121656684 2329352 48663056    0    0 151200 110104 259965 1493740 37 41 22  1  0  0
26  3  63344 121652616 2329352 48663076    0    0 152448 111744 257188 1502753 35 42 22  1  0  0
64  1  63344 121659080 2329352 48663092    0    0 162448 122548 258680 1509514 36 41 22  1  0  0
107  8  63344 121672032 2329352 48663116    0    0 188832 139568 260970 1517126 38 39 22  1  0  0
75 10  63344 121682264 2329352 48663124    0    0 384480 280632 287048 1624520 43 31 24  2  0  0
74 14  63344 121676512 2329352 48663140    0    0 389040 279852 288216 1618678 44 32 23  2  0  0
28  5  63344 121688072 2329352 48663160    0    0 306160 244572 273843 1578006 41 34 24  1  0  0
28  1  63344 121692452 2329352 48663172    0    0 391248 286120 283396 1604873 43 31 23  2  0  0
88  7  63344 121695456 2329352 48663200    0    0 399984 338280 292742 1620430 43 32 23  2  0  0
24  2  63344 121690860 2329352 48663216    0    0 344848 246156 289783 1604209 42 34 23  1  0  0
47  7  63344 121673800 2329352 48663244    0    0 334592 243192 285855 1609826 42 33 23  1  0  0
97  4  63344 121676716 2329352 48663260    0    0 273248 201816 270238 1579726 41 34 24  1  0  0
procs -----------memory---------- ---swap-- -----io---- -system-- -------cpu-------
 r  b   swpd   free   buff  cache   si   so    bi    bo   in   cs us sy id wa st gu
55 12  63344 121686948 2329352 48663276    0    0 257472 189044 265848 1558206 39 36 24  1  0  0
32  5  63344 121685692 2329352 48663304    0    0 382144 272812 287848 1627973 44 32 22  2  0  0
80  6  63344 121684060 2329352 48663376    0    0 238208 174516 263433 1539345 39 37 24  1  0  0
65  4  63344 121686844 2329352 48663404    0    0 306944 237424 274946 1582618 42 33 24  1  0  0
33  3  63344 121693168 2329352 48663416    0    0 314992 233920 281499 1585159 41 35 23  1  0  0
145  2  63344 121688084 2329352 48663448    0    0 327344 291920 294908 1594290 41 35 22  1  0  0
39  0  63344 121667184 2329352 48663464    0    0 227328 162192 267507 1526258 39 38 22  1  0  0
41  8  63344 121688296 2329352 48663484    0    0 294768 207212 273532 1560288 42 34 23  1  0  0
110  1  63344 121680012 2329352 48663508    0    0 274464 202108 281906 1561024 39 38 22  1  0  0
10  0  63344 121682400 2329352 48663520    0    0 169120 126320 271270 1515154 36 42 21  1  0  0
58  1  63344 121674560 2329352 48663540    0    0 161968 120860 267583 1511759 36 43 21  1  0  0
28  1  63344 121660940 2329352 48663552    0    0 157392 119204 265224 1507189 35 43 22  1  0  0
40 10  63344 121658112 2329352 48663572    0    0 156224 114768 264937 1508572 35 43 21  1  0  0
 7  0  63344 121655844 2329352 48663592    0    0 152432 111540 261237 1512192 36 42 22  1  0  0
97  2  63344 121655972 2329352 48663612    0    0 153984 97948 244071 1479007 34 43 22  1  0  0
111  0  63344 121658348 2329352 48663640    0    0 155200 98992 243963 1484576 35 42 23  1  0  0
74  2  63344 121659640 2329352 48663668    0    0 167408 104664 245451 1490194 35 42 23  1  0  0
61  6  63344 121660396 2329352 48663676    0    0 199216 141524 266632 1547531 37 39 23  1  0  0
76  7  63344 121672644 2329352 48663692    0    0 214560 160000 268999 1546944 39 37 23  1  0  0
105  7  63344 121679120 2329352 48663720    0    0 363200 261252 288581 1615906 43 32 24  2  0  0
55  2  63344 121698068 2329352 48663736    0    0 443888 392144 300411 1650131 44 32 22  2  0  0
procs -----------memory---------- ---swap-- -----io---- -system-- -------cpu-------
 r  b   swpd   free   buff  cache   si   so    bi    bo   in   cs us sy id wa st gu
113  3  63344 121673744 2329352 48663760    0    0 364032 264796 281401 1602457 43 32 23  2  0  0
101 11  63344 121671784 2329352 48663776    0    0 261824 192988 265829 1555682 40 35 24  1  0  0
52  4  63344 121682548 2329352 48663796    0    0 366240 262692 289642 1611799 43 33 23  2  0  0
61  0  63344 121670692 2329352 48663820    0    0 272704 198380 282948 1577692 40 36 23  1  0  0
24  7  63344 121672452 2329352 48663832    0    0 361680 260396 292963 1618727 43 33 23  2  0  0
37  6  63344 121673252 2329352 48663844    0    0 327472 243636 290485 1599311 42 34 22  1  0  0
107  2  63344 121667400 2329352 48663868    0    0 213152 155992 278020 1540304 39 38 23  1  0  0
77  4  63344 121675168 2329352 48663884    0    0 204448 149832 271191 1531391 37 40 22  1  0  0
25  0  63344 121666516 2329352 48663908    0    0 191776 191036 266078 1504941 38 40 22  1  0  0
41  1  63344 121660232 2329352 48663928    0    0 167152 120048 260798 1490765 36 42 21  1  0  0
297  0  63344 121661348 2329352 48663944    0    0 168144 122796 263266 1494935 36 42 21  1  0  0
53  1  63344 121658400 2329352 48663968    0    0 164624 120644 260263 1489844 36 42 21  1  0  0
175  2  63344 121666748 2329352 48663984    0    0 167840 119508 259318 1508897 36 42 22  1  0  0
32 13  63344 121659520 2329352 48663996    0    0 190144 141224 261897 1515447 37 40 22  1  0  0
39 10  63344 121667000 2329352 48664020    0    0 280320 209472 271956 1564295 40 36 23  1  0  0
51 16  63344 121674076 2329352 48664036    0    0 512144 423580 303073 1605423 44 30 21  5  0  0
107  3  63344 121683276 2329352 48664060    0    0 428720 303856 293529 1648697 44 31 23  2  0  0
54  1  63344 121676432 2329352 48664080    0    0 309920 230684 274213 1606070 42 32 25  1  0  0
80  0  63344 121665564 2329352 48664100    0    0 239632 180148 264473 1572163 40 35 24  1  0  0
61  2  63344 121680308 2329352 48664120    0    0 204912 147808 265026 1537122 37 40 22  1  0  0
70  5  63344 121676624 2329352 48664136    0    0 197024 142592 263891 1539032 38 39 23  1  0  0
procs -----------memory---------- ---swap-- -----io---- -system-- -------cpu-------
 r  b   swpd   free   buff  cache   si   so    bi    bo   in   cs us sy id wa st gu
25  4  63344 121676092 2329352 48664148    0    0 205696 152920 266035 1552109 39 38 23  1  0  0
105  0  63344 121674460 2329352 48664172    0    0 200912 146448 261493 1531090 37 38 23  1  0  0
129  3  63344 121674284 2329352 48664192    0    0 277008 199180 271538 1577771 40 35 24  1  0  0
56  3  63344 121671376 2329352 48664208    0    0 358240 266096 287438 1637341 43 31 25  2  0  0
105  2  63344 121664328 2329352 48664228    0    0 171840 125544 272145 1541093 36 41 22  1  0  0
33  7  63344 121658464 2329356 48664248    0    0 164720 122900 271393 1530777 37 41 22  1  0  0
296  0  63344 121644860 2329356 48664272    0    0 161856 123304 269530 1531914 36 42 22  1  0  0
106  2  63344 121645240 2329356 48664300    0    0 153744 118988 267338 1524428 36 41 22  1  0  0
73  2  63344 121650196 2329356 48664308    0    0 171536 176680 275641 1538976 36 41 22  1  0  0
 9  0  63344 121648528 2329356 48664328    0    0 163072 115868 264826 1515130 36 42 22  1  0  0
83  0  63344 121662168 2329356 48664348    0    0 161472 120552 268176 1526865 37 41 22  1  0  0
83  4  63344 121653488 2329356 48664368    0    0 159632 122632 263950 1529599 36 40 23  1  0  0
69  4  63344 121649184 2329356 48664388    0    0 152752 113008 265458 1528678 36 41 22  1  0  0
82  1  63344 121637008 2329356 48664416    0    0 157728 105244 261752 1513849 35 42 22  1  0  0
248  1  63344 121640468 2329356 48664432    0    0 160480 108472 238040 1488016 35 41 23  1  0  0
69  3  63344 121650808 2329356 48664456    0    0 186304 121852 241705 1512916 37 39 24  1  0  0
66  5  63344 121662180 2329356 48664472    0    0 420112 375104 291863 1643997 45 30 23  2  0  0
36  0  63344 121686628 2329356 48664488    0    0 447104 317848 294278 1659646 45 29 23  2  0  0
98  0  63344 121667180 2329356 48664576    0    0 328800 238172 277079 1605469 42 32 24  2  0  0
114  0  63344 121651896 2329356 48664600    0    0 216608 160276 260566 1554230 39 36 24  1  0  0
51  4  63344 121660336 2329356 48664612    0    0 319504 233816 277948 1600681 42 33 24  1  0  0
procs -----------memory---------- ---swap-- -----io---- -system-- -------cpu-------
 r  b   swpd   free   buff  cache   si   so    bi    bo   in   cs us sy id wa st gu
116  2  63344 121665596 2329356 48664632    0    0 268336 250504 280278 1572423 40 36 23  1  0  0
28  1  63344 121651248 2329356 48664652    0    0 174384 127760 265126 1513694 37 41 22  1  0  0
75  3  63344 121646516 2329356 48664676    0    0 167264 120028 261118 1506816 37 41 22  1  0  0
63  3  63344 121661532 2329356 48664688    0    0 200208 144424 265646 1537755 38 39 23  1  0  0
93  5  63344 121658760 2329356 48664700    0    0 333440 236948 281814 1599313 42 33 23  1  0  0
71  6  63344 121684400 2329356 48664720    0    0 476544 357600 302542 1665973 45 29 23  2  0  0
73  3  63344 121658936 2329356 48664740    0    0 268976 196380 275497 1576370 41 35 23  1  0  0
57  5  63344 121660280 2329356 48664764    0    0 296176 214236 274352 1594653 42 33 24  1  0  0
90  2  63344 121663384 2329356 48664784    0    0 331424 252320 284656 1607859 42 32 24  1  0  0
123  5  63344 121660876 2329356 48664800    0    0 338864 302620 288380 1606435 42 34 22  1  0  0
26  6  63344 121664076 2329356 48664816    0    0 317344 229600 286104 1598153 42 33 24  1  0  0
67  3  63344 121669068 2329356 48664836    0    0 353840 259528 290155 1619836 43 32 23  2  0  0
56  0  63344 121658892 2329356 48664848    0    0 276944 207576 272789 1585529 41 33 25  1  0  0
137  4  63344 121667884 2329356 48664868    0    0 302288 218660 283044 1575041 41 35 23  1  0  0
32  1  63344 121666840 2329356 48664888    0    0 310480 243988 282490 1587253 41 34 23  1  0  0
69  2  63344 121653896 2329356 48664904    0    0 194656 142088 264804 1528398 38 38 23  1  0  0
176  0  63344 121652600 2329356 48664928    0    0 211216 152936 266303 1536599 39 37 23  1  0  0
78  5  63344 121658196 2329356 48664948    0    0 268832 193248 271054 1564644 40 34 24  1  0  0
12  1  63344 121658116 2329356 48664976    0    0 303072 222908 276186 1594206 42 32 25  1  0  0
30  1  63344 121668536 2329356 48664992    0    0 269168 197760 276057 1574275 40 35 23  1  0  0
112  1  63344 121662036 2329356 48665004    0    0 245488 176132 274373 1559694 39 37 23  1  0  0
procs -----------memory---------- ---swap-- -----io---- -system-- -------cpu-------
 r  b   swpd   free   buff  cache   si   so    bi    bo   in   cs us sy id wa st gu
114  8  63344 121656820 2329356 48665024    0    0 273184 253340 283138 1568010 40 36 22  1  0  0
42  1  63344 121639724 2329356 48665044    0    0 174656 132768 265538 1523376 37 40 22  1  0  0
61  3  63344 121647076 2329356 48665064    0    0 162624 119776 261049 1511760 35 42 22  1  0  0
53  0  63344 121650304 2329356 48665080    0    0 171328 125376 260427 1518015 37 41 22  1  0  0
50  1  63344 121650396 2329356 48665108    0    0 177008 132500 262334 1513495 37 40 22  1  0  0
59  3  63344 121655500 2329356 48665124    0    0 205968 147692 264080 1534739 38 38 23  1  0  0
162 14  63344 121661920 2329356 48665144    0    0 241136 173684 267971 1558886 40 36 23  1  0  0
45  6  63344 121666256 2329356 48665156    0    0 364416 266064 286406 1635669 43 31 24  2  0  0
70 14  63344 121662764 2329356 48665180    0    0 335664 251044 294269 1617984 42 34 23  1  0  0
51  1  63344 121666804 2329356 48665200    0    0 323952 239268 281851 1602485 42 33 23  1  0  0
95  0  63344 121662224 2329356 48665220    0    0 340496 255836 285173 1587163 42 34 22  2  0  0
72  8  63344 121662628 2329356 48665240    0    0 318064 275716 286139 1586308 42 35 22  1  0  0
64  5  63344 121648404 2329356 48665260    0    0 240688 180924 272025 1557693 39 37 23  1  0  0
48  5  63344 121664892 2329356 48665276    0    0 266192 190108 273068 1561796 40 35 23  1  0  0
74  2  63344 121664444 2329356 48665296    0    0 267680 196336 272105 1575777 41 34 24  1  0  0
44 11  63344 121663208 2329356 48665312    0    0 305840 223856 284745 1606037 42 33 24  1  0  0
58  0  63344 121658560 2329356 48665324    0    0 259424 194280 282189 1580040 40 36 23  1  0  0
49  7  63344 121658084 2329356 48665348    0    0 320992 229568 290851 1599564 41 35 22  1  0  0
87  4  63344 121663484 2329356 48665372    0    0 311664 226296 281158 1590697 41 34 24  1  0  0
91  1  63344 121651560 2329356 48665388    0    0 224352 167184 267434 1555311 39 37 23  1  0  0
24  0  63344 121648040 2329356 48665408    0    0 190208 136848 260017 1524858 37 39 23  1  0  0
procs -----------memory---------- ---swap-- -----io---- -system-- -------cpu-------
 r  b   swpd   free   buff  cache   si   so    bi    bo   in   cs us sy id wa st gu
70  4  63344 121645304 2329356 48665424    0    0 245840 181248 266134 1560357 40 35 24  1  0  0
144  1  63344 121669720 2329356 48665456    0    0 446528 366288 303962 1642903 45 31 22  2  0  0
110 10  63344 121665388 2329356 48665476    0    0 367968 287404 299884 1628476 43 32 23  2  0  0
39  2  63344 121658336 2329356 48665488    0    0 289840 210452 288311 1608482 42 34 23  1  0  0
74  4  63344 121660860 2329356 48665508    0    0 227632 167068 274657 1561438 39 37 23  1  0  0
106  2  63344 121633948 2329356 48665524    0    0 234352 175080 275489 1571767 40 34 24  1  0  0
42  2  63344 121648364 2329356 48665560    0    0 161616 119344 266154 1536322 37 39 23  1  0  0
154  2  63344 121646708 2329356 48665580    0    0 160832 120308 264488 1529257 37 39 23  1  0  0
78  3  63344 121649516 2329356 48665596    0    0 213104 156668 275448 1554730 38 38 23  1  0  0
59  4  63344 121659608 2329356 48665612    0    0 372320 267348 295442 1621185 43 32 23  2  0  0
100  4  63344 121664440 2329356 48665684    0    0 377232 270016 288364 1615925 44 30 24  2  0  0
74  9  63344 121672832 2329356 48665696    0    0 290928 215388 280730 1590336 41 34 23  1  0  0
134  2  63344 121663424 2329356 48665712    0    0 304448 232256 291085 1593674 41 35 22  1  0  0
68  8  63344 121650068 2329356 48665732    0    0 208928 195428 280279 1546947 38 39 22  1  0  0
101 10  63344 121658760 2329356 48665752    0    0 226128 161744 279040 1553871 39 37 23  1  0  0
142  0  63344 121652328 2329356 48665784    0    0 197184 149620 275004 1549166 37 39 23  1  0  0
10  0  63344 121651816 2329356 48665852    0    0 149904 113336 266528 1516864 36 41 22  1  0  0
39  0  63344 121640148 2329356 48665876    0    0 154944 112976 266752 1521532 36 41 22  1  0  0
11  0  63344 121626252 2329356 48665896    0    0 149888 114696 263885 1520899 37 39 23  1  0  0
69  3  63344 121629524 2329356 48665912    0    0 150304 110996 266004 1532354 36 40 23  1  0  0
17  0  63344 121639852 2329356 48665928    0    0 171264 110192 249741 1515874 37 39 23  1  0  0
procs -----------memory---------- ---swap-- -----io---- -system-- -------cpu-------
 r  b   swpd   free   buff  cache   si   so    bi    bo   in   cs us sy id wa st gu
26 15  63344 121643336 2329356 48665944    0    0 207584 144348 260517 1547453 38 37 24  1  0  0
139  1  63344 121662188 2329356 48665968    0    0 362688 278360 289919 1622455 43 32 24  2  0  0
37  3  63344 121669432 2329356 48665984    0    0 322352 230624 278478 1590588 42 33 24  1  0  0
24  4  63344 121649764 2329356 48666008    0    0 215536 158932 264172 1551389 39 37 24  1  0  0
120  1  63344 121654820 2329356 48666024    0    0 221264 161580 261698 1545165 39 36 24  1  0  0
42  7  63344 121666352 2329356 48666040    0    0 330720 247492 282328 1600993 42 33 23  1  0  0
33  0  63344 121666240 2329356 48666060    0    0 318800 266536 295591 1609944 41 34 23  1  0  0
32  3  63344 121657280 2329356 48666076    0    0 271040 194944 287985 1582460 40 36 22  1  0  0
31 12  63344 121656604 2329356 48666096    0    0 266976 213628 287117 1582100 41 36 22  1  0  0
65  5  63344 121654044 2329356 48666116    0    0 381296 272008 297796 1620339 43 31 24  2  0  0
70  2  63344 121655076 2329356 48666132    0    0 311280 229600 294093 1589556 40 37 22  1  0  0
85  8  63344 121640912 2329356 48666148    0    0 164464 119900 272346 1525810 37 41 22  1  0  0
232  0  63344 121637848 2329356 48666172    0    0 164864 123860 271625 1529250 37 41 22  1  0  0
131  4  63344 121651936 2329356 48666192    0    0 169200 124820 272240 1529688 37 41 22  1  0  0
60  2  63344 121652440 2329356 48666208    0    0 152368 112240 267644 1530943 36 41 22  1  0  0
55  1  63344 121651200 2329356 48666220    0    0 161824 117108 269669 1535335 36 41 22  1  0  0
44  1  63344 121628676 2329356 48666244    0    0 160304 119424 266336 1530190 37 41 22  1  0  0
154  3  63344 121620976 2329356 48666268    0    0 157312 94604 246352 1502280 35 42 23  1  0  0
62  3  63344 121647924 2329356 48666292    0    0 160544 105544 247056 1504762 34 43 23  1  0  0
95  0  63344 121651752 2329356 48666312    0    0 181968 124816 261792 1533451 37 40 23  1  0  0
28  3  63344 121656784 2329356 48666328    0    0 226976 186156 266775 1568619 39 36 23  1  0  0
procs -----------memory---------- ---swap-- -----io---- -system-- -------cpu-------
 r  b   swpd   free   buff  cache   si   so    bi    bo   in   cs us sy id wa st gu
87  1  63344 121656648 2329356 48666352    0    0 264656 192384 267017 1573553 41 34 24  1  0  0
26  9  63344 121663084 2329356 48666376    0    0 377904 333360 289447 1630678 43 32 23  2  0  0
10  1  63344 121666672 2329356 48666380    0    0 188496 140344 269537 1539790 37 40 22  1  0  0
28  0  63344 121641668 2329356 48666404    0    0 191440 140384 262521 1528047 37 40 22  1  0  0
105  3  63344 121664708 2329356 48666420    0    0 438464 309372 292277 1645016 45 31 23  2  0  0
43  3  63344 121673928 2329356 48666448    0    0 426960 304116 293788 1656041 44 31 23  2  0  0
100  0  63344 121670416 2329356 48666464    0    0 260352 196104 283583 1584319 39 37 23  1  0  0
91  2  63344 121655612 2329356 48666484    0    0 221344 158648 275983 1559293 39 38 22  1  0  0
47 12  63344 121656008 2329356 48666508    0    0 315312 273048 288448 1605811 42 34 23  1  0  0
46  5  63344 121651444 2329356 48666528    0    0 344784 266488 284227 1610721 42 33 23  2  0  0
63 14  63344 121661536 2329356 48666548    0    0 297696 213208 275293 1596320 41 34 24  1  0  0
61  0  63344 121659332 2329356 48666560    0    0 377216 274276 285741 1627056 44 31 24  2  0  0
60  4  63344 121652604 2329356 48666580    0    0 286992 204460 278028 1574138 40 36 23  1  0  0
39  3  63344 121652264 2329356 48666604    0    0 258992 190696 274553 1569005 40 36 23  1  0  0
17  1  63344 121641304 2329356 48666624    0    0 188448 140852 269895 1541829 38 39 23  1  0  0
42  2  63344 121654672 2329356 48666640    0    0 235232 175476 275821 1565751 40 36 23  1  0  0
89  8  63344 121644660 2329356 48666664    0    0 317296 227472 285581 1617256 42 33 24  1  0  0
104  3  63344 121654396 2329356 48666680    0    0 327568 239084 286444 1597358 42 33 23  1  0  0
131  4  63344 121660988 2329356 48666696    0    0 333792 297120 289486 1608830 42 33 23  1  0  0
42  3  63344 121649628 2329356 48666704    0    0 340912 241848 281881 1609712 42 32 24  2  0  0
83  1  63344 121658292 2329356 48666724    0    0 235568 169000 267948 1552715 39 37 23  1  0  0
procs -----------memory---------- ---swap-- -----io---- -system-- -------cpu-------
 r  b   swpd   free   buff  cache   si   so    bi    bo   in   cs us sy id wa st gu
41  3  63344 121652056 2329356 48666748    0    0 220320 160492 263716 1547836 40 36 24  1  0  0
71 11  63344 121658632 2329356 48666764    0    0 277344 224960 272401 1577029 41 33 24  1  0  0
12  2  63344 121649416 2329356 48666788    0    0 272032 200696 277107 1555805 40 37 23  1  0  0
143  1  63344 121636032 2329356 48666800    0    0 281472 207268 279645 1571843 40 35 23  1  0  0
93  3  63344 121650916 2329356 48666820    0    0 285552 209112 286009 1594578 41 34 24  1  0  0
34  4  63344 121650072 2329356 48666848    0    0 208720 155596 276156 1560608 39 38 23  1  0  0
81  3  63344 121653812 2329356 48666856    0    0 210080 152152 274015 1563064 39 36 23  1  0  0
85  4  63344 121652436 2329356 48666876    0    0 260480 197496 277370 1579243 41 34 24  1  0  0
122  7  63344 121649416 2329356 48666900    0    0 230448 165488 276984 1549788 39 38 22  1  0  0
22  2  63344 121646084 2329356 48666932    0    0 226768 160948 271160 1533628 38 38 22  1  0  0
140  0  63344 121646384 2329356 48666956    0    0 234496 224288 276997 1543423 40 37 22  1  0  0
93  7  63344 121644988 2329356 48666980    0    0 260656 191136 275959 1548866 40 36 23  1  0  0
48  3  63344 121668432 2329356 48667076    0    0 434016 312560 298191 1636989 45 30 23  2  0  0
131  2  63344 121617300 2329356 48667116    0    0 325488 237992 287266 1607299 43 31 24  2  0  0
84  0  63344 121558664 2329356 48667124    0    0 158288 115564 280650 1527882 36 42 22  1  0  0
124  0  63344 121564000 2329356 48667140    0    0 167248 122312 276333 1528920 37 41 22  1  0  0
65  0  63344 121477808 2329356 48667160    0    0 163920 117668 271657 1530203 36 41 22  1  0  0
39  1  63344 121486548 2329360 48667180    0    0 160960 120220 266355 1531342 36 41 22  1  0  0
104  2  63344 121529004 2329360 48667196    0    0 159632 120160 264125 1534351 37 40 22  1  0  0
117  1  63344 121527348 2329360 48667216    0    0 152800 113284 264886 1530567 36 41 22  1  0  0
30  2  63344 121512388 2329360 48667228    0    0 151344 112232 264506 1532412 37 40 22  1  0  0
procs -----------memory---------- ---swap-- -----io---- -system-- -------cpu-------
 r  b   swpd   free   buff  cache   si   so    bi    bo   in   cs us sy id wa st gu
329  0  63344 121520184 2329360 48667260    0    0 156000 117020 262830 1532395 35 42 22  1  0  0
41  3  63344 121554476 2329364 48667272    0    0 163136 101236 245842 1513601 35 41 23  1  0  0
38  0  63344 121549632 2329364 48667284    0    0 189696 140304 263726 1554510 38 38 23  1  0  0
45  6  63344 121538672 2329364 48667308    0    0 290240 228136 276303 1614276 41 33 25  2  0  0
13  0  63344 121544400 2329364 48667332    0    0 474976 380164 298516 1669058 46 29 22  3  0  0
120  5  63344 121538580 2329364 48667352    0    0 434560 314780 288809 1651076 45 29 24  2  0  0
108  5  63344 121548240 2329364 48667368    0    0 302080 265624 286066 1604381 42 34 23  1  0  0
58  3  63344 121550108 2329364 48667388    0    0 337568 243748 288668 1619739 42 33 23  1  0  0
60  2  63344 121550136 2329364 48667404    0    0 287024 210232 273927 1587876 40 34 24  1  0  0
124  3  63344 121555868 2329364 48667420    0    0 288224 210276 272039 1594248 41 33 24  1  0  0
52  7  63344 121556644 2329364 48667440    0    0 328992 257808 278076 1624893 42 32 24  2  0  0
20  1  63344 121564616 2329364 48667456    0    0 261952 189660 281618 1571750 40 37 23  1  0  0
62  5  63344 121558960 2329364 48667472    0    0 285136 208324 284392 1589548 41 35 23  1  0  0
74  2  63344 121566760 2329364 48667488    0    0 293664 213848 283501 1608884 41 34 24  1  0  0
77  2  63344 121578260 2329364 48667512    0    0 380944 275888 293872 1647083 43 31 24  2  0  0
147  0  63344 121572252 2329364 48667536    0    0 171344 127368 272868 1535808 36 41 22  1  0  0
87  1  63344 121576004 2329364 48667560    0    0 175856 128408 271404 1531326 37 40 22  1  0  0
76  6  63344 121581760 2329364 48667568    0    0 176176 184796 275866 1537809 37 40 22  1  0  0
109  2  63344 121584672 2329364 48667596    0    0 186768 138476 275542 1550005 37 40 22  1  0  0
36 12  63344 121593116 2329364 48667608    0    0 216608 156616 275822 1554508 39 38 23  1  0  0
63  0  63344 121579100 2329364 48667636    0    0 218208 165344 277702 1556859 39 38 22  1  0  0
procs -----------memory---------- ---swap-- -----io---- -system-- -------cpu-------
 r  b   swpd   free   buff  cache   si   so    bi    bo   in   cs us sy id wa st gu
74  2  63344 121569956 2329364 48667660    0    0 236320 169388 277546 1562512 39 36 23  1  0  0
94  4  63344 121575012 2329364 48667676    0    0 400096 287820 298697 1648018 44 31 24  2  0  0
132  0  63344 121582980 2329364 48667700    0    0 317360 232944 290298 1613503 42 33 24  1  0  0
74  0  63344 121593276 2329364 48667716    0    0 187152 135112 270609 1533684 38 40 22  1  0  0
67  7  63344 121574896 2329364 48667736    0    0 183600 140980 266553 1523132 38 40 22  1  0  0
89  0  63344 121571832 2329364 48667752    0    0 159680 117644 264834 1520300 36 41 22  1  0  0
135  0  63344 121558008 2329364 48667764    0    0 161648 121904 262463 1516725 36 41 22  1  0  0
95  1  63344 121574164 2329364 48667788    0    0 158176 116480 259010 1511581 37 40 22  1  0  0
82  1  63344 121585828 2329364 48667800    0    0 155312 112760 257630 1510696 36 41 22  1  0  0
126  1  63344 121586096 2329364 48667824    0    0 146704 109168 256549 1507493 36 41 22  1  0  0
108  0  63344 121597624 2329368 48667832    0    0 164784 110208 245518 1498844 35 41 23  1  0  0
49  7  63344 121585724 2329368 48667860    0    0 202656 148904 261478 1533732 38 38 24  1  0  0
10  0  63344 121586784 2329368 48667872    0    0 369232 280396 286171 1612621 43 33 23  2  0  0
92  2  63344 121595280 2329368 48667896    0    0 326288 246060 284623 1605973 41 35 23  1  0  0
87 11  63344 121596476 2329368 48667908    0    0 308320 222872 284173 1602546 41 36 22  1  0  0
72  6  63344 121587284 2329368 48667924    0    0 314272 265992 284909 1600984 41 35 22  1  0  0
65  6  63344 121595356 2329368 48667952    0    0 263616 191376 274542 1559762 39 37 23  1  0  0
66  8  63344 121594332 2329368 48667972    0    0 293536 212884 277732 1587433 41 34 23  1  0  0
45  4  63344 121611044 2329368 48667988    0    0 273584 200824 270503 1570211 40 34 24  1  0  0
89  3  63344 121605352 2329368 48668016    0    0 395792 286316 293529 1629846 43 33 22  2  0  0
60  5  63344 121607204 2329368 48668040    0    0 276240 197096 276339 1566126 40 36 23  1  0  0
procs -----------memory---------- ---swap-- -----io---- -system-- -------cpu-------
 r  b   swpd   free   buff  cache   si   so    bi    bo   in   cs us sy id wa st gu
78  9  63344 121595816 2329368 48668060    0    0 203296 155232 267261 1544571 38 38 23  1  0  0
23  0  63344 121591812 2329368 48668072    0    0 153632 114356 260813 1515784 37 41 22  1  0  0
21  1  63344 121591280 2329368 48668084    0    0 152800 113932 256658 1512638 37 40 22  1  0  0
31  0  63344 121592536 2329368 48668104    0    0 164112 122284 257196 1518863 37 40 23  1  0  0
106  3  63344 121588464 2329368 48668128    0    0 189488 154956 259118 1529425 38 38 23  1  0  0
46  2  63344 121596448 2329368 48668144    0    0 243104 177136 266231 1553645 40 36 24  1  0  0
130  6  63344 121597012 2329368 48668160    0    0 251424 192400 270156 1568915 39 36 23  1  0  0
12  0  63344 121593024 2329368 48668180    0    0 175552 132396 271135 1530453 37 40 22  1  0  0
59  1  63344 121601784 2329368 48668208    0    0 161616 120176 269537 1528505 37 41 22  1  0  0
153  2  63344 121603436 2329368 48668240    0    0 158064 120140 268221 1521669 36 41 22  1  0  0
19  0  63344 121612608 2329368 48668308    0    0 159856 110160 252475 1496953 36 41 22  1  0  0
56  1  63344 121622120 2329368 48668324    0    0 160544 109856 250764 1499360 36 42 22  1  0  0
99  4  63344 121595804 2329368 48668344    0    0 151312 96580 240218 1479952 34 43 22  1  0  0
86 10  63344 121585916 2329368 48668368    0    0 180576 178552 247818 1503190 36 41 23  1  0  0
34  0  63344 121582236 2329372 48668384    0    0 180672 125660 262006 1526213 37 40 22  1  0  0
30  4  63344 121615240 2329372 48668408    0    0 276512 197508 274066 1571479 40 36 22  1  0  0
69  2  63344 121619252 2329372 48668428    0    0 428288 310576 289950 1640323 44 30 23  2  0  0
59  2  63344 121657216 2329372 48668452    0    0 531424 384536 308051 1696273 47 27 23  3  0  0
97  0  63344 121640348 2329372 48668460    0    0 364976 268312 285145 1632771 43 32 23  2  0  0
119  0  63344 121611164 2329372 48668484    0    0 248000 181996 272576 1556631 40 38 22  1  0  0
82  1  63344 121617624 2329372 48668504    0    0 270816 213288 275247 1577637 40 37 23  1  0  0
procs -----------memory---------- ---swap-- -----io---- -system-- -------cpu-------
 r  b   swpd   free   buff  cache   si   so    bi    bo   in   cs us sy id wa st gu
63  2  63344 121614604 2329372 48668516    0    0 214272 162672 264618 1538395 39 37 23  1  0  0
38 12  63344 121615508 2329372 48668536    0    0 287424 258784 279111 1582330 41 35 23  1  0  0
51  9  63344 121634288 2329372 48668564    0    0 434832 313252 295010 1640665 45 30 23  2  0  0
35  1  63344 121640932 2329372 48668584    0    0 334896 241892 287450 1604237 42 34 22  1  0  0
74  5  63344 121603928 2329372 48668600    0    0 344480 249272 286053 1598272 42 33 23  2  0  0
38  2  63344 121597004 2329372 48668612    0    0 348432 252756 283886 1624446 43 31 24  2  0  0
21  1  63344 121588400 2329372 48668632    0    0 285824 215516 280022 1578982 41 36 22  1  0  0
37  0  63344 121582124 2329372 48668652    0    0 222384 164268 272432 1544570 38 38 23  1  0  0
14  1  63344 121585588 2329372 48668672    0    0 161520 121780 260689 1510376 37 40 22  1  0  0
85 12  63344 121574232 2329372 48668696    0    0 164080 121440 259671 1513104 37 40 23  1  0  0
91  0  63344 121595884 2329372 48668712    0    0 159696 140816 264837 1510818 36 42 22  1  0  0
27  3  63344 121600568 2329372 48668736    0    0 180592 137688 264824 1517657 37 40 22  1  0  0
76  3  63344 121592672 2329372 48668756    0    0 219232 178928 270252 1535300 39 38 22  1  0  0
36  2  63344 121600804 2329372 48668772    0    0 334256 259256 286127 1614955 42 34 23  1  0  0
17  5  63344 121618416 2329372 48668784    0    0 440544 319108 298047 1660172 45 30 23  2  0  0
38  2  63344 121618672 2329372 48668808    0    0 319072 233556 279464 1590839 42 34 23  1  0  0
62  1  63344 121624004 2329372 48668832    0    0 315632 232664 281800 1597538 42 33 23  1  0  0
23  3  63344 121611412 2329372 48668848    0    0 272352 204400 274276 1580125 41 34 24  1  0  0
58  0  63344 121593928 2329372 48668868    0    0 272832 198260 270494 1576227 41 33 24  1  0  0
92 13  63344 121602440 2329372 48668900    0    0 366832 278044 297304 1632867 43 31 24  2  0  0
124  1  63344 121606260 2329372 48668924    0    0 242144 226172 285639 1564989 39 38 22  1  0  0
procs -----------memory---------- ---swap-- -----io---- -system-- -------cpu-------
 r  b   swpd   free   buff  cache   si   so    bi    bo   in   cs us sy id wa st gu
40  7  63344 121615716 2329372 48668940    0    0 289648 211812 291987 1598533 41 35 23  1  0  0
22  6  63344 121614696 2329372 48668948    0    0 224080 163940 276474 1548424 39 37 23  1  0  0
21  3  63344 121590112 2329372 48668964    0    0 237952 177320 271089 1548632 40 36 23  1  0  0
92  2  63344 121602872 2329372 48668992    0    0 254352 209000 272291 1569622 41 34 24  1  0  0
58 10  63344 121607128 2329372 48669008    0    0 233888 170100 266693 1552912 39 35 24  1  0  0
160  0  63344 121608864 2329372 48669028    0    0 303696 225236 281124 1590495 42 33 24  1  0  0
70  8  63344 121610276 2329372 48669044    0    0 394624 287884 297037 1626839 45 31 23  2  0  0
92  0  63344 121616872 2329372 48669064    0    0 408816 296780 296752 1621254 43 32 22  2  0  0
11  1  63344 121605580 2329372 48669088    0    0 171920 125972 262244 1517022 37 41 22  1  0  0
94  2  63344 121622260 2329372 48669100    0    0 166352 121232 261469 1530895 37 40 22  1  0  0
59  2  63344 121620992 2329372 48669116    0    0 175168 178600 264471 1526143 37 41 22  1  0  0
52  3  63344 121608624 2329372 48669132    0    0 167520 125500 270323 1535854 36 42 22  1  0  0
41  1  63344 121594148 2329372 48669156    0    0 167600 125976 261341 1525773 36 41 22  1  0  0
104  0  63344 121602964 2329372 48669176    0    0 166496 124448 261487 1522851 37 41 22  1  0  0
19  5  63344 121586152 2329372 48669196    0    0 156880 119548 256770 1519006 37 41 22  1  0  0
65  9  63344 121598000 2329372 48669216    0    0 171248 123040 256975 1521120 36 41 22  1  0  0
140  2  63344 121602428 2329372 48669232    0    0 185120 132956 258874 1528643 37 39 23  1  0  0
25  4  63344 121615844 2329372 48669248    0    0 301440 216524 272154 1601293 41 34 23  1  0  0
63 10  63344 121621188 2329372 48669268    0    0 370416 265036 286622 1625812 42 34 22  2  0  0
47  0  63344 121610104 2329372 48669288    0    0 207024 154948 274873 1566088 38 38 22  1  0  0
52  5  63344 121590700 2329372 48669304    0    0 166336 126312 269884 1537899 37 41 22  1  0  0
procs -----------memory---------- ---swap-- -----io---- -system-- -------cpu-------
 r  b   swpd   free   buff  cache   si   so    bi    bo   in   cs us sy id wa st gu
110  8  63344 121594620 2329372 48669324    0    0 175232 132176 269276 1540967 38 40 22  1  0  0
50  8  63344 121588560 2329372 48669348    0    0 161104 120712 268410 1532615 36 41 22  1  0  0
73  5  63344 121573560 2329372 48669368    0    0 155456 117592 266484 1533614 37 40 22  1  0  0
79  5  63344 121611440 2329372 48669388    0    0 171136 123956 268009 1531161 37 41 22  1  0  0
52  3  63344 121609120 2329372 48669404    0    0 174656 150048 267242 1550533 36 41 23  1  0  0
96  1  63344 121616528 2329372 48669416    0    0 222256 160716 269390 1580528 39 36 24  1  0  0
58 14  63344 121625216 2329372 48669440    0    0 444672 375796 299804 1680794 45 30 23  2  0  0
26  7  63344 121629676 2329372 48669528    0    0 351008 253808 280758 1637956 42 33 23  2  0  0
133  0  63344 121611636 2329372 48669556    0    0 242064 178276 265411 1573209 40 36 23  1  0  0
68  4  63344 121602428 2329372 48669576    0    0 315856 228628 272891 1605892 41 34 24  1  0  0
32  3  63344 121600664 2329372 48669592    0    0 358864 263976 275614 1635437 43 31 24  2  0  0
57  6  63344 121605064 2329372 48669612    0    0 246016 178332 263052 1569851 39 36 24  1  0  0
109  5  63344 121631392 2329372 48669628    0    0 476208 347960 302211 1687407 46 29 23  2  0  0
11  1  63344 121632256 2329372 48669644    0    0 365552 284580 284627 1642902 43 32 24  2  0  0
116  2  63344 121623924 2329372 48669660    0    0 278848 204720 273639 1585779 40 36 23  1  0  0
129  9  63344 121619428 2329372 48669680    0    0 352608 309160 283659 1621948 42 34 23  2  0  0
80  3  63344 121633352 2329372 48669700    0    0 423744 308700 290375 1654104 45 30 23  2  0  0
135  0  63344 121616376 2329372 48669716    0    0 261824 197720 267741 1580015 40 35 24  1  0  0
 9  3  63344 121605972 2329372 48669740    0    0 298608 219460 274122 1588959 41 35 23  1  0  0
214  0  63344 121595884 2329372 48669764    0    0 206496 147888 267594 1543981 38 39 22  1  0  0
67  4  63344 121577128 2329372 48669784    0    0 188544 139512 264583 1525725 38 40 22  1  0  0
procs -----------memory---------- ---swap-- -----io---- -system-- -------cpu-------
 r  b   swpd   free   buff  cache   si   so    bi    bo   in   cs us sy id wa st gu
58  0  63344 121597016 2329372 48669796    0    0 218512 155720 269589 1552801 38 39 22  1  0  0
29  0  63344 121605128 2329372 48669808    0    0 212544 156384 265594 1546228 39 37 23  1  0  0
98  5  63344 121609200 2329372 48669836    0    0 388816 285016 288670 1613624 43 32 23  2  0  0
104  2  63344 121613964 2329372 48669856    0    0 256928 183448 281098 1591194 40 37 22  1  0  0
126  1  63344 121593732 2329372 48669872    0    0 247120 235432 281660 1573273 39 37 22  1  0  0
85  0  63344 121606560 2329372 48669888    0    0 258192 209300 282469 1582358 40 37 23  1  0  0
152  0  63344 121606460 2329372 48669908    0    0 240720 179844 269603 1562276 40 37 23  1  0  0
144  3  63344 121603276 2329372 48669928    0    0 312416 225552 277151 1595920 42 33 24  1  0  0
168  0  63344 121621016 2329372 48669948    0    0 371440 273952 286094 1631414 44 30 24  2  0  0
34  1  63344 121621276 2329372 48669956    0    0 168800 124372 261370 1526586 37 40 23  1  0  0
46  2  63344 121619372 2329376 48669968    0    0 201680 147584 269463 1530712 38 40 22  1  0  0
47  4  63344 121614128 2329376 48669996    0    0 301488 216520 288169 1597638 41 34 23  1  0  0
120  7  63344 121606064 2329376 48670024    0    0 373456 270120 295134 1639458 43 31 24  2  0  0
24  0  63344 121609376 2329376 48670040    0    0 321328 238364 284121 1620517 42 33 23  1  0  0
167  0  63344 121603320 2329376 48670056    0    0 167760 122560 262325 1511062 37 41 22  1  0  0
42  1  63344 121603732 2329376 48670080    0    0 204416 152328 265013 1527190 38 39 22  1  0  0
169  3  63344 121606716 2329380 48670096    0    0 283696 252728 280435 1580527 41 36 22  1  0  0
47  8  63344 121614792 2329380 48670112    0    0 377264 282884 291066 1630766 43 32 23  2  0  0
69  1  63344 121608200 2329380 48670132    0    0 311648 243268 281583 1575395 40 37 21  1  0  0
83  3  63344 121596776 2329380 48670152    0    0 184320 134020 266620 1518107 37 41 21  1  0  0
38  0  63344 121598304 2329380 48670176    0    0 161488 120532 261406 1510420 37 41 22  1  0  0
procs -----------memory---------- ---swap-- -----io---- -system-- -------cpu-------
 r  b   swpd   free   buff  cache   si   so    bi    bo   in   cs us sy id wa st gu
109  0  63344 121576536 2329380 48670200    0    0 158976 116064 259933 1517354 36 41 22  1  0  0
143  1  63344 121572260 2329380 48670216    0    0 165136 122056 259614 1514407 37 41 22  1  0  0
63  0  63344 121591936 2329380 48670236    0    0 160304 120408 258701 1517857 37 40 22  1  0  0
11  0  63344 121588168 2329380 48670256    0    0 164576 113428 250879 1506807 36 41 22  1  0  0
257  0  63344 121594532 2329380 48670268    0    0 156240 100300 238469 1493166 34 42 23  1  0  0
104  0  63344 121595304 2329380 48670288    0    0 143792 92116 236387 1483265 34 43 23  1  0  0
12  4  63344 121582916 2329380 48670308    0    0 151472 98008 235926 1487015 35 42 23  1  0  0
11  2  63344 121572284 2329380 48670328    0    0 151168 95648 234991 1485589 34 42 23  1  0  0
59  2  63344 121589024 2329380 48670348    0    0 144704 89740 234353 1483142 34 43 23  1  0  0
32  2  63344 121596236 2329380 48670372    0    0 151456 97992 234824 1492157 34 42 23  1  0  0
82  0  63344 121580552 2329380 48670388    0    0 174560 128460 253631 1525660 37 39 23  1  0  0
40  4  63344 121601984 2329380 48670404    0    0 416736 302688 284890 1633578 44 31 23  2  0  0
105  2  63344 121622392 2329380 48670428    0    0 361264 312020 285846 1625352 43 33 23  2  0  0
20  0  63344 121640236 2329380 48670436    0    0 293984 209808 276966 1594769 41 35 23  1  0  0
122 14  63344 121623196 2329380 48670456    0    0 337024 247320 287734 1627950 42 33 24  1  0  0
96  1  63344 121623328 2329380 48670476    0    0 354656 262292 282059 1617337 43 32 23  2  0  0
63  4  63344 121592744 2329380 48670496    0    0 306480 219208 279731 1590136 40 36 23  1  0  0
16  1  63344 121597140 2329380 48670520    0    0 336480 263444 279878 1607764 43 32 24  2  0  0
58  3  63344 121602876 2329380 48670544    0    0 293888 218868 271954 1583668 42 33 24  1  0  0
70 16  63344 121607648 2329380 48670560    0    0 344256 255152 282168 1613444 43 32 24  2  0  0
41  0  63344 121608552 2329380 48670580    0    0 289408 211232 277773 1583413 41 35 23  1  0  0
procs -----------memory---------- ---swap-- -----io---- -system-- -------cpu-------
 r  b   swpd   free   buff  cache   si   so    bi    bo   in   cs us sy id wa st gu
84  3  63344 121622256 2329380 48670592    0    0 263488 190700 279884 1567101 39 38 22  1  0  0
123 11  63344 121615856 2329380 48670612    0    0 249920 229332 277518 1562547 40 38 22  1  0  0
35  1  63344 121610980 2329380 48670632    0    0 244464 175216 272303 1552380 40 36 22  1  0  0
71  0  63344 121603744 2329380 48670656    0    0 263568 200160 275261 1567137 40 36 23  1  0  0
133  3  63344 121590456 2329380 48670744    0    0 229840 172892 269285 1542772 40 36 23  1  0  0
104  1  63344 121587280 2329380 48670760    0    0 243632 178084 268285 1557399 40 36 23  1  0  0
100  6  63344 121593644 2329380 48670788    0    0 356256 259636 286056 1605423 43 33 23  2  0  0
77 12  63344 121606924 2329380 48670808    0    0 317488 230084 280220 1586874 42 34 23  1  0  0
35  1  63344 121604368 2329380 48670824    0    0 226128 168708 271784 1554541 39 38 23  1  0  0
28  1  63344 121587396 2329380 48670836    0    0 173952 127784 260263 1518318 37 40 22  1  0  0
73 12  63344 121611984 2329380 48670860    0    0 198080 146164 262312 1533868 38 38 23  1  0  0
154  4  63344 121621028 2329380 48670880    0    0 375872 293120 287779 1621257 43 33 23  2  0  0
28  1  63344 121606556 2329380 48670900    0    0 261440 187336 275662 1570874 40 36 22  1  0  0
187  2  63344 121594656 2329380 48670920    0    0 178848 132916 262193 1524247 37 40 22  1  0  0
44  0  63344 121599792 2329380 48670936    0    0 173088 127332 261946 1514993 36 41 22  1  0  0
17  2  63344 121605500 2329380 48670960    0    0 164128 122456 259702 1509657 37 40 22  1  0  0
93  6  63344 121603060 2329380 48670976    0    0 166672 176816 264155 1521708 36 41 22  1  0  0
19  3  63344 121608584 2329380 48670988    0    0 158192 112748 263414 1522819 37 41 21  1  0  0
48  2  63344 121596088 2329380 48670996    0    0 172512 128800 260806 1520096 37 40 22  1  0  0
83 11  63344 121594600 2329384 48671028    0    0 166352 120344 259198 1515749 36 41 22  1  0  0
108  3  63344 121581524 2329384 48671044    0    0 161536 105240 239838 1494340 35 42 22  1  0  0
procs -----------memory---------- ---swap-- -----io---- -system-- -------cpu-------
 r  b   swpd   free   buff  cache   si   so    bi    bo   in   cs us sy id wa st gu
120  6  63344 121596580 2329384 48671068    0    0 160096 120620 255551 1514729 36 41 23  1  0  0
28  2  63344 121601284 2329384 48671088    0    0 165680 112620 247531 1509415 35 41 23  1  0  0
22  1  63344 121608188 2329384 48671100    0    0 192640 135664 252889 1527847 38 39 23  1  0  0
87  5  63344 121612480 2329384 48671128    0    0 340576 249472 276918 1607105 42 33 23  2  0  0
135  5  63344 121616680 2329384 48671144    0    0 494832 360876 303471 1689593 46 28 23  2  0  0
103  5  63344 121600336 2329384 48671152    0    0 350048 253628 276969 1619574 43 31 24  2  0  0
17  4  63344 121599868 2329384 48671180    0    0 323600 239636 275755 1600060 41 34 24  1  0  0
75  7  63344 121600676 2329384 48671204    0    0 430048 373144 297101 1653132 44 31 23  2  0  0
134  1  63344 121591768 2329384 48671220    0    0 293536 216944 276508 1594800 41 35 23  1  0  0
48  3  63344 121596512 2329384 48671240    0    0 199056 146464 260090 1532795 38 38 23  1  0  0
153  1  63344 121585272 2329384 48671252    0    0 246528 183308 267028 1569596 40 35 24  1  0  0
80  5  63344 121566776 2329384 48671280    0    0 204992 156796 260265 1539278 38 37 24  1  0  0
 7  0  63344 121574760 2329384 48671296    0    0 272528 202024 280781 1587298 41 36 22  1  0  0
12  0  63344 121575048 2329384 48671312    0    0 168416 124920 264487 1519768 38 39 22  1  0  0
79  4  63344 121597908 2329384 48671336    0    0 180048 133156 261203 1518342 37 40 23  1  0  0
136  2  63344 121596796 2329384 48671352    0    0 223984 168308 268264 1546186 39 37 23  1  0  0
43  2  63344 121598620 2329384 48671376    0    0 222816 165764 267465 1546013 39 37 23  1  0  0
99  9  63344 121604048 2329384 48671396    0    0 324064 240880 279323 1601814 42 32 24  1  0  0
58  5  63344 121581864 2329388 48671408    0    0 354064 264388 283674 1626092 43 32 24  2  0  0
28  7  63344 121577608 2329388 48671436    0    0 256624 186972 276431 1557982 40 37 22  1  0  0
22  2  63344 121603812 2329388 48671444    0    0 329360 290920 288166 1603963 42 34 23  1  0  0
procs -----------memory---------- ---swap-- -----io---- -system-- -------cpu-------
 r  b   swpd   free   buff  cache   si   so    bi    bo   in   cs us sy id wa st gu
65  3  63344 121601564 2329388 48671464    0    0 366480 283804 291416 1623619 44 32 23  2  0  0
66  2  63344 121594336 2329388 48671492    0    0 379616 280416 290860 1623272 43 32 23  2  0  0
38  4  63344 121604572 2329388 48671512    0    0 280608 210044 276247 1574762 41 34 24  1  0  0
40  5  63344 121568700 2329388 48671536    0    0 264544 198308 273264 1575874 40 35 24  1  0  0
71  1  63344 121579636 2329388 48671556    0    0 279952 212492 272374 1581484 41 33 24  1  0  0
72  6  63344 121594940 2329388 48671576    0    0 340336 254344 284834 1597441 42 33 24  1  0  0
62  9  63344 121596816 2329388 48671600    0    0 273536 251268 282370 1566282 41 36 22  1  0  0
94  1  63344 121612080 2329388 48671624    0    0 257648 185192 277502 1552480 39 37 22  1  0  0
83  6  63344 121611732 2329388 48671636    0    0 390656 284012 296021 1638965 44 31 23  2  0  0
86  3  63344 121608268 2329388 48671644    0    0 351360 265400 285197 1613677 43 31 24  2  0  0
101  3  63344 121600344 2329388 48671660    0    0 363936 262084 290134 1610267 43 32 23  2  0  0
50 13  63344 121601576 2329388 48671688    0    0 251520 199008 283094 1575986 40 36 23  1  0  0
83  6  63344 121587428 2329388 48671708    0    0 207280 155772 265654 1528595 39 37 23  1  0  0
40  4  63344 121589332 2329388 48671728    0    0 238368 179612 269993 1554675 39 37 23  1  0  0
91  3  63344 121573660 2329388 48671744    0    0 197968 145536 262896 1523823 38 38 23  1  0  0
38  5  63344 121588532 2329388 48671768    0    0 343248 254200 286883 1588963 42 33 23  2  0  0
96  2  63344 121588816 2329388 48671792    0    0 262416 253636 282507 1566054 39 37 23  1  0  0
180  2  63344 121603748 2329388 48671800    0    0 234912 169544 274344 1551955 39 38 22  1  0  0
69  8  63344 121586016 2329388 48671816    0    0 155488 116392 262044 1506836 36 41 22  1  0  0
71  1  63344 121588052 2329388 48671844    0    0 163728 126576 263213 1508942 36 42 22  1  0  0
48  2  63344 121578316 2329388 48671864    0    0 185488 133660 265052 1517655 37 41 22  1  0  0
procs -----------memory---------- ---swap-- -----io---- -system-- -------cpu-------
 r  b   swpd   free   buff  cache   si   so    bi    bo   in   cs us sy id wa st gu
40  1  63344 121589412 2329388 48671888    0    0 180800 135892 262634 1525526 38 39 23  1  0  0
71  3  63344 121583748 2329388 48671976    0    0 160544 118540 260987 1512674 37 40 22  1  0  0
42 14  63344 121572620 2329388 48671992    0    0 161408 116876 259027 1512342 36 40 23  1  0  0
49  6  63344 121576496 2329388 48672016    0    0 173328 129228 260408 1518203 37 39 23  1  0  0
82  0  63344 121584316 2329388 48672028    0    0 205328 154708 265370 1547355 39 37 23  1  0  0
43  1  63344 121595456 2329388 48672044    0    0 177200 136548 260168 1524706 38 38 23  1  0  0
177  0  63344 121594596 2329388 48672060    0    0 197824 146144 260922 1530899 38 37 24  1  0  0
67  2  63344 121585024 2329388 48672080    0    0 239360 180036 266653 1564105 39 35 24  1  0  0
24  5  63344 121586268 2329388 48672092    0    0 345040 250320 288105 1599598 42 34 23  1  0  0
72  1  63344 121609460 2329388 48672120    0    0 389136 299872 290552 1629067 44 31 23  2  0  0
33  4  63344 121598616 2329392 48672140    0    0 331840 241336 287325 1589653 42 35 22  1  0  0
112  7  63344 121585716 2329392 48672160    0    0 232672 176888 273934 1544040 39 39 22  1  0  0
58  3  63344 121615452 2329392 48672180    0    0 195136 145576 271494 1529342 38 39 22  1  0  0
89  5  63344 121619600 2329392 48672188    0    0 236752 223908 277622 1540999 39 38 22  1  0  0
14  0  63344 121601580 2329392 48672208    0    0 190592 143528 269678 1525253 38 40 22  1  0  0
47  5  63344 121585516 2329392 48672232    0    0 167536 123204 265191 1508243 37 41 22  1  0  0
42  1  63344 121587676 2329392 48672248    0    0 173936 129000 264042 1513317 37 41 22  1  0  0
36  1  63344 121570196 2329392 48672272    0    0 179824 132684 268964 1527300 37 40 22  1  0  0
103  1  63344 121579372 2329392 48672292    0    0 224944 171244 279318 1559305 39 38 23  1  0  0
16  2  63344 121587460 2329392 48672308    0    0 233104 169668 279449 1566983 40 36 23  1  0  0
41  5  63344 121600808 2329392 48672328    0    0 282592 208268 277531 1595854 41 33 25  1  0  0
procs -----------memory---------- ---swap-- -----io---- -system-- -------cpu-------
 r  b   swpd   free   buff  cache   si   so    bi    bo   in   cs us sy id wa st gu
80 10  63344 121624388 2329392 48672340    0    0 435184 313876 296905 1643590 46 29 23  2  0  0
61  5  63344 121615100 2329392 48672368    0    0 365616 261540 289375 1603296 43 33 23  2  0  0
203  0  63344 121602568 2329392 48672388    0    0 371168 290356 293236 1611560 42 34 22  2  0  0
123  0  63344 121584800 2329392 48672396    0    0 176080 128320 266268 1511135 37 41 22  1  0  0
20  1  63344 121562616 2329392 48672420    0    0 164736 179280 276520 1525089 37 41 22  1  0  0
57  4  63344 121567720 2329392 48672436    0    0 164992 124120 271718 1525327 37 41 22  1  0  0
63  5  63344 121574684 2329392 48672456    0    0 173744 128324 273165 1529744 37 41 22  1  0  0
129  0  63344 121592176 2329392 48672484    0    0 158944 117444 269836 1526507 37 41 22  1  0  0
73  4  63344 121601580 2329392 48672496    0    0 162960 121096 271134 1537759 37 40 22  1  0  0
48  0  63344 121583648 2329392 48672516    0    0 156080 105044 252300 1503479 35 41 23  1  0  0
175  0  63344 121563256 2329392 48672544    0    0 150816 95032 248182 1499404 34 43 22  1  0  0
63  0  63344 121569028 2329392 48672552    0    0 151472 108192 251686 1512561 34 43 23  1  0  0
180  0  63344 121560360 2329392 48672580    0    0 148016 99172 242339 1487808 35 42 22  1  0  0
55  5  63344 121563820 2329392 48672588    0    0 151184 97052 236214 1485102 34 43 23  1  0  0
46  1  63344 121583648 2329396 48672608    0    0 198160 131512 246582 1513538 37 38 24  1  0  0
21  2  63344 121582720 2329396 48672644    0    0 398160 286496 289293 1627452 44 31 23  2  0  0
43  4  63344 121599572 2329396 48672656    0    0 375024 268580 288667 1638007 44 31 23  2  0  0
114  0  63344 121589316 2329396 48672668    0    0 272944 199960 271455 1587501 41 33 24  1  0  0
54  0  63344 121577500 2329396 48672684    0    0 208064 156512 261542 1542207 39 36 24  1  0  0
41  2  63344 121605020 2329396 48672704    0    0 249888 184888 272187 1581247 40 35 25  1  0  0
99 15  63344 121590120 2329396 48672728    0    0 273168 207800 283406 1587580 40 36 23  1  0  0
procs -----------memory---------- ---swap-- -----io---- -system-- -------cpu-------
 r  b   swpd   free   buff  cache   si   so    bi    bo   in   cs us sy id wa st gu
19  4  63344 121610088 2329396 48672744    0    0 360080 293392 288575 1614859 43 33 23  2  0  0
185  1  63344 121598324 2329396 48672756    0    0 318752 269128 292821 1597566 42 33 24  1  0  0
75  4  63344 121584128 2329396 48672784    0    0 265008 194372 270492 1563498 41 34 23  1  0  0
259  2  63344 121601016 2329396 48672804    0    0 373824 274588 284957 1640729 42 33 23  2  0  0
112  2  63344 121596788 2329396 48672816    0    0 169424 126572 267540 1547340 36 41 22  1  0  0
58  4  63344 121580604 2329396 48672840    0    0 163360 121108 266051 1541992 36 41 22  1  0  0
56  3  63344 121574288 2329396 48672860    0    0 160880 118708 264994 1537703 37 41 22  1  0  0
343  0  63344 121577716 2329396 48672880    0    0 171792 125948 265106 1542111 36 41 22  1  0  0
56  2  63344 121586236 2329396 48672900    0    0 176896 130468 270518 1544365 37 40 23  1  0  0
53  1  63344 121578000 2329396 48672912    0    0 218640 163232 269832 1568866 38 37 23  1  0  0
88  1  63344 121573124 2329396 48672940    0    0 274528 203920 268309 1596514 41 34 24  1  0  0
35  0  63344 121604628 2329396 48672956    0    0 454688 358160 293296 1671644 46 29 23  2  0  0
46  0  63344 121604880 2329396 48672972    0    0 275120 223520 274761 1588419 40 36 23  1  0  0
182  0  63344 121599060 2329396 48672984    0    0 268400 197224 271191 1570836 40 35 24  1  0  0
113  5  63344 121582840 2329396 48673004    0    0 188640 138876 257067 1537003 37 40 23  1  0  0
142  7  63344 121567124 2329396 48673076    0    0 192992 140872 258346 1530891 38 39 23  1  0  0
61  0  63344 121571324 2329396 48673048    0    0 242848 184272 265804 1575292 40 36 23  1  0  0
55  6  63344 121566132 2329396 48673064    0    0 206336 154048 259761 1549817 38 38 23  1  0  0
96  4  63344 121584396 2329396 48673100    0    0 240336 175568 261827 1566742 39 36 24  1  0  0
18  2  63344 121584716 2329396 48673200    0    0 355424 282904 279739 1631268 43 31 24  2  0  0
51  7  63344 121594004 2329396 48673224    0    0 326032 236968 281014 1609639 42 34 23  1  0  0
procs -----------memory---------- ---swap-- -----io---- -system-- -------cpu-------
 r  b   swpd   free   buff  cache   si   so    bi    bo   in   cs us sy id wa st gu
58  0  63344 121576444 2329396 48673236    0    0 261600 189956 267825 1584256 40 35 24  1  0  0
43  4  63344 121578136 2329396 48673256    0    0 361136 260916 285688 1619614 43 33 22  2  0  0
93  6  63344 121604488 2329396 48673276    0    0 311328 266972 281671 1594730 40 36 23  1  0  0
106  5  63344 121606460 2329396 48673296    0    0 297648 227584 279525 1581292 41 35 22  1  0  0
40  4  63344 121579760 2329396 48673324    0    0 236048 177544 271182 1558421 39 37 23  1  0  0
46  1  63344 121597012 2329396 48673336    0    0 209984 160440 264211 1545816 38 38 23  1  0  0
36 12  63344 121597356 2329396 48673356    0    0 299008 214872 275900 1590673 41 34 24  1  0  0
93  0  63344 121608828 2329400 48673380    0    0 384928 281316 290918 1632547 43 32 23  2  0  0
80  6  63344 121608116 2329400 48673388    0    0 296352 214676 276980 1590975 41 34 24  1  0  0
27  0  63344 121594764 2329400 48673416    0    0 248112 202068 269688 1573046 40 36 23  1  0  0
90  6  63344 121589112 2329400 48673440    0    0 247472 180364 265141 1562834 40 36 24  1  0  0
12  1  63344 121573276 2329400 48673452    0    0 259504 198080 266757 1577421 41 33 25  1  0  0
65  4  63344 121588360 2329404 48673472    0    0 287840 217508 270128 1588528 42 33 24  1  0  0
17  1  63344 121598400 2329404 48673492    0    0 382528 272476 291642 1635147 43 33 22  2  0  0
20  0  63344 121589356 2329404 48673516    0    0 228144 214916 270358 1550230 40 37 22  1  0  0
90  5  63344 121599476 2329404 48673536    0    0 331040 234400 282102 1592270 42 34 23  1  0  0
76  1  63344 121613312 2329404 48673548    0    0 377808 272716 288109 1634667 43 32 24  2  0  0
91  2  63344 121600232 2329404 48673568    0    0 280224 208468 272423 1583069 40 35 23  1  0  0
26  2  63344 121585428 2329404 48673584    0    0 170640 121528 261892 1519961 36 42 22  1  0  0
81  1  63344 121589556 2329404 48673612    0    0 177664 129844 261489 1517776 36 41 22  1  0  0
109  2  63344 121577000 2329404 48673628    0    0 159232 117372 259389 1521513 36 41 22  1  0  0
procs -----------memory---------- ---swap-- -----io---- -system-- -------cpu-------
 r  b   swpd   free   buff  cache   si   so    bi    bo   in   cs us sy id wa st gu
22  3  63344 121570940 2329404 48673644    0    0 172288 130864 260966 1523805 37 41 22  1  0  0
107  1  63344 121568420 2329404 48673664    0    0 162752 124332 259990 1518351 37 40 22  1  0  0
41  9  63344 121575756 2329404 48673684    0    0 150272 110472 255996 1515746 36 42 22  1  0  0
90  3  63344 121583816 2329404 48673708    0    0 157744 102784 239534 1499253 35 42 23  1  0  0
134  0  63344 121595656 2329404 48673720    0    0 163888 107064 235835 1497537 35 42 23  1  0  0
77  6  63344 121586852 2329404 48673740    0    0 243936 161700 248507 1538632 39 37 23  1  0  0
49  2  63344 121587956 2329404 48673760    0    0 349232 273352 281982 1617188 42 34 22  2  0  0
31  3  63344 121590360 2329404 48673780    0    0 275808 203640 270207 1575728 40 36 23  1  0  0
146  3  63344 121569400 2329404 48673796    0    0 266800 244800 282170 1585946 40 37 22  1  0  0
98  2  63344 121583532 2329404 48673816    0    0 248880 181368 277833 1575490 39 37 23  1  0  0
42 15  63344 121580680 2329404 48673836    0    0 329888 234368 285684 1621403 42 33 24  2  0  0
67  0  63344 121624552 2329404 48673860    0    0 416976 299456 301214 1660022 44 31 23  2  0  0
127  0  63344 121624548 2329404 48673868    0    0 261536 192620 282715 1599186 40 37 22  1  0  0
102  4  63344 121600496 2329404 48673892    0    0 179520 137672 269921 1540997 37 40 22  1  0  0
40  1  63344 121585124 2329404 48673916    0    0 179760 130976 261833 1528196 37 39 23  1  0  0
60  2  63344 121582788 2329404 48673936    0    0 195536 146188 262059 1535751 38 39 23  1  0  0
27  2  63344 121577640 2329404 48673960    0    0 198624 145712 258410 1540882 38 38 23  1  0  0
62  7  63344 121593724 2329404 48673980    0    0 326496 234692 276535 1602898 42 32 24  1  0  0
 8  1  63344 121596912 2329404 48673996    0    0 261184 194260 273574 1569864 39 37 22  1  0  0
64  0  63344 121595392 2329404 48674020    0    0 160352 119896 259803 1515887 37 40 22  1  0  0
102  3  63344 121596832 2329404 48674032    0    0 162080 118348 259497 1523243 36 41 22  1  0  0
procs -----------memory---------- ---swap-- -----io---- -system-- -------cpu-------
 r  b   swpd   free   buff  cache   si   so    bi    bo   in   cs us sy id wa st gu
28  2  63344 121580352 2329404 48674056    0    0 165984 122908 259826 1513577 36 41 22  1  0  0
99  2  63344 121580392 2329404 48674076    0    0 173664 185060 261851 1522303 38 39 22  1  0  0
62  4  63344 121579536 2329404 48674092    0    0 181808 130724 262032 1525410 37 40 22  1  0  0
46  3  63344 121594284 2329404 48674116    0    0 204928 151068 264844 1539306 39 38 22  1  0  0
47 13  63344 121582160 2329404 48674136    0    0 185072 160076 263442 1535117 37 40 22  1  0  0
42  3  63344 121567656 2329404 48674152    0    0 186512 131784 258698 1521688 37 40 23  1  0  0
78  5  63344 121586340 2329404 48674172    0    0 323536 232804 280002 1594755 41 34 23  1  0  0
68  0  63344 121587740 2329404 48674180    0    0 290080 214876 282600 1588465 40 36 22  1  0  0
48  3  63344 121567560 2329404 48674200    0    0 159248 117912 262080 1513240 36 41 22  1  0  0
82  2  63344 121572180 2329404 48674228    0    0 168912 120920 260475 1519175 36 41 22  1  0  0
88  3  63344 121560168 2329404 48674244    0    0 166480 123612 258585 1517687 36 41 22  1  0  0
76  4  63344 121563584 2329404 48674264    0    0 216416 155860 263180 1548684 39 37 23  1  0  0
65  0  63344 121561724 2329404 48674280    0    0 336720 243020 279548 1605053 43 32 24  2  0  0
78  0  63344 121548552 2329404 48674304    0    0 174224 128584 262279 1516300 37 41 22  1  0  0
75  0  63344 121549324 2329404 48674324    0    0 169792 123096 262103 1513234 36 41 22  1  0  0
146  1  63344 121568464 2329404 48674348    0    0 181184 135976 262536 1531446 37 40 22  1  0  0
25  1  63344 121571064 2329404 48674428    0    0 169920 132144 260377 1532230 37 40 23  1  0  0
35  0  63344 121597264 2329404 48674448    0    0 208848 189376 266064 1548350 38 39 22  1  0  0
164  3  63344 121588900 2329404 48674472    0    0 196240 165588 266432 1532236 38 40 22  1  0  0
58 10  63344 121589928 2329404 48674496    0    0 241184 174416 268303 1558380 39 37 23  1  0  0
43  4  63344 121590168 2329404 48674516    0    0 360096 262848 286364 1635593 43 32 23  2  0  0
procs -----------memory---------- ---swap-- -----io---- -system-- -------cpu-------
 r  b   swpd   free   buff  cache   si   so    bi    bo   in   cs us sy id wa st gu
60  0  63344 121595600 2329404 48674524    0    0 370032 269828 287232 1642004 43 31 24  2  0  0
93  1  63344 121605024 2329404 48674552    0    0 402960 304564 286659 1649327 43 32 23  2  0  0
29  3  63344 121588232 2329404 48674560    0    0 294848 219364 274184 1587214 41 34 23  1  0  0
85  1  63344 121602816 2329404 48674584    0    0 374848 275896 286232 1644734 43 31 24  2  0  0
125  6  63344 121599552 2329404 48674592    0    0 269296 198488 275200 1570809 40 37 22  1  0  0
53  5  63344 121588288 2329404 48674612    0    0 247488 214700 274416 1552676 40 37 22  1  0  0
26  0  63344 121589644 2329404 48674648    0    0 272048 228096 278890 1572881 40 36 22  1  0  0
100  1  63344 121574276 2329404 48674664    0    0 354960 252524 284870 1610309 42 33 23  2  0  0
62  1  63344 121597188 2329404 48674676    0    0 379920 275764 283848 1633534 43 31 24  2  0  0
50  7  63344 121606332 2329404 48674704    0    0 363984 268380 289644 1630596 43 32 23  2  0  0
74  6  63344 121601516 2329404 48674732    0    0 392000 298796 286892 1624277 44 31 23  2  0  0
27  4  63344 121632580 2329404 48674752    0    0 435600 317084 298859 1655019 45 30 23  2  0  0
51  3  63344 121613084 2329404 48674764    0    0 234832 224556 277643 1551335 39 38 22  1  0  0
42  3  63344 121600176 2329404 48674784    0    0 266128 198436 277403 1560147 40 37 22  1  0  0
75  7  63344 121607792 2329408 48674808    0    0 280720 202792 278697 1578140 41 35 23  1  0  0
15  1  63344 121586812 2329408 48674828    0    0 297440 222420 279447 1582170 41 35 23  1  0  0
50  2  63344 121582628 2329408 48674848    0    0 274352 199012 273588 1565587 40 35 23  1  0  0
86  6  63344 121598672 2329408 48674868    0    0 374400 272824 290628 1610985 43 33 22  2  0  0
163  2  63344 121584344 2329408 48674880    0    0 251728 190320 275407 1559468 39 37 23  1  0  0
95  7  63344 121673164 2329412 48674900    0    0 160512 119684 281478 1536871 38 40 22  1  0  0
