procs -----------memory---------- ---swap-- -----io---- -system-- -------cpu-------
 r  b   swpd   free   buff  cache   si   so    bi    bo   in   cs us sy id wa st gu
 7  0 340440 63177444 2302532 88928604    4    9 29056 35145 12165    7  4  1 95  0  0  0
47  0 340440 61945836 2302536 88928680    0    0 27200 326920 288011 495169 10 27 62  0  0  0
338  0 340440 61522176 2302536 88928700    0    0  9088 263528 206554 986788 85 14  2  0  0  0
327  1 340440 61322444 2302536 88928712    0    0  8752 741716 226815 1497811 79 19  1  0  0  0
308  1 340440 61270408 2302536 88928724    0    0  9248 660368 218028 1575837 79 20  1  0  0  0
334  0 340440 61252500 2302540 88928736    0    0  8272 665320 184627 1595974 80 20  0  0  0  0
138  1 340440 61238516 2302540 88928764    0    0  6992 664416 186416 1602050 79 20  1  0  0  0
335  0 340440 61244188 2302540 88928776    0    0  8176 661160 189037 1614755 79 20  1  0  0  0
381  0 340440 61245544 2302540 88928788    0    0  8336 662828 185529 1617791 80 20  1  0  0  0
244  2 340440 61254404 2302540 88928800    0    0  9344 662432 189758 1605297 79 20  1  0  0  0
271  0 340440 61251840 2302540 88928816    0    0  9696 667652 182349 1596728 79 20  1  0  0  0
368  0 340440 61249312 2302540 88928840    0    0  8160 598952 177964 1598573 80 20  1  0  0  0
320  0 340440 61250148 2302540 88928852    0    0  9008 599656 178045 1611256 80 20  0  0  0  0
242  2 340440 61252872 2302540 88928864    0    0  7312 598252 179278 1605586 79 20  1  0  0  0
343  0 340440 61249124 2302540 88928876    0    0  7632 599988 205525 1611241 79 20  1  0  0  0
370  0 340440 61246232 2302540 88928896    0    0  8208 598940 182183 1622406 80 20  0  0  0  0
117  0 340440 61242836 2302540 88928908    0    0  8736 603284 178267 1615900 80 19  0  0  0  0
380  0 340440 61244568 2302540 88928916    0    0  8016 599480 183873 1627430 80 19  1  0  0  0
231  0 340440 61238940 2302540 88928928    0    0  7168 601528 179567 1609988 79 20  1  0  0  0
179  0 340440 61242804 2302540 88928940    0    0  8336 598812 186283 1614473 80 20  0  0  0  0
169  0 340440 61248284 2302540 88928956    0    0  8112 601196 181470 1603325 80 20  0  0  0  0
procs -----------memory---------- ---swap-- -----io---- -system-- -------cpu-------
 r  b   swpd   free   buff  cache   si   so    bi    bo   in   cs us sy id wa st gu
189  0 340440 61244956 2302540 88928972    0    0  8880 601700 178906 1607372 80 20  0  0  0  0
244  0 340440 61234572 2302540 88928984    0    0  7952 602384 182386 1600885 80 20  1  0  0  0
313  1 340440 61236736 2302540 88929000    0    0  8160 603608 183862 1600658 79 20  1  0  0  0
307  0 340440 61237564 2302540 88929012    0    0  8816 601932 185034 1594956 79 20  1  0  0  0
220  0 340440 61240556 2302544 88929024    0    0  8272 599244 186332 1598477 79 20  1  0  0  0
249  0 340440 61241872 2302544 88929048    0    0  6464 603520 175819 1592648 80 19  0  0  0  0
340  0 340440 61223832 2302544 88929060    0    0  8880 603232 212731 1587972 79 20  1  0  0  0
352  0 340440 61160164 2302544 88929068    0    0  9056 599112 274361 1589241 79 20  0  0  0  0
230  0 340440 61076316 2302544 88929084    0    0  8064 601416 389603 1542086 78 22  0  0  0  0
292  0 340440 61023116 2302548 88929096    0    0  7088 602792 282899 1566991 78 21  1  0  0  0
327  0 340440 61043716 2302548 88929116    0    0  9472 602056 188715 1609533 79 20  1  0  0  0
311  0 340440 61057784 2302548 88929132    0    0  8432 601900 185753 1607806 80 20  1  0  0  0
350  0 340440 61086232 2302548 88929148    0    0  8400 603508 178499 1614269 80 19  0  0  0  0
342  1 340440 61216936 2302548 88929160    0    0  7728 603516 181209 1580323 80 20  0  0  0  0
180  0 340440 61222744 2302548 88929172    0    0  9648 601124 182046 1594495 79 20  1  0  0  0
336  0 340440 61212388 2302548 88929188    0    0  8240 604140 179194 1593900 80 19  0  0  0  0
326  0 340440 61207788 2302548 88929200    0    0  9520 606496 176671 1573053 80 20  1  0  0  0
341  0 340440 61212052 2302548 88929212    0    0  7104 609028 183189 1591899 80 20  0  0  0  0
378  0 340440 61211508 2302548 88929224    0    0  8224 608092 176474 1592288 80 20  0  0  0  0
309  0 340440 61200100 2302548 88929252    0    0  8400 606168 185070 1597635 79 20  1  0  0  0
319  0 340440 61200296 2302548 88929264    0    0  8320 625620 182825 1580516 79 20  1  0  0  0
procs -----------memory---------- ---swap-- -----io---- -system-- -------cpu-------
 r  b   swpd   free   buff  cache   si   so    bi    bo   in   cs us sy id wa st gu
247  0 340440 61198704 2302548 88929280    0    0  7936 628032 182265 1585709 79 20  1  0  0  0
292  0 340440 61198588 2302548 88929292    0    0  8080 633560 175519 1585422 80 20  0  0  0  0
333  0 340440 61201776 2302548 88929308    0    0  9456 628044 182928 1605322 80 20  0  0  0  0
246  0 340440 61199624 2302548 88929320    0    0  8080 627468 210537 1592898 79 20  1  0  0  0
369  0 340440 61194780 2302548 88929336    0    0  7408 631132 177697 1583328 80 20  0  0  0  0
283  0 340440 61197384 2302548 88929356    0    0  7632 628292 197387 1583504 80 20  0  0  0  0
385  0 340440 61197136 2302548 88929368    0    0  8448 625164 182844 1595615 80 20  1  0  0  0
319  0 340440 61200028 2302548 88929384    0    0  7264 626740 180537 1608412 80 20  0  0  0  0
305  1 340440 61197480 2302548 88929392    0    0  7808 626508 216704 1594692 80 19  1  0  0  0
334  1 340440 61191936 2302548 88929400    0    0  8160 623856 234853 1582752 79 20  1  0  0  0
237  0 340440 61190344 2302548 88929420    0    0  8256 628472 218682 1591762 79 20  1  0  0  0
192  0 340440 61187964 2302548 88929436    0    0  8528 629300 218671 1596365 79 20  1  0  0  0
319  0 340440 61180476 2302548 88929444    0    0  6480 635184 210566 1592322 79 20  1  0  0  0
338  0 340440 61185812 2302548 88929460    0    0  7632 629276 213734 1587154 79 20  1  0  0  0
294  0 340440 61185636 2302548 88929472    0    0  8096 627856 208876 1592672 79 20  1  0  0  0
377  1 340440 61187164 2302548 88929488    0    0  7632 632848 206247 1595063 80 20  0  0  0  0
116  0 340440 61184588 2302548 88929504    0    0  7280 635340 208065 1596308 79 20  1  0  0  0
184  0 340440 61187704 2302548 88929520    0    0  8976 632904 193852 1588801 79 20  1  0  0  0
347  0 340440 61191624 2302548 88929532    0    0  8928 637512 178568 1582852 80 20  0  0  0  0
384  0 340440 61197372 2302548 88929544    0    0  8320 639004 179595 1606371 80 20  0  0  0  0
353  0 340440 61196060 2302548 88929560    0    0  7040 639908 182646 1597220 80 20  1  0  0  0
procs -----------memory---------- ---swap-- -----io---- -system-- -------cpu-------
 r  b   swpd   free   buff  cache   si   so    bi    bo   in   cs us sy id wa st gu
316  0 340440 61197404 2302548 88929580    0    0  8032 640668 178032 1575282 80 20  0  0  0  0
314  0 340440 61188000 2302548 88929600    0    0  8576 636684 182921 1603571 79 20  0  0  0  0
327  0 340440 61183384 2302548 88929612    0    0  7488 639328 174511 1595860 80 20  0  0  0  0
255  0 340440 61188172 2302548 88929628    0    0  7040 643116 180098 1596578 80 20  0  0  0  0
339  0 340440 61185940 2302548 88929640    0    0  7536 645736 179909 1598796 80 19  1  0  0  0
385  0 340440 61193408 2302548 88929656    0    0  8432 638868 187398 1603527 79 20  1  0  0  0
267  1 340440 61191720 2302548 88929668    0    0  9088 640664 180078 1593492 80 20  0  0  0  0
195  0 340440 61186088 2302548 88929680    0    0  7808 641140 182242 1594514 79 20  1  0  0  0
328  0 340440 61186736 2302548 88929692    0    0  7296 655192 184493 1591925 79 20  1  0  0  0
357  0 340440 61182576 2302548 88929704    0    0  8000 659148 180981 1581268 80 20  0  0  0  0
385  0 340440 61191208 2302548 88929724    0    0  9136 658396 180448 1588704 80 20  0  0  0  0
190  1 340440 61190676 2302548 88929736    0    0  7376 663072 179144 1586007 79 20  0  0  0  0
217  0 340440 61190792 2302548 88929752    0    0  7232 657528 181749 1600971 80 20  1  0  0  0
362  0 340440 61201404 2302548 88929764    0    0  8688 655592 185701 1592886 79 20  1  0  0  0
288  0 340440 61204480 2302548 88929776    0    0  8496 659236 184978 1591994 79 20  1  0  0  0
275  0 340440 61203052 2302548 88929796    0    0  9248 661368 182979 1601896 80 20  1  0  0  0
328  0 340440 61199456 2302548 88929812    0    0  6512 663604 178966 1596683 80 20  0  0  0  0
359  0 340440 61203284 2302548 88929824    0    0  8192 659372 183198 1597215 79 20  1  0  0  0
372  0 340440 61214068 2302548 88929840    0    0  7664 660216 176956 1587335 80 20  0  0  0  0
227  0 340440 61207440 2302548 88929856    0    0  7744 656788 183131 1598166 79 20  1  0  0  0
266  1 340440 61197232 2302548 88929876    0    0  7392 661808 186852 1601820 80 20  1  0  0  0
procs -----------memory---------- ---swap-- -----io---- -system-- -------cpu-------
 r  b   swpd   free   buff  cache   si   so    bi    bo   in   cs us sy id wa st gu
362  0 340440 61199212 2302548 88929884    0    0  9152 658780 187739 1616158 80 20  1  0  0  0
378  0 340440 61196176 2302548 88929896    0    0  8496 664264 179390 1577723 80 20  0  0  0  0
310  0 340440 61196780 2302548 88929908    0    0  7376 678116 179811 1585962 79 20  0  0  0  0
335  0 340440 61192808 2302548 88929920    0    0  5744 679504 180022 1579849 79 20  1  0  0  0
357  0 340440 61198776 2302548 88929936    0    0  7920 678004 179357 1591529 80 20  0  0  0  0
368  1 340440 61199812 2302548 88929956    0    0  7904 675076 186447 1588773 79 20  1  0  0  0
375  0 340440 61201916 2302548 88929968    0    0  8320 677108 186785 1586752 79 20  1  0  0  0
286  0 340440 61202848 2302548 88929984    0    0  6640 679824 180944 1593883 80 20  0  0  0  0
335  0 340440 61201244 2302548 88930000    0    0  7792 679148 215795 1584595 80 20  0  0  0  0
324  0 340440 61202196 2302548 88930016    0    0  9072 676076 186057 1598050 79 20  1  0  0  0
328  0 340440 61205448 2302548 88930032    0    0  7584 676892 186600 1602494 79 20  1  0  0  0
289  0 340440 61196964 2302548 88930048    0    0  7376 677032 185171 1603346 79 20  1  0  0  0
147  1 340440 61199288 2302548 88930064    0    0  6688 676924 194309 1597405 79 20  1  0  0  0
355  0 340440 61194852 2302548 88930080    0    0  7984 675536 188259 1598515 79 20  1  0  0  0
299  0 340440 61194116 2302548 88930100    0    0  8832 674100 191772 1600264 79 20  1  0  0  0
284  0 340440 61188304 2302548 88930116    0    0  7408 677632 189968 1594883 80 20  0  0  0  0
373  0 340440 61188640 2302548 88930124    0    0  6240 677884 193135 1601508 80 19  1  0  0  0
272  0 340440 61185560 2302548 88930132    0    0  8528 674732 192811 1592827 79 20  1  0  0  0
382  0 340440 61183188 2302548 88930148    0    0  7440 677452 189778 1592557 79 20  1  0  0  0
326  0 340440 61184724 2302548 88930200    0    0  7808 676484 193558 1584882 79 20  1  0  0  0
160  0 340440 61174536 2302548 88930212    0    0  6928 677120 192846 1590331 80 20  1  0  0  0
procs -----------memory---------- ---swap-- -----io---- -system-- -------cpu-------
 r  b   swpd   free   buff  cache   si   so    bi    bo   in   cs us sy id wa st gu
267  1 340440 61171228 2302552 88930220    0    0  9040 673992 194421 1596581 79 20  1  0  0  0
308  0 340440 61173576 2302552 88930232    0    0  7888 674816 197008 1598045 79 20  1  0  0  0
342  0 340440 61176940 2302552 88930252    0    0  9104 677752 184447 1581785 80 20  0  0  0  0
371  0 340440 61169244 2302552 88930264    0    0  7440 679284 178488 1583951 79 20  0  0  0  0
143  1 340440 61174748 2302552 88930280    0    0  7744 675272 188081 1598418 79 20  1  0  0  0
380  1 340440 61175836 2302552 88930292    0    0  8656 674992 186182 1594302 79 20  1  0  0  0
331  1 340440 61173828 2302552 88930316    0    0  7376 678552 182979 1586125 79 20  1  0  0  0
191  0 340440 61173080 2302552 88930328    0    0  8848 676704 185598 1585594 79 20  1  0  0  0
294  1 340440 61175604 2302552 88930340    0    0  7824 678900 181874 1587005 80 20  1  0  0  0
353  0 340440 61184676 2302552 88930356    0    0  7984 674996 183697 1600169 80 20  1  0  0  0
365  0 340440 61188016 2302552 88930376    0    0  8576 676172 183716 1595177 80 20  1  0  0  0
265  0 340440 61187484 2302552 88930388    0    0  6896 680512 182245 1601378 80 20  1  0  0  0
245  0 340440 61190676 2302552 88930400    0    0  8240 675024 183319 1608914 80 19  1  0  0  0
323  0 340440 61189772 2302552 88930412    0    0  8640 673076 180546 1584942 79 20  0  0  0  0
393  0 340440 61189056 2302552 88930432    0    0  9392 669916 188598 1591560 79 20  1  0  0  0
264  1 340440 61183624 2302552 88930444    0    0  6320 672996 183367 1602356 79 20  1  0  0  0
334  0 340440 61190740 2302552 88930460    0    0  8576 673196 182598 1580934 79 20  1  0  0  0
287  0 340440 61187160 2302552 88930476    0    0  8976 668008 184608 1598658 80 20  0  0  0  0
220  0 340440 61185276 2302552 88930484    0    0  8352 668076 191550 1601751 79 20  1  0  0  0
336  0 340440 61191308 2302552 88930504    0    0  6576 670960 188305 1603171 79 20  1  0  0  0
381  0 340440 61197340 2302552 88930516    0    0  7584 670328 183349 1599678 79 20  0  0  0  0
procs -----------memory---------- ---swap-- -----io---- -system-- -------cpu-------
 r  b   swpd   free   buff  cache   si   so    bi    bo   in   cs us sy id wa st gu
133  0 340440 61196812 2302552 88930536    0    0  9008 667040 181608 1582202 80 20  1  0  0  0
342  0 340440 61190468 2302552 88930552    0    0  8736 668696 182624 1586269 79 20  0  0  0  0
276  0 340440 61180084 2302552 88930564    0    0  7040 666644 188177 1595836 79 20  1  0  0  0
208  0 340440 61180416 2302552 88930580    0    0  8368 666260 184591 1603923 80 20  0  0  0  0
330  0 340440 61174696 2302552 88930592    0    0  8336 664748 186145 1598981 79 20  1  0  0  0
177  0 340440 61183204 2302552 88930612    0    0  7808 672268 181407 1586357 79 20  1  0  0  0
190  1 340440 61182988 2302552 88930628    0    0  7568 672324 182407 1585906 79 20  1  0  0  0
356  0 340440 61178668 2302552 88930676    0    0  8032 673588 182240 1573645 79 20  1  0  0  0
228  0 340440 61175004 2302552 88930692    0    0  7664 669024 183069 1581866 80 20  1  0  0  0
278  0 340440 61173248 2302556 88930700    0    0  8288 671016 218611 1586033 80 20  0  0  0  0
208  0 340440 61171132 2302556 88930724    0    0  7728 673060 177232 1588945 80 20  0  0  0  0
387  0 340440 61168556 2302556 88930700    0    0  8288 667116 182350 1590637 79 20  1  0  0  0
262  0 340440 61170164 2302556 88930716    0    0  7440 681052 183180 1594350 79 20  0  0  0  0
227  0 340440 61171380 2302556 88930732    0    0  8400 655656 205927 1590973 79 20  0  0  0  0
298  0 340440 61167796 2302560 88930740    0    0  8336 669012 181884 1590875 80 20  0  0  0  0
302  0 340440 61158860 2302560 88930760    0    0  6480 669608 186789 1592861 79 20  0  0  0  0
324  0 340440 61171032 2302560 88930772    0    0  7984 690392 207566 1576051 79 20  1  0  0  0
263  0 340440 61162380 2302560 88930788    0    0  8592 657332 197164 1590044 79 20  1  0  0  0
339  4 340440 61161140 2302560 88930800    0    0  9264 665484 202781 1592011 79 20  1  0  0  0
360  0 340440 61160828 2302560 88930816    0    0  6576 676976 192867 1592030 80 20  0  0  0  0
378  0 340440 61151820 2302560 88930836    0    0  7696 661996 190666 1600243 79 20  1  0  0  0
procs -----------memory---------- ---swap-- -----io---- -system-- -------cpu-------
 r  b   swpd   free   buff  cache   si   so    bi    bo   in   cs us sy id wa st gu
277  2 340440 61152976 2302564 88930844    0    0  7984 692676 192502 1587717 80 20  0  0  0  0
261  0 340440 61159608 2302564 88930860    0    0  8112 661992 196094 1599426 79 20  1  0  0  0
381  1 340440 61166276 2302564 88930876    0    0  7008 679248 196683 1594348 79 20  1  0  0  0
358  1 340440 61158204 2302564 88930896    0    0  7920 654588 188024 1601876 80 20  1  0  0  0
392  0 340440 61153652 2302564 88930900    0    0  8320 688012 181305 1598480 80 19  0  0  0  0
304  1 340440 61160112 2302564 88930920    0    0  8320 674528 180029 1592939 79 20  1  0  0  0
364  0 340440 61164768 2302564 88930932    0    0  7200 657864 189678 1606137 79 20  1  0  0  0
199  1 340440 61159504 2302564 88930948    0    0  8176 688264 180314 1587496 80 20  0  0  0  0
292  0 340440 61161704 2302564 88930956    0    0  8864 660360 182169 1592802 80 20  1  0  0  0
211  2 340440 61162572 2302564 88930984    0    0  8256 667492 185111 1594329 79 20  1  0  0  0
289  0 340440 61160624 2302564 88930992    0    0  7984 669964 182263 1595780 80 20  1  0  0  0
227  0 340440 61164092 2302564 88931004    0    0  7872 644432 180912 1586660 79 20  0  0  0  0
375  0 340440 61160772 2302564 88931032    0    0  7264 689528 180601 1595745 79 20  0  0  0  0
259  0 340440 61160552 2302564 88931044    0    0  7728 692464 179723 1588240 80 20  0  0  0  0
290  0 340440 61163492 2302564 88931064    0    0  7728 626924 181259 1593665 80 20  1  0  0  0
373  0 340440 61171068 2302564 88931080    0    0  8544 685840 184552 1598371 80 20  0  0  0  0
260  0 340440 61169644 2302564 88931080    0    0  7552 692112 185031 1592971 80 20  0  0  0  0
379  0 340440 61171244 2302564 88931100    0    0  7760 636984 178375 1601189 80 20  0  0  0  0
314  1 340440 61171408 2302564 88931124    0    0  7968 687924 179953 1587162 79 20  0  0  0  0
262  2 340440 61178824 2302564 88931136    0    0  7440 670164 182147 1591439 79 20  0  0  0  0
334  0 340440 61182244 2302568 88931140    0    0  9184 698544 185186 1588655 79 20  1  0  0  0
procs -----------memory---------- ---swap-- -----io---- -system-- -------cpu-------
 r  b   swpd   free   buff  cache   si   so    bi    bo   in   cs us sy id wa st gu
355  0 340440 61177376 2302568 88931156    0    0  7584 704428 181881 1609193 80 19  0  0  0  0
370  0 340440 61181160 2302568 88931168    0    0  7584 620272 177977 1594716 80 19  0  0  0  0
295  2 340440 61179060 2302568 88931180    0    0  7184 697392 186057 1594551 80 20  1  0  0  0
384  0 340440 61182852 2302568 88931196    0    0  9248 666324 180694 1594313 80 20  0  0  0  0
205  2 340440 61186580 2302568 88931220    0    0  7952 662212 181738 1581847 79 20  0  0  0  0
256  1 340440 61185312 2302568 88931228    0    0  8992 679752 189112 1592003 79 20  1  0  0  0
205  2 340440 61179960 2302568 88931240    0    0  7712 744468 187068 1599852 79 20  1  0  0  0
334  0 340440 61184880 2302568 88931264    0    0  8272 608284 179218 1589771 80 20  0  0  0  0
381  3 340440 61178660 2302568 88931272    0    0  7584 687300 183468 1598130 79 20  1  0  0  0
383  2 340440 61182252 2302568 88931288    0    0  7632 667008 185100 1586475 79 20  1  0  0  0
209  0 340440 61189416 2302568 88931308    0    0  5936 686468 182655 1600308 80 20  0  0  0  0
273  0 340440 61181676 2302568 88931320    0    0  7264 721040 185531 1585266 79 20  1  0  0  0
380  0 340440 61188812 2302568 88931332    0    0  8720 638108 178718 1591581 80 20  0  0  0  0
234  0 340440 61189304 2302568 88931352    0    0  9600 680360 184472 1581713 79 20  1  0  0  0
297  0 340440 61186668 2302568 88931368    0    0  7408 678152 183822 1595460 79 20  0  0  0  0
212  0 340440 61194900 2302568 88931380    0    0  7584 694208 185179 1589587 79 20  1  0  0  0
254  0 340440 61187268 2302568 88931396    0    0  7808 674228 188665 1605756 79 20  1  0  0  0
342  1 340440 61190948 2302568 88931408    0    0  7472 610928 176360 1593720 80 20  0  0  0  0
303  1 340440 61185856 2302568 88931424    0    0  7104 720284 179382 1597529 80 19  0  0  0  0
292  0 340440 61190748 2302568 88931436    0    0  8608 678344 184096 1586660 80 20  1  0  0  0
377  3 340440 61185480 2302568 88931440    0    0  8544 650836 181840 1592241 79 20  0  0  0  0
procs -----------memory---------- ---swap-- -----io---- -system-- -------cpu-------
 r  b   swpd   free   buff  cache   si   so    bi    bo   in   cs us sy id wa st gu
205  1 340440 61192532 2302568 88931452    0    0  7792 659868 184120 1597090 80 20  0  0  0  0
388  1 340440 61186012 2302568 88931476    0    0  7184 665220 186493 1601336 79 20  1  0  0  0
385  1 340440 61187356 2302568 88931492    0    0  9008 674860 182033 1584970 80 20  0  0  0  0
312  0 340440 61196464 2302568 88931500    0    0  8032 660048 183315 1588499 79 20  1  0  0  0
371  0 340440 61201808 2302568 88931512    0    0  7744 668568 222010 1585737 79 20  0  0  0  0
361  0 340440 61186352 2302568 88931524    0    0  7872 693168 188749 1596073 80 20  1  0  0  0
325  0 340440 61189556 2302568 88931552    0    0  8272 729720 190413 1596567 79 20  1  0  0  0
340  2 340440 61183848 2302568 88931564    0    0  8560 643216 191242 1584718 80 20  0  0  0  0
361  1 340440 61188912 2302568 88931588    0    0  8096 632868 185216 1583857 79 20  0  0  0  0
301  0 340440 61190860 2302568 88931600    0    0  8112 643872 187255 1584078 79 20  0  0  0  0
200  1 340440 61181708 2302568 88931612    0    0  8400 691896 187358 1593147 79 20  1  0  0  0
378  0 340440 61171980 2302568 88931628    0    0  9136 686948 187086 1590369 79 20  0  0  0  0
378  1 340440 61177648 2302568 88931636    0    0  7744 661856 188785 1589432 79 20  1  0  0  0
343  3 340440 61173132 2302568 88931648    0    0  7856 710064 188302 1588831 79 20  1  0  0  0
377  0 340440 61177224 2302568 88931680    0    0  7472 649268 223003 1585827 79 21  0  0  0  0
372  0 340440 61174036 2302568 88931688    0    0  8080 638096 188394 1609926 80 20  0  0  0  0
193  0 340440 61177304 2302568 88931696    0    0  8352 714496 186790 1602143 80 20  1  0  0  0
386  0 340440 61170304 2302568 88931712    0    0  8160 703920 192211 1596035 79 20  1  0  0  0
318  0 340440 61170280 2302572 88931724    0    0  8672 658096 190354 1583604 79 20  1  0  0  0
378  3 340440 61176800 2302572 88931744    0    0  8896 683524 189837 1590298 79 20  1  0  0  0
334  0 340440 61179924 2302572 88931752    0    0  7776 671552 186579 1586077 79 20  1  0  0  0
procs -----------memory---------- ---swap-- -----io---- -system-- -------cpu-------
 r  b   swpd   free   buff  cache   si   so    bi    bo   in   cs us sy id wa st gu
358  0 340440 61186180 2302572 88931768    0    0  7520 664760 188809 1593168 79 20  1  0  0  0
363  0 340440 61180296 2302572 88931780    0    0  8336 649300 188391 1585992 79 20  0  0  0  0
360  1 340440 61176508 2302576 88931796    0    0  8272 696780 189292 1593114 79 20  1  0  0  0
371  0 340440 61191960 2302576 88931812    0    0  6800 718508 189702 1586618 79 20  1  0  0  0
363  0 340440 61188720 2302576 88931828    0    0  7840 567320 185615 1586412 79 20  1  0  0  0
311  1 340440 61180352 2302576 88931840    0    0  7648 705752 186958 1601702 79 20  0  0  0  0
226  2 340440 61175592 2302576 88931852    0    0  7184 670116 177753 1587229 80 20  0  0  0  0
163  1 340440 61173480 2302576 88931872    0    0  7520 689596 184287 1592404 79 20  1  0  0  0
322  0 340440 61171992 2302576 88931888    0    0  8032 691788 186533 1592388 79 20  1  0  0  0
152  1 340440 61181380 2302576 88931900    0    0  7440 720056 186001 1586052 79 20  1  0  0  0
330  0 340440 61178556 2302576 88931916    0    0  7360 621624 183479 1592289 79 20  1  0  0  0
339  1 340440 61173188 2302576 88931932    0    0  8480 728748 189215 1590220 79 20  1  0  0  0
378  0 340440 61175468 2302580 88931948    0    0  8320 600260 180190 1623387 80 19  0  0  0  0
374  0 340440 61169432 2302580 88931956    0    0  7488 745236 188558 1588597 80 20  1  0  0  0
252  0 340440 61168940 2302580 88931968    0    0  8768 634692 178747 1590981 79 20  0  0  0  0
361  0 340440 61167332 2302580 88931984    0    0  8704 686652 187589 1605840 79 20  1  0  0  0
250  0 340440 61168352 2302580 88931996    0    0  8864 691244 190448 1598307 79 20  1  0  0  0
369  0 340440 61172732 2302580 88932016    0    0  6944 633852 185062 1604562 79 20  1  0  0  0
368  1 340440 61154916 2302580 88932028    0    0  8992 713812 190100 1591485 79 20  1  0  0  0
298  0 340440 61151344 2302580 88932040    0    0  8608 607268 184861 1600300 79 20  1  0  0  0
380  0 340440 61156184 2302580 88932052    0    0  8976 696364 191245 1592406 79 20  1  0  0  0
procs -----------memory---------- ---swap-- -----io---- -system-- -------cpu-------
 r  b   swpd   free   buff  cache   si   so    bi    bo   in   cs us sy id wa st gu
313  0 340440 61165224 2302580 88932064    0    0  7488 681932 185569 1588294 79 20  1  0  0  0
333  1 340440 61160540 2302580 88932088    0    0  8112 699440 181666 1595894 79 20  0  0  0  0
169  1 340440 61165188 2302580 88932100    0    0  8160 679380 180552 1596078 80 20  0  0  0  0
350  0 340440 61163792 2302580 88932112    0    0  8064 693472 188051 1595345 79 20  1  0  0  0
230  2 340440 61165860 2302580 88932124    0    0  7952 646164 184135 1599607 79 20  1  0  0  0
346  0 340440 61162340 2302580 88932144    0    0  8672 617324 177697 1582614 80 20  0  0  0  0
375  1 340440 61178996 2302584 88932156    0    0  8640 744688 187278 1590209 79 20  1  0  0  0
350  1 340440 61177952 2302584 88932176    0    0  8080 660604 183742 1596001 79 20  1  0  0  0
372  0 340440 61166820 2302584 88932188    0    0  5824 675280 178603 1600934 80 20  0  0  0  0
320  3 340440 61164932 2302584 88932196    0    0  7792 664880 177084 1593544 80 20  0  0  0  0
225  0 340440 61174224 2302584 88932208    0    0  8768 670216 185758 1598939 80 20  1  0  0  0
354  2 340440 61180940 2302584 88932228    0    0  6928 787524 186233 1598000 79 20  1  0  0  0
312  2 340440 61174672 2302584 88932244    0    0  7232 628012 177776 1586242 80 20  1  0  0  0
379  0 340440 61171536 2302584 88932256    0    0  8496 698720 183751 1584175 79 20  1  0  0  0
395  0 340440 61168028 2302584 88932272    0    0  7488 647248 180127 1600387 80 20  0  0  0  0
365  0 340440 61165888 2302584 88932288    0    0  7424 662308 177631 1585613 80 20  0  0  0  0
355  0 340440 61169236 2302588 88932296    0    0  8928 722944 187682 1585052 79 20  1  0  0  0
400  0 340440 61176084 2302588 88932316    0    0  8512 713696 183664 1582573 79 20  1  0  0  0
356  0 340440 61173500 2302588 88932340    0    0  7584 590732 180135 1599344 79 20  1  0  0  0
363  0 340440 61164236 2302588 88932352    0    0  7136 699152 184781 1588900 79 20  1  0  0  0
280  0 340440 61178144 2302588 88932368    0    0  8992 662352 186290 1587144 79 20  1  0  0  0
procs -----------memory---------- ---swap-- -----io---- -system-- -------cpu-------
 r  b   swpd   free   buff  cache   si   so    bi    bo   in   cs us sy id wa st gu
394  2 340440 61168040 2302592 88932376    0    0  7920 699176 183509 1597808 79 20  1  0  0  0
272  0 340440 61159144 2302592 88932400    0    0  8928 638752 181254 1596389 80 20  0  0  0  0
338  2 340440 61160784 2302592 88932412    0    0  8464 723772 185310 1603645 80 20  0  0  0  0
377  1 340440 61157336 2302592 88932424    0    0  8240 588700 177917 1594292 80 20  0  0  0  0
354  1 340440 61158196 2302592 88932444    0    0  7744 771008 190459 1587325 79 20  1  0  0  0
331  0 340440 61159892 2302592 88932452    0    0  9520 617784 180428 1598005 80 19  1  0  0  0
359  0 340440 61154968 2302592 88932464    0    0  7152 675288 179362 1588609 80 20  0  0  0  0
256  1 340440 61148748 2302592 88932480    0    0  8208 685164 183534 1591647 80 20  1  0  0  0
386  0 340440 61155064 2302592 88932496    0    0  6320 716452 182057 1591302 79 20  0  0  0  0
304  1 340440 61158172 2302592 88932504    0    0  7552 636404 182481 1592386 79 20  1  0  0  0
247  3 340440 61154912 2302592 88932516    0    0  8400 706416 186123 1589374 79 20  1  0  0  0
321  0 340440 61157436 2302592 88932536    0    0  7008 707488 186917 1588464 79 20  1  0  0  0
365  0 340440 61156980 2302592 88932548    0    0  5488 674044 181601 1592175 80 20  1  0  0  0
376  0 340440 61160940 2302592 88932564    0    0  7696 694300 178719 1568136 80 20  0  0  0  0
322  0 340440 61159712 2302592 88932584    0    0  7984 541120 175467 1602459 80 20  1  0  0  0
339  0 340440 61159724 2302592 88932596    0    0  9024 768908 193779 1603676 79 20  1  0  0  0
376  1 340440 61156936 2302592 88932612    0    0  6784 608132 178918 1605593 80 20  0  0  0  0
197  0 340440 61164556 2302592 88932624    0    0  7840 746988 183326 1583853 79 20  0  0  0  0
334  0 340440 61160936 2302592 88932644    0    0  9856 616972 190120 1587016 79 20  1  0  0  0
221  0 340440 61165336 2302592 88932656    0    0  7840 694692 188035 1593507 79 20  1  0  0  0
312  0 340440 61164552 2302596 88932664    0    0  7600 642192 183770 1593323 80 20  0  0  0  0
procs -----------memory---------- ---swap-- -----io---- -system-- -------cpu-------
 r  b   swpd   free   buff  cache   si   so    bi    bo   in   cs us sy id wa st gu
276  1 340440 61169984 2302596 88932684    0    0  7616 750728 182200 1580283 80 20  1  0  0  0
364  0 340440 61170020 2302596 88932696    0    0  7520 700628 180689 1616673 80 19  0  0  0  0
383  0 340440 61166236 2302596 88932712    0    0  8160 609448 183982 1596661 80 20  1  0  0  0
374  0 340440 61164796 2302596 88932728    0    0  8304 711272 186714 1599320 79 20  1  0  0  0
338  0 340440 61162724 2302596 88932740    0    0  7808 778508 187480 1594426 79 20  0  0  0  0
362  0 340440 61158320 2302596 88932748    0    0  7824 625308 179175 1586390 80 20  0  0  0  0
220  0 340440 61156812 2302596 88932764    0    0  8672 686884 186426 1593329 79 20  1  0  0  0
344  0 340440 61152616 2302596 88932788    0    0  8320 667616 186303 1599203 79 20  1  0  0  0
292  0 340440 61149236 2302596 88932804    0    0  7360 543032 178046 1594262 79 20  1  0  0  0
393  0 340440 61148404 2302596 88932816    0    0  8752 729840 187004 1593567 79 20  1  0  0  0
280  0 340440 61150916 2302596 88932828    0    0  8464 661116 178049 1574720 80 20  0  0  0  0
352  1 340440 61153188 2302596 88932844    0    0  7856 725004 183532 1593992 79 20  0  0  0  0
247  2 340440 61148556 2302596 88932864    0    0  5808 640532 181683 1592693 79 20  0  0  0  0
338  0 340440 61153772 2302596 88932880    0    0  7616 729216 183431 1579912 80 20  0  0  0  0
344  1 340440 61157244 2302600 88932888    0    0  7312 621900 181068 1583465 80 20  1  0  0  0
349  0 340440 61163088 2302600 88932904    0    0  8112 613036 181364 1598987 79 20  1  0  0  0
378  1 340440 61157920 2302600 88932924    0    0  7104 673960 184106 1594402 80 20  0  0  0  0
384  1 340440 61163532 2302600 88932936    0    0  9360 714240 186289 1602300 79 20  1  0  0  0
374  2 340440 61166460 2302600 88932952    0    0  7616 667020 180822 1595419 80 20  0  0  0  0
378  0 340440 61163148 2302600 88932960    0    0  8992 666236 179653 1587904 80 19  0  0  0  0
365  0 340440 61157660 2302600 88932972    0    0  7488 695644 182753 1588926 79 20  0  0  0  0
procs -----------memory---------- ---swap-- -----io---- -system-- -------cpu-------
 r  b   swpd   free   buff  cache   si   so    bi    bo   in   cs us sy id wa st gu
321  0 340440 61167052 2302600 88932992    0    0  8272 709368 184657 1586204 79 20  1  0  0  0
330  1 340440 61163124 2302600 88933012    0    0  8464 654100 176689 1580789 80 20  0  0  0  0
369  0 340440 61165952 2302600 88933020    0    0  7920 636076 179862 1599174 80 20  0  0  0  0
314  0 340440 61165344 2302600 88933032    0    0  6128 681980 183238 1592041 79 20  1  0  0  0
367  0 340440 61172732 2302600 88933048    0    0  8368 727496 187711 1602303 80 20  1  0  0  0
303  0 340440 61175208 2302600 88933068    0    0  8016 599172 176639 1593230 80 20  0  0  0  0
320  0 340440 61168732 2302600 88933080    0    0  9536 722428 186615 1586746 79 20  1  0  0  0
345  1 340440 61181148 2302600 88933092    0    0  7408 667276 186347 1595659 79 20  1  0  0  0
303  1 340440 61179912 2302600 88933108    0    0  7488 650920 181291 1583040 80 20  0  0  0  0
354  1 340440 61183428 2302600 88933124    0    0  7136 684880 180363 1580196 80 20  0  0  0  0
360  0 340440 61187540 2302600 88933144    0    0  8208 681032 184042 1586192 79 20  1  0  0  0
314  0 340440 61188940 2302600 88933156    0    0  8288 692132 181471 1585087 79 20  0  0  0  0
359  0 340440 61199388 2302600 88933168    0    0  8672 686296 184306 1591694 79 20  1  0  0  0
344  1 340440 61199152 2302600 88933180    0    0  8704 617308 180425 1590445 79 20  1  0  0  0
288  5 340440 61196316 2302600 88933196    0    0  8192 661160 187134 1592875 79 20  1  0  0  0
336  0 340440 61196804 2302600 88933216    0    0  6704 729388 183529 1603825 79 20  1  0  0  0
367  1 340440 61192212 2302600 88933228    0    0  8016 681280 183239 1591748 80 19  0  0  0  0
360  0 340440 61188664 2302600 88933244    0    0  8592 642556 181345 1598165 79 20  1  0  0  0
321  0 340440 61192016 2302600 88933256    0    0  8928 703120 187001 1591146 79 20  1  0  0  0
334  0 340440 61189932 2302600 88933264    0    0  7920 650324 184851 1603954 79 20  1  0  0  0
169  0 340440 61188656 2302600 88933288    0    0  7296 642136 178830 1592081 80 20  0  0  0  0
procs -----------memory---------- ---swap-- -----io---- -system-- -------cpu-------
 r  b   swpd   free   buff  cache   si   so    bi    bo   in   cs us sy id wa st gu
303  2 340440 61190032 2302600 88933304    0    0  8928 711596 185126 1576965 79 20  1  0  0  0
290  0 340440 61187748 2302600 88933328    0    0  8256 673528 181405 1583158 80 20  0  0  0  0
368  0 340440 61186708 2302600 88933340    0    0  7840 693976 182352 1588325 80 20  1  0  0  0
334  1 340440 61179856 2302600 88933360    0    0  8032 594160 175208 1590268 80 20  0  0  0  0
341  0 340440 61180108 2302600 88933368    0    0  8144 723916 187197 1592974 79 20  1  0  0  0
388  0 340440 61184136 2302600 88933392    0    0  7776 702156 183641 1586408 79 20  1  0  0  0
308  0 340440 61185988 2302600 88933404    0    0  8224 678352 177746 1592059 80 20  0  0  0  0
302  2 340440 61185876 2302604 88933412    0    0  7776 654476 179027 1582967 80 20  0  0  0  0
288  0 340440 61178552 2302604 88933428    0    0  8576 694976 182347 1584445 79 20  1  0  0  0
370  0 340440 61175972 2302604 88933444    0    0  7968 672636 179691 1589072 80 20  0  0  0  0
305  0 340440 61184556 2302604 88933460    0    0  7888 676020 183904 1590750 79 20  1  0  0  0
350  2 340440 61184880 2302604 88933476    0    0  6496 648364 178227 1583317 80 20  0  0  0  0
339  0 340440 61181612 2302604 88933488    0    0  7744 707148 180001 1587901 80 20  0  0  0  0
284  1 340440 61182376 2302608 88933500    0    0  8944 655848 175359 1599025 80 19  0  0  0  0
337  0 340440 61186248 2302608 88933508    0    0  8336 697480 185431 1587107 79 20  1  0  0  0
380  0 340440 61183896 2302608 88933524    0    0  6832 648588 181829 1593033 79 20  1  0  0  0
346  0 340440 61187064 2302608 88933536    0    0  8976 677176 185919 1598100 79 20  1  0  0  0
297  0 340440 61184532 2302608 88933548    0    0  8736 699296 180290 1592068 79 20  1  0  0  0
373  0 340440 61191940 2302608 88933564    0    0  8656 672540 186342 1593390 79 20  1  0  0  0
379  0 340440 61184896 2302608 88933584    0    0  6800 604252 171095 1580661 80 20  0  0  0  0
298  0 340440 61183880 2302608 88933596    0    0  8336 747176 183931 1582004 79 20  1  0  0  0
procs -----------memory---------- ---swap-- -----io---- -system-- -------cpu-------
 r  b   swpd   free   buff  cache   si   so    bi    bo   in   cs us sy id wa st gu
352  0 340440 61189040 2302608 88933616    0    0  8688 676060 181161 1578998 80 20  0  0  0  0
342  0 340440 61195664 2302612 88933624    0    0  8672 676156 181828 1591181 79 20  1  0  0  0
354  0 340440 61195136 2302612 88933648    0    0  8032 674676 182406 1591231 80 20  0  0  0  0
386  0 340440 61201912 2302612 88933660    0    0  8096 675592 182194 1591333 79 20  1  0  0  0
363  0 340440 61194016 2302612 88933680    0    0  8768 667356 181199 1598496 80 20  0  0  0  0
351  0 340440 61201428 2302612 88933692    0    0  8384 681364 184536 1588045 79 20  1  0  0  0
169  1 340440 61206752 2302612 88933712    0    0  7008 667748 183253 1594849 79 20  1  0  0  0
354  0 340440 61205656 2302612 88933728    0    0  8640 675340 189680 1596424 79 20  1  0  0  0
350  0 340440 61207880 2302612 88933740    0    0  9120 656368 182753 1594915 79 20  1  0  0  0
209  0 340440 61201300 2302612 88933756    0    0  9104 687516 186139 1598225 80 20  1  0  0  0
321  0 340440 61195080 2302612 88933768    0    0  7152 678492 180261 1609188 80 19  0  0  0  0
309  0 340440 61191812 2302612 88933776    0    0  6944 674036 182247 1583090 80 20  0  0  0  0
337  0 340440 61189304 2302612 88933796    0    0  8896 676012 183866 1584415 79 20  1  0  0  0
382  1 340440 61190976 2302612 88933808    0    0  8256 678812 179082 1583589 80 20  0  0  0  0
262  0 340440 61188468 2302612 88933820    0    0  7296 676652 181647 1587729 79 20  1  0  0  0
360  0 340440 61186224 2302612 88933840    0    0  8112 674708 187450 1596021 79 20  1  0  0  0
347  0 340440 61177892 2302612 88933856    0    0  8208 676560 182617 1594115 79 20  1  0  0  0
266  0 340440 61187992 2302612 88933872    0    0  8704 679240 175213 1584429 80 20  0  0  0  0
350  0 340440 61186144 2302612 88933884    0    0  7232 680444 184374 1599452 80 20  1  0  0  0
279  0 340440 61190696 2302612 88933904    0    0  8944 678424 180789 1587502 80 20  0  0  0  0
348  0 340440 61184760 2302612 88933924    0    0  7040 678064 179293 1589464 79 20  0  0  0  0
procs -----------memory---------- ---swap-- -----io---- -system-- -------cpu-------
 r  b   swpd   free   buff  cache   si   so    bi    bo   in   cs us sy id wa st gu
281  0 340440 61182872 2302612 88933940    0    0  8544 677208 184387 1583331 79 20  1  0  0  0
258  0 340440 61188040 2302612 88933952    0    0  6416 678368 179263 1594067 80 20  0  0  0  0
328  0 340440 61179944 2302612 88933964    0    0  7232 675388 183443 1591449 79 20  1  0  0  0
289  0 340440 61189188 2302612 88933976    0    0  7872 678068 182307 1581939 79 20  1  0  0  0
375  0 340440 61181184 2302612 88933992    0    0  7648 678608 181261 1582186 79 20  0  0  0  0
371  0 340440 61184660 2302612 88934004    0    0  7504 678408 183104 1582053 79 20  1  0  0  0
264  0 340440 61187984 2302612 88934024    0    0  7440 678852 181283 1590181 79 20  1  0  0  0
347  0 340440 61192880 2302612 88934032    0    0  7680 679908 179838 1596530 80 20  1  0  0  0
317  0 340440 61198128 2302612 88934036    0    0  7248 672184 180448 1589923 80 20  0  0  0  0
360  0 340440 61187420 2302612 88934060    0    0  6928 685840 181973 1587094 79 20  0  0  0  0
318  2 340440 61182020 2302612 88934076    0    0  7344 677268 182081 1599816 79 20  1  0  0  0
316  0 340440 61186868 2302612 88934088    0    0  8640 672404 181614 1600525 80 20  1  0  0  0
365  0 340440 61183028 2302612 88934100    0    0  7600 674516 185221 1587704 79 20  1  0  0  0
308  0 340440 61180264 2302612 88934116    0    0  7600 672140 183207 1592554 79 20  1  0  0  0
213  0 340440 61184220 2302612 88934132    0    0  7488 675008 183561 1582131 79 20  1  0  0  0
301  0 340440 61183048 2302612 88934148    0    0  8336 673116 183592 1589186 79 20  1  0  0  0
347  0 340440 61179224 2302612 88934168    0    0  8192 671340 184498 1601975 79 20  0  0  0  0
147  0 340440 61184552 2302612 88934184    0    0  7584 674804 180397 1578817 79 20  1  0  0  0
281  0 340440 61183820 2302612 88934196    0    0  7168 675560 184229 1597135 79 20  0  0  0  0
389  0 340440 61178460 2302612 88934208    0    0  7664 673676 183073 1597636 79 20  0  0  0  0
355  0 340440 61179608 2302612 88934228    0    0  8896 672100 185273 1584151 79 20  1  0  0  0
procs -----------memory---------- ---swap-- -----io---- -system-- -------cpu-------
 r  b   swpd   free   buff  cache   si   so    bi    bo   in   cs us sy id wa st gu
123  1 340440 61177252 2302612 88934240    0    0  9408 669440 183850 1589689 80 20  1  0  0  0
318  0 340440 61181420 2302612 88934252    0    0  8000 671060 184224 1586892 79 20  1  0  0  0
379  1 340440 61181552 2302612 88934272    0    0  8512 670784 183419 1596473 80 20  1  0  0  0
213  0 340440 61183264 2302612 88934284    0    0  7456 673832 183720 1597446 80 20  1  0  0  0
363  0 340440 61183172 2302616 88934292    0    0  9424 670680 188038 1601869 80 19  1  0  0  0
339  0 340440 61181684 2302616 88934308    0    0  6368 672492 182388 1601954 80 20  0  0  0  0
305  0 340440 61185612 2302616 88934320    0    0  9184 670120 182298 1601359 79 20  0  0  0  0
314  0 340440 61185096 2302616 88934332    0    0  8160 670380 186557 1590736 79 20  1  0  0  0
272  0 340440 61183768 2302616 88934348    0    0  8112 671112 183188 1586637 80 20  0  0  0  0
363  0 340440 61185376 2302616 88934368    0    0  7792 670304 187549 1606547 79 20  1  0  0  0
333  0 340440 61189156 2302616 88934380    0    0  8480 669900 181820 1588837 79 20  0  0  0  0
236  0 340440 61189924 2302616 88934392    0    0  8608 668876 188084 1592715 79 20  1  0  0  0
351  0 340440 61182204 2302616 88934408    0    0  8544 673952 180895 1587496 79 20  1  0  0  0
325  1 340440 61182880 2302616 88934420    0    0  7296 674820 183913 1590026 79 20  0  0  0  0
130  1 340440 61180724 2302616 88934444    0    0  9152 668084 186681 1593360 79 20  1  0  0  0
362  0 340440 61184280 2302616 88934456    0    0  8864 669372 188917 1591938 79 20  1  0  0  0
328  1 340440 61185240 2302616 88934472    0    0  8864 668056 185130 1588212 79 20  1  0  0  0
163  0 340440 61197964 2302616 88934488    0    0  6928 674248 183179 1598040 79 20  1  0  0  0
384  0 340440 61187052 2302616 88934500    0    0  7504 670624 185763 1591730 79 20  1  0  0  0
153  0 340440 61195592 2302616 88934520    0    0  8176 672700 188210 1591528 79 20  1  0  0  0
361  1 340440 61196244 2302616 88934536    0    0  9136 669796 185170 1591513 79 20  1  0  0  0
procs -----------memory---------- ---swap-- -----io---- -system-- -------cpu-------
 r  b   swpd   free   buff  cache   si   so    bi    bo   in   cs us sy id wa st gu
265  0 340440 61192220 2302616 88934548    0    0  6944 673388 185400 1593059 79 20  1  0  0  0
368  0 340440 61185804 2302616 88934560    0    0  8096 671984 183628 1600425 80 20  1  0  0  0
315  0 340440 61178376 2302616 88934568    0    0  8144 671080 182930 1596669 80 20  1  0  0  0
366  0 340440 61171444 2302616 88934588    0    0  8384 670660 182347 1590796 79 20  1  0  0  0
256  0 340440 61172252 2302616 88934604    0    0  7408 671436 183492 1588885 79 20  1  0  0  0
205  0 340440 61178580 2302616 88934620    0    0  7968 673072 180350 1586945 80 20  0  0  0  0
382  0 340440 61190692 2302616 88934632    0    0  9520 672096 177324 1595887 80 20  0  0  0  0
247  0 340440 61189808 2302616 88934648    0    0  8528 671148 182387 1580453 80 20  1  0  0  0
194  0 340440 61182180 2302620 88934660    0    0  7264 672388 185887 1593910 79 20  1  0  0  0
98  0 340440 61183416 2302620 88934680    0    0  8592 672560 180246 1583811 79 20  1  0  0  0
319  0 340440 61184216 2302620 88934692    0    0  9264 670564 183528 1601842 79 20  1  0  0  0
363  0 340440 61184044 2302620 88934704    0    0  7200 671100 182559 1596899 80 20  0  0  0  0
358  0 340440 61187640 2302620 88934720    0    0  8272 671652 182969 1586758 79 20  1  0  0  0
360  0 340440 61182376 2302620 88934736    0    0  8288 668956 186578 1590964 79 20  1  0  0  0
245  1 340440 61190108 2302620 88934756    0    0  9584 667784 189457 1603909 79 20  1  0  0  0
284  1 340440 61185912 2302620 88934764    0    0  7824 670712 185352 1599032 80 20  0  0  0  0
291  0 340440 61182332 2302620 88934780    0    0  7408 673060 189883 1597219 79 20  1  0  0  0
289  0 340440 61183520 2302620 88934796    0    0  7376 676080 180640 1598520 79 20  1  0  0  0
360  0 340440 61185352 2302620 88934804    0    0  8160 669224 191311 1598605 79 20  1  0  0  0
334  0 340440 61176548 2302620 88934820    0    0  8176 670764 187103 1611114 80 20  1  0  0  0
362  1 340440 61180800 2302620 88934828    0    0  6448 672624 186078 1605283 80 19  0  0  0  0
procs -----------memory---------- ---swap-- -----io---- -system-- -------cpu-------
 r  b   swpd   free   buff  cache   si   so    bi    bo   in   cs us sy id wa st gu
334  0 340440 61182276 2302620 88934840    0    0  8624 673640 180506 1593021 79 20  1  0  0  0
326  0 340440 61180132 2302620 88934856    0    0  8336 671956 181584 1582961 79 20  1  0  0  0
308  0 340440 61180448 2302624 88934864    0    0  8800 672516 188235 1591510 79 20  1  0  0  0
193  0 340440 61181916 2302624 88934888    0    0  6688 675440 181877 1588796 80 20  0  0  0  0
328  0 340440 61177804 2302624 88934900    0    0  7824 674392 183635 1589580 79 20  1  0  0  0
375  1 340440 61169796 2302624 88934916    0    0  7696 675072 184528 1593606 79 20  0  0  0  0
238  0 340440 61171996 2302624 88934928    0    0  8032 670088 186259 1607574 80 20  1  0  0  0
373  0 340440 61174648 2302628 88934940    0    0  8384 673620 187774 1584256 79 20  1  0  0  0
321  0 340440 61178816 2302628 88934960    0    0  5856 679868 180304 1599909 80 20  0  0  0  0
387  1 340440 61173300 2302628 88934976    0    0  8368 671360 182195 1591410 79 20  1  0  0  0
387  0 340440 61175376 2302628 88934988    0    0  7216 678152 183260 1588038 79 20  1  0  0  0
369  0 340440 61174228 2302628 88935000    0    0  8672 675540 176928 1590489 80 20  0  0  0  0
298  1 340440 61167356 2302628 88935024    0    0  6656 673836 179781 1596094 80 20  0  0  0  0
322  0 340440 61170020 2302628 88935044    0    0  8080 672296 187866 1599395 79 20  1  0  0  0
242  0 340440 61173892 2302628 88935056    0    0  8304 675436 183119 1582231 79 20  1  0  0  0
310  0 340440 61185472 2302628 88935076    0    0  7872 673688 185388 1588908 79 20  1  0  0  0
383  1 340440 61184900 2302628 88935088    0    0  7136 678508 182961 1594363 79 20  1  0  0  0
215  0 340440 61182804 2302628 88935104    0    0  7696 669920 188396 1606764 79 20  1  0  0  0
241  0 340440 61193924 2302628 88935116    0    0  7632 674024 193717 1596406 79 20  1  0  0  0
334  0 340440 61191228 2302628 88935132    0    0  7872 676288 186668 1611789 79 20  1  0  0  0
308  0 340440 61178176 2302628 88935140    0    0  7888 677344 187130 1600706 79 20  1  0  0  0
procs -----------memory---------- ---swap-- -----io---- -system-- -------cpu-------
 r  b   swpd   free   buff  cache   si   so    bi    bo   in   cs us sy id wa st gu
381  1 340440 61179056 2302628 88935156    0    0  8672 676040 185962 1583248 79 20  1  0  0  0
368  0 340440 61177992 2302628 88935168    0    0  7872 676468 183632 1597052 79 20  1  0  0  0
237  1 340440 61172092 2302628 88935188    0    0  8352 674800 188354 1592783 79 20  1  0  0  0
280  0 340440 61169504 2302628 88935208    0    0  7488 673320 184980 1607515 80 20  0  0  0  0
359  0 340440 61167780 2302628 88935228    0    0  7648 675436 182642 1593562 79 20  1  0  0  0
346  0 340440 61156828 2302628 88935232    0    0  8000 674220 181485 1594284 80 20  0  0  0  0
254  0 340440 61161860 2302628 88935244    0    0  8400 676316 179669 1594346 80 20  0  0  0  0
354  0 340440 61169908 2302628 88935256    0    0  7072 677068 183403 1576665 79 20  1  0  0  0
194  0 340440 61175916 2302628 88935280    0    0  7200 678296 181116 1599880 79 20  1  0  0  0
348  0 340440 61174892 2302632 88935292    0    0  9248 673516 188262 1586680 79 20  1  0  0  0
360  0 340440 61170316 2302632 88935360    0    0  7952 676660 190539 1595245 79 20  1  0  0  0
328  0 340440 61166564 2302632 88935368    0    0  7680 675904 183396 1603209 79 20  1  0  0  0
367  0 340440 61155576 2302632 88935380    0    0  7168 676244 183539 1594688 79 20  1  0  0  0
261  0 340440 61154060 2302632 88935400    0    0  7040 673696 179366 1589345 80 20  0  0  0  0
279  0 340440 61148936 2302632 88935412    0    0  8336 674520 184983 1609590 80 20  1  0  0  0
257  1 340440 61150296 2302632 88935420    0    0  7936 676872 182345 1588914 80 20  1  0  0  0
349  0 340440 61140960 2302632 88935432    0    0  8112 675084 187494 1587834 79 20  1  0  0  0
279  0 340440 61141396 2302632 88935452    0    0  7008 672460 184912 1590065 79 20  1  0  0  0
367  0 340440 61144880 2302632 88935468    0    0  7328 675876 179787 1589634 80 20  0  0  0  0
305  0 340440 61133376 2302636 88935476    0    0  8384 673932 183677 1597998 79 20  1  0  0  0
286  1 340440 61133232 2302636 88935492    0    0  7648 674684 185384 1585110 79 20  1  0  0  0
procs -----------memory---------- ---swap-- -----io---- -system-- -------cpu-------
 r  b   swpd   free   buff  cache   si   so    bi    bo   in   cs us sy id wa st gu
354  0 340440 61145076 2302636 88935508    0    0  7776 673464 187262 1599417 80 20  1  0  0  0
371  0 340440 61149772 2302636 88935520    0    0  7488 668788 184271 1607368 80 20  0  0  0  0
313  0 340440 61151632 2302636 88935540    0    0  7792 673504 185415 1588497 79 20  1  0  0  0
258  1 340440 61154884 2302636 88935552    0    0  8864 674864 187443 1585292 79 20  1  0  0  0
378  0 340440 61147288 2302636 88935576    0    0  6800 675396 184872 1588849 79 20  1  0  0  0
335  0 340440 61138628 2302636 88935588    0    0  7824 674184 181354 1582448 79 20  1  0  0  0
185  1 340440 61140808 2302636 88935604    0    0  7056 674492 185303 1585856 79 20  0  0  0  0
238  0 340440 61140668 2302636 88935616    0    0  7744 670624 185003 1588539 79 20  1  0  0  0
241  0 340440 61141856 2302644 88935620    0    0  7584 670236 187735 1595352 79 20  1  0  0  0
289  0 340440 61150356 2302644 88935640    0    0  7888 670580 184996 1595572 79 20  1  0  0  0
330  0 340440 61150148 2302644 88935656    0    0  8256 669816 189047 1589615 79 20  1  0  0  0
352  1 340440 61152584 2302644 88935672    0    0  8320 671284 185028 1591923 79 20  1  0  0  0
315  0 340440 61152408 2302644 88935688    0    0  5552 671100 181850 1605375 80 19  0  0  0  0
175  0 340440 61147596 2302644 88935700    0    0  7184 668392 183897 1592269 79 20  1  0  0  0
309  0 340440 61145532 2302644 88935716    0    0  8032 671796 184847 1594342 79 20  1  0  0  0
276  0 340440 61151008 2302644 88935728    0    0  9184 669320 192139 1590747 79 20  1  0  0  0
356  0 340440 61150176 2302644 88935744    0    0  6768 670380 191464 1606498 79 20  1  0  0  0
328  0 340440 61155580 2302644 88935756    0    0  8096 674200 190242 1596057 79 20  1  0  0  0
316  0 340440 61151268 2302644 88935780    0    0  7936 675696 186544 1584632 79 20  1  0  0  0
296  0 340440 61142648 2302644 88935792    0    0  8032 669844 186675 1592384 79 20  1  0  0  0
201  0 340440 61144216 2302644 88935808    0    0  8704 668372 189308 1584758 79 20  1  0  0  0
procs -----------memory---------- ---swap-- -----io---- -system-- -------cpu-------
 r  b   swpd   free   buff  cache   si   so    bi    bo   in   cs us sy id wa st gu
348  0 340440 61140840 2302644 88935820    0    0  8144 677640 186592 1594955 79 20  1  0  0  0
338  0 340440 61147224 2302644 88935836    0    0  8688 673708 186800 1589927 79 20  1  0  0  0
317  1 340440 61141240 2302644 88935852    0    0  8112 670968 191393 1591432 79 20  1  0  0  0
358  0 340440 61135848 2302644 88935864    0    0  7824 671716 187423 1591648 79 20  1  0  0  0
305  1 340440 61137748 2302644 88935876    0    0  7360 672448 180901 1594889 79 20  0  0  0  0
349  0 340440 61136568 2302644 88935888    0    0  7888 673632 182545 1603632 79 20  1  0  0  0
336  1 340440 61132476 2302644 88935900    0    0  8816 671892 186541 1596652 79 20  1  0  0  0
305  0 340440 61131932 2302644 88935924    0    0  8768 668892 182979 1590136 79 20  1  0  0  0
371  0 340440 61134040 2302644 88935936    0    0  6912 669448 186326 1593662 79 20  1  0  0  0
274  0 340440 61129256 2302644 88935948    0    0  9280 666288 204041 1616920 78 20  2  0  0  0
350  1 340440 61129336 2302644 88935960    0    0  8944 674100 185785 1601349 80 20  0  0  0  0
337  0 340440 61130960 2302644 88935968    0    0  7616 668520 185520 1599038 80 20  1  0  0  0
333  0 340440 61131836 2302644 88935984    0    0  7632 667900 187338 1594550 79 20  1  0  0  0
197  1 340440 61131304 2302644 88936000    0    0  8112 667732 189886 1598486 79 20  1  0  0  0
246  0 340440 61127908 2302644 88936024    0    0  8048 670340 187761 1588817 79 20  1  0  0  0
359  0 340440 61128276 2302644 88936032    0    0  8816 669184 191923 1603812 79 20  1  0  0  0
238  0 340440 61123752 2302644 88936048    0    0  7296 672104 187820 1586885 79 20  1  0  0  0
398  0 340440 61121716 2302648 88936068    0    0  8384 673104 182784 1595163 80 20  0  0  0  0
235  0 340440 61114364 2302648 88936076    0    0  9312 671904 189521 1585377 79 20  1  0  0  0
347  0 340440 61118552 2302648 88936092    0    0  7424 670800 184253 1590820 80 20  0  0  0  0
288  0 340440 61122508 2302648 88936104    0    0  7504 673448 182909 1594506 80 20  0  0  0  0
procs -----------memory---------- ---swap-- -----io---- -system-- -------cpu-------
 r  b   swpd   free   buff  cache   si   so    bi    bo   in   cs us sy id wa st gu
341  0 340440 61116820 2302648 88936116    0    0  8176 674672 184042 1584529 79 20  0  0  0  0
364  0 340440 61121432 2302652 88936132    0    0  8592 669252 189384 1599432 79 20  1  0  0  0
346  0 340440 61119992 2302652 88936148    0    0  7904 670748 196885 1585116 78 20  2  0  0  0
320  0 340440 61123676 2302652 88936164    0    0  6736 671008 185095 1589077 79 20  1  0  0  0
290  0 340440 61132304 2302652 88936176    0    0  7680 675020 183341 1598105 79 20  0  0  0  0
227  1 340440 61122048 2302652 88936192    0    0  7200 675176 183873 1585389 80 20  0  0  0  0
360  0 340440 61128508 2302652 88936208    0    0  7856 672872 185681 1610668 80 20  1  0  0  0
373  0 340440 61117984 2302652 88936216    0    0  7952 673876 182877 1606720 80 19  0  0  0  0
318  0 340440 61120508 2302652 88936236    0    0  8512 674648 183412 1581433 79 20  1  0  0  0
376  0 340440 61131188 2302652 88936252    0    0  8560 672840 188459 1587710 79 20  1  0  0  0
215  0 340440 61126040 2302652 88936264    0    0  7616 672228 185283 1601540 79 20  1  0  0  0
334  0 340440 61129040 2302652 88936280    0    0  6320 672388 188924 1583381 79 20  1  0  0  0
383  0 340440 61135504 2302656 88936308    0    0  8656 670856 193586 1595860 78 20  1  0  0  0
243  0 340440 61135036 2302656 88936308    0    0  8224 669900 190858 1595404 79 20  1  0  0  0
325  0 340440 61129988 2302656 88936320    0    0  9600 671236 190992 1591149 78 20  2  0  0  0
361  0 340440 61126580 2302656 88936336    0    0  8192 671072 212862 1611616 76 20  3  0  0  0
382  0 340440 61130344 2302656 88936348    0    0  7168 673736 191257 1601083 79 20  1  0  0  0
253  1 340440 61133240 2302656 88936364    0    0  8224 674840 184606 1583644 79 20  0  0  0  0
347  0 340440 61137268 2302656 88936380    0    0  8128 671980 189748 1595501 79 20  1  0  0  0
325  0 340440 61138792 2302656 88936392    0    0  6240 672824 186047 1583625 79 20  1  0  0  0
356  1 340440 61135196 2302656 88936404    0    0  8064 672088 187750 1597206 79 20  1  0  0  0
procs -----------memory---------- ---swap-- -----io---- -system-- -------cpu-------
 r  b   swpd   free   buff  cache   si   so    bi    bo   in   cs us sy id wa st gu
380  0 340440 61127152 2302656 88936424    0    0  7264 672136 190584 1600407 79 20  1  0  0  0
361  0 340440 61128700 2302656 88936432    0    0  8784 670408 192422 1593670 79 20  1  0  0  0
287  1 340440 61125976 2302656 88936448    0    0  7808 670900 188192 1594738 79 20  1  0  0  0
354  0 340440 61126692 2302656 88936468    0    0  6768 673108 193016 1621264 79 20  1  0  0  0
313  0 340440 61132572 2302656 88936476    0    0  8320 675228 183512 1600553 80 19  1  0  0  0
264  0 340440 61124964 2302656 88936492    0    0  8480 673196 190110 1590892 79 20  1  0  0  0
370  0 340440 61130384 2302656 88936520    0    0  8448 672356 206059 1620493 78 20  1  0  0  0
308  0 340440 61125132 2302656 88936520    0    0  6832 672376 190697 1580110 77 20  2  0  0  0
321  0 340440 61129964 2302656 88936536    0    0  8144 671232 202320 1589301 77 20  4  0  0  0
247  1 340440 61143200 2302656 88936556    0    0  7568 672912 181375 1588733 80 20  0  0  0  0
332  0 340440 61139068 2302660 88936564    0    0  7888 673904 185117 1607251 79 20  1  0  0  0
373  1 340440 61130856 2302660 88936592    0    0  5632 675412 189201 1593011 79 20  1  0  0  0
319  0 340440 61129496 2302660 88936612    0    0  8336 677212 190865 1582229 79 20  1  0  0  0
344  0 340440 61131552 2302660 88936612    0    0  8672 674508 188329 1599306 79 20  1  0  0  0
314  0 340440 61127448 2302660 88936624    0    0  8896 674712 184954 1592482 79 20  1  0  0  0
353  0 340440 61133332 2302664 88936644    0    0  5072 674248 177992 1590779 80 20  0  0  0  0
310  0 340440 61142872 2302664 88936664    0    0  7696 672288 181587 1594813 80 20  0  0  0  0
330  0 340440 61152540 2302664 88936680    0    0  7552 677476 182894 1587927 79 20  1  0  0  0
321  1 340440 61147824 2302664 88936696    0    0  8000 684236 183230 1600221 80 20  0  0  0  0
325  0 340440 61153672 2302664 88936704    0    0  8112 667028 182944 1591813 79 20  1  0  0  0
364  0 340440 61149608 2302668 88936724    0    0  7392 672900 187994 1596260 79 20  1  0  0  0
procs -----------memory---------- ---swap-- -----io---- -system-- -------cpu-------
 r  b   swpd   free   buff  cache   si   so    bi    bo   in   cs us sy id wa st gu
351  4 340440 61151068 2302668 88936740    0    0  8016 690632 182336 1594300 79 20  1  0  0  0
264  0 340440 61151512 2302668 88936744    0    0  7552 663828 182700 1607544 80 19  0  0  0  0
355  0 340440 61157480 2302668 88936760    0    0  8480 677508 178853 1598727 80 19  0  0  0  0
294  1 340440 61149228 2302668 88936772    0    0  5616 687776 178149 1590273 80 20  0  0  0  0
325  0 340440 61146972 2302668 88936780    0    0  8224 678460 181191 1579643 79 20  1  0  0  0
302  0 340440 61140272 2302668 88936808    0    0  7680 671732 180863 1592057 80 20  1  0  0  0
217  0 340440 61137544 2302668 88936828    0    0  8768 685324 185881 1599593 80 20  0  0  0  0
82  0 340440 61147700 2302668 88936840    0    0  6896 662452 181122 1584587 79 20  1  0  0  0
377  0 340440 61152820 2302668 88936856    0    0  7872 671664 184952 1593117 80 20  1  0  0  0
304  0 340440 61152660 2302668 88936868    0    0  7840 681820 180237 1591102 80 20  0  0  0  0
218  0 340440 61154672 2302668 88936884    0    0  7360 673860 181928 1584301 80 20  1  0  0  0
365  2 340440 61151564 2302668 88936900    0    0  7488 681880 182265 1594348 79 20  1  0  0  0
349  3 340440 61159800 2302668 88936920    0    0  7552 678260 184701 1597341 79 20  1  0  0  0
396  0 340440 61152416 2302668 88936932    0    0  7472 665824 180937 1593547 80 20  1  0  0  0
255  0 340440 61153988 2302668 88936948    0    0  7056 681352 181047 1584775 79 20  0  0  0  0
397  0 340440 61159408 2302668 88936960    0    0  8528 660580 182367 1593266 79 20  0  0  0  0
361  0 340440 61152128 2302668 88936976    0    0  8144 672608 192313 1604377 79 20  1  0  0  0
357  0 340440 61162728 2302668 88936988    0    0  8768 686712 185465 1591484 79 20  1  0  0  0
313  0 340440 61164992 2302668 88937008    0    0  8688 674856 187102 1599180 79 20  1  0  0  0
361  0 340440 61154088 2302668 88937020    0    0  7248 669132 185059 1610956 79 20  1  0  0  0
382  2 340440 61151112 2302672 88937028    0    0  6832 665628 183508 1614518 80 20  0  0  0  0
procs -----------memory---------- ---swap-- -----io---- -system-- -------cpu-------
 r  b   swpd   free   buff  cache   si   so    bi    bo   in   cs us sy id wa st gu
365  2 340440 61155680 2302672 88937044    0    0  7632 702856 182708 1590614 80 20  1  0  0  0
379  0 340440 61149428 2302672 88937060    0    0  8560 651124 180405 1589863 80 20  0  0  0  0
257  0 340440 61149160 2302672 88937076    0    0  7472 678516 181701 1591738 80 20  0  0  0  0
372  1 340440 61152576 2302672 88937092    0    0  6080 708592 181491 1590263 80 20  0  0  0  0
357  0 340440 61161212 2302672 88937108    0    0  8096 636964 181977 1587145 79 20  1  0  0  0
296  3 340440 61166600 2302672 88937116    0    0  8336 701764 187508 1596230 79 20  1  0  0  0
384  1 340440 61163160 2302672 88937136    0    0  8064 706948 181983 1591929 79 20  0  0  0  0
211  1 340440 61167440 2302672 88937148    0    0  6288 647208 176666 1582670 79 20  1  0  0  0
376  0 340440 61164020 2302672 88937160    0    0  6944 660240 179790 1591002 80 20  0  0  0  0
364  1 340440 61170348 2302672 88937172    0    0  6864 670800 179876 1588877 80 20  0  0  0  0
345  0 340440 61169520 2302672 88937188    0    0  8112 667332 185489 1606249 79 20  1  0  0  0
296  0 340440 61159424 2302672 88937204    0    0  8032 685960 188454 1592249 79 20  1  0  0  0
278  0 340440 61179976 2302672 88937220    0    0  7264 673336 185014 1593610 79 20  1  0  0  0
195  0 340440 61170688 2302672 88937232    0    0  7488 693152 180714 1582225 79 20  0  0  0  0
362  1 340440 61170700 2302672 88937244    0    0  7904 661136 181657 1600931 80 20  0  0  0  0
316  0 340440 61171056 2302672 88937256    0    0  8512 655032 186345 1588637 79 20  1  0  0  0
376  0 340440 61177380 2302672 88937280    0    0  6464 666104 179866 1579663 80 20  1  0  0  0
330  1 340440 61174596 2302672 88937288    0    0  8752 720940 185939 1608265 80 19  0  0  0  0
403  0 340440 61172812 2302672 88937296    0    0  8144 685860 186542 1601337 80 20  1  0  0  0
349  1 340440 61178672 2302672 88937312    0    0  9072 654044 179689 1584883 79 20  1  0  0  0
154  0 340440 61176572 2302672 88937324    0    0  6416 684184 176633 1592718 80 20  0  0  0  0
procs -----------memory---------- ---swap-- -----io---- -system-- -------cpu-------
 r  b   swpd   free   buff  cache   si   so    bi    bo   in   cs us sy id wa st gu
383  0 340440 61176772 2302672 88937344    0    0  7792 635336 180303 1583209 79 20  1  0  0  0
389  0 340440 61178496 2302672 88937360    0    0  9360 712612 179179 1596827 80 20  0  0  0  0
12  3 340440 61171324 2302676 88937376    0    0  7584 657916 179723 1571509 79 20  1  0  0  0
359  1 340440 61174176 2302676 88937392    0    0  6672 700548 181084 1584116 79 20  0  0  0  0
265  0 340440 61168768 2302676 88937412    0    0  6736 682412 182555 1587163 79 20  1  0  0  0
388  0 340440 61166036 2302676 88937432    0    0  7632 659936 181593 1587327 80 20  1  0  0  0
380  1 340440 61172644 2302676 88937444    0    0  9440 679624 181932 1598349 80 20  0  0  0  0
401  0 340440 61168744 2302676 88937464    0    0  8096 701452 182881 1595367 79 20  1  0  0  0
371  0 340440 61166784 2302676 88937476    0    0  6656 618236 177360 1600174 79 20  0  0  0  0
265  0 340440 61161396 2302676 88937492    0    0  8256 682896 179999 1584586 80 20  0  0  0  0
260  0 340440 61157164 2302676 88937508    0    0  8336 733432 190040 1591994 79 20  1  0  0  0
382  0 340440 61155336 2302676 88937520    0    0  8912 621948 181820 1595891 79 20  1  0  0  0
312  1 340440 61153996 2302676 88937536    0    0  6448 655076 180062 1587236 79 20  0  0  0  0
303  0 340440 61153464 2302676 88937552    0    0  8560 772348 182453 1578949 80 20  0  0  0  0
373  0 340440 61154692 2302676 88937564    0    0  8816 655368 183581 1599739 80 20  1  0  0  0
212  0 340440 61152648 2302676 88937576    0    0  7584 659912 180132 1574636 80 20  0  0  0  0
278  1 340440 61156012 2302676 88937592    0    0  7504 683284 191438 1603272 79 20  1  0  0  0
384  0 340440 61160632 2302680 88937600    0    0  8784 652352 185583 1592328 79 20  1  0  0  0
365  2 340440 61160384 2302680 88937616    0    0  8368 704940 179793 1585330 79 20  0  0  0  0
285  1 340440 61164184 2302680 88937632    0    0  8864 652464 181542 1599212 79 20  0  0  0  0
351  0 340440 61155120 2302680 88937648    0    0  7872 700348 186802 1594181 79 20  1  0  0  0
procs -----------memory---------- ---swap-- -----io---- -system-- -------cpu-------
 r  b   swpd   free   buff  cache   si   so    bi    bo   in   cs us sy id wa st gu
324  0 340440 61155868 2302680 88937660    0    0  8192 642748 181821 1602882 80 20  0  0  0  0
247  1 340440 61158560 2302680 88937672    0    0  9456 709908 186956 1582729 80 20  1  0  0  0
319  0 340440 61168140 2302680 88937688    0    0  7824 659716 180832 1583696 80 20  0  0  0  0
314  3 340440 61164916 2302680 88937708    0    0  7632 694472 185141 1591845 79 20  1  0  0  0
259  2 340440 61162544 2302680 88937720    0    0  8272 703064 181935 1592084 79 20  1  0  0  0
353  0 340440 61171316 2302680 88937736    0    0  8224 660004 180733 1576076 80 20  0  0  0  0
189  1 340440 61182872 2302680 88937752    0    0  7440 716376 185107 1595064 79 20  1  0  0  0
355  0 340440 61178576 2302680 88937768    0    0  7088 627300 182589 1591131 79 20  1  0  0  0
362  2 340440 61177148 2302680 88937780    0    0  7552 681608 182783 1602989 79 20  0  0  0  0
375  0 340440 61185840 2302680 88937792    0    0  8096 683164 182026 1592629 80 20  0  0  0  0
368  1 340440 61180308 2302680 88937812    0    0  9408 699064 188923 1600481 79 20  1  0  0  0
371  0 340440 61177616 2302680 88937824    0    0  7904 665892 183182 1603831 80 19  0  0  0  0
378  0 340440 61175044 2302680 88937832    0    0  9392 753036 189382 1589331 80 20  1  0  0  0
276  0 340440 61169324 2302680 88937856    0    0  9872 645520 185075 1577472 79 20  1  0  0  0
351  0 340440 61163200 2302680 88937868    0    0  8720 636984 186252 1591517 79 20  1  0  0  0
337  0 340440 61160840 2302680 88937880    0    0  7728 630932 180371 1597093 80 20  0  0  0  0
301  0 340440 61173328 2302684 88937888    0    0  7264 768384 186127 1591753 79 20  1  0  0  0
242  1 340440 61174712 2302684 88937912    0    0  7984 730104 188569 1593848 79 20  1  0  0  0
334  0 340440 61163152 2302684 88937924    0    0  7888 564224 181988 1583630 79 20  1  0  0  0
397  0 340440 61160992 2302684 88937936    0    0  7136 733760 188034 1600135 79 20  1  0  0  0
397  0 340440 61157260 2302684 88937960    0    0  7984 626440 184245 1597341 79 20  1  0  0  0
procs -----------memory---------- ---swap-- -----io---- -system-- -------cpu-------
 r  b   swpd   free   buff  cache   si   so    bi    bo   in   cs us sy id wa st gu
347  0 340440 61157368 2302688 88937968    0    0  8960 721424 189985 1600606 79 20  1  0  0  0
323  0 340440 61163584 2302688 88937996    0    0  8448 687004 187218 1602213 79 20  1  0  0  0
179  2 340440 61170052 2302688 88938012    0    0  7792 634920 180196 1593935 80 20  0  0  0  0
326  0 340440 61169300 2302688 88938024    0    0  7552 775540 188682 1601356 79 20  1  0  0  0
366  0 340440 61172100 2302688 88938040    0    0  8208 613692 180021 1579356 79 20  1  0  0  0
243  2 340440 61166660 2302692 88938052    0    0  7888 645036 178505 1591720 79 20  0  0  0  0
148  1 340440 61176300 2302692 88938072    0    0  7456 740080 192310 1598196 79 20  1  0  0  0
365  1 340440 61182028 2302692 88938092    0    0  7488 714328 183061 1593679 80 20  0  0  0  0
380  1 340440 61176500 2302692 88938104    0    0  8032 679760 179878 1592618 80 19  0  0  0  0
396  0 340440 61178296 2302692 88938116    0    0  7136 658940 178859 1591157 80 19  1  0  0  0
387  1 340440 61176728 2302692 88938132    0    0  6800 602964 175859 1600592 80 20  0  0  0  0
289  2 340440 61174348 2302692 88938144    0    0  7360 711864 184482 1589615 80 20  1  0  0  0
372  0 340440 61171120 2302692 88938156    0    0  7040 723736 183621 1587789 80 20  0  0  0  0
368  2 340440 61166160 2302692 88938172    0    0  7552 670232 179345 1585388 80 20  0  0  0  0
378  0 340440 61167044 2302692 88938188    0    0  7856 674028 179452 1592027 80 20  0  0  0  0
316  0 340440 61170900 2302696 88938200    0    0  6496 621020 181253 1592826 80 20  0  0  0  0
298  0 340440 61167592 2302696 88938216    0    0  8176 705512 184806 1595334 80 20  0  0  0  0
372  1 340440 61167076 2302696 88938232    0    0  8800 757348 187068 1588166 79 20  1  0  0  0
330  0 340440 61166148 2302696 88938244    0    0  8816 635944 182604 1580176 79 20  1  0  0  0
318  0 340440 61167464 2302696 88938256    0    0  6544 665024 181738 1594515 80 20  1  0  0  0
365  0 340440 61151304 2302696 88938276    0    0  8944 629908 184340 1604117 79 20  1  0  0  0
procs -----------memory---------- ---swap-- -----io---- -system-- -------cpu-------
 r  b   swpd   free   buff  cache   si   so    bi    bo   in   cs us sy id wa st gu
267  0 340440 61160596 2302696 88938296    0    0  9536 704296 186110 1592833 79 20  1  0  0  0
327  0 340440 61156204 2302696 88938308    0    0  8544 696672 180934 1592006 80 20  0  0  0  0
314  0 340440 61157532 2302696 88938320    0    0  6608 642108 182687 1584021 79 20  1  0  0  0
94  0 340440 61157120 2302696 88938332    0    0  8256 715324 184658 1578689 79 20  1  0  0  0
325  0 340440 61159316 2302696 88938352    0    0  7040 683636 181761 1578975 80 20  0  0  0  0
191  0 340440 61158580 2302696 88938372    0    0  8336 698608 188848 1582124 79 20  1  0  0  0
380  3 340440 61163036 2302696 88938380    0    0  7904 609488 182663 1605954 80 20  1  0  0  0
375  0 340440 61169440 2302696 88938388    0    0  8880 776092 190703 1612784 79 20  1  0  0  0
350  0 340440 61157288 2302696 88938396    0    0  7296 635448 182751 1593813 79 20  1  0  0  0
301  0 340440 61157248 2302700 88938412    0    0  8384 630008 178982 1588507 80 20  0  0  0  0
372  0 340440 61148392 2302700 88938432    0    0  5760 723292 181859 1586299 79 20  1  0  0  0
240  0 340440 61149140 2302700 88938448    0    0  8128 709368 185675 1600309 79 20  1  0  0  0
376  0 340440 61149600 2302700 88938464    0    0  6992 590504 181371 1589066 79 20  1  0  0  0
337  2 340440 61141560 2302700 88938476    0    0  7728 715664 185198 1595321 79 20  0  0  0  0
375  0 340440 61143600 2302704 88938496    0    0  7792 693956 180205 1591180 79 20  0  0  0  0
304  0 340440 61152160 2302704 88938512    0    0  6736 621428 177403 1590169 79 20  1  0  0  0
335  0 340440 61155848 2302704 88938524    0    0  8560 714612 181443 1582590 79 20  1  0  0  0
342  1 340440 61160368 2302704 88938536    0    0  8976 625012 180736 1598015 80 20  0  0  0  0
335  0 340440 61161528 2302704 88938548    0    0  7744 729832 184612 1597405 79 20  0  0  0  0
368  0 340440 61170996 2302708 88938572    0    0  8032 709084 185504 1589847 79 20  1  0  0  0
367  0 340440 61167728 2302708 88938592    0    0  7968 620248 178993 1600926 80 20  0  0  0  0
procs -----------memory---------- ---swap-- -----io---- -system-- -------cpu-------
 r  b   swpd   free   buff  cache   si   so    bi    bo   in   cs us sy id wa st gu
200  3 340440 61164088 2302708 88938604    0    0  8736 740032 192313 1581899 79 20  1  0  0  0
291  0 340440 61166812 2302708 88938616    0    0  8496 702860 185562 1583351 79 20  1  0  0  0
293  1 340440 61156264 2302708 88938632    0    0  6800 659712 186431 1604671 79 20  1  0  0  0
353  0 340440 61156532 2302712 88938644    0    0  7952 751516 194850 1618223 79 20  1  0  0  0
345  0 340440 61164680 2302712 88938660    0    0  7104 625956 181110 1615267 80 19  0  0  0  0
365  1 340440 61161252 2302712 88938668    0    0  7104 632276 179661 1603260 80 20  0  0  0  0
273  0 340440 61162700 2302712 88938680    0    0  6656 685232 186798 1604528 79 20  1  0  0  0
274  0 340440 61161932 2302712 88938696    0    0  7888 632424 179731 1584785 80 20  0  0  0  0
280  0 340440 61164444 2302712 88938716    0    0  7328 768840 192092 1591109 79 20  1  0  0  0
357  0 340440 61159548 2302712 88938728    0    0  8224 625028 179919 1590887 80 20  0  0  0  0
293  1 340440 61159224 2302712 88938744    0    0  8976 658552 181682 1584169 79 20  1  0  0  0
270  3 340440 61152068 2302712 88938760    0    0  8032 725740 188562 1584729 79 20  1  0  0  0
354  0 340440 61149260 2302712 88938780    0    0  8432 669392 185646 1599976 79 20  1  0  0  0
364  0 340440 61150996 2302712 88938792    0    0  7424 685688 183569 1593145 79 20  0  0  0  0
234  1 340440 61147592 2302712 88938808    0    0  8400 749952 187039 1590029 79 20  1  0  0  0
356  1 340440 61152036 2302712 88938828    0    0  6736 567224 177567 1583982 79 20  1  0  0  0
380  1 340440 61153144 2302712 88938840    0    0  8336 752420 185512 1585027 79 20  1  0  0  0
134  1 340440 61154840 2302712 88938856    0    0  8080 632344 179626 1575832 80 20  0  0  0  0
369  1 340440 61157524 2302712 88938868    0    0  7328 725240 181469 1587447 79 20  0  0  0  0
367  0 340440 61161808 2302712 88938884    0    0  6304 618372 178916 1592920 79 20  1  0  0  0
331  0 340440 61159640 2302712 88938896    0    0  7776 678008 179962 1597309 80 20  0  0  0  0
procs -----------memory---------- ---swap-- -----io---- -system-- -------cpu-------
 r  b   swpd   free   buff  cache   si   so    bi    bo   in   cs us sy id wa st gu
348  4 340440 61165072 2302712 88938904    0    0  6480 759088 184522 1597655 79 20  1  0  0  0
334  0 340440 61169316 2302712 88938920    0    0  7008 557120 178174 1583285 80 20  0  0  0  0
309  1 340440 61163468 2302712 88938940    0    0  7360 747960 184950 1600723 79 20  1  0  0  0
370  3 340440 61162996 2302712 88938952    0    0  7552 580044 177059 1601833 80 19  1  0  0  0
374  1 340440 61160128 2302712 88938960    0    0  9184 722068 184699 1588980 79 20  1  0  0  0
361  0 340440 61159824 2302712 88938972    0    0  8224 695572 180934 1578532 80 20  0  0  0  0
381  0 340440 61168592 2302712 88938992    0    0  7872 752368 188534 1594371 79 20  1  0  0  0
237  1 340440 61171192 2302712 88939004    0    0  8848 670536 185250 1588989 79 20  1  0  0  0
378  0 340440 61174216 2302712 88939020    0    0  8496 619792 181014 1579433 79 20  1  0  0  0
366  0 340440 61169928 2302712 88939040    0    0  7856 716972 183858 1604436 79 20  1  0  0  0
377  1 340440 61171000 2302712 88939056    0    0  7392 644788 175354 1585006 80 20  0  0  0  0
316  0 340440 61165860 2302712 88939068    0    0  7376 624932 180747 1598705 80 20  0  0  0  0
209  2 340440 61171636 2302712 88939080    0    0  8336 725136 187319 1595179 79 20  1  0  0  0
366  1 340440 61162064 2302712 88939096    0    0  8656 705372 180297 1588612 80 20  0  0  0  0
242  1 340440 61172016 2302712 88939112    0    0  8560 637324 180434 1576845 80 20  0  0  0  0
372  3 340440 61181380 2302712 88939128    0    0  6864 667176 179058 1595229 80 20  0  0  0  0
373  0 340440 61170044 2302712 88939140    0    0  9104 769760 185601 1589539 80 20  0  0  0  0
194  1 340440 61163252 2302712 88939152    0    0  8112 643680 180085 1596481 80 20  0  0  0  0
356  0 340440 61162256 2302712 88939172    0    0  7264 717604 183302 1592632 80 20  0  0  0  0
332  2 340440 61154076 2302712 88939176    0    0  7024 650756 180229 1598735 80 20  0  0  0  0
312  0 340440 61158948 2302712 88939200    0    0  8048 705308 180213 1577174 80 20  1  0  0  0
procs -----------memory---------- ---swap-- -----io---- -system-- -------cpu-------
 r  b   swpd   free   buff  cache   si   so    bi    bo   in   cs us sy id wa st gu
325  0 340440 61160068 2302712 88939220    0    0  8544 651552 185675 1602027 79 20  1  0  0  0
380  0 340440 61156012 2302712 88939220    0    0  7680 630384 182331 1603287 80 20  1  0  0  0
381  0 340440 61150264 2302712 88939232    0    0  6080 699928 181673 1587067 79 20  1  0  0  0
371  0 340440 61143880 2302712 88939248    0    0  7744 713632 183290 1591771 80 20  0  0  0  0
384  1 340440 61149104 2302712 88939272    0    0  7664 679384 180466 1595193 80 20  0  0  0  0
321  0 340440 61146660 2302712 88939288    0    0  7488 632868 181420 1587888 80 20  1  0  0  0
319  0 340440 61151336 2302716 88939288    0    0  7968 728556 195281 1581405 79 20  1  0  0  0
374  0 340440 61161744 2302716 88939304    0    0  8288 668440 182264 1579929 79 20  1  0  0  0
363  0 340440 61152712 2302716 88939320    0    0  7424 686496 180007 1590807 80 20  0  0  0  0
346  0 340440 61149752 2302716 88939344    0    0  7856 677336 180311 1578639 79 20  0  0  0  0
351  0 340440 61160840 2302716 88939360    0    0  7840 677452 182008 1596036 80 20  1  0  0  0
354  0 340440 61158764 2302720 88939360    0    0  6448 676944 184102 1585255 79 20  1  0  0  0
318  0 340440 61162452 2302720 88939388    0    0  8816 677172 181194 1595700 80 20  0  0  0  0
263  0 340440 61158508 2302720 88939396    0    0  7680 647232 187317 1602541 79 20  0  0  0  0
271  0 340440 61150068 2302720 88939412    0    0  8496 696824 184685 1597299 79 20  1  0  0  0
362  1 340440 61149920 2302720 88939428    0    0  8224 683904 186844 1582745 79 20  1  0  0  0
319  1 340440 61148924 2302724 88939436    0    0  9136 673668 187252 1601933 79 20  1  0  0  0
163  0 340440 61147944 2302724 88939452    0    0  8448 676064 188049 1576669 79 20  1  0  0  0
266  1 340440 61141524 2302724 88939476    0    0  7104 677204 178209 1578220 80 20  0  0  0  0
358  0 340440 61138500 2302724 88939484    0    0  6272 679228 182835 1611150 80 20  0  0  0  0
373  0 340440 61139600 2302724 88939492    0    0  8720 679020 180352 1585981 80 20  0  0  0  0
procs -----------memory---------- ---swap-- -----io---- -system-- -------cpu-------
 r  b   swpd   free   buff  cache   si   so    bi    bo   in   cs us sy id wa st gu
299  0 340440 61132336 2302728 88939504    0    0  8128 670900 181733 1600058 80 20  0  0  0  0
379  0 340440 61127736 2302728 88939524    0    0  8288 679680 183840 1589224 80 20  0  0  0  0
368  0 340440 61129868 2302728 88939540    0    0  6608 678188 178503 1576138 80 20  0  0  0  0
381  1 340440 61132908 2302728 88939556    0    0  7856 674904 183880 1601254 80 20  0  0  0  0
338  0 340440 61133984 2302728 88939568    0    0  8672 676580 184402 1592037 80 20  1  0  0  0
384  0 340440 61128896 2302728 88939580    0    0  7312 674676 182477 1579229 79 20  1  0  0  0
368  0 340440 61126144 2302728 88939604    0    0  5856 679176 179694 1594000 79 20  1  0  0  0
237  0 340440 61125240 2302728 88939616    0    0  7408 673284 179099 1587639 80 20  0  0  0  0
394  0 340440 61131476 2302728 88939628    0    0  7376 681788 182818 1587098 79 20  1  0  0  0
321  0 340440 61138336 2302728 88939652    0    0  7584 674480 211765 1588056 80 20  0  0  0  0
307  0 340440 61139696 2302728 88939656    0    0  7568 675504 181720 1589970 79 20  0  0  0  0
337  0 340440 61137904 2302728 88939664    0    0  6720 679428 186555 1585186 79 20  1  0  0  0
288  0 340440 61135080 2302728 88939684    0    0  8240 673800 189743 1598696 79 20  1  0  0  0
296  0 340440 61126520 2302728 88939704    0    0  7680 673680 186316 1584078 80 20  0  0  0  0
364  0 340440 61122548 2302732 88939712    0    0  8864 675276 190235 1583639 79 20  0  0  0  0
380  0 340440 61130684 2302732 88939728    0    0  6336 676384 191099 1584849 79 20  1  0  0  0
207  0 340440 61126752 2302732 88939740    0    0  8864 674136 190303 1586994 79 20  1  0  0  0
370  0 340440 61117568 2302732 88939756    0    0  8512 677728 189982 1591419 79 20  1  0  0  0
355  0 340440 61111984 2302732 88939772    0    0  8496 673200 187759 1599128 80 20  0  0  0  0
320  0 340440 61122568 2302732 88939780    0    0  7472 677228 187019 1591940 80 20  0  0  0  0
268  0 340440 61128248 2302732 88939796    0    0  9040 672456 191581 1596887 79 20  1  0  0  0
procs -----------memory---------- ---swap-- -----io---- -system-- -------cpu-------
 r  b   swpd   free   buff  cache   si   so    bi    bo   in   cs us sy id wa st gu
375  0 340440 61131788 2302732 88939808    0    0  8320 675636 188017 1602197 79 20  1  0  0  0
334  1 340440 61124224 2302732 88939828    0    0  9056 673716 183694 1585145 80 20  0  0  0  0
370  0 340440 61124396 2302732 88939848    0    0  6304 678116 183694 1591604 79 20  1  0  0  0
206  0 340440 61127300 2302732 88939860    0    0  8256 674852 188028 1591426 79 20  1  0  0  0
263  0 340440 61130628 2302732 88939872    0    0  9136 673988 182815 1587095 79 20  0  0  0  0
314  0 340440 61124160 2302732 88939892    0    0  7776 672644 182355 1589523 80 20  1  0  0  0
282  0 340440 61124984 2302732 88939904    0    0  6752 678172 179639 1592487 80 20  0  0  0  0
305  0 340440 61120056 2302732 88939916    0    0  7504 674652 177892 1591426 80 20  0  0  0  0
245  0 340440 61129156 2302732 88939928    0    0  7568 674664 182850 1590909 80 20  0  0  0  0
327  0 340440 61128616 2302732 88939948    0    0  7856 673892 182961 1585295 79 20  0  0  0  0
341  0 340440 61123016 2302732 88939960    0    0  7088 677396 185700 1592657 79 20  1  0  0  0
345  0 340440 61129468 2302732 88939976    0    0  7312 675596 181513 1591618 80 20  0  0  0  0
358  0 340440 61128660 2302732 88939992    0    0  8608 673192 183411 1598373 80 20  0  0  0  0
294  0 340440 61126416 2302732 88940004    0    0  7712 670176 187907 1590896 79 20  1  0  0  0
295  0 340440 61133204 2302732 88940020    0    0  9024 671736 184380 1584250 79 20  1  0  0  0
369  0 340440 61129440 2302732 88940036    0    0  7568 675668 185513 1605133 80 19  0  0  0  0
328  0 340440 61133424 2302732 88940044    0    0  9024 675632 182313 1601438 80 19  1  0  0  0
312  0 340440 61126844 2302732 88940056    0    0  8128 675820 186166 1604666 79 20  1  0  0  0
317  1 340440 61120588 2302732 88940076    0    0  8512 671552 185739 1587691 79 20  1  0  0  0
237  0 340440 61116676 2302732 88940096    0    0  7280 675008 181089 1591179 80 20  1  0  0  0
349  0 340440 61117760 2302732 88940108    0    0  8176 674924 186272 1594572 79 20  1  0  0  0
procs -----------memory---------- ---swap-- -----io---- -system-- -------cpu-------
 r  b   swpd   free   buff  cache   si   so    bi    bo   in   cs us sy id wa st gu
356  0 340440 61126596 2302732 88940120    0    0  8464 677004 182606 1572549 79 20  1  0  0  0
251  0 340440 61112984 2302732 88940144    0    0  7664 673476 181737 1596739 79 20  0  0  0  0
336  0 340440 61115720 2302732 88940156    0    0  5840 676152 183465 1580335 79 20  1  0  0  0
355  0 340440 61130124 2302732 88940172    0    0  7280 677388 181467 1580411 79 20  0  0  0  0
336  0 340440 61132868 2302732 88940184    0    0  8208 677756 178087 1587141 80 20  0  0  0  0
337  0 340440 61137020 2302732 88940200    0    0  8944 677168 180007 1588854 80 20  1  0  0  0
269  0 340440 61137724 2302732 88940212    0    0  6448 676968 182863 1590306 80 20  1  0  0  0
220  1 340440 61139516 2302732 88940228    0    0  7520 673484 179904 1594878 80 20  0  0  0  0
352  1 340440 61135692 2302732 88940248    0    0  7040 675900 182135 1583614 79 20  1  0  0  0
354  0 340440 61144228 2302732 88940260    0    0  9216 673576 185676 1588508 79 20  1  0  0  0
276  0 340440 61137032 2302732 88940276    0    0  6800 676836 180510 1580327 80 20  0  0  0  0
199  1 340440 61138164 2302732 88940288    0    0  7200 675764 181699 1601674 79 20  0  0  0  0
293  0 340440 61136616 2302732 88940308    0    0  9392 675200 183032 1586587 80 20  1  0  0  0
367  0 340440 61141144 2302732 88940328    0    0  9504 673220 185383 1602126 79 20  1  0  0  0
328  0 340440 61137676 2302732 88940336    0    0  7696 673324 186166 1609377 80 19  1  0  0  0
349  0 340440 61130612 2302732 88940344    0    0  9264 676400 184929 1588206 79 20  1  0  0  0
327  0 340440 61135280 2302732 88940360    0    0  8528 675432 181569 1595376 80 20  0  0  0  0
357  0 340440 61131864 2302732 88940376    0    0  7568 677524 181133 1594855 80 20  0  0  0  0
128  0 340440 61138720 2302732 88940392    0    0  7088 673976 181874 1582233 79 20  1  0  0  0
359  0 340440 61133440 2302732 88940408    0    0  8208 675612 180169 1588209 80 20  0  0  0  0
374  0 340440 61127116 2302732 88940420    0    0  9024 675220 186151 1589359 79 20  1  0  0  0
procs -----------memory---------- ---swap-- -----io---- -system-- -------cpu-------
 r  b   swpd   free   buff  cache   si   so    bi    bo   in   cs us sy id wa st gu
359  1 340440 61131236 2302732 88940428    0    0  9568 675148 182297 1586757 80 20  0  0  0  0
326  0 340440 61129420 2302732 88940444    0    0  6832 674964 181168 1592686 79 20  1  0  0  0
335  0 340440 61143292 2302732 88940460    0    0  8832 673456 183685 1599625 79 20  0  0  0  0
321  1 340440 61131816 2302732 88940476    0    0  8592 673916 183485 1592738 79 20  1  0  0  0
140  0 340440 61132012 2302732 88940488    0    0  9168 677300 176895 1576225 80 20  0  0  0  0
360  0 340440 61135192 2302732 88940500    0    0  7456 677488 184196 1586464 79 20  1  0  0  0
313  0 340440 61140900 2302732 88940516    0    0  6704 679724 178910 1581095 79 20  1  0  0  0
286  0 340440 61136916 2302732 88940532    0    0  7984 676840 180573 1598118 80 20  0  0  0  0
307  0 340440 61144992 2302732 88940556    0    0  9248 674988 186292 1575735 79 20  1  0  0  0
279  0 340440 61137800 2302732 88940568    0    0  6496 675388 181815 1582866 80 20  0  0  0  0
184  0 340440 61136268 2302732 88940580    0    0  7568 673884 181759 1579831 80 20  0  0  0  0
378  0 340440 61142692 2302732 88940596    0    0  7696 676348 183945 1600710 79 20  1  0  0  0
348  0 340440 61145944 2302732 88940612    0    0  6992 679068 180619 1597379 80 19  0  0  0  0
358  0 340440 61141644 2302732 88940620    0    0  7936 678524 180652 1593383 79 20  0  0  0  0
355  0 340440 61146320 2302732 88940636    0    0  7280 680216 180009 1599988 79 20  1  0  0  0
320  0 340440 61146396 2302732 88940660    0    0  8096 677244 185674 1590079 79 20  1  0  0  0
366  0 340440 61154840 2302732 88940668    0    0  9712 675168 187570 1599183 79 20  1  0  0  0
300  0 340440 61147032 2302732 88940680    0    0  8624 676232 185063 1593732 79 20  1  0  0  0
268  0 340440 61137688 2302732 88940692    0    0  6480 676320 181140 1588298 80 20  0  0  0  0
373  0 340440 61137244 2302732 88940704    0    0  7408 673272 186329 1593154 79 20  1  0  0  0
303  0 340440 61141092 2302732 88940716    0    0  9008 674108 187160 1595933 80 20  0  0  0  0
procs -----------memory---------- ---swap-- -----io---- -system-- -------cpu-------
 r  b   swpd   free   buff  cache   si   so    bi    bo   in   cs us sy id wa st gu
353  0 340440 61151180 2302732 88940736    0    0  7008 678144 180679 1586424 80 20  0  0  0  0
379  0 340440 61142920 2302732 88940752    0    0  5792 679668 181546 1581959 79 20  1  0  0  0
327  0 340440 61143924 2302732 88940764    0    0  7408 678380 179472 1582687 80 20  1  0  0  0
361  0 340440 61146644 2302732 88940780    0    0  8464 676200 185401 1602057 79 20  1  0  0  0
353  0 340440 61143340 2302732 88940800    0    0  8672 675312 184009 1586219 79 20  1  0  0  0
310  0 340440 61146036 2302732 88940812    0    0  8352 675480 184593 1581873 79 20  1  0  0  0
343  0 340440 61139256 2302732 88940832    0    0  9088 681632 178614 1587472 80 20  1  0  0  0
373  0 340440 61153020 2302732 88940844    0    0  7136 677560 182377 1596122 80 20  0  0  0  0
356  0 340440 61158500 2302736 88940856    0    0  8848 677208 179925 1583028 80 20  0  0  0  0
218  0 340440 61156012 2302736 88940876    0    0  6288 679104 181960 1598340 80 20  1  0  0  0
232  0 340440 61154156 2302736 88940892    0    0  8192 674396 181308 1592313 80 19  0  0  0  0
191  0 340440 61155780 2302736 88940904    0    0  8032 676092 181335 1588086 79 20  1  0  0  0
303  0 340440 61149220 2302736 88940916    0    0  8512 676524 178294 1584510 80 20  0  0  0  0
264  0 340440 61151652 2302736 88940928    0    0  6720 678228 181604 1594894 79 20  0  0  0  0
274  0 340440 61158260 2302736 88940944    0    0  6336 675828 181925 1593141 79 20  1  0  0  0
251  0 340440 61146800 2302736 88940968    0    0  7840 677572 182049 1582367 79 20  1  0  0  0
375  0 340440 61145916 2302736 88940980    0    0  8720 674288 186299 1588133 79 20  1  0  0  0
358  0 340440 61148712 2302736 88940996    0    0  7280 676116 181278 1599273 80 20  0  0  0  0
306  1 340440 61152416 2302744 88941000    0    0  7856 677056 186059 1596770 79 20  1  0  0  0
275  0 340440 61153340 2302744 88941028    0    0  8192 676024 185892 1594351 79 20  1  0  0  0
314  0 340440 61146724 2302744 88941036    0    0  7952 674116 186193 1595173 79 20  1  0  0  0
procs -----------memory---------- ---swap-- -----io---- -system-- -------cpu-------
 r  b   swpd   free   buff  cache   si   so    bi    bo   in   cs us sy id wa st gu
205  0 340440 61149800 2302744 88941068    0    0  8912 677828 179748 1575518 79 20  1  0  0  0
290  0 340440 61145340 2302744 88941080    0    0  8336 676608 186033 1600582 79 20  1  0  0  0
376  0 340440 61139672 2302744 88941084    0    0  6720 677072 178514 1597033 80 20  0  0  0  0
350  0 340440 61136500 2302744 88941104    0    0  7760 678872 179005 1592644 80 20  0  0  0  0
388  1 340440 61138836 2302744 88941120    0    0  7648 678312 181215 1577763 79 20  1  0  0  0
325  0 340440 61143020 2302744 88941136    0    0  6720 678440 183107 1596830 79 20  1  0  0  0
341  0 340440 61147400 2302744 88941152    0    0  7376 676944 182704 1588105 80 20  0  0  0  0
362  0 340440 61146068 2302744 88941160    0    0  7184 678596 181817 1604136 80 19  0  0  0  0
363  0 340440 61152564 2302744 88941172    0    0  7744 677048 178144 1593819 80 20  0  0  0  0
215  0 340440 61154436 2302744 88941180    0    0  7168 674608 183209 1597488 80 20  0  0  0  0
364  0 340440 61151640 2302744 88941192    0    0  5968 673496 182618 1601678 80 20  0  0  0  0
65  0 340440 61148860 2302744 88941200    0    0  8304 673708 183711 1592228 79 20  0  0  0  0
245  0 340440 61145260 2302744 88941220    0    0  6848 676056 181109 1588597 80 20  0  0  0  0
324  0 340440 61143656 2302744 88941240    0    0  8608 670996 185404 1601334 80 20  1  0  0  0
372  1 340440 61141084 2302744 88941252    0    0  6352 672728 179990 1592912 80 20  0  0  0  0
329  0 340440 61138816 2302744 88941260    0    0  6960 676824 179455 1592434 80 20  0  0  0  0
299  0 340440 61148016 2302744 88941288    0    0  9712 676164 184339 1586134 79 20  1  0  0  0
363  0 340440 61149348 2302748 88941296    0    0  8960 673372 186317 1605611 79 20  1  0  0  0
330  0 340440 61153556 2302748 88941320    0    0  6192 677916 180964 1595860 80 20  0  0  0  0
383  0 340440 61149044 2302748 88941332    0    0  7200 677676 181614 1600428 80 20  0  0  0  0
368  1 340440 61154112 2302748 88941336    0    0  7808 676996 182607 1582884 79 20  1  0  0  0
procs -----------memory---------- ---swap-- -----io---- -system-- -------cpu-------
 r  b   swpd   free   buff  cache   si   so    bi    bo   in   cs us sy id wa st gu
245  0 340440 61159520 2302748 88941356    0    0  6944 678412 182468 1583721 79 20  0  0  0  0
297  0 340440 61152896 2302748 88941384    0    0  7232 674868 180058 1594644 80 20  0  0  0  0
252  0 340440 61156804 2302748 88941392    0    0  6128 679108 179559 1584938 79 20  1  0  0  0
394  0 340440 61148824 2302748 88941408    0    0  9232 674808 187505 1599231 79 20  1  0  0  0
306  0 340440 61145636 2302748 88941424    0    0  8240 672932 181961 1595712 79 20  0  0  0  0
294  0 340440 61146724 2302748 88941432    0    0  8992 674504 184640 1613625 80 20  1  0  0  0
326  0 340440 61161588 2302748 88941452    0    0  5760 679440 179008 1597155 80 19  0  0  0  0
323  0 340440 61157336 2302748 88941464    0    0  7392 678044 180410 1595967 79 20  1  0  0  0
119  0 340440 61150492 2302748 88941480    0    0  7136 676580 183250 1592744 79 20  1  0  0  0
343  0 340440 61163052 2302748 88941488    0    0  8224 672784 182441 1590466 79 20  1  0  0  0
313  0 340440 61156832 2302748 88941508    0    0  7248 678464 179841 1584596 80 20  0  0  0  0
323  0 340440 61154780 2302748 88941528    0    0  6976 675816 180351 1595094 79 20  0  0  0  0
372  0 340440 61146640 2302748 88941540    0    0  9120 674708 185182 1591849 79 20  1  0  0  0
341  0 340440 61151900 2302748 88941552    0    0  7136 678352 187398 1615265 79 20  1  0  0  0
365  0 340440 61148780 2302748 88941576    0    0  8112 675700 181994 1582756 78 20  2  0  0  0
300  0 340440 61149064 2302748 88941592    0    0  8000 676080 185000 1588990 79 20  1  0  0  0
229  0 340440 61144048 2302748 88941608    0    0  7808 675316 183153 1597887 80 20  0  0  0  0
338  0 340440 61140784 2302748 88941620    0    0  7296 674036 179547 1588156 80 20  0  0  0  0
302  0 340440 61144960 2302748 88941632    0    0  8112 673560 183864 1584034 79 20  1  0  0  0
288  0 340440 61150952 2302748 88941644    0    0  6256 677008 182467 1588042 80 20  0  0  0  0
310  0 340440 61157648 2302748 88941668    0    0  9712 672620 191372 1588157 79 20  1  0  0  0
procs -----------memory---------- ---swap-- -----io---- -system-- -------cpu-------
 r  b   swpd   free   buff  cache   si   so    bi    bo   in   cs us sy id wa st gu
338  0 340440 61155420 2302748 88941680    0    0  8384 674328 183178 1596074 79 20  1  0  0  0
307  0 340440 61150580 2302748 88941692    0    0  8320 676128 184707 1582855 79 20  1  0  0  0
264  0 340440 61145168 2302748 88941708    0    0  5936 680472 180593 1592386 79 20  1  0  0  0
276  1 340440 61142476 2302748 88941716    0    0  7984 678104 181891 1600550 80 20  1  0  0  0
351  0 340440 61136352 2302748 88941736    0    0  9104 677440 181965 1592988 80 20  1  0  0  0
367  0 340440 61137008 2302752 88941744    0    0  8864 676944 180008 1575245 80 20  0  0  0  0
227  0 340440 61142728 2302752 88941760    0    0  5920 679240 178782 1572943 80 20  0  0  0  0
349  0 340440 61136112 2302752 88941776    0    0  8768 672016 188293 1593559 79 20  1  0  0  0
221  0 340440 61141732 2302752 88941792    0    0  8480 673812 180962 1585698 80 20  0  0  0  0
380  0 340440 61143676 2302752 88941804    0    0  7376 672800 178860 1601145 80 20  0  0  0  0
353  0 340440 61143840 2302752 88941820    0    0  6560 679736 181874 1593346 79 20  0  0  0  0
330  0 340440 61152620 2302752 88941836    0    0  8096 675424 185909 1598820 79 20  1  0  0  0
353  0 340440 61155728 2302752 88941852    0    0  8960 675708 183336 1578787 79 20  1  0  0  0
339  1 340440 61150760 2302752 88941864    0    0  7888 673100 182570 1581941 79 20  1  0  0  0
229  0 340440 61150508 2302752 88941880    0    0  7568 675000 186590 1590907 79 20  1  0  0  0
353  0 340440 61149844 2302752 88941900    0    0  7520 680064 182894 1588997 79 20  1  0  0  0
367  0 340440 61148340 2302752 88941916    0    0  9376 674848 186592 1588118 79 20  1  0  0  0
