procs -----------memory---------- ---swap-- -----io---- -system-- -------cpu-------
 r  b   swpd   free   buff  cache   si   so    bi    bo   in   cs us sy id wa st gu
 5  3  92000 134714724 2218848 52389080    4    6 36464 37456 16506    8  4  1 95  1  0  0
64 17  92000 134503764 2218848 52389164    0    0 402400 371436 307228 737711 22 13 61  4  0  0
67 12  92000 134513352 2218848 52389176    0    0 636560 858276 350721 1285193 42 19 18 20  0  0
48  6  92000 134498224 2218848 52389196    0    0 726400 497868 374980 1466485 50 23 17 10  0  0
76  5  92000 134474324 2218848 52389212    0    0 620192 352740 368638 1527034 52 26 18  4  0  0
64 18  92000 134441148 2218856 52389232    0    0 708944 491816 366196 1458097 49 23 18 10  0  0
64  4  92000 134459364 2218856 52389256    0    0 744368 495188 379321 1503883 51 23 17  9  0  0
35  4  92000 134438852 2218856 52389264    0    0 593008 336460 365828 1527191 53 26 17  4  0  0
54 18  92000 134421288 2218856 52389284    0    0 728928 481616 369807 1476954 50 22 17 11  0  0
60  2  92000 134437268 2218856 52389304    0    0 610800 360604 364352 1527892 53 26 17  4  0  0
39 16  92000 134432744 2218860 52389324    0    0 700256 457376 365049 1476636 51 23 18  9  0  0
72  4  92000 134425280 2218860 52389348    0    0 715664 481900 367625 1477177 50 23 18  9  0  0
66  9  92000 134438608 2218860 52389364    0    0 629904 356168 369269 1546142 54 25 17  4  0  0
72  8  92000 134432964 2218860 52389376    0    0 702560 461232 371488 1496719 51 24 17  9  0  0
37 44  92000 134433896 2218860 52389392    0    0 713168 481724 371005 1495467 51 23 17  8  0  0
84  3  92000 134427636 2218864 52389412    0    0 623472 348296 363633 1532892 53 25 17  4  0  0
68  9  92000 134428992 2218864 52389436    0    0 712944 469428 370940 1498237 51 23 17  8  0  0
57  3  92000 134440856 2218864 52389452    0    0 598032 340236 359438 1522782 52 26 18  4  0  0
45  2  92000 134424976 2218864 52389476    0    0 701872 461100 366015 1481116 50 23 18  9  0  0
66  8  92000 134436296 2218864 52389488    0    0 736112 478700 372135 1497012 51 23 17 10  0  0
35 13  92000 134426256 2218868 52389496    0    0 590288 353520 362212 1527799 52 25 18  4  0  0
procs -----------memory---------- ---swap-- -----io---- -system-- -------cpu-------
 r  b   swpd   free   buff  cache   si   so    bi    bo   in   cs us sy id wa st gu
16  3  92000 134424572 2218868 52389520    0    0 751056 484844 372799 1493884 51 23 18  9  0  0
24 14  92000 134439572 2218868 52389540    0    0 736448 481400 371863 1495605 51 23 17  9  0  0
62 10  92000 134431256 2218868 52389556    0    0 602672 344564 364245 1531706 53 26 18  4  0  0
54  4  92000 134436200 2218868 52389572    0    0 669296 446748 359651 1479146 50 24 18  8  0  0
28  6  92000 134440604 2218876 52389588    0    0 647840 365916 366336 1550545 54 24 17  5  0  0
63  5  92000 134437780 2218876 52389608    0    0 693296 459368 367136 1489431 51 23 17  9  0  0
48  2  92000 134441308 2218876 52389628    0    0 706000 468348 364238 1489990 51 23 17  8  0  0
73  3  92000 134426424 2218876 52389644    0    0 614272 343876 361404 1533423 53 26 18  4  0  0
39 14  92000 134421356 2218876 52389660    0    0 705744 467020 365807 1484404 51 23 17  9  0  0
67 18  92000 134430476 2218880 52389684    0    0 600640 347916 360854 1526730 53 26 18  4  0  0
78  8  92000 134421732 2218880 52389708    0    0 724384 488592 368155 1492364 50 24 17  9  0  0
40  5  92000 134436660 2218880 52389724    0    0 685680 455512 362549 1475552 50 22 17 10  0  0
72  1  92000 134438544 2218880 52389740    0    0 632048 351376 367697 1550055 54 25 16  5  0  0
75  8  92000 134438708 2218880 52389764    0    0 739808 480556 373248 1492379 51 23 16 10  0  0
76  9  92000 134430232 2218880 52389780    0    0 720624 463824 371795 1493428 52 23 17  9  0  0
67  8  92000 134432804 2218880 52389804    0    0 621392 344408 365189 1539982 53 25 17  4  0  0
46 11  92000 134426108 2218880 52389820    0    0 679024 447012 361793 1478383 50 24 18  8  0  0
35 11  92000 134421292 2218880 52389840    0    0 721056 476076 367888 1493104 50 23 17  9  0  0
48 10  92000 134434092 2218880 52389856    0    0 619872 347216 366965 1539289 53 25 17  4  0  0
52 10  92000 134440704 2218880 52389876    0    0 713152 466388 367183 1483481 51 22 18  9  0  0
68 14  92000 134427544 2218880 52389896    0    0 714576 469980 367348 1494525 51 23 17  9  0  0
procs -----------memory---------- ---swap-- -----io---- -system-- -------cpu-------
 r  b   swpd   free   buff  cache   si   so    bi    bo   in   cs us sy id wa st gu
70  6  92000 134425688 2218880 52389920    0    0 606304 354324 375055 1539517 53 26 17  4  0  0
74  8  92000 134413144 2218880 52389940    0    0 704768 468112 364555 1485384 50 23 18  8  0  0
74  8  92000 134419692 2218880 52389960    0    0 612304 341276 363197 1537258 53 25 17  4  0  0
61  4  92000 134433884 2218884 52389968    0    0 712624 470888 371365 1496773 51 23 17  9  0  0
73 16  92000 134423404 2218884 52389984    0    0 697776 455840 364562 1489017 51 23 17  9  0  0
74  2  92000 134428752 2218884 52390012    0    0 624352 355948 365404 1535371 54 25 17  4  0  0
52  7  92000 134417944 2218884 52390036    0    0 672624 448228 362098 1474982 51 24 17  8  0  0
44 10  92000 134421524 2218884 52390052    0    0 726304 473604 371162 1495884 50 24 17  9  0  0
36 16  92000 134421844 2218884 52390068    0    0 590224 332544 368174 1530420 52 26 17  4  0  0
52  9  92000 134420220 2218884 52390084    0    0 741168 479924 372178 1503908 52 22 16  9  0  0
25 63  92000 134409764 2218884 52390168    0    0 654848 409660 365750 1519538 52 25 17  6  0  0
81  1  92000 134433812 2218884 52390192    0    0 669008 424408 374198 1502180 51 25 17  7  0  0
50 15  92000 134438192 2218884 52390204    0    0 718608 469800 364638 1486703 51 23 18  9  0  0
60 23  92000 134430964 2218884 52390220    0    0 715328 470196 376926 1510459 51 24 17  8  0  0
64  6  92000 134423608 2218884 52390236    0    0 638304 354492 364390 1539630 53 25 17  4  0  0
64  6  92000 134426260 2218884 52390268    0    0 718096 474748 364904 1492846 50 23 17  9  0  0
48  8  92000 134426760 2218884 52390280    0    0 626784 348120 366105 1555328 54 25 16  5  0  0
77  5  92000 134426560 2218884 52390292    0    0 679936 454048 356918 1476331 50 24 18  9  0  0
72 11  92000 134429580 2218884 52390312    0    0 728304 483984 365844 1480639 51 23 17  9  0  0
90  7  92000 134422124 2218884 52390328    0    0 601184 339160 360730 1532901 53 26 17  4  0  0
75  9  92000 134434284 2218884 52390356    0    0 733088 476924 368138 1497045 50 24 18  9  0  0
procs -----------memory---------- ---swap-- -----io---- -system-- -------cpu-------
 r  b   swpd   free   buff  cache   si   so    bi    bo   in   cs us sy id wa st gu
33 58  92000 134428776 2218884 52390376    0    0 621248 367432 360070 1528149 52 26 18  4  0  0
70  7  92000 134434432 2218884 52390392    0    0 725824 475336 373157 1507727 51 23 17  9  0  0
71  5  92000 134434980 2218884 52390400    0    0 681360 439904 362859 1493688 51 23 18  7  0  0
36  6  92000 134428496 2218884 52390428    0    0 693792 460860 361665 1473836 50 24 18  8  0  0
60  5  92000 134423244 2218884 52390452    0    0 659632 415324 360120 1504082 51 24 18  6  0  0
80  4  92000 134407712 2218884 52390472    0    0 624352 353788 368115 1528716 53 25 18  4  0  0
78  9  92000 134318660 2218884 52390488    0    0 708464 466788 368560 1496040 50 24 18  8  0  0
74 11  92000 134308736 2218884 52390504    0    0 676240 444048 360485 1493900 51 24 17  8  0  0
65 12  92000 134328400 2218884 52390512    0    0 626464 356428 360655 1541216 53 25 17  4  0  0
67  8  92000 134371772 2218884 52390536    0    0 701136 457524 365332 1495722 51 24 17  8  0  0
56 31  92000 134384888 2218884 52390556    0    0 679376 449808 359539 1488439 50 24 18  8  0  0
68  7  92000 134359068 2218884 52390576    0    0 624608 356332 359052 1530149 53 25 18  4  0  0
37  2  92000 134356220 2218884 52390596    0    0 701440 467784 363446 1492498 50 24 17  8  0  0
57  3  92000 134367356 2218884 52390612    0    0 592624 351788 357238 1527531 53 26 18  4  0  0
70 11  92000 134384536 2218884 52390628    0    0 699984 461516 366961 1511786 52 23 17  8  0  0
76  3  92000 134398256 2218884 52390652    0    0 701392 465948 363778 1486773 51 23 17  8  0  0
78 10  92000 134392552 2218884 52390672    0    0 612768 353132 359084 1533642 53 25 18  4  0  0
48  7  92000 134387100 2218884 52390692    0    0 696656 452892 360153 1475171 50 23 17  9  0  0
25 61  92000 134372756 2218884 52390708    0    0 649392 417664 360886 1499717 51 25 17  6  0  0
64 15  92000 134364044 2218884 52390728    0    0 670544 405176 366496 1520886 52 25 17  6  0  0
70  2  92000 134373864 2218884 52390748    0    0 675152 450784 361912 1491460 51 24 17  8  0  0
procs -----------memory---------- ---swap-- -----io---- -system-- -------cpu-------
 r  b   swpd   free   buff  cache   si   so    bi    bo   in   cs us sy id wa st gu
 8 78  92000 134379928 2218884 52390760    0    0 707568 448712 371105 1522669 52 23 17  8  0  0
41  6  92000 134380652 2218884 52390776    0    0 661568 382824 363028 1523194 52 26 17  5  0  0
18  3  92000 134388328 2218884 52390804    0    0 682224 452428 362374 1486979 50 24 18  8  0  0
66 14  92000 134385016 2218884 52390824    0    0 634400 374428 365995 1541013 53 25 17  4  0  0
78  7  92000 134388184 2218884 52390840    0    0 672752 445892 363938 1493245 51 24 18  8  0  0
67 11  92000 134373028 2218884 52390860    0    0 692720 456400 364422 1491799 50 24 18  8  0  0
73 10  92000 134390992 2218884 52390876    0    0 609840 351304 375898 1545775 53 26 17  4  0  0
82  3  92000 134382676 2218884 52390888    0    0 704480 455760 368883 1494137 51 24 17  8  0  0
33 52  92000 134374284 2218884 52390908    0    0 641392 414616 361056 1499284 51 25 17  7  0  0
68  4  92000 134385512 2218884 52390932    0    0 649504 386128 363128 1514222 52 25 18  6  0  0
75  5  92000 134379116 2218884 52390948    0    0 698160 466928 366791 1485566 51 24 17  8  0  0
83  5  92000 134382012 2218884 52390968    0    0 616224 352240 361420 1531667 52 26 18  4  0  0
62  4  92000 134392692 2218884 52390988    0    0 687712 454140 366071 1497789 52 23 17  8  0  0
77  5  92000 134394476 2218884 52391000    0    0 732576 478888 369759 1502179 52 22 16  9  0  0
56  9  92000 134388252 2218884 52391024    0    0 606640 347912 363102 1535720 53 26 17  4  0  0
73  8  92000 134384832 2218884 52391048    0    0 742944 486768 372679 1516529 52 22 17  9  0  0
47  4  92000 134386336 2218884 52391068    0    0 656016 431132 357918 1480558 50 24 18  8  0  0
62 19  92000 134383464 2218884 52391084    0    0 609520 347152 363226 1531705 53 26 18  4  0  0
55 10  92000 134383288 2218884 52391100    0    0 683136 449692 362493 1485100 50 24 18  8  0  0
76 12  92000 134400176 2218884 52391116    0    0 707440 473788 370012 1508726 51 23 17  8  0  0
71 13  92000 134390968 2218884 52391128    0    0 622288 354704 365212 1536318 53 26 17  4  0  0
procs -----------memory---------- ---swap-- -----io---- -system-- -------cpu-------
 r  b   swpd   free   buff  cache   si   so    bi    bo   in   cs us sy id wa st gu
66 13  92000 134396492 2218888 52391148    0    0 696928 465584 358464 1467347 49 23 18  9  0  0
42  8  92000 134397768 2218888 52391168    0    0 619152 351904 365205 1543822 54 25 17  4  0  0
82  6  92000 134378760 2218888 52391184    0    0 721024 472644 369512 1500273 51 23 18  8  0  0
81  5  92000 134381356 2218888 52391204    0    0 691936 456144 367465 1497906 51 25 17  7  0  0
53 10  92000 134395216 2218888 52391224    0    0 619104 353820 366350 1553656 53 26 17  4  0  0
63  7  92000 134379228 2218888 52391236    0    0 725504 495472 375427 1500392 51 23 17  9  0  0
63 11  92000 134387252 2218888 52391256    0    0 722016 474980 370227 1499286 51 24 17  8  0  0
70  8  92000 134373388 2218888 52391340    0    0 629232 343512 364280 1536030 54 25 18  4  0  0
45  5  92000 134371688 2218888 52391356    0    0 717744 494820 366316 1498189 52 23 17  8  0  0
33 51  92000 134376444 2218888 52391380    0    0 618752 363696 364796 1531651 52 26 18  4  0  0
66 16  92000 134385084 2218888 52391400    0    0 696576 452232 366425 1494143 51 24 17  8  0  0
75  4  92000 134381992 2218888 52391412    0    0 600432 338556 362636 1543460 53 26 17  4  0  0
40  4  92000 134392152 2218888 52391432    0    0 732768 493492 369076 1504995 52 23 16  9  0  0
72 11  92000 134391884 2218888 52391448    0    0 686928 425692 364977 1507077 52 24 18  6  0  0
40 10  92000 134373088 2218888 52391476    0    0 597520 346124 359445 1531074 54 25 18  4  0  0
57  8  92000 134366712 2218888 52391492    0    0 693888 454332 364267 1504398 51 24 17  8  0  0
65  6  92000 134375716 2218888 52391508    0    0 659744 455308 362780 1465290 49 24 18  9  0  0
59  4  92000 134390844 2218888 52391524    0    0 608144 344820 363598 1547885 53 26 17  4  0  0
32  7  92000 134394876 2218888 52391540    0    0 731424 480192 370945 1516291 51 24 17  8  0  0
33 50  92000 134383472 2218888 52391564    0    0 659424 414340 363343 1512520 52 25 17  6  0  0
83  6  92000 134378732 2218888 52391584    0    0 657648 403528 360899 1520132 53 24 17  6  0  0
procs -----------memory---------- ---swap-- -----io---- -system-- -------cpu-------
 r  b   swpd   free   buff  cache   si   so    bi    bo   in   cs us sy id wa st gu
69  4  92000 134384848 2218888 52391600    0    0 691472 461148 361730 1490997 51 24 18  8  0  0
58 12  92000 134394920 2218888 52391616    0    0 631312 360628 361076 1536827 53 25 17  4  0  0
70  4  92000 134382824 2218888 52391640    0    0 668368 447320 363804 1499942 50 25 17  7  0  0
68 14  92000 134393844 2218888 52391652    0    0 693168 460072 365381 1503622 51 24 17  8  0  0
67 12  92000 134383272 2218888 52391668    0    0 596144 341412 355883 1526061 52 26 18  4  0  0
61  2  92000 134376868 2218888 52391692    0    0 662416 440180 359921 1487222 51 24 18  7  0  0
75  5  92000 134391800 2218888 52391708    0    0 627696 362556 361911 1536322 53 25 18  4  0  0
38 12  92000 134378292 2218888 52391724    0    0 713888 485568 363727 1490817 51 23 17  8  0  0
49  4  92000 134372588 2218888 52391752    0    0 659696 437876 360293 1494247 50 25 18  7  0  0
22  7  92000 134397324 2218888 52391768    0    0 628544 359492 365945 1553491 54 25 17  4  0  0
76  9  92000 134387936 2218888 52391776    0    0 684496 450888 362590 1504625 51 24 18  7  0  0
31 50  92000 134406756 2218888 52391800    0    0 629840 399220 356839 1511002 51 26 18  5  0  0
72 16  92000 134384260 2218888 52391824    0    0 667456 405644 365363 1525077 52 25 17  6  0  0
34  3  92000 134387492 2218888 52391844    0    0 684096 452912 366051 1501148 50 25 18  7  0  0
70 11  92000 134383032 2218888 52391856    0    0 616832 355276 362246 1544551 53 26 18  4  0  0
55  3  92000 134389832 2218888 52391876    0    0 715776 472388 369579 1504919 52 23 17  8  0  0
58  6  92000 134361676 2218888 52391884    0    0 738928 485084 370111 1509558 52 22 18  8  0  0
55  2  92000 134334364 2218888 52391904    0    0 581744 326616 355929 1532288 52 26 18  4  0  0
32 14  92000 134342780 2218888 52391928    0    0 725968 490020 362546 1487031 51 23 18  8  0  0
65  8  92000 134364940 2218888 52391952    0    0 618800 349340 355985 1529665 53 26 18  4  0  0
73 10  92000 134365004 2218888 52391972    0    0 691968 466768 360925 1491912 51 24 17  9  0  0
procs -----------memory---------- ---swap-- -----io---- -system-- -------cpu-------
 r  b   swpd   free   buff  cache   si   so    bi    bo   in   cs us sy id wa st gu
72  9  92000 134348056 2218888 52391996    0    0 695088 454412 364589 1504204 51 24 17  7  0  0
76  5  92000 134370132 2218888 52392008    0    0 596224 344624 360133 1553187 54 25 17  4  0  0
53 10  92000 134374120 2218888 52392020    0    0 736016 481984 381612 1526385 53 23 16  8  0  0
52  5  92000 134364392 2218888 52392044    0    0 588928 337524 356768 1528223 53 26 18  4  0  0
83  3  92000 134371452 2218888 52392060    0    0 725024 474864 364029 1504654 52 22 18  8  0  0
35  6  92000 134375068 2218888 52392084    0    0 662944 443104 362719 1507480 51 25 17  7  0  0
64  7  92000 134383708 2218888 52392100    0    0 630224 358536 362743 1538862 53 26 17  4  0  0
33  4  92000 134375972 2218888 52392120    0    0 692912 449996 363576 1503086 51 23 17  8  0  0
18  7  92000 134384228 2218888 52392132    0    0 728064 489052 372357 1505617 51 24 17  9  0  0
53  6  92000 134374108 2218888 52392152    0    0 700624 449460 367235 1516778 52 24 17  7  0  0
83  2  92000 134381432 2218888 52392172    0    0 601632 339528 358772 1530483 53 26 18  4  0  0
45 15  92000 134379696 2218888 52392192    0    0 679712 453744 364973 1495003 51 24 17  8  0  0
54  4  92000 134367792 2218896 52392212    0    0 618816 356116 361364 1533570 53 26 18  4  0  0
54  8  92000 134381772 2218896 52392232    0    0 706048 463092 367297 1506408 51 24 18  7  0  0
33  6  92000 134400216 2218900 52392252    0    0 704928 467584 371664 1512809 52 24 17  8  0  0
65 10  92000 134375764 2218900 52392264    0    0 607744 350460 360296 1533282 53 25 18  4  0  0
74  5  92000 134385448 2218900 52392280    0    0 704480 464404 369848 1499702 51 23 18  8  0  0
54 41  92000 134396660 2218900 52392304    0    0 623424 385172 361780 1521147 52 25 18  5  0  0
79 10  92000 134389032 2218900 52392324    0    0 674256 424132 365921 1516528 52 25 18  6  0  0
35 11  92000 134369224 2218900 52392348    0    0 683920 468152 363225 1483508 51 23 18  8  0  0
77  6  92000 134396632 2218900 52392368    0    0 612592 356452 365951 1541761 54 25 17  4  0  0
procs -----------memory---------- ---swap-- -----io---- -system-- -------cpu-------
 r  b   swpd   free   buff  cache   si   so    bi    bo   in   cs us sy id wa st gu
63  4  92000 134382676 2218900 52392376    0    0 690080 452288 367533 1507837 51 23 18  8  0  0
30 13  92000 134386032 2218912 52392388    0    0 698480 462804 367219 1498331 51 24 18  8  0  0
71  5  92000 134358796 2218912 52392420    0    0 602544 344040 362268 1532366 53 25 18  4  0  0
63 20  92000 134371940 2218912 52392436    0    0 712000 473440 365288 1497337 51 24 17  8  0  0
84  4  92000 134372764 2218912 52392524    0    0 602928 355008 360992 1525601 52 26 18  4  0  0
61  9  92000 134374464 2218912 52392540    0    0 729648 467028 373182 1518556 52 24 17  7  0  0
63  3  92000 134389608 2218912 52392552    0    0 677936 444080 371279 1513715 51 25 17  7  0  0
50  8  92000 134371660 2218912 52392568    0    0 614320 356720 362787 1536469 53 26 17  4  0  0
31  2  92000 134369672 2218912 52392588    0    0 671312 439068 366775 1499031 51 24 18  7  0  0
57  5  92000 134380416 2218912 52392608    0    0 676640 451048 362927 1486952 51 24 18  7  0  0
73  7  92000 134385984 2218912 52392624    0    0 696608 445040 374513 1502613 51 24 18  8  0  0
42  5  92000 134379864 2218912 52392640    0    0 616560 351492 364917 1533340 53 26 18  4  0  0
54  7  92000 134387540 2218912 52392660    0    0 678144 443744 368731 1511789 51 24 17  8  0  0
45 12  92000 134392900 2218912 52392676    0    0 617648 355980 367132 1545035 53 25 17  4  0  0
76  4  92000 134391000 2218912 52392692    0    0 694352 448712 363714 1493851 51 23 18  8  0  0
55  9  92000 134369136 2218912 52392712    0    0 692160 464920 365939 1500027 51 24 18  7  0  0
67  3  92000 134381116 2218912 52392732    0    0 606768 340228 360088 1530951 53 25 18  4  0  0
69 18  92000 134372828 2218912 52392760    0    0 701056 460292 368074 1505919 52 23 17  8  0  0
24  6  92000 134406612 2218912 52392780    0    0 612416 346204 361269 1528785 53 26 18  4  0  0
55 19  92000 134412248 2218912 52392796    0    0 683408 445548 365577 1510174 52 23 17  7  0  0
74  7  92000 134399736 2218912 52392812    0    0 705056 464560 369255 1502852 51 24 17  8  0  0
procs -----------memory---------- ---swap-- -----io---- -system-- -------cpu-------
 r  b   swpd   free   buff  cache   si   so    bi    bo   in   cs us sy id wa st gu
61  5  92000 134381156 2218912 52392832    0    0 590160 353196 358597 1526380 52 26 18  4  0  0
81  4  92000 134370656 2218912 52392852    0    0 696160 458860 366775 1492445 50 24 18  8  0  0
73 12  92000 134362116 2218912 52392872    0    0 722640 467324 373483 1517589 52 24 17  8  0  0
63  6  92000 134382700 2218912 52392888    0    0 616544 344616 365318 1544522 53 26 17  4  0  0
58  9  92000 134380616 2218912 52392904    0    0 710784 468432 372548 1519785 52 24 16  8  0  0
39  0  92000 134380708 2218916 52392920    0    0 713568 474868 368456 1487346 50 23 17  9  0  0
67  7  92000 134366164 2218916 52392948    0    0 607952 350380 359938 1526113 52 26 18  4  0  0
75 12  92000 134373164 2218916 52392972    0    0 748672 486948 365638 1505762 52 22 18  9  0  0
58 23  92000 134354100 2218916 52392992    0    0 712176 463332 369511 1507121 51 25 17  7  0  0
52  8  92000 134364784 2218916 52393008    0    0 622832 350520 363116 1532623 52 26 18  4  0  0
73  9  92000 134395916 2218916 52393032    0    0 702336 458668 368751 1508193 51 24 17  7  0  0
62  5  92000 134400008 2218916 52393040    0    0 585152 354284 361145 1539183 53 26 17  4  0  0
66  5  92000 134391100 2218916 52393064    0    0 717296 467300 369153 1502221 52 23 17  8  0  0
38  5  92000 134379360 2218916 52393084    0    0 685600 451868 361728 1498701 51 23 18  7  0  0
78  7  92000 134369756 2218916 52393100    0    0 630944 355808 363943 1545751 54 25 17  4  0  0
52  5  92000 134372752 2218916 52393120    0    0 676848 443484 360041 1485943 50 24 17  8  0  0
63  3  92000 134360456 2218916 52393136    0    0 710272 468792 360683 1492386 51 23 18  8  0  0
72  5  92000 134380228 2218916 52393156    0    0 601392 341964 364837 1549184 54 26 17  4  0  0
48 13  92000 134372876 2218916 52393168    0    0 703920 466160 366196 1498568 51 24 17  8  0  0
68 20  92000 134383820 2218916 52393192    0    0 587552 339416 358676 1525942 53 26 18  4  0  0
68  8  92000 134370740 2218916 52393204    0    0 718736 470404 370397 1512931 52 24 17  7  0  0
procs -----------memory---------- ---swap-- -----io---- -system-- -------cpu-------
 r  b   swpd   free   buff  cache   si   so    bi    bo   in   cs us sy id wa st gu
52  2  92000 134374908 2218916 52393224    0    0 695120 462744 367229 1503198 51 24 18  8  0  0
58 16  92000 134370820 2218916 52393244    0    0 616400 349796 359030 1531121 53 25 18  4  0  0
52 16  92000 134367716 2218916 52393260    0    0 705008 473760 369961 1513384 52 23 17  7  0  0
79  8  92000 134372476 2218916 52393276    0    0 697232 456048 374425 1520185 52 24 17  7  0  0
55 10  92000 134364992 2218916 52393292    0    0 598032 346432 358249 1530044 52 26 18  4  0  0
80  4  92000 134380868 2218916 52393308    0    0 693808 452860 364448 1501775 51 24 17  8  0  0
65 24  92000 134366180 2218916 52393332    0    0 679584 445660 365074 1497476 51 25 18  7  0  0
44  7  92000 134375500 2218916 52393352    0    0 622480 350432 365781 1543313 52 26 17  4  0  0
57 14  92000 134356412 2218916 52393372    0    0 692768 452428 365450 1495174 51 24 18  8  0  0
36 43  92000 134367356 2218916 52393392    0    0 663856 397828 371101 1543175 54 24 17  5  0  0
62 10  92000 134370728 2218916 52393404    0    0 680560 426788 372719 1522271 52 24 17  7  0  0
52 14  92000 134382548 2218916 52393424    0    0 685920 445876 368093 1505384 51 24 18  7  0  0
46  5  92000 134380160 2218916 52393444    0    0 614048 351404 361088 1527923 54 25 18  4  0  0
77  6  92000 134353580 2218916 52393464    0    0 686224 468960 367351 1496713 51 24 18  7  0  0
69  2  92000 134371536 2218916 52393484    0    0 687584 449624 364911 1500209 51 25 18  7  0  0
32 13  92000 134390908 2218928 52393492    0    0 612576 356192 365932 1545024 53 26 17  4  0  0
68  3  92000 134392592 2218928 52393508    0    0 706720 450968 367423 1504365 51 24 17  8  0  0
23  3  92000 134380268 2218928 52393528    0    0 707616 460020 368561 1507139 51 24 17  7  0  0
51 10  92000 134375800 2218928 52393548    0    0 591072 337708 358812 1529418 53 25 18  4  0  0
38  5  92000 134376256 2218928 52393568    0    0 706640 464836 368265 1493621 51 24 17  8  0  0
54  7  92000 134382536 2218932 52393588    0    0 595360 336232 356145 1528376 52 26 18  4  0  0
procs -----------memory---------- ---swap-- -----io---- -system-- -------cpu-------
 r  b   swpd   free   buff  cache   si   so    bi    bo   in   cs us sy id wa st gu
75  4  92000 134392400 2218932 52393604    0    0 722896 480124 367917 1496980 51 23 17  8  0  0
32  4  92000 134396356 2218932 52393692    0    0 682512 453340 370112 1514973 52 23 17  7  0  0
63  4  92000 134387788 2218932 52393712    0    0 589104 337504 357553 1525509 53 25 18  4  0  0
72 12  92000 134353892 2218932 52393728    0    0 728048 488680 371432 1509169 52 23 17  8  0  0
36 53  92000 134363052 2218932 52393748    0    0 663424 437588 366439 1512790 52 24 18  7  0  0
74  9  92000 134374204 2218932 52393764    0    0 657840 378032 370221 1538193 53 25 17  5  0  0
75 13  92000 134364352 2218932 52393792    0    0 689504 454096 367283 1499776 50 25 18  7  0  0
71 11  92000 134371552 2218932 52393808    0    0 639536 362308 368233 1550043 54 25 16  4  0  0
42 11  92000 134384700 2218936 52393812    0    0 727888 473440 375871 1519364 52 24 17  8  0  0
83  3  92000 134372984 2218936 52393832    0    0 675568 445260 366348 1499839 51 24 18  7  0  0
75  3  92000 134366940 2218936 52393856    0    0 649344 371708 363360 1540101 53 25 17  5  0  0
37  6  92000 134364648 2218936 52393880    0    0 665920 439400 363253 1480598 50 24 18  8  0  0
74  8  92000 134380840 2218936 52393900    0    0 706640 459736 367882 1499007 51 23 17  8  0  0
64  5  92000 134380588 2218936 52393912    0    0 602272 342792 363303 1533486 53 25 17  4  0  0
70 10  92000 134371420 2218936 52393928    0    0 742304 495604 373338 1502383 52 21 18  9  0  0
23  8  92000 134387448 2218936 52393944    0    0 695872 457336 367133 1498742 51 24 18  8  0  0
59  9  92000 134378064 2218936 52393972    0    0 607600 344288 365281 1532922 53 26 18  4  0  0
70 19  92000 134381260 2218936 52393992    0    0 683952 455656 366317 1495185 51 24 18  7  0  0
48  5  92000 134381364 2218936 52394008    0    0 616240 345056 367673 1538116 53 25 18  4  0  0
22  5  92000 134383864 2218936 52394024    0    0 692080 456872 366388 1492610 51 23 18  7  0  0
45  6  92000 134384112 2218936 52394048    0    0 688208 450744 369136 1508854 51 24 17  8  0  0
procs -----------memory---------- ---swap-- -----io---- -system-- -------cpu-------
 r  b   swpd   free   buff  cache   si   so    bi    bo   in   cs us sy id wa st gu
 5  1  92000 134387736 2218936 52394056    0    0 600816 347208 362298 1530348 53 25 18  4  0  0
74 14  92000 134374324 2218936 52394080    0    0 707904 455780 367072 1502519 52 23 18  8  0  0
31  2  92000 134376168 2218936 52394100    0    0 687680 450016 366951 1493760 52 23 17  8  0  0
45 13  92000 134357088 2218940 52394116    0    0 614144 353804 362568 1531721 53 25 18  4  0  0
32 10  92000 134368776 2218940 52394136    0    0 702912 458216 368727 1495138 51 24 18  7  0  0
56  7  92000 134375640 2218940 52394156    0    0 690544 479068 369769 1502819 51 24 17  7  0  0
74  9  92000 134371032 2218940 52394172    0    0 612304 348044 367407 1545002 53 26 17  4  0  0
52 22  92000 134374248 2218940 52394188    0    0 685376 457968 363599 1492685 51 23 18  7  0  0
44 10  92000 134370240 2218944 52394208    0    0 648672 374816 363407 1542572 54 24 17  5  0  0
51 14  92000 134356372 2218944 52394228    0    0 722368 477324 366875 1512282 52 23 18  8  0  0
49  8  92000 134359652 2218944 52394248    0    0 697600 460324 372725 1514255 52 24 17  7  0  0
75  6  92000 134356272 2218944 52394268    0    0 625008 353488 368022 1543417 53 26 17  4  0  0
38  4  92000 134374988 2218944 52394284    0    0 685616 445948 368400 1503788 51 24 17  8  0  0
79  8  92000 134377824 2218944 52394296    0    0 616608 354692 364266 1530644 53 26 18  4  0  0
24  3  92000 134365940 2218944 52394316    0    0 695776 467184 369475 1499888 52 24 17  8  0  0
65  9  92000 134374188 2218944 52394332    0    0 663872 420724 366240 1507596 51 25 18  7  0  0
66  2  92000 134376592 2218944 52394360    0    0 616384 372056 365171 1537919 54 25 18  4  0  0
41  2  92000 134353740 2218944 52394376    0    0 678608 446784 361406 1491529 50 25 18  7  0  0
59 24  92000 134354360 2218944 52394404    0    0 704496 470956 371763 1506612 51 24 17  8  0  0
72  4  92000 134376500 2218944 52394412    0    0 625312 352632 367095 1542481 53 26 17  4  0  0
77  5  92000 134374068 2218944 52394428    0    0 671056 444272 363614 1480877 50 24 17  8  0  0
procs -----------memory---------- ---swap-- -----io---- -system-- -------cpu-------
 r  b   swpd   free   buff  cache   si   so    bi    bo   in   cs us sy id wa st gu
67  4  92000 134371660 2218944 52394448    0    0 627152 359908 361944 1536934 53 25 17  5  0  0
38 11  92000 134365716 2218944 52394476    0    0 701376 452088 364060 1489507 51 23 17  9  0  0
27  4  92000 134374608 2218944 52394492    0    0 695104 452052 362436 1482246 51 23 17  8  0  0
67 10  92000 134386328 2218948 52394508    0    0 724592 455268 367529 1499033 51 23 17  9  0  0
79  7  92000 134388940 2218948 52394524    0    0 627936 351852 369286 1564387 55 24 16  5  0  0
75  3  92000 134380404 2218948 52394540    0    0 702496 459700 366023 1493710 51 23 17  9  0  0
15 68  92000 134367284 2218948 52394564    0    0 598368 342764 358141 1513830 52 26 17  5  0  0
20  7  92000 134354092 2218948 52394580    0    0 711856 464620 370973 1472631 51 23 17 10  0  0
35  4  92000 134349944 2218948 52394600    0    0 679664 441184 364774 1492379 51 24 17  8  0  0
69  8  92000 134371300 2218948 52394616    0    0 634384 369584 365310 1536504 53 25 17  4  0  0
74  2  92000 134389872 2218948 52394640    0    0 710256 456928 368245 1502464 52 23 17  8  0  0
82  5  92000 134394712 2218948 52394652    0    0 709248 468196 366924 1503677 51 23 16 10  0  0
65  9  92000 134371744 2218948 52394672    0    0 621040 353880 363867 1543839 54 25 17  5  0  0
55 12  92000 134366340 2218948 52394688    0    0 670208 435020 358840 1470691 50 24 17  9  0  0
61 10  92000 134369960 2218948 52394708    0    0 691392 455408 363301 1489768 51 24 17  8  0  0
45  7  92000 134371424 2218948 52394728    0    0 618816 353968 362554 1534415 53 26 17  4  0  0
70  8  92000 134371708 2218948 52394752    0    0 690864 450464 365486 1488615 51 23 17  9  0  0
65 10  92000 134367228 2218948 52394764    0    0 724816 465776 370934 1507129 53 22 16  9  0  0
43 14  92000 134370640 2218948 52394784    0    0 583216 341996 358216 1524218 53 25 17  4  0  0
73 13  92000 134376576 2218948 52394896    0    0 686864 456432 357323 1452274 49 23 18 10  0  0
38 56  92000 134349832 2218948 52394912    0    0 629216 369048 366753 1535774 53 25 17  5  0  0
procs -----------memory---------- ---swap-- -----io---- -system-- -------cpu-------
 r  b   swpd   free   buff  cache   si   so    bi    bo   in   cs us sy id wa st gu
42  5  92000 134362544 2218948 52394944    0    0 730592 464032 369128 1497040 51 23 17  9  0  0
44 18  92000 134378204 2218952 52394960    0    0 680928 455080 368905 1498416 51 24 17  8  0  0
50  9  92000 134383984 2218952 52394976    0    0 626112 361040 368189 1554835 54 25 16  4  0  0
60 17  92000 134390828 2218952 52394984    0    0 671664 437960 359746 1483207 50 25 17  8  0  0
36  9  92000 134385396 2218952 52395008    0    0 699136 457572 366850 1493096 51 24 17  8  0  0
81  4  92000 134378712 2218952 52395028    0    0 606032 342908 361536 1526103 53 26 17  5  0  0
28  4  92000 134381620 2218952 52395048    0    0 673760 435744 357363 1471410 50 24 18  9  0  0
77  8  92000 134363344 2218952 52395064    0    0 706592 481796 363403 1482095 50 23 17  9  0  0
22 62  92000 134373280 2218952 52395084    0    0 656512 412836 362894 1499550 51 23 18  8  0  0
55  8  92000 134384876 2218952 52395100    0    0 651392 373540 368446 1534340 53 24 17  6  0  0
58 16  92000 134377856 2218952 52395124    0    0 681488 444680 365355 1482937 51 23 17  9  0  0
45  8  92000 134366608 2218952 52395140    0    0 616096 350896 362903 1531643 53 25 17  4  0  0
46 19  92000 134360628 2218952 52395164    0    0 683440 441028 363019 1490837 51 24 17  8  0  0
60  6  92000 134359684 2218952 52395184    0    0 702352 463144 366892 1498884 51 24 17  8  0  0
76  8  92000 134368716 2218952 52395204    0    0 591744 338388 361740 1529040 53 26 17  4  0  0
80  8  92000 134365584 2218952 52395228    0    0 719408 474068 369891 1503372 52 23 16  9  0  0
61  9  92000 134367996 2218952 52395236    0    0 683840 443608 365250 1495557 52 23 17  8  0  0
67  3  92000 134367528 2218952 52395252    0    0 598912 341852 360006 1524244 53 26 18  4  0  0
62  7  92000 134373768 2218952 52395280    0    0 679200 451912 360858 1470987 50 24 17  9  0  0
49  5  92000 134384280 2218952 52395296    0    0 714576 473928 369539 1496919 51 24 17  8  0  0
68  7  92000 134365420 2218952 52395316    0    0 591456 339228 360666 1532689 52 26 18  4  0  0
procs -----------memory---------- ---swap-- -----io---- -system-- -------cpu-------
 r  b   swpd   free   buff  cache   si   so    bi    bo   in   cs us sy id wa st gu
58  7  92000 134363988 2218952 52395332    0    0 666240 434912 360758 1482282 50 24 17  9  0  0
65 13  92000 134380648 2218952 52395344    0    0 678800 447256 365356 1496012 52 23 17  8  0  0
51  3  92000 134363980 2218952 52395364    0    0 631152 355764 360780 1533055 53 25 17  4  0  0
44  6  92000 134367992 2218952 52395380    0    0 676992 443912 365516 1490931 51 23 17  9  0  0
33  8  92000 134357944 2218952 52395400    0    0 634576 366308 364095 1531886 53 25 17  4  0  0
56  9  92000 134376636 2218956 52395416    0    0 699472 455516 362888 1488767 51 23 18  8  0  0
75  8  92000 134358056 2218956 52395444    0    0 697696 448784 366732 1495634 51 24 17  8  0  0
62 12  92000 134370572 2218956 52395456    0    0 625424 362488 366443 1551757 54 25 16  5  0  0
77  7  92000 134363396 2218956 52395464    0    0 679520 443068 365252 1494059 50 24 18  8  0  0
41  7  92000 134371560 2218956 52395488    0    0 682816 461852 361303 1483445 50 23 18  9  0  0
72 12  92000 134367480 2218956 52395512    0    0 637104 356460 355393 1526267 52 24 18  6  0  0
47  1  92000 134367528 2218956 52395540    0    0 689568 444844 363609 1487626 51 24 16  8  0  0
51 12  92000 134362288 2218956 52395556    0    0 710160 461200 366840 1494453 51 23 17  8  0  0
38 11  92000 134369360 2218956 52395576    0    0 617040 351368 362120 1542484 54 25 17  5  0  0
73 13  92000 134368040 2218956 52395584    0    0 706400 464596 365020 1477596 51 22 17 10  0  0
30 56  92000 134373964 2218960 52395596    0    0 618160 377704 360511 1509398 52 25 18  5  0  0
60  2  92000 134381736 2218960 52395624    0    0 699984 432572 366974 1515402 52 24 17  8  0  0
81  4  92000 134362104 2218960 52395640    0    0 665776 432640 361885 1481858 50 24 18  8  0  0
33 16  92000 134357700 2218960 52395660    0    0 639440 360732 366126 1539781 53 25 17  5  0  0
60 13  92000 134367432 2218960 52395676    0    0 693920 455188 367346 1507970 51 24 17  8  0  0
65 23  92000 134375148 2218960 52395696    0    0 710336 461660 373249 1511614 52 23 16  9  0  0
procs -----------memory---------- ---swap-- -----io---- -system-- -------cpu-------
 r  b   swpd   free   buff  cache   si   so    bi    bo   in   cs us sy id wa st gu
76 10  92000 134379044 2218960 52395708    0    0 630608 369692 363671 1529489 53 25 18  5  0  0
46  3  92000 134369216 2218960 52395728    0    0 695024 452052 369331 1497731 50 24 17  8  0  0
65  9  92000 134362028 2218960 52395748    0    0 688816 451452 363047 1485751 51 24 17  8  0  0
78 11  92000 134361236 2218960 52395768    0    0 630656 357584 366489 1541048 53 25 17  5  0  0
86  8  92000 134369028 2218960 52395788    0    0 676096 437396 358339 1463010 50 24 18  9  0  0
17 67  92000 134380096 2218960 52395808    0    0 676144 439180 366857 1492185 51 23 17  8  0  0
75 10  92000 134380128 2218960 52395820    0    0 639440 366932 368135 1541465 53 25 17  5  0  0
42  6  92000 134373876 2218960 52395840    0    0 671648 440432 360573 1474187 50 24 18  8  0  0
51  7  92000 134373452 2218960 52395860    0    0 631616 359296 365791 1539199 54 25 17  4  0  0
65 15  92000 134375920 2218964 52395880    0    0 665376 441064 364623 1489394 50 24 18  8  0  0
71 11  92000 134373992 2218964 52395908    0    0 703488 454424 366663 1491044 50 24 17  8  0  0
76  7  92000 134367748 2218964 52395924    0    0 623536 370808 360941 1533086 52 25 18  5  0  0
36  6  92000 134372912 2218964 52395932    0    0 734976 471560 372174 1510182 52 22 16 10  0  0
49  6  92000 134372252 2218964 52395944    0    0 682208 435572 363839 1486694 51 24 17  8  0  0
34  4  92000 134346592 2218964 52395968    0    0 618160 357800 363053 1533104 53 26 17  4  0  0
75  7  92000 134335828 2218964 52395992    0    0 671328 436040 361130 1486242 51 23 18  8  0  0
69 17  92000 134354892 2218964 52396080    0    0 687408 456332 360630 1482347 50 24 17  8  0  0
41  7  92000 134363224 2218964 52396096    0    0 616096 349984 361612 1536868 53 25 17  4  0  0
76  9  92000 134377924 2218964 52396116    0    0 724528 472340 366713 1507273 52 22 17  9  0  0
39 56  92000 134377020 2218968 52396124    0    0 686944 456564 361676 1507723 51 23 17  8  0  0
58  8  92000 134360804 2218968 52396148    0    0 634080 354964 364355 1533962 53 26 17  4  0  0
procs -----------memory---------- ---swap-- -----io---- -system-- -------cpu-------
 r  b   swpd   free   buff  cache   si   so    bi    bo   in   cs us sy id wa st gu
76  8  92000 134350336 2218968 52396164    0    0 679200 447232 365184 1495026 51 24 17  8  0  0
64  9  92000 134349912 2218968 52396184    0    0 623008 369696 362235 1532296 53 25 18  4  0  0
78  3  92000 134370740 2218968 52396208    0    0 664928 440448 361623 1488580 51 24 18  8  0  0
66  5  92000 134384576 2218976 52396216    0    0 729440 475224 367789 1500617 51 23 17  9  0  0
63 10  92000 134394448 2218976 52396244    0    0 635584 361664 370148 1557942 54 25 16  5  0  0
53  6  92000 134380480 2218976 52396256    0    0 707232 454376 368055 1503426 52 23 17  9  0  0
57 13  92000 134362280 2218976 52396272    0    0 698768 453856 367704 1508098 51 24 17  8  0  0
38 51  92000 134354796 2218976 52396296    0    0 626512 375544 357786 1507948 52 24 18  6  0  0
72 11  92000 134359100 2218980 52396304    0    0 664928 412912 360695 1495455 51 24 18  7  0  0
45  6  92000 134375236 2218980 52396336    0    0 675696 447948 361477 1485296 51 24 17  8  0  0
60 12  92000 134382148 2218980 52396352    0    0 619008 359272 364600 1546763 54 25 17  4  0  0
51  3  92000 134378500 2218980 52396360    0    0 674112 443624 365933 1493374 51 24 17  8  0  0
58 19  92000 134369020 2218980 52396384    0    0 690720 470756 365236 1491808 51 24 17  8  0  0
81  6  92000 134361496 2218984 52396404    0    0 626592 351396 368327 1545795 54 25 17  4  0  0
22  4  92000 134354904 2218984 52396428    0    0 675248 450056 361153 1479658 51 24 18  8  0  0
67  9  92000 134355216 2218984 52396448    0    0 611264 347224 360850 1530035 53 25 18  4  0  0
76  5  92000 134367464 2218984 52396464    0    0 689680 451380 366435 1501018 51 24 17  8  0  0
56  6  92000 134370652 2218984 52396480    0    0 705840 446592 367412 1508875 52 23 17  9  0  0
18 68  92000 134374680 2218984 52396496    0    0 663904 395156 366800 1528199 53 25 17  5  0  0
43 13  92000 134364792 2218984 52396516    0    0 679024 424192 364457 1496292 51 24 18  7  0  0
74  9  92000 134352752 2218984 52396536    0    0 683616 445024 367727 1500586 51 24 17  7  0  0
procs -----------memory---------- ---swap-- -----io---- -system-- -------cpu-------
 r  b   swpd   free   buff  cache   si   so    bi    bo   in   cs us sy id wa st gu
54  2  92000 134348012 2218984 52396556    0    0 632176 364704 367011 1542949 53 25 17  4  0  0
30 10  92000 134350916 2218984 52396576    0    0 675776 442300 364223 1483883 50 24 18  8  0  0
76 15  92000 134382152 2218988 52396584    0    0 692944 462956 369789 1506490 52 23 17  8  0  0
56  8  92000 134381736 2218988 52396604    0    0 623008 369188 376591 1538382 53 25 17  4  0  0
68  7  92000 134376112 2218988 52396616    0    0 677984 455864 361683 1474235 50 24 18  8  0  0
58  5  92000 134370124 2218988 52396640    0    0 636624 362484 364290 1537876 53 26 17  5  0  0
44  5  92000 134360128 2218988 52396656    0    0 684800 451368 369073 1501233 51 25 17  7  0  0
56  8  92000 134352072 2218988 52396676    0    0 690752 447768 368201 1492350 51 23 18  8  0  0
62 16  92000 134375268 2218988 52396696    0    0 635760 366460 370751 1552047 54 25 17  4  0  0
52 17  92000 134381908 2218988 52396708    0    0 690768 456760 366303 1487902 51 23 17  9  0  0
70  9  92000 134381116 2218988 52396728    0    0 719664 468212 369125 1487449 51 23 17  9  0  0
72  9  92000 134378536 2218988 52396744    0    0 584848 341100 358474 1529185 53 26 18  4  0  0
72  9  92000 134365944 2218988 52396764    0    0 686864 452220 362637 1487554 51 24 18  8  0  0
65  2  92000 134360316 2218988 52396796    0    0 661296 408380 365642 1508633 51 25 18  6  0  0
19 66  92000 134351316 2218988 52396816    0    0 625024 418116 360172 1508018 51 25 18  6  0  0
62 10  92000 134363040 2218988 52396836    0    0 676720 404604 372554 1541677 54 24 16  6  0  0
29 10  92000 134379556 2218988 52396852    0    0 686928 457364 366950 1504134 51 24 17  8  0  0
81  5  92000 134364056 2218988 52396872    0    0 619872 352348 364283 1536818 53 26 17  4  0  0
57  8  92000 134354560 2218988 52396892    0    0 700000 455272 366870 1503910 51 24 17  8  0  0
61  7  92000 134355304 2218988 52396916    0    0 694864 462044 364173 1490145 50 24 18  8  0  0
54  7  92000 134351348 2218988 52396940    0    0 592016 335672 361479 1535440 52 26 18  4  0  0
procs -----------memory---------- ---swap-- -----io---- -system-- -------cpu-------
 r  b   swpd   free   buff  cache   si   so    bi    bo   in   cs us sy id wa st gu
61 14  92000 134374760 2218988 52396952    0    0 710912 468084 370538 1497734 51 23 17  8  0  0
68 19  92000 134380316 2218988 52396964    0    0 681408 448472 366927 1494802 51 24 17  8  0  0
62 13  92000 134370252 2218988 52396984    0    0 608832 347520 364554 1533535 53 26 17  4  0  0
51  8  92000 134364232 2218988 52397008    0    0 713456 465940 367921 1496892 51 23 17  8  0  0
33  7  92000 134355644 2218988 52397024    0    0 610192 346500 363036 1532073 53 26 18  4  0  0
77  8  92000 134353696 2218988 52397044    0    0 714528 488828 369314 1483898 51 23 17  9  0  0
54 29  92000 134351976 2218988 52397060    0    0 681488 444508 366996 1499013 51 25 17  8  0  0
56  2  92000 134372728 2218988 52397072    0    0 639840 364700 366448 1553800 54 25 17  5  0  0
11  0  92000 134380012 2218988 52397096    0    0 712304 460212 367409 1505252 51 24 17  8  0  0
64  7  92000 134361184 2218988 52397112    0    0 681776 451572 361279 1489421 51 23 18  8  0  0
67 13  92000 134343100 2218988 52397128    0    0 600960 344844 360261 1537875 53 26 17  4  0  0
71  9  92000 134355956 2218988 52397148    0    0 717600 468996 366714 1490525 51 23 17  9  0  0
16 66  92000 134341744 2218988 52397164    0    0 611344 370052 362321 1515205 52 25 18  5  0  0
73  9  92000 134352396 2218988 52397256    0    0 692368 428908 370131 1518023 52 24 16  7  0  0
68  8  92000 134365392 2218988 52397264    0    0 667424 425564 363049 1491534 50 24 18  8  0  0
74  9  92000 134363576 2218988 52397284    0    0 687968 457396 365416 1486663 50 24 17  9  0  0
44 10  92000 134364884 2218988 52397304    0    0 619024 361736 361743 1527377 52 26 17  5  0  0
69  5  92000 134372124 2218992 52397320    0    0 678752 443560 359202 1470310 50 23 18  9  0  0
67 10  92000 134372756 2218992 52397344    0    0 708656 464784 364354 1488649 50 23 18  9  0  0
78 11  92000 134364736 2218992 52397360    0    0 599616 344804 360034 1536139 53 25 17  5  0  0
75 11  92000 134352664 2218992 52397372    0    0 727440 468996 369229 1508899 52 23 16  9  0  0
procs -----------memory---------- ---swap-- -----io---- -system-- -------cpu-------
 r  b   swpd   free   buff  cache   si   so    bi    bo   in   cs us sy id wa st gu
36 17  92000 134355788 2218992 52397388    0    0 700672 463712 362301 1490456 51 23 17  8  0  0
65 10  92000 134356032 2218992 52397408    0    0 626560 360788 363221 1532071 53 25 18  5  0  0
67  7  92000 134357208 2218992 52397428    0    0 688928 453336 369453 1508474 51 24 17  8  0  0
44  4  92000 134379308 2218992 52397448    0    0 596208 339236 356340 1526343 53 25 18  4  0  0
71  3  92000 134367544 2218992 52397468    0    0 710864 462096 367582 1489937 51 24 17  9  0  0
54  5  92000 134384268 2218992 52397488    0    0 690960 448968 367378 1501214 51 24 17  9  0  0
74  7  92000 134382784 2219000 52397496    0    0 709728 468712 365282 1487300 51 23 17  9  0  0
73  7  92000 134373568 2219000 52397524    0    0 591760 334432 359913 1532384 52 26 18  4  0  0
64 16  92000 134360268 2219000 52397540    0    0 722144 471416 370086 1496172 51 23 17  9  0  0
37 37  92000 134352896 2219000 52397564    0    0 664336 427588 366265 1503359 51 24 18  7  0  0
55  6  92000 134374476 2219000 52397584    0    0 652784 377848 369199 1539169 53 25 17  5  0  0
58 12  92000 134380000 2219000 52397608    0    0 688896 451336 363762 1493580 51 24 17  8  0  0
77  1  92000 134375224 2219000 52397616    0    0 629056 356008 370730 1551457 53 25 17  5  0  0
59  9  92000 134360320 2219000 52397636    0    0 734176 475976 370142 1497464 51 22 17  9  0  0
64  6  92000 134352592 2219000 52397656    0    0 688384 445592 363419 1481342 51 24 17  8  0  0
70 14  92000 134363404 2219000 52397680    0    0 644960 366300 367787 1539410 53 24 17  5  0  0
54 31  92000 134370716 2219000 52397700    0    0 665824 444128 364183 1485583 50 24 18  8  0  0
72 13  92000 134371260 2219000 52397716    0    0 697248 466752 367939 1485628 51 23 17  9  0  0
71 13  92000 134384284 2219000 52397740    0    0 639984 367004 370067 1549268 54 25 17  5  0  0
63  9  92000 134371552 2219000 52397752    0    0 679936 447720 366578 1485482 51 24 18  8  0  0
38 19  92000 134367912 2219000 52397772    0    0 719632 471504 371605 1501024 52 23 17  8  0  0
procs -----------memory---------- ---swap-- -----io---- -system-- -------cpu-------
 r  b   swpd   free   buff  cache   si   so    bi    bo   in   cs us sy id wa st gu
65 11  92000 134353740 2219000 52397788    0    0 597792 345936 362904 1529476 53 26 18  4  0  0
50 22  92000 134354436 2219000 52397816    0    0 671136 449664 364180 1485898 51 24 18  8  0  0
50  6  92000 134379996 2219000 52397836    0    0 638112 358560 366535 1536115 53 25 17  4  0  0
53 15  92000 134387748 2219000 52397856    0    0 695792 466700 369181 1500863 51 24 17  8  0  0
62  6  92000 134377184 2219000 52397868    0    0 694064 457104 372707 1505697 52 23 17  8  0  0
79 10  92000 134362980 2219000 52397884    0    0 640816 367576 371096 1552172 54 25 16  5  0  0
60 11  92000 134343852 2219000 52397900    0    0 682080 438160 366615 1493290 51 24 17  9  0  0
70 12  92000 134339504 2219000 52397924    0    0 716480 475324 361062 1462176 50 22 17 11  0  0
69 21  92000 134355220 2219000 52397944    0    0 631744 358092 366311 1530639 53 25 17  5  0  0
66 10  92000 134359152 2219000 52397964    0    0 699536 443064 368770 1494236 51 23 17  9  0  0
26 14  92000 134377152 2219012 52397960    0    0 669472 442832 366529 1478101 50 23 17  9  0  0
44  9  92000 134369896 2219012 52398040    0    0 615856 348392 364758 1530201 53 25 17  5  0  0
75  6  92000 134357056 2219012 52398060    0    0 677840 447192 361841 1461457 50 24 17  9  0  0
57 10  92000 134359740 2219012 52398084    0    0 694656 441216 368600 1495724 51 24 17  8  0  0
64 22  92000 134356452 2219012 52398100    0    0 605456 353300 363597 1535061 53 26 17  4  0  0
69 14  92000 134343980 2219016 52398120    0    0 713232 459484 367198 1481795 50 23 17  9  0  0
35 10  92000 134375396 2219016 52398140    0    0 690736 444344 370980 1503641 51 24 17  9  0  0
61 15  92000 134375744 2219016 52398160    0    0 647264 364264 367953 1550839 54 24 16  6  0  0
61  7  92000 134368912 2219016 52398176    0    0 705888 473240 368874 1493369 51 23 17  9  0  0
77 10  92000 134350344 2219020 52398188    0    0 724800 461232 369517 1499983 52 23 17  8  0  0
26  5  92000 134359860 2219020 52398212    0    0 644544 369260 363423 1535704 53 25 17  5  0  0
procs -----------memory---------- ---swap-- -----io---- -system-- -------cpu-------
 r  b   swpd   free   buff  cache   si   so    bi    bo   in   cs us sy id wa st gu
70 16  92000 134355608 2219020 52398232    0    0 704032 451572 361535 1478178 50 23 17  9  0  0
64  5  92000 134361376 2219020 52398252    0    0 682752 448140 362548 1477323 51 23 17  9  0  0
48 23  92000 134380964 2219020 52398272    0    0 596688 344640 359532 1540358 53 25 17  5  0  0
43 11  92000 134369088 2219020 52398284    0    0 690976 449528 363682 1475949 50 24 17  9  0  0
62  6  92000 134352988 2219020 52398300    0    0 707104 460528 365552 1489468 50 24 17  9  0  0
38  3  92000 134348460 2219020 52398320    0    0 597536 346560 358696 1525469 52 26 17  4  0  0
42  6  92000 134335568 2219020 52398340    0    0 691952 450716 365189 1490395 52 23 17  9  0  0
57  5  92000 134363916 2219028 52398352    0    0 616608 354336 364682 1533631 54 25 17  5  0  0
52  8  92000 134381320 2219028 52398380    0    0 706656 456992 367492 1491137 51 23 17  9  0  0
42  5  92000 134378032 2219028 52398388    0    0 700752 468224 366598 1491273 51 23 17  9  0  0
33  9  92000 134364760 2219028 52398476    0    0 718256 461680 365796 1489335 51 23 17  9  0  0
69  8  92000 134356984 2219028 52398496    0    0 603024 346272 359288 1526126 53 25 17  4  0  0
61 10  92000 134353980 2219028 52398516    0    0 675872 443512 363048 1476429 50 24 18  8  0  0
40  6  92000 134363596 2219028 52398536    0    0 694368 458128 365806 1484925 50 24 18  8  0  0
62 13  92000 134388956 2219028 52398556    0    0 619504 350856 362606 1530769 53 25 17  4  0  0
48 12  92000 134395388 2219028 52398572    0    0 699360 459188 373747 1498084 51 23 16  9  0  0
77  9  92000 134380784 2219028 52398592    0    0 587152 340832 355903 1503561 51 26 19  4  0  0
24  4  92000 134360216 2219040 52398600    0    0 690480 441692 361670 1486675 50 24 18  8  0  0
74  3  92000 134365116 2219040 52398632    0    0 694992 457720 360293 1485340 50 24 17  9  0  0
57 13  92000 134355808 2219040 52398656    0    0 617568 354840 359970 1529274 53 25 18  4  0  0
77  7  92000 134362824 2219040 52398672    0    0 648944 446204 358483 1477132 49 24 18  9  0  0
procs -----------memory---------- ---swap-- -----io---- -system-- -------cpu-------
 r  b   swpd   free   buff  cache   si   so    bi    bo   in   cs us sy id wa st gu
66 13  92000 134368452 2219040 52398696    0    0 718944 466708 367760 1501640 51 23 17  9  0  0
52  9  92000 134367308 2219044 52398704    0    0 624272 352284 363166 1542013 54 25 17  5  0  0
24  2  92000 134366172 2219044 52398724    0    0 678928 450692 362394 1485019 50 24 18  8  0  0
42  7  92000 134367108 2219044 52398740    0    0 598688 336652 359343 1530947 53 26 17  4  0  0
31  7  92000 134363860 2219044 52398760    0    0 716096 467716 367450 1487162 50 24 17  9  0  0
62 21  92000 134357336 2219044 52398776    0    0 692944 454136 364396 1499336 51 24 17  7  0  0
47  3  92000 134364940 2219044 52398804    0    0 616288 347188 365120 1547686 53 25 17  4  0  0
52  8  92000 134365920 2219044 52398820    0    0 698672 463180 366280 1495693 51 23 17  9  0  0
80  3  92000 134358560 2219044 52398840    0    0 682384 450608 361740 1482269 51 23 18  8  0  0
35 12  92000 134365240 2219044 52398864    0    0 631184 361960 366468 1543814 53 25 17  4  0  0
27  1  92000 134356064 2219044 52398880    0    0 707424 476944 362805 1480126 50 23 18  9  0  0
72  9  92000 134356592 2219044 52398904    0    0 711216 470432 365233 1484126 51 24 17  9  0  0
64 13  92000 134354656 2219044 52398920    0    0 593696 337448 361738 1537555 53 26 17  4  0  0
40  8  92000 134375588 2219044 52398940    0    0 664080 440076 361830 1495092 50 24 17  9  0  0
77 10  92000 134367456 2219044 52398948    0    0 629888 361608 364212 1536698 54 25 17  5  0  0
73 11  92000 134359216 2219044 52398968    0    0 678448 440024 361037 1468416 50 23 18  9  0  0
60  6  92000 134354636 2219044 52398984    0    0 681600 445616 365055 1484973 51 24 17  8  0  0
49  4  92000 134339040 2219048 52399004    0    0 619968 353204 363020 1536374 52 26 18  4  0  0
74 10  92000 134348032 2219048 52399028    0    0 685056 450348 363228 1478437 50 24 18  9  0  0
31  6  92000 134377060 2219048 52399048    0    0 685856 447160 367195 1501981 51 23 17  8  0  0
56 10  92000 134371712 2219048 52399052    0    0 622864 357588 365965 1546325 54 25 17  5  0  0
procs -----------memory---------- ---swap-- -----io---- -system-- -------cpu-------
 r  b   swpd   free   buff  cache   si   so    bi    bo   in   cs us sy id wa st gu
45 15  92000 134365648 2219048 52399072    0    0 705984 456420 369750 1503935 52 23 17  8  0  0
47  2  92000 134364432 2219048 52399104    0    0 684064 464312 365714 1487605 50 24 17  8  0  0
70  1  92000 134347740 2219048 52399124    0    0 620112 351592 363978 1536109 53 26 17  4  0  0
80  7  92000 134371744 2219048 52399140    0    0 683280 446352 367975 1504384 51 25 17  7  0  0
25 21  92000 134366500 2219048 52399160    0    0 674256 445728 363799 1485999 51 23 18  8  0  0
67  8  92000 134375468 2219048 52399176    0    0 629440 360116 371223 1551053 54 25 16  5  0  0
44 13  92000 134365756 2219048 52399192    0    0 704160 448896 367379 1503122 51 24 16  8  0  0
51 10  92000 134357276 2219048 52399212    0    0 693472 447388 361724 1479844 50 23 17  9  0  0
44  7  92000 134356024 2219048 52399228    0    0 623744 360656 363090 1535457 53 25 17  5  0  0
57 26  92000 134372304 2219048 52399244    0    0 684944 443856 365377 1493388 52 23 17  8  0  0
83  4  92000 134354672 2219048 52399268    0    0 697664 457084 365965 1486288 51 23 17  8  0  0
76  2  92000 134359088 2219048 52399288    0    0 594800 338448 362092 1534389 53 25 17  4  0  0
47 10  92000 134351804 2219048 52399300    0    0 722672 488148 370121 1496069 51 23 16  9  0  0
70 10  92000 134355116 2219048 52399316    0    0 722224 458592 374281 1515274 51 24 17  8  0  0
68 11  92000 134365036 2219048 52399332    0    0 624288 352596 365589 1535317 53 26 17  5  0  0
57  9  92000 134362336 2219048 52399356    0    0 668432 429636 366253 1494250 51 24 17  8  0  0
27  4  92000 134364376 2219048 52399372    0    0 712272 471428 366437 1482266 51 23 17  9  0  0
58  7  92000 134386048 2219048 52399392    0    0 627520 349812 363636 1533180 53 25 17  5  0  0
31  4  92000 134395464 2219048 52399408    0    0 711504 464368 365212 1480892 51 22 16 10  0  0
26  9  92000 134364236 2219048 52399424    0    0 655888 427576 360562 1484559 51 24 17  8  0  0
36  8  92000 134365580 2219048 52399448    0    0 619520 349024 364251 1538480 53 26 17  4  0  0
procs -----------memory---------- ---swap-- -----io---- -system-- -------cpu-------
 r  b   swpd   free   buff  cache   si   so    bi    bo   in   cs us sy id wa st gu
44 18  92000 134345652 2219048 52399472    0    0 680912 451692 365057 1488869 50 24 18  8  0  0
73  6  92000 134361240 2219048 52399488    0    0 714656 460912 368050 1496874 51 24 17  8  0  0
72  9  92000 134359956 2219048 52399508    0    0 635168 376072 375021 1536081 53 25 17  5  0  0
46  5  92000 134382060 2219048 52399524    0    0 698352 462680 371560 1516694 52 24 16  8  0  0
45 10  92000 134365712 2219048 52399540    0    0 699664 454348 372664 1515451 53 23 16  8  0  0
65 14  92000 134352916 2219048 52399560    0    0 625424 350544 364592 1542611 54 25 17  5  0  0
64  3  92000 134357168 2219048 52399576    0    0 729616 474160 369211 1496475 51 23 17  9  0  0
44  9  92000 134374896 2219048 52399664    0    0 667152 440620 358300 1465654 50 24 17  9  0  0
64  8  92000 134367240 2219048 52399684    0    0 619104 347088 361099 1531422 52 26 17  4  0  0
38 16  92000 134356708 2219048 52399704    0    0 705680 463540 368278 1491550 51 23 17  9  0  0
55  0  92000 134366588 2219048 52399720    0    0 597248 341364 362179 1539327 53 25 17  4  0  0
37 10  92000 134355440 2219048 52399736    0    0 702304 475400 369583 1488413 50 24 16 10  0  0
76  9  92000 134348412 2219052 52399748    0    0 715312 434672 368331 1511407 51 24 18  7  0  0
63  7  92000 134374924 2219052 52399776    0    0 677152 454840 364403 1490700 51 23 18  8  0  0
68  7  92000 134352440 2219052 52399796    0    0 627680 355964 365021 1537680 53 26 17  4  0  0
43  7  92000 134354296 2219052 52399820    0    0 681312 454628 366073 1485271 51 24 17  8  0  0
29  4  92000 134374376 2219052 52399844    0    0 712208 469160 370302 1508345 52 23 17  8  0  0
44  3  92000 134364748 2219052 52399852    0    0 589872 332912 360957 1530989 53 26 17  4  0  0
56  4  92000 134355736 2219052 52399872    0    0 708240 471964 367844 1495035 51 24 17  8  0  0
25 68  92000 134363792 2219052 52399892    0    0 656864 435068 361711 1499207 51 24 18  7  0  0
59 12  92000 134347428 2219056 52399904    0    0 638400 359748 360941 1538265 54 24 17  5  0  0
procs -----------memory---------- ---swap-- -----io---- -system-- -------cpu-------
 r  b   swpd   free   buff  cache   si   so    bi    bo   in   cs us sy id wa st gu
71 14  92000 134342488 2219056 52399932    0    0 737936 472944 364990 1516989 52 22 18  8  0  0
53  6  92000 134358076 2219056 52399956    0    0 688192 441884 358899 1492951 51 23 17  9  0  0
48  2  92000 134368080 2219056 52399968    0    0 631360 363420 366612 1550033 54 25 17  4  0  0
31 15  92000 134361016 2219056 52399980    0    0 681616 445132 362562 1483052 51 24 17  8  0  0
42  6  92000 134357460 2219056 52400000    0    0 692768 471504 363912 1492028 50 24 18  8  0  0
77  8  92000 134360736 2219056 52400024    0    0 613792 347940 363357 1539502 52 26 18  4  0  0
76  4  92000 134363872 2219056 52400044    0    0 702576 459052 368576 1499836 51 24 17  8  0  0
21 17  92000 134360788 2219056 52400060    0    0 677744 442648 362025 1496668 50 25 18  7  0  0
48  5  92000 134391232 2219056 52400088    0    0 632672 360996 370109 1551708 54 26 16  5  0  0
49  4  92000 134377328 2219056 52400092    0    0 679536 445628 361683 1485456 50 24 18  8  0  0
55  4  92000 134354860 2219056 52400116    0    0 629520 358936 359803 1535535 53 25 18  5  0  0
33  4  92000 134359388 2219056 52400140    0    0 726160 471704 368679 1499381 51 23 17  8  0  0
79  5  92000 134356612 2219056 52400156    0    0 677184 443284 363416 1482689 50 24 18  8  0  0
72 12  92000 134351112 2219056 52400172    0    0 648624 371380 367452 1541673 54 25 17  5  0  0
47 15  92000 134383376 2219056 52400192    0    0 678992 444208 363518 1492621 50 24 17  8  0  0
60  2  92000 134383556 2219056 52400208    0    0 717280 483384 370510 1512145 52 23 16  9  0  0
38  2  92000 134378844 2219056 52400232    0    0 572288 325880 359226 1522067 52 26 18  4  0  0
65 17  92000 134359724 2219056 52400248    0    0 706624 460116 366761 1492499 50 24 18  8  0  0
53 20  92000 134355352 2219056 52400264    0    0 644640 425588 361063 1492500 51 24 18  7  0  0
48  7  92000 134346212 2219056 52400288    0    0 640944 362144 366976 1543960 54 25 17  4  0  0
58  7  92000 134351240 2219056 52400308    0    0 689984 456548 364567 1490498 51 23 18  8  0  0
procs -----------memory---------- ---swap-- -----io---- -system-- -------cpu-------
 r  b   swpd   free   buff  cache   si   so    bi    bo   in   cs us sy id wa st gu
75 11  92000 134363728 2219056 52400328    0    0 648864 369860 372311 1562419 55 24 16  5  0  0
54  4  92000 134356984 2219056 52400340    0    0 665184 441872 361571 1489772 50 24 18  8  0  0
65 15  92000 134355608 2219056 52400360    0    0 711536 456780 372688 1511260 52 23 17  8  0  0
69  6  92000 134354436 2219060 52400376    0    0 608560 348468 360871 1533538 52 26 17  4  0  0
64  6  92000 134344680 2219060 52400400    0    0 685520 441908 358846 1476945 50 23 18  9  0  0
28 19  92000 134355716 2219060 52400416    0    0 666736 459448 365122 1470691 50 23 18  9  0  0
49 10  92000 134369500 2219060 52400436    0    0 649328 363212 369930 1551785 54 24 17  5  0  0
38 11  92000 134372776 2219060 52400444    0    0 701552 460276 366267 1499647 51 23 18  8  0  0
38 23  92000 134363132 2219060 52400460    0    0 645424 397676 363378 1512516 52 25 17  6  0  0
60  4  92000 134363136 2219060 52400484    0    0 679872 419220 367191 1516128 52 24 17  6  0  0
60 14  92000 134349672 2219060 52400504    0    0 690384 458512 366557 1502049 51 24 17  7  0  0
40 10  92000 134355308 2219060 52400524    0    0 624720 350404 363955 1535740 52 26 18  4  0  0
42 10  92000 134363604 2219060 52400540    0    0 698256 461512 365274 1500564 51 24 17  8  0  0
70  7  92000 134389764 2219064 52400556    0    0 703696 459264 373468 1523195 53 23 16  8  0  0
59 10  92000 134380188 2219064 52400568    0    0 604736 350892 360178 1533918 53 25 18  4  0  0
65 17  92000 134344688 2219064 52400592    0    0 724752 464728 370900 1502230 52 23 17  8  0  0
81  5  92000 134352000 2219064 52400608    0    0 686448 457400 371208 1482148 50 24 18  8  0  0
66  7  92000 134350240 2219064 52400628    0    0 609264 344984 362143 1535616 53 25 17  4  0  0
50 12  92000 134343368 2219064 52400660    0    0 695120 463492 363302 1486995 51 23 17  9  0  0
60  4  92000 134354292 2219064 52400680    0    0 700496 458380 368121 1498145 52 23 17  8  0  0
54  4  92000 134362796 2219064 52400696    0    0 590256 337868 360128 1539205 53 26 17  4  0  0
procs -----------memory---------- ---swap-- -----io---- -system-- -------cpu-------
 r  b   swpd   free   buff  cache   si   so    bi    bo   in   cs us sy id wa st gu
51  7  92000 134377828 2219064 52400716    0    0 695904 464408 366013 1492687 51 24 17  7  0  0
60  5  92000 134364752 2219064 52400732    0    0 600640 348688 359638 1528041 52 26 18  4  0  0
44  7  92000 134356776 2219064 52400756    0    0 683792 451476 361466 1492044 50 24 18  8  0  0
80  7  92000 134352684 2219064 52400776    0    0 686848 459800 363720 1490695 50 25 17  8  0  0
70 13  92000 134368268 2219064 52400884    0    0 619312 361048 363556 1541513 53 26 17  4  0  0
69  6  92000 134388528 2219064 52400896    0    0 680624 443412 365967 1500056 51 24 17  8  0  0
57 13  92000 134361524 2219064 52400908    0    0 700976 478144 363251 1476242 50 24 18  9  0  0
77  7  92000 134353840 2219064 52400928    0    0 600928 346876 357739 1527255 53 25 18  4  0  0
65 13  92000 134339680 2219064 52400948    0    0 711008 457788 360585 1471880 49 22 19 10  0  0
43 11  92000 134356180 2219064 52400972    0    0 700400 456148 366540 1491468 51 23 17  8  0  0
56  2  92000 134352640 2219064 52400988    0    0 598896 339020 361262 1530519 53 26 17  4  0  0
73 11  92000 134364456 2219064 52401004    0    0 686944 456992 369206 1512077 52 24 17  8  0  0
56  9  92000 134360328 2219068 52401016    0    0 761376 481708 366085 1498028 51 21 18  9  0  0
78  7  92000 134354252 2219068 52401036    0    0 617568 349544 363135 1524123 53 26 18  4  0  0
71  7  92000 134357904 2219068 52401064    0    0 679984 442428 366430 1495720 51 24 18  8  0  0
36  9  92000 134364072 2219068 52401072    0    0 702704 465796 364237 1497069 51 23 18  9  0  0
37  6  92000 134359464 2219068 52401096    0    0 590544 331336 360571 1528032 53 26 18  4  0  0
36  4  92000 134355104 2219068 52401112    0    0 706064 460452 370094 1513821 52 24 17  8  0  0
25 57  92000 134366924 2219068 52401128    0    0 606176 371488 364052 1537325 53 26 17  5  0  0
63  7  92000 134365460 2219068 52401140    0    0 686416 437228 368741 1496890 51 24 17  8  0  0
59  8  92000 134376080 2219068 52401160    0    0 708432 451816 367784 1493716 51 24 17  8  0  0
procs -----------memory---------- ---swap-- -----io---- -system-- -------cpu-------
 r  b   swpd   free   buff  cache   si   so    bi    bo   in   cs us sy id wa st gu
75 10  92000 134368332 2219068 52401180    0    0 694992 457296 367594 1495227 50 24 17  8  0  0
48  7  92000 134347652 2219068 52401200    0    0 632880 358048 367006 1543499 53 25 17  5  0  0
55  6  92000 134338356 2219068 52401216    0    0 674528 451660 364366 1486457 51 24 18  7  0  0
65  8  92000 134363220 2219068 52401232    0    0 613648 345056 368714 1545352 53 26 17  4  0  0
65 13  92000 134368420 2219068 52401248    0    0 687296 460436 367771 1495954 51 24 17  8  0  0
74  8  92000 134379876 2219068 52401272    0    0 701840 456916 370656 1499216 52 24 17  8  0  0
65 22  92000 134363292 2219068 52401288    0    0 600528 350580 364399 1540731 53 26 16  4  0  0
76  9  92000 134362004 2219068 52401320    0    0 704144 447904 372286 1506442 52 23 17  8  0  0
33  9  92000 134358544 2219068 52401336    0    0 683200 464364 378393 1493293 51 24 17  8  0  0
48  6  92000 134379820 2219068 52401360    0    0 622192 346672 368658 1551358 54 26 16  5  0  0
70 20  92000 134372392 2219068 52401380    0    0 674976 443032 364523 1493253 51 24 17  8  0  0
27 59  92000 134370448 2219072 52401396    0    0 649440 404412 363047 1507455 51 25 18  6  0  0
65  6  92000 134366968 2219072 52401416    0    0 665184 399960 365439 1514790 52 25 17  6  0  0
48  9  92000 134366820 2219072 52401436    0    0 665312 443916 362219 1475750 50 24 18  8  0  0
80  9  92000 134352460 2219072 52401456    0    0 627904 360820 366736 1540042 53 26 17  4  0  0
54 11  92000 134364660 2219072 52401484    0    0 685248 454320 366403 1483319 51 24 18  8  0  0
68  8  92000 134370900 2219072 52401492    0    0 723584 480612 366649 1497302 52 21 18  9  0  0
63  8  92000 134350576 2219072 52401500    0    0 607184 350612 363997 1532098 53 25 18  4  0  0
64 15  92000 134353776 2219072 52401532    0    0 670448 443496 370582 1497580 51 25 17  8  0  0
21 71  92000 134355476 2219072 52401544    0    0 666768 423228 371954 1524271 53 24 17  6  0  0
59  5  92000 134345792 2219072 52401568    0    0 689920 422592 369490 1515159 52 24 17  7  0  0
procs -----------memory---------- ---swap-- -----io---- -system-- -------cpu-------
 r  b   swpd   free   buff  cache   si   so    bi    bo   in   cs us sy id wa st gu
79  9  92000 134343452 2219080 52401576    0    0 671632 445000 366239 1482082 51 24 18  8  0  0
73  3  92000 134366220 2219080 52401608    0    0 640896 364004 370864 1550767 53 25 17  5  0  0
52 10  92000 134368268 2219080 52401628    0    0 674512 445744 369874 1494086 50 24 17  8  0  0
77  5  92000 134363928 2219080 52401640    0    0 719152 463316 372090 1502786 52 23 17  8  0  0
77  6  92000 134349728 2219080 52401668    0    0 609104 348500 362645 1525012 53 26 18  4  0  0
46  7  92000 134354912 2219080 52401688    0    0 684336 447896 366398 1482381 50 24 18  8  0  0
58  5  92000 134345936 2219080 52401692    0    0 692720 454224 370055 1494901 51 24 18  8  0  0
64  0  92000 134367912 2219080 52401724    0    0 597536 338112 368479 1545692 53 26 17  4  0  0
46  2  92000 134377920 2219080 52401740    0    0 702000 457208 373009 1511641 51 24 17  8  0  0
73 12  92000 134367828 2219080 52401748    0    0 702752 457184 366616 1502140 51 24 17  8  0  0
39 11  92000 134359976 2219084 52401768    0    0 604672 359876 363916 1531412 53 25 17  4  0  0
76 15  92000 134351824 2219084 52401780    0    0 684320 456848 364835 1498018 51 24 17  8  0  0
40 19  92000 134357500 2219084 52401800    0    0 635136 364064 363484 1537767 54 24 17  4  0  0
63  4  92000 134347508 2219084 52401824    0    0 712832 464340 366972 1496268 51 24 17  8  0  0
77  8  92000 134367476 2219084 52401844    0    0 686752 447952 364802 1497075 51 23 17  9  0  0
56 20  92000 134356888 2219084 52401856    0    0 658976 426948 360397 1491695 51 23 18  8  0  0
62 14  92000 134344256 2219084 52401880    0    0 649456 365856 364876 1532163 52 25 17  5  0  0
66  6  92000 134346892 2219084 52401896    0    0 676128 446524 359273 1474779 50 24 18  8  0  0
74 10  92000 134340792 2219084 52401924    0    0 630880 359708 364044 1548807 53 25 18  5  0  0
74  9  92000 134358480 2219084 52401940    0    0 695696 458244 367542 1505242 51 24 17  7  0  0
54  3  92000 134361392 2219084 52401952    0    0 713232 461496 370338 1508137 51 24 17  7  0  0
procs -----------memory---------- ---swap-- -----io---- -system-- -------cpu-------
 r  b   swpd   free   buff  cache   si   so    bi    bo   in   cs us sy id wa st gu
79  8  92000 134369964 2219084 52402044    0    0 681648 443384 369128 1526670 52 24 17  7  0  0
77  6  92000 134356960 2219084 52402056    0    0 623632 354872 363188 1532567 53 25 17  4  0  0
73 14  92000 134356092 2219084 52402084    0    0 708192 469056 370544 1506876 51 24 17  7  0  0
26 60  92000 134358500 2219084 52402104    0    0 638496 401476 366213 1520653 52 26 17  5  0  0
62  3  92000 134342576 2219084 52402120    0    0 688368 420696 368136 1519592 52 24 17  6  0  0
75 10  92000 134341240 2219088 52402136    0    0 653536 430952 356819 1484341 50 24 18  7  0  0
80  7  92000 134358628 2219088 52402152    0    0 636784 361908 370537 1558307 54 25 17  4  0  0
76 12  92000 134372408 2219088 52402160    0    0 688960 452916 364834 1499191 51 24 18  8  0  0
46  7  92000 134352232 2219088 52402176    0    0 688048 449320 367357 1504462 51 25 17  7  0  0
27 15  92000 134333204 2219088 52402204    0    0 639840 365648 360801 1543897 53 24 18  5  0  0
75  5  92000 134347512 2219096 52402208    0    0 671408 437424 365403 1500187 51 24 18  7  0  0
47 15  92000 134354640 2219096 52402232    0    0 698192 477476 368052 1493901 51 23 17  8  0  0
78  7  92000 134370832 2219096 52402260    0    0 611920 342680 365319 1542773 53 25 17  4  0  0
71  8  92000 134370928 2219096 52402280    0    0 701168 463128 370386 1513620 52 23 17  8  0  0
45  9  92000 134374820 2219096 52402292    0    0 587456 332948 363325 1536268 53 26 18  4  0  0
48  9  92000 134370036 2219096 52402316    0    0 748656 486876 377897 1518509 52 23 17  8  0  0
46  7  92000 134347768 2219096 52402324    0    0 669072 431036 364818 1492938 50 25 18  7  0  0
66 12  92000 134371148 2219096 52402344    0    0 618464 351528 366624 1538141 53 25 18  4  0  0
56  5  92000 134354396 2219096 52402372    0    0 683376 456644 369793 1503132 51 24 17  7  0  0
69 10  92000 134361388 2219096 52402392    0    0 682048 432424 372908 1520833 52 24 17  8  0  0
35 17  92000 134370696 2219096 52402404    0    0 632496 363816 368311 1544869 54 25 17  4  0  0
procs -----------memory---------- ---swap-- -----io---- -system-- -------cpu-------
 r  b   swpd   free   buff  cache   si   so    bi    bo   in   cs us sy id wa st gu
30  9  92000 134347580 2219096 52402428    0    0 708048 463712 368404 1500359 51 24 18  8  0  0
78  5  92000 134367552 2219096 52402452    0    0 670208 440708 366869 1502066 51 25 18  7  0  0
61 12  92000 134345780 2219096 52402464    0    0 609040 367696 361371 1527853 53 26 17  4  0  0
67  2  92000 134343796 2219096 52402484    0    0 674288 439076 363802 1495009 51 24 18  7  0  0
44  6  92000 134339792 2219096 52402504    0    0 697312 468608 366192 1499771 51 24 18  8  0  0
59  2  92000 134373172 2219096 52402524    0    0 618944 354492 368002 1547536 54 26 17  4  0  0
83  6  92000 134367552 2219096 52402544    0    0 688352 457336 367703 1500973 51 24 18  7  0  0
69  7  92000 134349624 2219096 52402568    0    0 611728 353752 363188 1534770 54 25 17  4  0  0
67 13  92000 134350188 2219096 52402584    0    0 695328 458372 367260 1500406 51 24 18  7  0  0
49 11  92000 134367564 2219096 52402612    0    0 689296 456148 363189 1477508 49 24 19  8  0  0
65 13  92000 134359108 2219096 52402628    0    0 624096 363592 365622 1538497 53 25 18  4  0  0
65  9  92000 134371196 2219096 52402644    0    0 696720 456792 371935 1507831 52 24 16  8  0  0
66  9  92000 134361104 2219096 52402664    0    0 682464 449040 365018 1497995 51 24 18  7  0  0
78  6  92000 134353732 2219096 52402676    0    0 595088 359456 361814 1528917 53 26 18  4  0  0
75  2  92000 134350408 2219096 52402692    0    0 711616 466924 369611 1499904 52 23 18  8  0  0
63  4  92000 134334796 2219096 52402724    0    0 604400 342032 362223 1530397 53 25 18  4  0  0
64  9  92000 134351848 2219096 52402740    0    0 692064 458900 366377 1499005 50 24 18  7  0  0
67  9  92000 134377416 2219096 52402764    0    0 669584 444904 367265 1503079 51 24 17  7  0  0
74  5  92000 134384908 2219096 52402780    0    0 626672 361520 368124 1543101 54 25 17  4  0  0
61  6  92000 134372456 2219096 52402796    0    0 689216 453544 368998 1503110 51 24 18  7  0  0
75  8  92000 134351996 2219096 52402820    0    0 623840 359392 363032 1528587 53 25 18  4  0  0
procs -----------memory---------- ---swap-- -----io---- -system-- -------cpu-------
 r  b   swpd   free   buff  cache   si   so    bi    bo   in   cs us sy id wa st gu
53  8  92000 134348008 2219096 52402832    0    0 721872 466064 371579 1507208 52 23 17  8  0  0
65  6  92000 134354332 2219096 52402848    0    0 691936 450052 368851 1494914 51 24 17  7  0  0
58 14  92000 134363836 2219096 52402876    0    0 627584 354072 364690 1534474 53 25 17  4  0  0
77  4  92000 134369568 2219100 52402884    0    0 686144 452072 371332 1502476 51 24 17  9  0  0
77  6  92000 134354568 2219100 52402896    0    0 700672 475308 364668 1497148 51 24 18  7  0  0
59  8  92000 134359344 2219100 52402912    0    0 622944 358696 362038 1532152 53 25 17  4  0  0
63 12  92000 134350996 2219100 52402932    0    0 674880 437764 366905 1506083 51 24 18  7  0  0
38  3  92000 134362088 2219100 52402960    0    0 733024 482564 372407 1520391 52 23 17  8  0  0
60  6  92000 134367112 2219104 52402980    0    0 610416 347452 365959 1543850 53 26 17  4  0  0
68 15  92000 134364300 2219104 52403000    0    0 712016 463828 373175 1521907 53 23 16  8  0  0
53 11  92000 134359688 2219104 52403016    0    0 621632 355392 367546 1550256 54 25 16  4  0  0
54  8  92000 134352160 2219104 52403032    0    0 722800 463980 373818 1511211 52 24 17  8  0  0
77  3  92000 134359508 2219104 52403040    0    0 678896 445584 363742 1483337 51 24 18  8  0  0
42  2  92000 134349576 2219108 52403064    0    0 649840 373668 363776 1541567 54 24 18  5  0  0
71  5  92000 134350480 2219108 52403088    0    0 702688 454896 367934 1498911 51 23 18  8  0  0
79  3  92000 134358220 2219108 52403112    0    0 695312 464464 369690 1510432 52 23 17  7  0  0
84  7  92000 134384740 2219108 52403128    0    0 623040 362480 366697 1551077 54 25 17  4  0  0
82  2  92000 134355532 2219108 52403140    0    0 681040 441400 365515 1496927 51 24 18  7  0  0
46  5  92000 134360960 2219108 52403228    0    0 693552 463976 368257 1502356 51 24 18  7  0  0
82  7  92000 134358484 2219108 52403240    0    0 609152 344148 360316 1526239 53 25 18  4  0  0
34 11  92000 134348324 2219108 52403260    0    0 692752 457976 364830 1500843 51 24 18  7  0  0
procs -----------memory---------- ---swap-- -----io---- -system-- -------cpu-------
 r  b   swpd   free   buff  cache   si   so    bi    bo   in   cs us sy id wa st gu
33 46  92000 134345928 2219108 52403276    0    0 614608 365684 360880 1519769 52 25 18  4  0  0
76  6  92000 134371096 2219108 52403292    0    0 707136 443572 371663 1520740 53 24 17  7  0  0
56  3  92000 134379948 2219108 52403316    0    0 690592 452920 369064 1505526 51 24 17  8  0  0
55  7  92000 134361704 2219108 52403332    0    0 624208 359620 363984 1543976 53 24 18  5  0  0
66 19  92000 134360864 2219108 52403352    0    0 696640 468560 366325 1494314 50 24 18  8  0  0
59  5  92000 134349524 2219108 52403368    0    0 687968 455916 366927 1489588 51 24 18  8  0  0
18 11  92000 134337132 2219108 52403392    0    0 608112 345652 362974 1531845 52 26 18  4  0  0
70  8  92000 134373676 2219112 52403408    0    0 693552 458032 369907 1506074 51 24 17  7  0  0
22 66  92000 134382064 2219112 52403432    0    0 686928 445620 372452 1515943 52 24 17  7  0  0
70  5  92000 134357784 2219112 52403448    0    0 659664 385428 374221 1538521 53 25 17  5  0  0
35  9  92000 134356556 2219112 52403456    0    0 676992 448892 367252 1501418 51 24 18  7  0  0
29 35  92000 134359176 2219112 52403480    0    0 620448 356324 363737 1539067 53 24 18  4  0  0
35  5  92000 134363160 2219112 52403512    0    0 704224 458016 371841 1508107 51 24 18  7  0  0
44  4  92000 134355720 2219112 52403524    0    0 688528 448004 369920 1498126 51 24 18  7  0  0
74  7  92000 134377724 2219112 52403536    0    0 629952 364876 370169 1553076 54 25 16  4  0  0
50 12  92000 134362976 2219112 52403540    0    0 658272 429764 365422 1499234 51 24 18  7  0  0
37  7  92000 134346772 2219112 52403568    0    0 719696 479424 383757 1510919 51 24 17  8  0  0
69 13  92000 134364316 2219116 52403580    0    0 614560 348352 361407 1530128 53 26 18  4  0  0
34  9  92000 134359680 2219116 52403596    0    0 700048 465448 374221 1498844 51 24 17  8  0  0
58 13  92000 134363580 2219116 52403624    0    0 715216 463268 371903 1505051 51 24 18  7  0  0
27  3  92000 134359888 2219116 52403648    0    0 611552 353172 366704 1538430 54 25 17  4  0  0
procs -----------memory---------- ---swap-- -----io---- -system-- -------cpu-------
 r  b   swpd   free   buff  cache   si   so    bi    bo   in   cs us sy id wa st gu
63 11  92000 134365612 2219116 52403660    0    0 691344 450116 367992 1499627 51 23 18  7  0  0
42  6  92000 134365792 2219116 52403676    0    0 593792 345940 360560 1529653 53 26 17  4  0  0
70 13  92000 134364196 2219116 52403712    0    0 681104 449040 364996 1497816 51 24 18  7  0  0
68  5  92000 134363844 2219116 52403728    0    0 680528 452284 367663 1499127 52 24 17  7  0  0
76  8  92000 134349908 2219116 52403740    0    0 620480 357364 363703 1535018 53 25 17  4  0  0
74  5  92000 134343996 2219116 52403756    0    0 674448 439700 365479 1501735 52 24 17  7  0  0
11 76  92000 134356940 2219120 52403780    0    0 622464 401340 363406 1519671 52 25 17  6  0  0
73  9  92000 134363108 2219120 52403796    0    0 651664 408172 362617 1510699 52 24 18  6  0  0
41 23  92000 134342600 2219120 52403808    0    0 690384 456552 369224 1506466 51 24 17  7  0  0
84  3  92000 134343176 2219120 52403844    0    0 627616 352768 364619 1533992 53 26 17  4  0  0
69  8  92000 134336368 2219120 52403856    0    0 674944 439184 364468 1491822 51 24 18  8  0  0
75 15  92000 134366604 2219120 52403876    0    0 710848 468260 370335 1506508 51 24 18  7  0  0
75  3  92000 134374152 2219120 52403888    0    0 591744 334516 363637 1535086 53 26 18  4  0  0
63 15  92000 134379304 2219120 52403908    0    0 735408 480544 377069 1522575 52 23 16  8  0  0
58  3  92000 134362472 2219120 52403928    0    0 711888 457948 371197 1506839 52 24 17  7  0  0
75  7  92000 134360508 2219120 52403952    0    0 584576 336376 357242 1521916 52 26 18  4  0  0
48  7  92000 134356276 2219120 52403976    0    0 703936 465732 371078 1508302 51 24 17  7  0  0
30  1  92000 134353532 2219120 52403984    0    0 593072 357264 360798 1521308 52 26 18  4  0  0
36 11  92000 134357496 2219120 52404004    0    0 696800 459976 368395 1496662 51 24 17  8  0  0
60 14  92000 134369808 2219120 52404024    0    0 683184 448384 373298 1517329 52 24 17  7  0  0
29 10  92000 134376100 2219120 52404044    0    0 618704 351668 363634 1531058 53 26 18  4  0  0
procs -----------memory---------- ---swap-- -----io---- -system-- -------cpu-------
 r  b   swpd   free   buff  cache   si   so    bi    bo   in   cs us sy id wa st gu
48  9  92000 134362584 2219120 52404064    0    0 666704 441660 361000 1481976 50 25 18  8  0  0
78  7  92000 134343936 2219120 52404072    0    0 718672 470740 368470 1510046 52 23 17  8  0  0
65  5  92000 134337652 2219120 52404108    0    0 595136 344084 361400 1533940 54 25 18  4  0  0
74 10  92000 134344768 2219120 52404120    0    0 680576 452020 366452 1500421 51 24 18  7  0  0
20 63  92000 134365672 2219120 52404144    0    0 672816 442440 366812 1503290 51 24 18  7  0  0
26  7  92000 134362096 2219120 52404152    0    0 655728 386864 369350 1536778 53 25 17  5  0  0
81  6  92000 134367192 2219120 52404164    0    0 691056 453564 370275 1510094 52 24 18  7  0  0
47 15  92000 134354428 2219120 52404188    0    0 695888 460868 367175 1501199 51 24 17  7  0  0
27  7  92000 134361940 2219120 52404200    0    0 625056 366672 362317 1534389 53 26 18  4  0  0
74  5  92000 134355000 2219120 52404216    0    0 652464 433456 362227 1486635 50 24 18  7  0  0
50 14  92000 134360952 2219120 52404236    0    0 624320 358656 364831 1537019 54 25 17  4  0  0
77  2  92000 134373320 2219120 52404256    0    0 698848 456348 370278 1512872 52 23 17  8  0  0
66 14  92000 134350712 2219120 52404288    0    0 675248 441352 363841 1496094 50 25 18  7  0  0
76  9  92000 134359404 2219120 52404292    0    0 601984 339052 361772 1526749 53 26 18  4  0  0
77 12  92000 134357404 2219120 52404320    0    0 703120 463456 367027 1495012 51 24 18  8  0  0
80  6  92000 134347940 2219120 52404416    0    0 719312 463836 371104 1517378 51 23 18  8  0  0
72  9  92000 134367032 2219120 52404432    0    0 634304 353872 367755 1545412 53 25 18  4  0  0
35  4  92000 134369804 2219120 52404452    0    0 700112 459872 370042 1503448 52 24 17  8  0  0
52 12  92000 134362152 2219120 52404460    0    0 713504 461944 375693 1525290 52 24 17  7  0  0
69  6  92000 134346328 2219120 52404488    0    0 578976 343896 367257 1519465 52 26 18  4  0  0
64 12  92000 134356852 2219120 52404508    0    0 719504 468372 372601 1506131 52 23 17  8  0  0
procs -----------memory---------- ---swap-- -----io---- -system-- -------cpu-------
 r  b   swpd   free   buff  cache   si   so    bi    bo   in   cs us sy id wa st gu
75  7  92000 134349560 2219120 52404532    0    0 614528 347392 371652 1545619 53 26 17  4  0  0
54  8  92000 134338020 2219120 52404544    0    0 700528 452720 372724 1508495 51 24 17  7  0  0
63 12  92000 134337128 2219120 52404564    0    0 696496 451892 366871 1493762 51 24 17  8  0  0
50  8  92000 134364080 2219120 52404584    0    0 596352 344216 364238 1537842 53 26 17  4  0  0
32  4  92000 134375548 2219120 52404612    0    0 706304 459764 374711 1503367 52 24 17  8  0  0
78  8  92000 134355444 2219120 52404628    0    0 691280 451532 372453 1515304 52 24 17  7  0  0
73  1  92000 134347128 2219120 52404652    0    0 602400 341416 360810 1530545 52 26 18  4  0  0
50 11  92000 134349920 2219120 52404672    0    0 710080 469332 367915 1505699 51 24 17  7  0  0
66 15  92000 134354200 2219120 52404688    0    0 589520 339248 362912 1533374 53 26 18  4  0  0
61 17  92000 134376832 2219120 52404700    0    0 727392 487328 385064 1525242 52 23 17  8  0  0
78  7  92000 134367776 2219120 52404732    0    0 711040 448152 368114 1510107 52 23 17  8  0  0
75 12  92000 134338976 2219120 52404752    0    0 702976 462284 367240 1498488 51 24 18  7  0  0
83  3  92000 134331180 2219120 52404768    0    0 622080 355628 368738 1540162 54 26 16  4  0  0
67 19  92000 134353968 2219120 52404788    0    0 686976 449108 366746 1491781 51 24 17  8  0  0
73  8  92000 134338320 2219120 52404804    0    0 724848 455708 375552 1520314 52 24 17  7  0  0
70  5  92000 134341980 2219120 52404832    0    0 626896 350812 369367 1547495 54 25 16  4  0  0
29  6  92000 134354484 2219120 52404844    0    0 678960 439228 371879 1495900 51 24 17  8  0  0
72 10  92000 134361960 2219120 52404864    0    0 708480 468276 369518 1497824 51 24 18  8  0  0
73 12  92000 134366032 2219120 52404896    0    0 603648 340188 366410 1529668 53 25 17  4  0  0
38  6  92000 134365992 2219120 52404904    0    0 703168 460836 371259 1501300 52 24 17  7  0  0
30 54  92000 134340012 2219120 52404928    0    0 626016 380640 364849 1517127 52 26 18  5  0  0
procs -----------memory---------- ---swap-- -----io---- -system-- -------cpu-------
 r  b   swpd   free   buff  cache   si   so    bi    bo   in   cs us sy id wa st gu
73  8  92000 134349264 2219120 52404952    0    0 699728 448756 370104 1512520 52 23 18  7  0  0
62  6  92000 134364760 2219120 52404956    0    0 684416 452940 372902 1513188 52 23 17  8  0  0
69 11  92000 134368776 2219120 52404984    0    0 620224 348320 364743 1537258 53 26 17  4  0  0
72 16  92000 134353048 2219120 52404996    0    0 723824 468820 367846 1505500 51 22 17 10  0  0
57 13  92000 134327644 2219124 52405028    0    0 705312 451340 362917 1486361 51 22 17  9  0  0
74 10  92000 134337316 2219124 52405044    0    0 603776 345792 367510 1537394 53 26 17  4  0  0
47  5  92000 134330088 2219124 52405056    0    0 681408 446512 366323 1488812 50 25 17  8  0  0
35 12  92000 134331552 2219124 52405076    0    0 720288 471444 371050 1503552 52 23 17  8  0  0
45  3  92000 134362732 2219124 52405088    0    0 604976 344368 367641 1542703 53 26 17  4  0  0
59  7  92000 134350860 2219124 52405104    0    0 709072 468152 372978 1498804 50 25 18  7  0  0
75 10  92000 134360452 2219124 52405124    0    0 603184 338812 367499 1539056 53 26 17  4  0  0
71 16  92000 134335144 2219124 52405136    0    0 712336 488500 370140 1498240 51 24 18  8  0  0
49 11  92000 134336316 2219124 52405168    0    0 673024 442564 369598 1506449 51 25 17  7  0  0
48 19  92000 134351380 2219124 52405188    0    0 595680 340308 363999 1532957 52 26 18  4  0  0
73 14  92000 134370764 2219124 52405200    0    0 701264 452704 373224 1517261 52 24 17  7  0  0
66 22  92000 134370036 2219124 52405220    0    0 699072 459960 370417 1500800 52 24 17  7  0  0
76  6  92000 134349016 2219124 52405240    0    0 602896 340424 362426 1532055 52 26 18  4  0  0
76 10  92000 134346556 2219124 52405256    0    0 693536 458028 367615 1498932 51 24 18  7  0  0
28 50  92000 134351084 2219124 52405280    0    0 639200 390004 363073 1512936 52 25 18  5  0  0
61 13  92000 134371264 2219128 52405296    0    0 658624 401504 363327 1508583 52 25 17  6  0  0
61  2  92000 134371716 2219128 52405304    0    0 684256 440760 368826 1506016 52 24 16  8  0  0
procs -----------memory---------- ---swap-- -----io---- -system-- -------cpu-------
 r  b   swpd   free   buff  cache   si   so    bi    bo   in   cs us sy id wa st gu
71  7  92000 134365484 2219128 52405320    0    0 633728 365784 368496 1548771 54 25 16  4  0  0
58  7  92000 134344916 2219128 52405340    0    0 708336 473124 366545 1494627 51 24 17  8  0  0
74  1  92000 134336756 2219128 52405356    0    0 670032 437576 365519 1498208 51 24 18  7  0  0
50  5  92000 134355264 2219128 52405380    0    0 638656 355804 370354 1540836 54 25 17  4  0  0
49 10  92000 134349596 2219128 52405400    0    0 672432 450604 361447 1480703 51 24 17  8  0  0
51  6  92000 134348956 2219128 52405424    0    0 728656 464404 368286 1487891 51 23 17  9  0  0
79 10  92000 134372652 2219128 52405432    0    0 622640 355904 370387 1552773 54 25 16  5  0  0
73  6  92000 134357148 2219128 52405448    0    0 672240 436408 364067 1465818 49 24 18  9  0  0
79  9  92000 134354172 2219128 52405464    0    0 717456 467084 370204 1493392 51 23 17  8  0  0
63  8  92000 134357672 2219128 52405492    0    0 608160 340516 365093 1528404 53 26 18  4  0  0
66  7  92000 134333348 2219128 52405504    0    0 708704 463216 373448 1507269 52 23 17  8  0  0
82  3  92000 134350496 2219128 52405536    0    0 587536 335648 358601 1520137 52 26 18  4  0  0
54 12  92000 134370760 2219128 52405612    0    0 711136 467840 371074 1508264 51 24 17  8  0  0
20  1  92000 134363708 2219128 52405616    0    0 716016 481488 375551 1506556 53 23 17  8  0  0
26  9  92000 134361360 2219128 52405656    0    0 596704 347972 361116 1528954 53 26 18  4  0  0
70  4  92000 134348376 2219132 52405660    0    0 695008 453008 370678 1502427 51 24 18  7  0  0
72 10  92000 134344376 2219132 52405692    0    0 597584 342504 361510 1524990 52 26 18  4  0  0
43 10  92000 134336036 2219132 52405712    0    0 732656 474600 374399 1509698 52 23 17  8  0  0
85  4  92000 134349004 2219132 52405728    0    0 675200 447172 366433 1502197 52 24 18  7  0  0
39  3  92000 134365016 2219132 52405736    0    0 623616 359844 366037 1547451 54 25 17  4  0  0
74  9  92000 134347828 2219132 52405756    0    0 703088 459488 368279 1495143 51 24 17  8  0  0
procs -----------memory---------- ---swap-- -----io---- -system-- -------cpu-------
 r  b   swpd   free   buff  cache   si   so    bi    bo   in   cs us sy id wa st gu
52 19  92000 134348988 2219132 52405776    0    0 699424 464088 366042 1499669 51 24 18  7  0  0
75  7  92000 134345872 2219132 52405792    0    0 608592 348140 361914 1528882 53 25 18  4  0  0
72  5  92000 134360660 2219132 52405804    0    0 670000 442040 364195 1489223 51 24 18  8  0  0
67  3  92000 134346296 2219132 52405848    0    0 604864 364124 362945 1526522 53 25 18  4  0  0
37  6  92000 134361688 2219132 52405860    0    0 750608 479788 378000 1540878 53 23 16  8  0  0
48 10  92000 134354188 2219132 52405872    0    0 701344 457692 371436 1514060 52 24 17  7  0  0
75 14  92000 134340144 2219132 52405892    0    0 690896 449440 362401 1499263 51 23 19  8  0  0
71  6  92000 134364212 2219132 52405912    0    0 640464 351096 367250 1535874 54 25 17  4  0  0
81  9  92000 134353528 2219132 52405932    0    0 650880 436296 362432 1483180 50 25 18  7  0  0
73  7  92000 134350488 2219136 52405948    0    0 627744 351704 365364 1532204 53 25 17  4  0  0
57 13  92000 134334972 2219136 52405964    0    0 701360 456852 366996 1484412 50 24 17  9  0  0
39  5  92000 134353472 2219136 52405980    0    0 688144 439788 369202 1502937 51 24 16  8  0  0
31  3  92000 134338748 2219136 52406000    0    0 699200 453696 371891 1504054 52 23 18  7  0  0
73  7  92000 134350180 2219136 52406016    0    0 573312 328844 357847 1525756 52 26 18  4  0  0
45 13  92000 134345620 2219136 52406040    0    0 698720 476992 383915 1510084 51 24 17  8  0  0
49  3  92000 134338892 2219136 52406064    0    0 579904 330388 361474 1528974 52 27 18  4  0  0
68 15  92000 134347640 2219136 52406076    0    0 706544 458812 369561 1514280 51 24 17  7  0  0
65  9  92000 134360076 2219136 52406092    0    0 713216 467136 374608 1512495 52 24 16  8  0  0
76  6  92000 134346076 2219136 52406100    0    0 610512 344524 365376 1538041 53 25 17  4  0  0
69  8  92000 134337944 2219136 52406132    0    0 691456 452600 368179 1509055 52 24 17  7  0  0
78  4  92000 134344152 2219136 52406156    0    0 731088 473328 376116 1518868 53 23 17  7  0  0
procs -----------memory---------- ---swap-- -----io---- -system-- -------cpu-------
 r  b   swpd   free   buff  cache   si   so    bi    bo   in   cs us sy id wa st gu
67  2  92000 134332448 2219136 52406168    0    0 575824 329964 357825 1523835 52 27 18  4  0  0
40  1  92000 134352176 2219136 52406184    0    0 711344 464076 372243 1509822 51 24 17  8  0  0
15 60  92000 134354556 2219136 52406208    0    0 654176 429508 362473 1495802 51 24 18  7  0  0
75  5  92000 134371872 2219136 52406220    0    0 643984 372696 369597 1542352 53 25 17  5  0  0
84  4  92000 134356268 2219136 52406232    0    0 688816 466708 372125 1492489 51 24 18  8  0  0
49 53  92000 134357972 2219136 52406256    0    0 663792 419164 366927 1517692 52 25 17  6  0  0
81  9  92000 134354948 2219136 52406276    0    0 665776 400404 368424 1525631 53 24 17  6  0  0
68 13  92000 134354140 2219136 52406292    0    0 714160 467940 369563 1511378 51 24 17  8  0  0
32  5  92000 134344012 2219136 52406320    0    0 601744 343020 362377 1531474 53 26 18  4  0  0
73  8  92000 134368568 2219136 52406332    0    0 718480 466392 374540 1520579 52 24 17  8  0  0
74 10  92000 134360028 2219136 52406348    0    0 673856 448112 368791 1501202 51 24 18  7  0  0
77  7  92000 134346044 2219136 52406368    0    0 590784 329596 360918 1529327 53 26 18  4  0  0
69 14  92000 134343052 2219136 52406384    0    0 693296 453556 367047 1488220 51 24 17  9  0  0
79  7  92000 134342688 2219136 52406404    0    0 685184 443648 364736 1476509 50 24 18  9  0  0
16  4  92000 134345436 2219136 52406428    0    0 588880 337932 360390 1529761 52 26 18  4  0  0
63  6  92000 134349556 2219136 52406436    0    0 718160 481352 375075 1507526 52 23 16  8  0  0
32 51  92000 134338600 2219136 52406456    0    0 673008 436492 371605 1513303 52 24 17  7  0  0
37  4  92000 134353188 2219136 52406472    0    0 668656 381396 374672 1547414 54 25 16  5  0  0
57  8  92000 134336588 2219140 52406496    0    0 683136 452232 369813 1501876 51 25 17  8  0  0
69  5  92000 134334232 2219140 52406520    0    0 621584 342656 365166 1528855 53 25 18  4  0  0
63 21  92000 134340296 2219140 52406536    0    0 672192 442328 369402 1504392 51 24 18  7  0  0
procs -----------memory---------- ---swap-- -----io---- -system-- -------cpu-------
 r  b   swpd   free   buff  cache   si   so    bi    bo   in   cs us sy id wa st gu
19  9  92000 134363568 2219140 52406548    0    0 718304 478316 372985 1498543 51 24 17  8  0  0
53 10  92000 134365452 2219140 52406560    0    0 585552 329732 366142 1541014 54 26 17  4  0  0
37  5  92000 134360624 2219144 52406576    0    0 660016 447096 365028 1493441 50 25 18  7  0  0
60 11  92000 134338028 2219144 52406608    0    0 632384 353012 367515 1532707 53 25 18  4  0  0
71  4  92000 134352716 2219144 52406624    0    0 686624 454176 368954 1498356 51 24 18  7  0  0
79  4  92000 134350300 2219144 52406640    0    0 685392 444712 366540 1499329 51 24 18  7  0  0
79  4  92000 134352804 2219144 52406664    0    0 622080 374996 368459 1533555 53 25 18  4  0  0
67  6  92000 134369032 2219144 52406680    0    0 659440 434860 366469 1494131 51 24 17  8  0  0
38 46  92000 134367376 2219144 52406708    0    0 641408 393116 368898 1524329 52 25 17  5  0  0
46  8  92000 134360656 2219144 52406828    0    0 707344 429892 372033 1505845 52 24 17  7  0  0
34  8  92000 134340312 2219144 52406844    0    0 672464 441932 366340 1496810 51 25 18  7  0  0
20  2  92000 134337196 2219144 52406864    0    0 602496 343880 365312 1529604 53 25 18  4  0  0
33  7  92000 134340400 2219148 52406880    0    0 676592 444656 368522 1494907 51 24 18  7  0  0
48 12  92000 134366204 2219148 52406904    0    0 721520 472336 379726 1517865 51 24 17  7  0  0
58 10  92000 134371092 2219148 52406912    0    0 638784 364160 373812 1555833 54 25 16  5  0  0
54  8  92000 134355540 2219148 52406936    0    0 670320 435548 362405 1477989 49 24 18  9  0  0
69 13  92000 134341884 2219148 52406956    0    0 718080 463208 367316 1488206 51 23 17 10  0  0
27 11  92000 134326384 2219148 52406976    0    0 587968 344116 371439 1519417 52 26 17  5  0  0
 8  4  92000 134382940 2219152 52406996    0    0 648336 421024 383891 1497355 49 24 19  8  0  0
