procs -----------memory---------- ---swap-- -----io---- -system-- -------cpu-------
 r  b   swpd   free   buff  cache   si   so    bi    bo   in   cs us sy id wa st gu
 8  1  62064 72737400 2416864 80203344   25   32 210025 221717 60555   43 21  4 72  3  0  0
46  3  62064 72621200 2416864 80203400    0    0 158560 559400 201423 901358 21  7 70  3  0  0
48  3  62064 72698504 2416864 80203440    0    0 251760 620096 264989 1814572 44 12 40  4  0  0
17  2  62064 72715996 2416864 80203452    0    0 230576 668708 266085 1793981 44 12 40  4  0  0
47  3  62064 72717420 2416864 80203472    0    0 210160 695416 271100 1789081 44 12 41  4  0  0
44  3  62064 72713352 2416864 80203488    0    0 187472 743892 267462 1761781 43 11 42  3  0  0
47  1  62064 72704452 2416864 80203512    0    0 172016 745760 268977 1737402 43 11 42  3  0  0
53  0  62064 72701324 2416864 80203532    0    0 152672 750972 266840 1725203 43 11 43  3  0  0
44  1  62064 72677960 2416864 80203548    0    0 144768 729752 285389 1792723 44 11 42  3  0  0
46  2  62064 72639616 2416864 80203556    0    0 136720 729204 258199 1802976 44 10 43  3  0  0
47  4  62064 72649572 2416864 80203576    0    0 121104 718756 266285 1801920 45 12 41  2  0  0
45  1  62064 72633472 2416864 80203596    0    0 111568 584184 255548 1875356 46 12 40  2  0  0
44  2  62064 72633724 2416864 80203612    0    0 95312 799068 266693 1725160 43 11 44  2  0  0
44  1  62064 72642860 2416864 80203632    0    0 91456 549972 255092 1858975 46 12 40  2  0  0
48  1  62064 72628804 2416864 80203648    0    0 80816 679124 260576 1834326 45 12 42  2  0  0
52  1  62064 72645228 2416864 80203668    0    0 75952 675784 262769 1816938 45 12 41  2  0  0
52  0  62064 72617084 2416864 80203692    0    0 72080 662576 269900 1864799 47 12 40  1  0  0
49  1  62064 72594372 2416864 80203704    0    0 64864 659504 252531 1895495 46 11 42  1  0  0
47  1  62064 72615768 2416864 80203712    0    0 61552 655836 260948 1892301 47 12 40  1  0  0
51  1  62064 72622464 2416864 80203728    0    0 56352 642108 259951 1856754 47 12 40  1  0  0
44  1  62064 72640560 2416864 80203748    0    0 54400 628336 258663 1870826 47 12 40  1  0  0
procs -----------memory---------- ---swap-- -----io---- -system-- -------cpu-------
 r  b   swpd   free   buff  cache   si   so    bi    bo   in   cs us sy id wa st gu
48  0  62064 72629696 2416864 80203772    0    0 50256 632324 258840 1841503 46 12 41  1  0  0
49  0  62064 72619932 2416864 80203784    0    0 47280 628780 259152 1855419 47 12 40  1  0  0
46  0  62064 72615756 2416864 80203804    0    0 45680 614044 259363 1822977 46 12 41  1  0  0
45  2  62064 72605744 2416864 80203820    0    0 45136 618260 259713 1867916 46 12 40  1  0  0
46  1  62064 72598488 2416864 80203844    0    0 45968 623440 257316 1880969 47 12 41  1  0  0
47  1  62064 72569732 2416864 80203856    0    0 44160 619176 250396 1885631 47 11 41  1  0  0
46  0  62064 72598532 2416864 80203868    0    0 42544 614228 256727 1867730 47 12 40  1  0  0
46  0  62064 72593788 2416864 80203888    0    0 41200 605244 256503 1882861 47 12 40  1  0  0
51  1  62064 72606824 2416864 80203908    0    0 41888 600496 261138 1863714 47 12 40  1  0  0
50  0  62064 72609504 2416864 80203924    0    0 39664 601496 262339 1827301 46 12 41  1  0  0
45  1  62064 72605572 2416864 80203952    0    0 39504 611284 259352 1889276 47 12 40  1  0  0
49  1  62064 72599268 2416864 80203972    0    0 39040 609292 261279 1872982 47 12 40  1  0  0
48  0  62064 72605080 2416864 80203988    0    0 38384 594200 260226 1873885 47 12 40  1  0  0
43  1  62064 72587844 2416864 80204008    0    0 40848 615192 253639 1914070 47 11 40  1  0  0
46  0  62064 72609576 2416864 80204016    0    0 38080 590724 256660 1920279 48 11 40  1  0  0
48  1  62064 72613208 2416864 80204032    0    0 38288 605472 263111 1884496 47 12 40  1  0  0
52  1  62064 72601020 2416864 80204048    0    0 38128 606568 261824 1908168 48 12 39  1  0  0
50  1  62064 72613316 2416864 80204072    0    0 36720 607140 263810 1863177 47 12 40  1  0  0
44  1  62064 72589524 2416864 80204088    0    0 36704 593784 259492 1880350 47 12 40  1  0  0
46  1  62064 72598620 2416864 80204108    0    0 38608 594076 260653 1871013 47 12 40  1  0  0
43  1  62064 72605764 2416864 80204124    0    0 35968 584968 259143 1848148 47 12 40  1  0  0
procs -----------memory---------- ---swap-- -----io---- -system-- -------cpu-------
 r  b   swpd   free   buff  cache   si   so    bi    bo   in   cs us sy id wa st gu
45  0  62064 72593032 2416864 80204148    0    0 34720 579668 260952 1878148 47 12 40  1  0  0
49  1  62064 72561272 2416864 80204164    0    0 34560 583180 252401 1909750 47 11 41  1  0  0
47  1  62064 72583824 2416864 80204172    0    0 35344 581568 259851 1881446 47 12 40  1  0  0
50  0  62064 72581244 2416864 80204192    0    0 36368 583128 260143 1882441 47 12 40  1  0  0
49  0  62064 72569844 2416864 80204208    0    0 34272 585292 261555 1871690 47 12 40  1  0  0
49  0  62064 72591152 2416864 80204236    0    0 34256 586372 264030 1900667 48 12 39  1  0  0
50  0  62064 72570192 2416864 80204256    0    0 33120 557500 259287 1874749 47 12 40  1  0  0
46  0  62064 72569920 2416864 80204272    0    0 33616 581864 259072 1844305 47 12 41  1  0  0
46  0  62064 72579384 2416864 80204288    0    0 35456 576852 261847 1866804 47 12 40  1  0  0
46  1  62064 72565972 2416864 80204304    0    0 34992 587376 265205 1901485 47 11 40  1  0  0
49  1  62064 72549072 2416864 80204324    0    0 35520 593096 256623 1886444 47 11 41  1  0  0
50  1  62064 72571204 2416864 80204336    0    0 34624 575172 260879 1913762 48 12 39  1  0  0
50  1  62064 72565280 2416864 80204348    0    0 33936 594876 260209 1899481 48 12 39  1  0  0
55  0  62064 72565696 2416864 80204368    0    0 33680 574480 264384 1906933 48 12 39  1  0  0
43  2  62064 72564684 2416864 80204468    0    0 35744 584280 262419 1861796 47 12 40  1  0  0
47  0  62064 72562892 2416864 80204492    0    0 34784 577704 258330 1883601 47 12 40  1  0  0
49  0  62064 72567276 2416864 80204512    0    0 34240 575588 256781 1859030 46 12 41  1  0  0
54  0  62064 72559320 2416864 80204528    0    0 33824 578988 261666 1864980 47 12 40  1  0  0
47  0  62064 72540296 2416864 80204544    0    0 32464 567772 252126 1877311 46 11 42  1  0  0
49  1  62064 72552452 2416864 80204552    0    0 33376 574172 256586 1859281 47 11 41  1  0  0
56  1  62064 72555940 2416864 80204580    0    0 34512 572500 259194 1870308 47 12 40  1  0  0
procs -----------memory---------- ---swap-- -----io---- -system-- -------cpu-------
 r  b   swpd   free   buff  cache   si   so    bi    bo   in   cs us sy id wa st gu
47  1  62064 72546676 2416864 80204596    0    0 32928 569940 256555 1875500 47 12 40  1  0  0
50  1  62064 72548648 2416864 80204620    0    0 33360 570784 256145 1903491 47 12 40  1  0  0
49  0  62064 72568088 2416864 80204636    0    0 33504 571344 257867 1882092 47 12 40  1  0  0
43  1  62064 72559600 2416864 80204652    0    0 33056 564628 262547 1914794 48 13 39  1  0  0
45  0  62064 72534228 2416864 80204676    0    0 32288 571980 257173 1868453 47 12 41  1  0  0
45  0  62064 72536344 2416864 80204696    0    0 35168 568272 259149 1870670 47 12 40  1  0  0
46  1  62064 72513688 2416864 80204708    0    0 32880 586104 253075 1893582 47 11 41  1  0  0
49  2  62064 72530020 2416864 80204720    0    0 33152 567436 261425 1910763 48 12 39  1  0  0
50  1  62064 72525496 2416864 80204736    0    0 33360 563332 258104 1910208 48 12 39  1  0  0
47  1  62064 72532712 2416864 80204752    0    0 34240 557976 265206 1907939 48 12 39  1  0  0
16  1  62064 72524468 2416864 80204772    0    0 32544 571444 262468 1910386 48 12 39  1  0  0
47  0  62064 72539152 2416864 80204792    0    0 33808 609104 290292 1882915 47 12 39  1  0  0
51  1  62064 72526328 2416864 80204808    0    0 31296 758136 309915 1812569 46 12 41  1  0  0
42  2  62064 72524864 2416864 80204828    0    0 28416 811864 303744 1780940 44 12 42  1  0  0
45  0  62064 72495432 2416864 80204844    0    0 30608 824780 267742 1801497 44 11 44  1  0  0
48  2  62064 72519972 2416864 80204840    0    0 31232 826100 267752 1701103 43 10 45  1  0  0
47  1  62064 72537248 2416864 80204856    0    0 31408 819916 276907 1758104 45 12 42  1  0  0
45  1  62064 72547108 2416864 80204884    0    0 30080 832680 275276 1769602 45 11 42  1  0  0
43  2  62064 72530832 2416864 80204900    0    0 31056 808056 270615 1797347 45 12 42  1  0  0
48  0  62064 72528904 2416864 80204920    0    0 31024 827300 277557 1731071 43 11 44  1  0  0
45  0  62064 72517264 2416864 80204940    0    0 30288 817152 308715 1721214 43 12 44  1  0  0
procs -----------memory---------- ---swap-- -----io---- -system-- -------cpu-------
 r  b   swpd   free   buff  cache   si   so    bi    bo   in   cs us sy id wa st gu
46  0  62064 72522112 2416864 80204956    0    0 28928 818944 311533 1772925 45 12 42  1  0  0
46  0  62064 72521444 2416864 80204960    0    0 28960 835348 316867 1781044 44 12 43  1  0  0
41  6  62064 72494340 2416864 80204940    0    0 31424 814064 304164 1803414 45 10 44  1  0  0
53  1  62064 72499224 2416864 80204952    0    0 30352 808376 284662 1814695 46 12 41  1  0  0
53  0  62064 72526380 2416864 80204968    0    0 28992 815680 268290 1737561 43 11 44  1  0  0
49  0  62064 72510292 2416864 80204988    0    0 29328 796760 278697 1758307 44 11 43  1  0  0
49  1  62064 72489232 2416864 80205004    0    0 29712 786824 302185 1749448 44 12 43  1  0  0
46  0  62064 72498156 2416864 80205028    0    0 31072 794540 306602 1761927 44 12 43  1  0  0
46  1  62064 72487108 2416864 80205028    0    0 29536 799924 303817 1793317 44 12 43  1  0  0
53  1  62064 72504360 2416864 80205052    0    0 29840 786456 297169 1767707 44 12 43  1  0  0
44  0  62064 72492868 2416864 80205068    0    0 31744 784284 299308 1828333 45 11 43  1  0  0
48  1  62064 72515252 2416868 80205076    0    0 32256 786852 304171 1751238 44 11 44  1  0  0
52  0  62064 72525016 2416868 80205100    0    0 33360 792824 263581 1764351 44 11 43  1  0  0
51  0  62064 72518068 2416868 80205124    0    0 31568 786280 265978 1821999 46 12 41  1  0  0
50  1  62064 72518728 2416868 80205144    0    0 31424 767964 267894 1826616 46 12 41  1  0  0
49  0  62064 72523492 2416868 80205160    0    0 31088 776440 267821 1811065 46 12 42  1  0  0
43  1  62064 72522180 2416868 80205180    0    0 32592 768552 269156 1811862 46 12 41  1  0  0
48  0  62064 72514644 2416868 80205200    0    0 30864 788228 266111 1768143 44 12 43  1  0  0
46  0  62064 72514804 2416868 80205216    0    0 29568 781144 263429 1796377 44 12 43  1  0  0
45  1  62064 72481832 2416868 80205232    0    0 30128 775160 258438 1799007 44 10 45  1  0  0
49  1  62064 72493788 2416868 80205232    0    0 31408 764172 264536 1757236 44 11 43  1  0  0
procs -----------memory---------- ---swap-- -----io---- -system-- -------cpu-------
 r  b   swpd   free   buff  cache   si   so    bi    bo   in   cs us sy id wa st gu
48  1  62064 72515972 2416868 80205232    0    0 29136 791380 263972 1787356 45 11 43  1  0  0
50  0  62064 72513444 2416868 80205244    0    0 29520 767924 258326 1797862 44 11 43  1  0  0
51  2  62064 72522376 2416868 80205264    0    0 30656 772240 265003 1803423 45 12 42  1  0  0
50  0  62064 72518236 2416868 80205280    0    0 31408 776452 265643 1795789 45 12 43  1  0  0
52  0  62064 72491776 2416868 80205304    0    0 31280 764412 261376 1745837 44 11 43  1  0  0
46  2  62064 72488668 2416868 80205324    0    0 30224 769540 289725 1785060 44 12 43  1  0  0
44  1  62064 72476444 2416868 80205324    0    0 31008 759972 268321 1818316 45 11 43  1  0  0
48  1  62064 72478796 2416868 80205332    0    0 30704 771552 265117 1814914 46 11 43  1  0  0
52  1  62064 72501656 2416868 80205352    0    0 32352 776296 267651 1834795 46 12 41  1  0  0
48  0  62064 72500304 2416868 80205372    0    0 31280 769668 266164 1810373 45 12 42  1  0  0
51  0  62064 72501780 2416868 80205392    0    0 30144 766516 268387 1781663 45 12 42  1  0  0
50  1  62064 72522956 2416868 80205476    0    0 29616 754268 264926 1803066 45 12 42  1  0  0
49  1  62064 72516656 2416868 80205492    0    0 30640 753080 264317 1769477 44 12 43  1  0  0
46  1  62064 72516948 2416868 80205516    0    0 32080 749664 265614 1761207 44 11 43  1  0  0
48  1  62064 72511716 2416868 80205540    0    0 30704 744620 262307 1803545 45 12 42  1  0  0
50  0  62064 72484852 2416868 80205536    0    0 31312 754376 246076 1801848 44 10 45  1  0  0
46  1  62064 72505304 2416868 80205548    0    0 30368 743480 261271 1813500 45 11 43  1  0  0
44  1  62064 72511548 2416868 80205568    0    0 31632 744628 264755 1774106 45 11 43  1  0  0
48  0  62064 72503216 2416868 80205580    0    0 30384 740540 264288 1772409 44 12 43  1  0  0
46  0  62064 72490364 2416868 80205608    0    0 31088 755116 265689 1819309 46 12 41  1  0  0
49  0  62064 72483404 2416868 80205624    0    0 30976 740080 267935 1814263 45 12 42  1  0  0
procs -----------memory---------- ---swap-- -----io---- -system-- -------cpu-------
 r  b   swpd   free   buff  cache   si   so    bi    bo   in   cs us sy id wa st gu
47  0  62064 72499696 2416868 80205640    0    0 30752 744972 266721 1821381 46 12 41  1  0  0
47  2  62064 72490444 2416868 80205648    0    0 32464 738320 269938 1841085 47 12 41  1  0  0
47  1  62064 72484392 2416868 80205652    0    0 31696 746684 261349 1820056 45 11 43  1  0  0
48  0  62064 72477192 2416868 80205648    0    0 30448 731616 262334 1814366 45 10 43  1  0  0
50  1  62064 72498588 2416868 80205664    0    0 30496 728228 264861 1819550 46 12 41  1  0  0
49  0  62064 72495820 2416868 80205680    0    0 31200 740424 265483 1776423 44 12 43  1  0  0
49  1  62064 72483188 2416868 80205700    0    0 30752 739496 264476 1804459 45 12 42  1  0  0
48  1  62064 72485412 2416868 80205720    0    0 30624 750692 267904 1829259 46 12 41  1  0  0
49  0  62064 72491724 2416868 80205724    0    0 30512 724260 264338 1829645 46 12 41  1  0  0
45  2  62064 72516580 2416868 80205740    0    0 30032 731484 260443 1833402 46 12 41  1  0  0
46  0  62064 72499084 2416868 80205760    0    0 32864 735568 264185 1822446 46 12 42  1  0  0
51  1  62064 72475740 2416868 80205760    0    0 32112 743468 261594 1776854 44 10 44  1  0  0
44  1  62064 72486780 2416868 80205768    0    0 31600 736448 263417 1850049 46 11 42  1  0  0
45  1  62064 72493464 2416868 80205792    0    0 30672 732432 265331 1844504 46 12 41  1  0  0
47  2  62064 72507852 2416868 80205804    0    0 31728 720732 265963 1850151 47 12 40  1  0  0
52  0  62064 72493648 2416868 80205824    0    0 32352 718512 267788 1839007 46 12 41  1  0  0
48  0  62064 72495452 2416868 80205844    0    0 31776 714592 258792 1818238 45 12 42  1  0  0
48  1  62064 72477152 2416868 80205860    0    0 30608 716648 269141 1826626 46 12 42  1  0  0
45  2  62064 72485248 2416868 80205876    0    0 30032 712960 257029 1799265 45 12 43  1  0  0
46  1  62064 72479720 2416868 80205896    0    0 29984 708180 259606 1837707 45 11 42  1  0  0
50  0  62064 72453368 2416868 80205916    0    0 31616 715352 259112 1778316 44 10 44  1  0  0
procs -----------memory---------- ---swap-- -----io---- -system-- -------cpu-------
 r  b   swpd   free   buff  cache   si   so    bi    bo   in   cs us sy id wa st gu
52  0  62064 72483388 2416868 80205928    0    0 31520 712332 256913 1826880 46 12 42  1  0  0
54  0  62064 72489184 2416868 80205948    0    0 29376 707224 258295 1820483 45 12 42  1  0  0
53  1  62064 72489328 2416872 80205960    0    0 29696 706304 261828 1809576 46 12 42  1  0  0
43  0  62064 72479748 2416872 80205968    0    0 31664 708328 263193 1847446 46 12 41  1  0  0
48  1  62064 72468404 2416872 80205976    0    0 31376 712624 265358 1823793 45 12 42  1  0  0
54  1  62064 72477628 2416872 80205992    0    0 30544 701028 264412 1798921 45 12 42  1  0  0
46  1  62064 72470904 2416872 80206008    0    0 30704 717372 264722 1853423 46 12 41  1  0  0
48  1  62064 72450988 2416872 80206024    0    0 30960 702720 261207 1858988 46 11 42  1  0  0
51  1  62064 72461160 2416872 80206044    0    0 33488 708880 265541 1869115 47 11 41  1  0  0
53  0  62064 72475248 2416872 80206060    0    0 31296 698704 261896 1835828 46 12 41  1  0  0
47  1  62064 72487396 2416872 80206072    0    0 31088 716412 264543 1832435 45 12 42  1  0  0
48  1  62064 72477276 2416872 80206096    0    0 30688 684976 264081 1838798 46 12 41  1  0  0
48  0  62064 72484124 2416872 80206120    0    0 29872 679564 261953 1816239 45 12 42  1  0  0
48  1  62064 72492236 2416872 80206140    0    0 32352 686804 263307 1830642 46 12 41  1  0  0
46  1  62064 72486372 2416872 80206160    0    0 31648 694296 262872 1781596 45 11 43  1  0  0
46  0  62064 72472608 2416872 80206176    0    0 30544 690340 263168 1825168 46 12 42  1  0  0
48  1  62064 72454300 2416872 80206172    0    0 31040 699068 260155 1858953 46 11 43  1  0  0
50  0  62064 72485120 2416872 80206184    0    0 30032 682284 259336 1834464 46 12 41  1  0  0
45  1  62064 72496980 2416872 80206212    0    0 32720 687616 260888 1844391 47 12 41  1  0  0
46  1  62064 72492536 2416872 80206224    0    0 31728 684184 267378 1853801 47 12 40  1  0  0
46  2  62064 72477492 2416872 80206244    0    0 30064 690340 261550 1776749 45 12 43  1  0  0
procs -----------memory---------- ---swap-- -----io---- -system-- -------cpu-------
 r  b   swpd   free   buff  cache   si   so    bi    bo   in   cs us sy id wa st gu
49  2  62064 72477424 2416872 80206260    0    0 31024 679676 263943 1815465 46 12 41  1  0  0
53  0  62064 72466908 2416872 80206280    0    0 31696 684340 262828 1849275 47 12 40  1  0  0
46  0  62064 72481112 2416872 80206304    0    0 32480 678832 262866 1848622 46 12 41  1  0  0
48  0  62064 72455228 2416872 80206320    0    0 31552 681868 256166 1872608 46 11 42  1  0  0
45  1  62064 72442756 2416872 80206328    0    0 30384 692308 258990 1868111 46 11 42  1  0  0
48  1  62064 72467908 2416872 80206344    0    0 30336 682648 263328 1828439 46 12 41  1  0  0
49  1  62064 72484428 2416872 80206364    0    0 29712 684136 261759 1810178 45 12 42  1  0  0
47  1  62064 72484180 2416872 80206380    0    0 32064 683132 263737 1826051 45 12 42  1  0  0
44  2  62064 72471876 2416872 80206468    0    0 31136 671640 261441 1814882 45 12 42  1  0  0
51  1  62064 72478836 2416872 80206484    0    0 29344 672124 259789 1794950 45 12 42  1  0  0
45  1  62064 72473792 2416872 80206504    0    0 30576 686848 262906 1865924 46 12 41  1  0  0
49  0  62064 72462604 2416872 80206524    0    0 31200 685304 259660 1856181 46 12 40  1  0  0
45  0  62064 72449860 2416876 80206536    0    0 33216 695568 255236 1865806 46 11 43  1  0  0
49  0  62064 72476900 2416876 80206552    0    0 30768 686952 257881 1868833 47 11 41  1  0  0
44  1  62064 72467688 2416876 80206552    0    0 30864 688032 259348 1841555 46 12 41  1  0  0
51  0  62064 72484400 2416876 80206572    0    0 29488 688604 258965 1794988 45 12 42  1  0  0
47  0  62064 72486076 2416876 80206592    0    0 31248 683824 261049 1850187 46 12 41  1  0  0
47  1  62064 72469220 2416876 80206592    0    0 32048 703852 260797 1834049 46 12 41  1  0  0
51  0  62064 72467516 2416876 80206616    0    0 31264 686952 256147 1806184 45 12 42  1  0  0
51  0  62064 72489664 2416876 80206632    0    0 29856 698160 259990 1832662 45 12 41  1  0  0
53  0  62064 72467396 2416876 80206656    0    0 30576 696144 253816 1835776 45 11 43  1  0  0
procs -----------memory---------- ---swap-- -----io---- -system-- -------cpu-------
 r  b   swpd   free   buff  cache   si   so    bi    bo   in   cs us sy id wa st gu
50  1  62064 72443396 2416876 80206672    0    0 31184 688560 257165 1844341 46 10 43  1  0  0
45  1  62064 72484296 2416876 80206684    0    0 32368 707708 260869 1819266 45 12 42  1  0  0
47  1  62064 72477868 2416876 80206704    0    0 32576 691168 262655 1842996 46 12 41  1  0  0
47  1  62064 72470980 2416876 80206720    0    0 31328 683504 260470 1792181 46 12 42  1  0  0
53  0  62064 72467184 2416876 80206740    0    0 30960 700412 260667 1835279 46 12 41  1  0  0
44  0  62064 72469680 2416876 80206756    0    0 30448 712028 263423 1848921 46 12 41  1  0  0
49  0  62064 72462628 2416876 80206776    0    0 32400 696636 266624 1848736 47 12 40  1  0  0
51  0  62064 72466792 2416876 80206796    0    0 31920 712392 259622 1845043 46 12 41  1  0  0
49  0  62064 72446324 2416876 80206804    0    0 30592 719080 255011 1870655 46 11 43  1  0  0
45  1  62064 72458888 2416876 80206816    0    0 29680 708532 257621 1789555 45 11 43  1  0  0
45  0  62064 72471220 2416876 80206832    0    0 30368 718588 261429 1849700 46 12 41  1  0  0
46  2  62064 72469756 2416876 80206848    0    0 33024 708156 261853 1849830 46 12 41  1  0  0
48  0  62064 72466604 2416876 80206872    0    0 30736 710228 259325 1816225 46 12 42  1  0  0
49  0  62064 72462940 2416876 80206892    0    0 29152 716576 263001 1836530 46 12 41  1  0  0
43  0  62064 72463584 2416876 80206908    0    0 29392 705772 263849 1835700 46 12 41  1  0  0
44  1  62064 72452944 2416876 80206924    0    0 30256 706428 263818 1839897 46 12 41  1  0  0
46  1  62064 72461492 2416876 80206940    0    0 32224 724984 260025 1837507 45 11 42  1  0  0
47  0  62064 72426868 2416876 80206960    0    0 31664 739496 257290 1887277 46 11 43  1  0  0
51  0  62064 72471828 2416876 80206972    0    0 29584 716272 261346 1806880 46 11 42  1  0  0
49  2  62064 72474852 2416876 80206992    0    0 31200 705448 258941 1853272 46 12 41  1  0  0
43  0  62064 72488220 2416876 80207004    0    0 30064 731456 267688 1864238 46 12 41  1  0  0
procs -----------memory---------- ---swap-- -----io---- -system-- -------cpu-------
 r  b   swpd   free   buff  cache   si   so    bi    bo   in   cs us sy id wa st gu
43  1  62064 72481432 2416880 80207020    0    0 33312 726424 263862 1866354 47 12 41  1  0  0
43  1  62064 72469212 2416884 80207040    0    0 31680 725924 266032 1824987 46 12 42  1  0  0
42  0  62064 72464528 2416884 80207064    0    0 30848 717736 263370 1868670 46 12 41  1  0  0
52  0  62064 72462796 2416884 80207080    0    0 29472 721440 261103 1778422 45 12 43  1  0  0
46  2  62064 72457476 2416884 80207100    0    0 30576 724720 256164 1887194 46 11 42  1  0  0
41  4  62064 72459876 2416884 80207108    0    0 31808 739416 261484 1870485 47 11 41  1  0  0
28  5  62064 72477692 2416884 80207128    0    0 31776 728420 263625 1867012 47 12 40  1  0  0
42  6  62064 72469756 2416884 80207152    0    0 30336 728948 267585 1845940 46 12 41  1  0  0
15  5  62064 72454048 2416884 80207168    0    0 30704 730568 265501 1864333 46 12 41  1  0  0
37  5  62064 72456008 2416884 80207184    0    0 30400 740508 266264 1859819 46 12 41  1  0  0
50  5  62064 72467760 2416884 80207204    0    0 32480 716092 263537 1834560 46 12 41  1  0  0
59  1  62064 72465756 2416884 80207224    0    0 30992 728732 264625 1835480 46 12 41  1  0  0
27  2  62064 72459556 2416884 80207248    0    0 28416 717056 258945 1766139 44 11 43  1  0  0
11  3  62064 72445608 2416884 80207264    0    0 30400 730424 258146 1834284 45 11 44  1  0  0
53  3  62064 72475372 2416884 80207272    0    0 29856 733320 259855 1856875 46 11 41  1  0  0
 8  5  62064 72484552 2416884 80207292    0    0 32096 719196 262153 1818790 46 12 42  1  0  0
41  3  62064 72469580 2416888 80207304    0    0 28352 722516 260673 1842732 46 12 41  1  0  0
43  5  62064 72463532 2416888 80207328    0    0 29680 711700 259250 1836503 46 12 42  1  0  0
26  2  62064 72464592 2416888 80207344    0    0 28960 716448 261120 1769742 44 12 43  1  0  0
 4  7  62064 72457220 2416888 80207364    0    0 30912 715688 257288 1808395 45 11 42  1  0  0
47  2  62064 72465744 2416888 80207384    0    0 30256 736092 261213 1813670 45 12 42  1  0  0
procs -----------memory---------- ---swap-- -----io---- -system-- -------cpu-------
 r  b   swpd   free   buff  cache   si   so    bi    bo   in   cs us sy id wa st gu
19  2  62064 72460500 2416888 80207404    0    0 30144 719140 254335 1843115 45 11 43  1  0  0
48  3  62064 72441296 2416888 80207416    0    0 29888 729968 255386 1852980 46 10 43  1  0  0
30  2  62064 72473288 2416888 80207428    0    0 29136 731756 260072 1814285 45 12 42  1  0  0
 6  5  62064 72480116 2416888 80207452    0    0 31696 731852 261867 1812468 45 12 42  1  0  0
13  4  62064 72463920 2416888 80207468    0    0 29424 720172 256801 1789096 44 11 43  1  0  0
52  1  62064 72461596 2416888 80207552    0    0 28992 718940 262482 1836881 45 12 42  1  0  0
58  0  62064 72447060 2416888 80207576    0    0 29328 712700 261033 1774207 45 11 43  1  0  0
53  5  62064 72454824 2416888 80207596    0    0 31376 730688 262263 1814741 46 12 42  1  0  0
39  4  62064 72465200 2416888 80207600    0    0 30992 728660 265075 1844733 46 12 41  1  0  0
50  3  62064 72436792 2416888 80207616    0    0 29872 743616 258281 1863762 45 11 43  1  0  0
41  2  62064 72462084 2416888 80207624    0    0 29856 725168 256362 1835947 45 11 42  1  0  0
 5  3  62064 72466640 2416888 80207640    0    0 29600 708016 261458 1832465 46 12 42  1  0  0
19  5  62064 72464808 2416888 80207660    0    0 30480 733036 263737 1783746 44 11 43  1  0  0
57  4  62064 72460048 2416888 80207680    0    0 28912 736920 263459 1822818 45 12 42  1  0  0
29  6  62064 72450412 2416888 80207700    0    0 28768 729064 260963 1834447 45 12 42  1  0  0
31  4  62064 72445640 2416888 80207720    0    0 29872 732880 256060 1833748 46 12 42  1  0  0
34  4  62064 72452604 2416888 80207740    0    0 31120 719152 260380 1852121 46 12 41  1  0  0
50  4  62064 72448288 2416888 80207760    0    0 30944 747028 258157 1807897 45 11 43  1  0  0
20  5  62064 72419224 2416888 80207776    0    0 29552 724656 251843 1829218 45 10 44  1  0  0
38  3  62064 72458308 2416888 80207788    0    0 29024 737380 256795 1816796 45 12 42  1  0  0
49  3  62064 72482716 2416888 80207804    0    0 29312 698628 259245 1805186 45 12 42  1  0  0
procs -----------memory---------- ---swap-- -----io---- -system-- -------cpu-------
 r  b   swpd   free   buff  cache   si   so    bi    bo   in   cs us sy id wa st gu
 6  5  62064 72475092 2416888 80207824    0    0 31072 743652 262719 1807324 45 11 42  1  0  0
34  3  62064 72461072 2416888 80207852    0    0 30544 743792 266359 1829349 46 12 41  1  0  0
53  3  62064 72450596 2416888 80207868    0    0 28384 722096 260358 1826115 45 12 42  1  0  0
30  5  62064 72449092 2416888 80207888    0    0 28704 723724 259473 1853098 46 12 41  1  0  0
44  5  62064 72446756 2416888 80207904    0    0 28640 732292 259949 1818053 45 12 42  1  0  0
 4  5  62064 72425156 2416888 80207920    0    0 31264 719464 254286 1834010 45 11 43  1  0  0
41  4  62064 72444620 2416888 80207936    0    0 28016 728764 258162 1817706 45 11 43  1  0  0
56  3  62064 72456092 2416888 80207952    0    0 28576 737852 259660 1837651 45 12 42  1  0  0
 8  6  62064 72460712 2416888 80207972    0    0 30064 720676 260113 1848383 46 12 41  1  0  0
12  3  62064 72474412 2416888 80207984    0    0 30720 740008 257289 1819624 45 12 42  1  0  0
20  5  62064 72467644 2416888 80208004    0    0 29728 726316 256636 1848323 46 12 42  1  0  0
33  4  62064 72465400 2416888 80208028    0    0 29616 723220 258221 1836886 45 12 42  1  0  0
 3  5  62064 72456060 2416888 80208044    0    0 29312 712840 259183 1830270 45 12 42  1  0  0
56  2  62064 72445344 2416888 80208060    0    0 29920 724632 257146 1830760 45 11 42  1  0  0
47  4  62064 72425412 2416892 80208068    0    0 31568 727804 256247 1812087 45 10 44  1  0  0
 6  4  62064 72458140 2416892 80208088    0    0 29424 731192 258472 1813851 45 11 42  1  0  0
44  5  62064 72436124 2416892 80208108    0    0 30080 741020 257102 1828476 45 12 42  1  0  0
 9  5  62064 72455504 2416892 80208128    0    0 29648 727748 259765 1833200 46 12 42  1  0  0
12  5  62064 72453508 2416892 80208144    0    0 31200 714424 254946 1827470 45 12 42  1  0  0
49  5  62064 72458672 2416892 80208164    0    0 30720 727924 258695 1838669 46 12 42  1  0  0
58  3  62064 72433132 2416892 80208184    0    0 29232 723180 259057 1815405 45 12 42  1  0  0
procs -----------memory---------- ---swap-- -----io---- -system-- -------cpu-------
 r  b   swpd   free   buff  cache   si   so    bi    bo   in   cs us sy id wa st gu
13  3  62064 72448744 2416892 80208204    0    0 29232 732104 260821 1796662 45 11 43  1  0  0
 6  4  62064 72445744 2416892 80208224    0    0 29712 718856 253360 1842195 45 11 43  1  0  0
 9  4  62064 72446996 2416892 80208232    0    0 30864 728440 252866 1837508 45 11 43  1  0  0
 9  4  62064 72454032 2416892 80208244    0    0 29760 738892 259322 1873564 47 12 40  1  0  0
35  5  62064 72454232 2416892 80208268    0    0 29520 728008 259018 1861631 46 12 41  1  0  0
44  4  62064 72444956 2416892 80208288    0    0 29600 729028 256833 1846437 46 12 41  1  0  0
 8  3  62064 72449476 2416892 80208308    0    0 29904 715644 258232 1826730 46 12 42  1  0  0
15  2  62064 72442140 2416892 80208328    0    0 31904 717520 258710 1828564 45 12 42  1  0  0
51  4  62064 72459092 2416892 80208348    0    0 28544 724312 260676 1779080 44 11 43  1  0  0
16  3  62064 72451312 2416892 80208364    0    0 29616 724412 260823 1829668 45 12 42  1  0  0
11  3  62064 72421800 2416892 80208380    0    0 30128 713564 253099 1872868 46 11 43  1  0  0
33  2  62064 72436136 2416892 80208396    0    0 31520 722660 260593 1871212 47 11 41  1  0  0
14  3  62064 72441280 2416892 80208412    0    0 30352 724732 259979 1838663 46 12 41  1  0  0
55  3  62064 72438304 2416892 80208436    0    0 28672 716556 258201 1854953 46 12 41  1  0  0
45  3  62064 72442508 2416892 80208452    0    0 29072 693272 260725 1834241 46 12 42  1  0  0
 7  4  62064 72439248 2416892 80208468    0    0 30304 729152 256191 1804131 45 12 43  1  0  0
 6  3  62064 72447000 2416892 80208492    0    0 32208 713880 258464 1833029 45 12 42  1  0  0
58  3  62064 72445248 2416892 80208512    0    0 31216 733596 259601 1833137 45 12 42  1  0  0
10  4  62064 72427924 2416892 80208528    0    0 30688 729204 257932 1881963 46 11 42  1  0  0
11  4  62064 72425476 2416892 80208540    0    0 30720 721264 258049 1886617 46 11 42  1  0  0
 8  3  62064 72452800 2416892 80208552    0    0 30608 706540 264039 1851728 46 12 41  1  0  0
procs -----------memory---------- ---swap-- -----io---- -system-- -------cpu-------
 r  b   swpd   free   buff  cache   si   so    bi    bo   in   cs us sy id wa st gu
38  4  62064 72448564 2416892 80208580    0    0 29664 714584 263227 1836335 46 12 42  1  0  0
51  3  62064 72431084 2416892 80208600    0    0 32176 690044 267197 1833482 46 12 41  1  0  0
55  6  62064 72448548 2416892 80208680    0    0 28176 705564 267438 1790058 45 12 42  1  0  0
44  3  62064 72464048 2416892 80208700    0    0 29872 696928 265277 1839276 46 12 41  1  0  0
58  1  62064 72463012 2416892 80208716    0    0 29632 682860 263890 1834302 46 12 41  1  0  0
10  5  62064 72451300 2416892 80208736    0    0 30800 714224 262347 1828123 46 12 41  1  0  0
13  2  62064 72431092 2416892 80208756    0    0 31904 712080 262060 1858795 46 11 42  1  0  0
27  5  62064 72458640 2416892 80208764    0    0 30960 680668 257814 1841054 46 11 42  1  0  0
39  3  62064 72455200 2416892 80208780    0    0 28864 683016 263778 1830143 46 12 41  1  0  0
16  5  62064 72452004 2416892 80208800    0    0 29744 672308 258423 1786765 44 12 43  1  0  0
50  4  62064 72435896 2416892 80208824    0    0 30560 716200 259115 1791919 45 12 42  1  0  0
 9  4  62064 72446472 2416892 80208844    0    0 31056 694244 261400 1810447 45 12 42  1  0  0
11  4  62064 72463492 2416892 80208856    0    0 29408 709856 261543 1831678 46 12 41  1  0  0
33  2  62064 72454712 2416892 80208876    0    0 29536 691524 262870 1852256 46 12 41  1  0  0
14  3  62064 72434012 2416892 80208900    0    0 30352 716696 257488 1867231 46 12 41  1  0  0
44  4  62064 72413580 2416892 80208908    0    0 30096 679656 252439 1867232 46 11 42  1  0  0
24  3  62064 72436724 2416892 80208928    0    0 31216 700456 262562 1819458 46 12 41  1  0  0
37  3  62064 72453212 2416896 80208932    0    0 29152 667540 261178 1778593 45 11 43  1  0  0
56  2  62064 72454156 2416896 80208956    0    0 29552 700564 264734 1807012 46 12 42  1  0  0
32  3  62064 72454288 2416896 80208968    0    0 29728 694148 266671 1842524 46 12 41  1  0  0
44  3  62064 72458696 2416896 80208992    0    0 31248 689816 261589 1817031 45 12 42  1  0  0
procs -----------memory---------- ---swap-- -----io---- -system-- -------cpu-------
 r  b   swpd   free   buff  cache   si   so    bi    bo   in   cs us sy id wa st gu
44  2  62064 72443788 2416896 80209016    0    0 30688 713952 265081 1821047 45 12 42  1  0  0
 6  5  62064 72447968 2416896 80209032    0    0 31120 697692 264573 1822047 46 12 42  1  0  0
 6  4  62064 72431100 2416896 80209056    0    0 31616 685456 254796 1847349 46 11 42  1  0  0
 9  5  62064 72445704 2416896 80209064    0    0 30544 681164 259791 1812524 45 11 43  1  0  0
 4  5  62064 72463220 2416896 80209080    0    0 28592 709896 264513 1797610 45 12 43  1  0  0
51  4  62064 72449140 2416896 80209100    0    0 31104 700448 265234 1808727 45 12 42  1  0  0
47  4  62064 72448524 2416896 80209120    0    0 28704 687088 268185 1831190 46 12 41  1  0  0
52  4  62064 72445244 2416896 80209136    0    0 29968 697220 262938 1822807 46 12 42  1  0  0
49  5  62064 72436520 2416896 80209156    0    0 29744 691156 267082 1828153 46 12 41  1  0  0
18  3  62064 72443028 2416896 80209176    0    0 30144 688296 266115 1830689 46 12 41  1  0  0
47  3  62064 72433360 2416896 80209196    0    0 31024 697204 263266 1826682 45 12 42  1  0  0
56  2  62064 72404800 2416896 80209212    0    0 30064 664784 254027 1831712 45 10 44  1  0  0
38  4  62064 72434504 2416896 80209220    0    0 28672 715488 266177 1767962 44 11 43  1  0  0
42  4  62064 72442460 2416896 80209240    0    0 29520 712576 265517 1810290 45 12 42  1  0  0
62  2  62064 72452160 2416896 80209260    0    0 30848 684120 264699 1803662 46 12 42  1  0  0
11  4  62064 72454136 2416896 80209276    0    0 30848 687268 265432 1833556 46 12 41  1  0  0
17  2  62064 72449620 2416896 80209292    0    0 29376 712848 262061 1845527 46 12 41  1  0  0
51  3  62064 72443848 2416896 80209316    0    0 29872 696152 264993 1829266 46 12 41  1  0  0
 6  5  62064 72437228 2416896 80209332    0    0 29376 673864 262216 1812070 45 12 42  1  0  0
26  6  62064 72429920 2416896 80209348    0    0 30560 707496 263830 1786454 44 11 44  1  0  0
 9  4  62064 72420012 2416896 80209364    0    0 31936 722460 257659 1820302 45 10 43  1  0  0
procs -----------memory---------- ---swap-- -----io---- -system-- -------cpu-------
 r  b   swpd   free   buff  cache   si   so    bi    bo   in   cs us sy id wa st gu
51  3  62064 72455356 2416896 80209376    0    0 29680 721748 268259 1820165 46 12 41  1  0  0
 7  4  62064 72451076 2416896 80209400    0    0 29504 677708 262486 1833918 46 12 41  1  0  0
49  4  62064 72468788 2416896 80209416    0    0 29280 729628 265642 1836042 46 12 41  1  0  0
48  3  62064 72452648 2416896 80209436    0    0 31168 666216 259920 1834230 46 12 41  1  0  0
22  4  62064 72449604 2416896 80209456    0    0 30864 711856 265729 1802285 45 12 42  1  0  0
46  2  62064 72443012 2416900 80209472    0    0 28288 671944 264156 1769834 45 11 43  1  0  0
36  4  62064 72456716 2416900 80209496    0    0 28528 740632 264474 1775859 44 12 43  1  0  0
19  3  62064 72424232 2416900 80209520    0    0 29776 701464 260377 1838391 46 11 43  1  0  0
20  2  62064 72446880 2416900 80209528    0    0 30720 708192 261094 1824960 46 11 42  1  0  0
52  3  62064 72431376 2416900 80209544    0    0 31088 703660 267943 1827501 46 12 42  1  0  0
65  3  62064 72434772 2416900 80209564    0    0 29440 706448 267433 1834752 46 12 41  1  0  0
48  5  62064 72438772 2416900 80209588    0    0 29808 694996 265526 1833375 46 12 42  1  0  0
20  4  62064 72446220 2416900 80209604    0    0 29296 681456 262688 1823982 46 12 42  1  0  0
47  3  62064 72438000 2416900 80209620    0    0 30272 684956 262358 1786788 45 12 42  1  0  0
11  3  62064 72440556 2416900 80209640    0    0 29968 744492 269524 1788704 45 12 42  1  0  0
 9  4  62064 72437144 2416900 80209664    0    0 28752 709716 259983 1829243 45 11 43  1  0  0
21  4  62064 72413960 2416900 80209676    0    0 29392 713528 258605 1874672 46 10 43  1  0  0
12  4  62064 72432924 2416900 80209688    0    0 29216 687360 263354 1840276 46 12 42  1  0  0
 8  4  62064 72448812 2416900 80209704    0    0 32064 709160 269369 1823302 45 12 41  1  0  0
48  3  62064 72440712 2416900 80209732    0    0 29712 704420 265181 1813825 45 12 41  1  0  0
16  4  62064 72451352 2416900 80209840    0    0 28896 664020 267011 1789255 45 12 42  1  0  0
procs -----------memory---------- ---swap-- -----io---- -system-- -------cpu-------
 r  b   swpd   free   buff  cache   si   so    bi    bo   in   cs us sy id wa st gu
52  3  62064 72447496 2416900 80209856    0    0 29472 727144 268420 1819108 46 12 41  1  0  0
52  2  62064 72445796 2416900 80209880    0    0 29872 704456 266930 1836191 46 12 41  1  0  0
47  4  62064 72458520 2416900 80209896    0    0 30544 729216 261572 1829211 46 12 42  1  0  0
27  3  62064 72444624 2416900 80209916    0    0 31568 693684 261218 1844647 46 11 42  1  0  0
 7  3  62064 72436692 2416900 80209932    0    0 30080 718344 259298 1843612 46 11 42  1  0  0
23  3  62064 72453740 2416900 80209944    0    0 29232 701748 266161 1833661 46 12 41  1  0  0
42  3  62064 72445892 2416900 80209960    0    0 29424 667388 262886 1819931 45 12 42  1  0  0
52  2  62064 72446248 2416900 80209980    0    0 29072 727612 267799 1761172 44 12 43  1  0  0
16  6  62064 72447764 2416900 80209996    0    0 30720 727668 269121 1838622 46 12 41  1  0  0
40  4  62064 72443168 2416900 80210016    0    0 29504 713224 268936 1841451 46 12 41  1  0  0
15  3  62064 72433220 2416900 80210036    0    0 29760 723744 267498 1855704 46 12 41  1  0  0
 7  4  62064 72428420 2416900 80210052    0    0 29840 688380 264501 1837654 46 12 41  1  0  0
25  5  62064 72404844 2416900 80210068    0    0 29936 704776 255137 1851423 45 10 43  1  0  0
34  3  62064 72435324 2416900 80210084    0    0 30672 701696 264270 1824957 46 11 42  1  0  0
35  4  62064 72448628 2416900 80210104    0    0 28704 691900 263306 1753073 44 11 44  1  0  0
 8  2  62064 72451084 2416900 80210120    0    0 28720 724460 268688 1785523 45 12 42  1  0  0
38  5  62064 72443848 2416900 80210144    0    0 28656 700396 267341 1816306 45 12 41  1  0  0
48  3  62064 72428680 2416900 80210164    0    0 31072 740368 267576 1840262 46 12 41  1  0  0
10  5  62064 72426396 2416900 80210180    0    0 29904 704580 260988 1834725 46 12 41  1  0  0
11  4  62064 72433408 2416900 80210204    0    0 29200 718560 265439 1841423 46 12 41  1  0  0
39  4  62064 72437712 2416900 80210220    0    0 29216 690732 260968 1843226 46 11 42  1  0  0
procs -----------memory---------- ---swap-- -----io---- -system-- -------cpu-------
 r  b   swpd   free   buff  cache   si   so    bi    bo   in   cs us sy id wa st gu
60  2  62064 72407212 2416900 80210236    0    0 29456 687288 256492 1817112 45 10 43  1  0  0
12  2  62064 72450048 2416900 80210256    0    0 30912 764832 266919 1797292 45 12 42  1  0  0
11  3  62064 72441956 2416900 80210272    0    0 30528 720016 267758 1810598 46 12 41  1  0  0
20  3  62064 72444400 2416900 80210292    0    0 28816 708020 259967 1812582 45 12 42  1  0  0
27  4  62064 72440112 2416900 80210308    0    0 29184 711608 265452 1857444 46 12 41  1  0  0
14  3  62064 72440204 2416900 80210324    0    0 28624 700172 259658 1830323 45 12 42  1  0  0
10  1  62064 72435744 2416900 80210344    0    0 31440 716080 265334 1826361 46 12 41  1  0  0
 5  4  62064 72445044 2416900 80210364    0    0 30272 672364 260531 1800487 45 12 42  1  0  0
35  4  62064 72423676 2416900 80210380    0    0 29456 729092 261932 1791098 44 11 44  1  0  0
32  4  62064 72439288 2416900 80210392    0    0 28752 725120 261818 1849497 46 11 42  1  0  0
 8  4  62064 72459352 2416900 80210408    0    0 28736 716624 265273 1837310 46 12 41  1  0  0
 6  4  62064 72438484 2416900 80210432    0    0 30624 729956 261404 1836710 46 12 41  1  0  0
37  4  62064 72448800 2416900 80210452    0    0 31392 725400 260376 1824275 45 12 42  1  0  0
58  3  62064 72453624 2416900 80210468    0    0 29600 706296 259169 1815204 45 12 42  1  0  0
24  4  62064 72438676 2416900 80210492    0    0 28912 693844 263376 1832111 46 12 41  1  0  0
12  2  62064 72414728 2416900 80210516    0    0 29280 671080 259653 1802374 45 12 42  1  0  0
49  3  62064 72423556 2416900 80210532    0    0 29920 735540 263726 1788352 44 11 43  1  0  0
52  4  62064 72399344 2416900 80210544    0    0 31024 714516 255037 1851320 46 10 43  1  0  0
49  4  62064 72421792 2416900 80210556    0    0 29552 714164 265566 1860368 46 12 41  1  0  0
19  3  62064 72437332 2416900 80210576    0    0 29360 703424 265810 1855144 47 12 40  1  0  0
11  4  62064 72428592 2416900 80210604    0    0 28960 715540 265431 1852442 46 12 41  1  0  0
procs -----------memory---------- ---swap-- -----io---- -system-- -------cpu-------
 r  b   swpd   free   buff  cache   si   so    bi    bo   in   cs us sy id wa st gu
 5  4  62064 72457912 2416900 80210616    0    0 30368 685932 262224 1836139 46 12 41  1  0  0
28  5  62064 72438324 2416900 80210636    0    0 31792 680440 260987 1867051 47 12 40  1  0  0
38  4  62064 72442416 2416900 80210652    0    0 29440 690864 259758 1808341 45 12 42  1  0  0
61  2  62064 72438276 2416900 80210680    0    0 28480 740600 260670 1831658 45 12 41  1  0  0
45  4  62064 72429820 2416900 80210696    0    0 29648 700312 258818 1851293 46 11 42  1  0  0
30  1  62064 72423924 2416900 80210708    0    0 29536 717060 258585 1848572 46 11 42  1  0  0
10  2  62064 72434552 2416900 80210720    0    0 31296 724328 264575 1835355 46 12 41  1  0  0
 8  4  62064 72444728 2416900 80210740    0    0 28704 693308 257543 1826067 45 12 42  1  0  0
14  4  62064 72439224 2416900 80210764    0    0 28656 676456 255236 1834844 45 12 42  1  0  0
44  4  62064 72457440 2416900 80210780    0    0 28976 669064 251963 1794914 45 12 43  1  0  0
13  1  62064 72448472 2416900 80210796    0    0 29424 748708 258379 1785670 45 12 43  1  0  0
47  3  62064 72440452 2416900 80210816    0    0 30720 706084 259426 1828230 45 12 42  1  0  0
30  2  62064 72443624 2416900 80210840    0    0 29408 694416 257082 1848889 46 12 41  1  0  0
 5  5  62064 72424508 2416900 80210856    0    0 28784 728420 252671 1880091 46 10 43  1  0  0
 9  4  62064 72421380 2416900 80210868    0    0 29280 689552 255221 1880082 47 12 40  1  0  0
17  3  62064 72432616 2416900 80210884    0    0 29808 703184 259313 1842343 47 12 40  1  0  0
52  4  62064 72447260 2416900 80210900    0    0 31952 691464 260562 1830995 46 12 41  1  0  0
51  4  62064 72448976 2416900 80210988    0    0 29120 647992 257416 1811542 45 12 42  1  0  0
35  4  62064 72439700 2416900 80211004    0    0 28352 749272 265313 1825855 46 12 42  1  0  0
22  3  62064 72440336 2416900 80211024    0    0 29696 697980 262026 1847895 46 12 41  1  0  0
47  4  62064 72444588 2416900 80211044    0    0 28800 714716 261630 1838953 46 12 41  1  0  0
procs -----------memory---------- ---swap-- -----io---- -system-- -------cpu-------
 r  b   swpd   free   buff  cache   si   so    bi    bo   in   cs us sy id wa st gu
 4  4  62064 72423880 2416900 80211060    0    0 30768 705180 256481 1848081 46 11 42  1  0  0
30  3  62064 72399788 2416900 80211076    0    0 29648 678904 250243 1856633 46 10 43  1  0  0
52  5  62064 72452464 2416900 80211084    0    0 28224 700216 261041 1821861 45 12 42  1  0  0
47  2  62064 72445536 2416900 80211108    0    0 28512 654980 257314 1817160 45 12 42  1  0  0
34  4  62064 72443196 2416900 80211124    0    0 29776 743072 262935 1772403 45 12 43  1  0  0
38  5  62064 72440452 2416900 80211144    0    0 31168 701436 262517 1831459 46 12 41  1  0  0
57  4  62064 72447508 2416900 80211168    0    0 28880 704008 257790 1832743 45 12 42  1  0  0
54  5  62064 72443808 2416900 80211184    0    0 28720 691256 262291 1848883 46 12 41  1  0  0
53  1  62064 72444932 2416900 80211208    0    0 29328 692084 265781 1838074 46 12 41  1  0  0
 7  4  62064 72425780 2416900 80211224    0    0 28720 709936 259241 1831698 45 11 43  1  0  0
16  4  62064 72432424 2416900 80211240    0    0 31968 681916 259409 1848642 46 11 42  1  0  0
16  3  62064 72441756 2416900 80211256    0    0 28496 663000 260992 1806826 45 12 42  1  0  0
40  2  62064 72443424 2416900 80211272    0    0 28288 740012 265941 1842057 46 12 41  1  0  0
57  1  62064 72450768 2416900 80211292    0    0 29840 702316 263520 1846406 46 12 41  1  0  0
25  3  62064 72444772 2416900 80211308    0    0 29152 722668 263342 1838689 46 12 41  1  0  0
 7  4  62064 72450252 2416900 80211328    0    0 32128 720980 263445 1842889 46 12 41  1  0  0
50  5  62064 72449060 2416900 80211348    0    0 29472 697592 261423 1841526 46 12 41  1  0  0
 4  4  62064 72437328 2416900 80211364    0    0 29344 665416 262522 1863108 46 12 41  1  0  0
 8  4  62064 72414160 2416900 80211388    0    0 29440 676064 253875 1832766 45 10 43  1  0  0
33  4  62064 72419148 2416900 80211400    0    0 28400 710236 265049 1816737 46 12 42  1  0  0
39  5  62064 72424712 2416900 80211416    0    0 30208 743620 267162 1831084 46 12 42  1  0  0
procs -----------memory---------- ---swap-- -----io---- -system-- -------cpu-------
 r  b   swpd   free   buff  cache   si   so    bi    bo   in   cs us sy id wa st gu
27  3  62064 72407976 2416900 80211432    0    0 29584 706924 261383 1866910 46 12 41  1  0  0
29  5  62064 72428480 2416900 80211460    0    0 28864 709080 262979 1840950 46 12 41  1  0  0
50  2  62064 72444928 2416900 80211480    0    0 29072 704656 257709 1860564 46 12 41  1  0  0
11  4  62064 72445704 2416900 80211504    0    0 28352 682476 260503 1858765 46 12 41  1  0  0
49  3  62064 72438880 2416900 80211524    0    0 31088 728864 263691 1829798 46 12 42  1  0  0
11  4  62064 72435708 2416900 80211540    0    0 29888 626212 256904 1810250 45 11 43  1  0  0
 9  3  62064 72414256 2416900 80211552    0    0 29424 749260 258172 1837817 46 11 43  1  0  0
21  3  62064 72449484 2416900 80211564    0    0 29408 699544 266657 1837367 46 12 41  1  0  0
11  4  62064 72435024 2416900 80211588    0    0 28224 722064 261072 1832956 46 12 41  1  0  0
 8  4  62064 72451564 2416900 80211608    0    0 31488 723020 266774 1840796 46 12 41  1  0  0
 8  5  62064 72431748 2416908 80211616    0    0 28976 700416 267636 1845871 46 12 40  1  0  0
56  2  62064 72437940 2416908 80211680    0    0 30976 693684 266003 1809222 45 12 42  1  0  0
26  5  62064 72434676 2416908 80211704    0    0 29728 704232 261754 1824369 46 12 41  1  0  0
16  3  62064 72427612 2416908 80211724    0    0 28208 657788 259620 1807950 45 12 42  1  0  0
 9  4  62064 72413252 2416908 80211740    0    0 30496 764748 263224 1827358 45 11 43  1  0  0
 8  3  62064 72433660 2416908 80211748    0    0 31104 715948 263918 1839929 46 11 42  1  0  0
 5  5  62064 72438252 2416908 80211764    0    0 28464 719256 263106 1837533 46 12 41  1  0  0
 9  2  62064 72443192 2416908 80211784    0    0 29152 704284 262592 1843815 46 12 41  1  0  0
17  0  62064 72421400 2416908 80211808    0    0 28944 656380 256308 1833363 46 12 42  1  0  0
45  4  62064 72443192 2416908 80211828    0    0 29456 760784 267002 1836226 46 12 41  1  0  0
26  4  62064 72432800 2416908 80211844    0    0 31232 607052 255424 1812049 46 12 42  1  0  0
procs -----------memory---------- ---swap-- -----io---- -system-- -------cpu-------
 r  b   swpd   free   buff  cache   si   so    bi    bo   in   cs us sy id wa st gu
14  4  62064 72447040 2416908 80211868    0    0 28768 758256 271133 1794234 45 12 42  1  0  0
47  2  62064 72454312 2416908 80211888    0    0 28608 693376 266468 1840143 46 12 41  1  0  0
39  3  62064 72423008 2416908 80211908    0    0 28656 715036 261225 1869839 46 11 42  1  0  0
55  5  62064 72441492 2416908 80211916    0    0 29936 722740 266373 1828341 46 12 41  1  0  0
52  4  62064 72434872 2416908 80211932    0    0 31120 708628 267322 1835177 46 12 41  1  0  0
47  3  62064 72424756 2416908 80211948    0    0 29360 675760 265708 1856565 46 12 41  1  0  0
10  4  62064 72419768 2416908 80211968    0    0 28336 685040 264662 1839888 46 12 41  1  0  0
17  5  62064 72427280 2416908 80211988    0    0 28400 657968 264190 1814829 45 12 42  1  0  0
45  3  62064 72435200 2416908 80212004    0    0 29248 769988 273546 1790235 45 12 42  1  0  0
17  3  62064 72450164 2416908 80212024    0    0 29648 712412 264312 1799454 45 12 42  1  0  0
25  3  62064 72429776 2416908 80212044    0    0 29408 720832 261817 1838608 45 11 43  1  0  0
12  4  62064 72427256 2416908 80212060    0    0 28944 709976 261190 1880634 47 11 41  1  0  0
50  5  62064 72423444 2416908 80212076    0    0 29408 689452 265054 1857955 46 12 41  1  0  0
 4  5  62064 72431248 2416908 80212104    0    0 29760 685204 263144 1845970 47 12 41  1  0  0
 5  5  62064 72450480 2416908 80212180    0    0 30128 643156 262697 1769353 45 11 42  1  0  0
 8  5  62064 72423340 2416908 80212204    0    0 28240 748336 273114 1783448 45 12 42  1  0  0
17  4  62064 72428960 2416908 80212220    0    0 28192 701672 268195 1802055 45 12 42  1  0  0
27  3  62064 72423396 2416908 80212240    0    0 28480 725952 270176 1825655 46 12 41  1  0  0
51  4  62064 72440040 2416908 80212260    0    0 29920 716584 266463 1823974 46 12 41  1  0  0
20  4  62064 72430592 2416908 80212280    0    0 30960 695768 261109 1852561 46 11 43  1  0  0
29  4  62064 72456212 2416908 80212288    0    0 29392 674224 262346 1828605 46 11 42  1  0  0
procs -----------memory---------- ---swap-- -----io---- -system-- -------cpu-------
 r  b   swpd   free   buff  cache   si   so    bi    bo   in   cs us sy id wa st gu
39  4  62064 72461824 2416908 80212304    0    0 28432 697960 263483 1798462 45 12 42  1  0  0
14  3  62064 72439752 2416908 80212320    0    0 28112 671936 263125 1797286 45 12 42  1  0  0
22  4  62064 72445076 2416908 80212344    0    0 29312 760160 266378 1807910 45 12 42  1  0  0
10  3  62064 72424044 2416908 80212360    0    0 30160 707776 263265 1819289 45 12 42  1  0  0
55  4  62064 72424680 2416908 80212380    0    0 29856 711452 267754 1818595 46 12 41  1  0  0
22  5  62064 72437776 2416908 80212396    0    0 28864 707452 266320 1841788 46 12 41  1  0  0
 8  3  62064 72432356 2416908 80212412    0    0 28704 685736 261432 1818753 46 11 42  1  0  0
 6  5  62064 72405376 2416908 80212432    0    0 30384 681144 258134 1841954 46 11 43  1  0  0
19  3  62064 72436464 2416908 80212448    0    0 30480 705504 267690 1809280 46 12 42  1  0  0
57  1  62064 72444096 2416908 80212464    0    0 27520 736920 264067 1793470 45 12 42  1  0  0
54  1  62064 72452492 2416908 80212488    0    0 28192 700220 265221 1844974 46 12 41  1  0  0
55  2  62064 72429384 2416908 80212504    0    0 29088 724768 270063 1834544 46 12 41  1  0  0
 9  3  62064 72447876 2416908 80212528    0    0 28880 724624 267904 1839151 47 12 41  1  0  0
51  3  62064 72436512 2416908 80212548    0    0 31632 694788 266322 1824523 46 12 41  1  0  0
12  4  62064 72425520 2416908 80212564    0    0 28592 692288 268565 1835496 47 12 40  1  0  0
 5  4  62064 72431092 2416908 80212580    0    0 28432 706112 264910 1860543 46 11 41  1  0  0
47  0  62064 72426980 2416908 80212592    0    0 28912 692196 260245 1835179 46 11 43  1  0  0
53  4  62064 72443600 2416908 80212612    0    0 29072 749316 265320 1851204 46 12 41  1  0  0
13  4  62064 72437136 2416908 80212628    0    0 31184 732168 271171 1846366 47 12 40  1  0  0
26  4  62064 72433200 2416908 80212648    0    0 28912 729932 268995 1823487 46 12 41  1  0  0
40  5  62064 72438184 2416908 80212660    0    0 28800 663952 264890 1858660 47 12 40  1  0  0
procs -----------memory---------- ---swap-- -----io---- -system-- -------cpu-------
 r  b   swpd   free   buff  cache   si   so    bi    bo   in   cs us sy id wa st gu
18  4  62064 72427236 2416908 80212676    0    0 28464 727472 269348 1839945 46 12 40  1  0  0
61  4  62064 72434052 2416908 80212708    0    0 28672 664900 262215 1838159 46 12 41  1  0  0
50  3  62064 72424000 2416912 80212720    0    0 29456 677556 260941 1787462 44 12 43  1  0  0
50  4  62064 72399980 2416912 80212740    0    0 28496 752240 259600 1833529 45 11 43  1  0  0
 6  3  62064 72423156 2416912 80212748    0    0 28032 704072 259473 1816933 46 11 42  1  0  0
20  5  62064 72448232 2416912 80212768    0    0 28256 718716 262202 1840090 45 12 42  1  0  0
49  4  62064 72435948 2416912 80212792    0    0 28400 702932 262436 1841327 46 12 41  1  0  0
50  5  62064 72433432 2416916 80212812    0    0 30624 697148 258228 1847260 46 12 41  1  0  0
53  2  62064 72440632 2416916 80212828    0    0 28224 703584 261931 1830465 45 12 42  1  0  0
10  5  62064 72434568 2416916 80212852    0    0 27888 661940 261985 1811557 45 12 42  1  0  0
29  3  62064 72425880 2416916 80212868    0    0 28672 686572 263495 1772985 44 12 43  1  0  0
 4  5  62064 72428600 2416916 80212884    0    0 28272 741916 263513 1820245 45 11 43  1  0  0
49  3  62064 72413100 2416916 80212904    0    0 31072 710796 262809 1862702 46 11 42  1  0  0
54  3  62064 72442644 2416916 80212916    0    0 29024 696296 265769 1844318 46 12 41  1  0  0
48  3  62064 72427648 2416916 80212936    0    0 29664 692128 265847 1831664 47 12 41  1  0  0
29  3  62064 72420472 2416916 80212956    0    0 29216 715664 263961 1853340 46 12 41  1  0  0
45  3  62064 72424844 2416916 80212968    0    0 28272 623904 258606 1803701 45 11 42  1  0  0
16  2  62064 72426544 2416916 80212992    0    0 29632 713076 265434 1803743 45 12 42  1  0  0
25  4  62064 72437192 2416916 80213008    0    0 28128 731660 267880 1828304 46 12 42  1  0  0
54  3  62064 72440668 2416916 80213028    0    0 27936 696700 264713 1823725 46 12 41  1  0  0
54  1  62064 72424640 2416916 80213048    0    0 28096 705968 262054 1851463 46 11 42  1  0  0
procs -----------memory---------- ---swap-- -----io---- -system-- -------cpu-------
 r  b   swpd   free   buff  cache   si   so    bi    bo   in   cs us sy id wa st gu
42  3  62064 72440628 2416916 80213060    0    0 29072 695176 257408 1834232 46 11 42  1  0  0
47  5  62064 72434056 2416916 80213076    0    0 30624 693148 264785 1821395 46 12 41  1  0  0
19  2  62064 72433292 2416916 80213096    0    0 28480 688460 265192 1811697 46 12 42  1  0  0
21  4  62064 72428644 2416916 80213116    0    0 27856 652256 257168 1801249 45 12 42  1  0  0
37  3  62064 72436904 2416916 80213132    0    0 27456 701864 264944 1799305 45 12 42  1  0  0
46  2  62064 72437508 2416916 80213152    0    0 29056 738924 267187 1815405 45 12 42  1  0  0
50  0  62064 72451196 2416916 80213172    0    0 29664 694420 264794 1851087 46 12 40  1  0  0
41  0  62064 72433732 2416916 80213188    0    0 29088 697904 263771 1869411 47 12 41  1  0  0
38  3  62064 72405156 2416916 80213208    0    0 28096 693980 255609 1852660 46 11 43  1  0  0
52  1  62064 72426548 2416916 80213216    0    0 28144 703788 264209 1841641 46 12 41  1  0  0
47  4  62064 72432756 2416916 80213300    0    0 29744 666192 256688 1812121 45 12 42  1  0  0
62  3  62064 72433520 2416916 80213324    0    0 29248 651452 257728 1783973 45 11 43  1  0  0
51  0  62064 72436244 2416916 80213352    0    0 27280 752816 272786 1807712 46 12 41  1  0  0
22  3  62064 72433756 2416916 80213368    0    0 29472 684248 265150 1824664 46 12 41  1  0  0
47  2  62064 72444988 2416916 80213384    0    0 29664 720344 270433 1820851 46 12 41  1  0  0
49  0  62064 72435264 2416916 80213400    0    0 28960 698052 255961 1800153 45 12 43  1  0  0
44  1  62064 72416252 2416916 80213428    0    0 29936 687132 264168 1834449 46 11 42  1  0  0
 6  2  62064 72414524 2416916 80213440    0    0 28912 687368 248412 1850247 46 10 42  1  0  0
38  5  62064 72441888 2416916 80213456    0    0 27168 666264 257792 1820877 45 11 42  1  0  0
51  5  62064 72447256 2416916 80213476    0    0 27776 706420 258354 1798175 45 11 43  1  0  0
49  2  62064 72442152 2416916 80213488    0    0 28688 721540 264069 1784844 45 12 42  1  0  0
procs -----------memory---------- ---swap-- -----io---- -system-- -------cpu-------
 r  b   swpd   free   buff  cache   si   so    bi    bo   in   cs us sy id wa st gu
46  1  62064 72454032 2416916 80213504    0    0 30368 683288 264995 1845690 46 12 41  1  0  0
54  1  62064 72424492 2416916 80213532    0    0 28848 699644 264343 1857307 46 12 40  1  0  0
54  1  62064 72431292 2416916 80213552    0    0 28496 699208 266730 1826028 46 12 41  1  0  0
56  1  62064 72432568 2416916 80213572    0    0 28496 698024 263358 1832687 46 12 41  1  0  0
37  3  62064 72415164 2416916 80213584    0    0 27824 683592 254878 1817444 45 10 44  1  0  0
12  3  62064 72454484 2416916 80213596    0    0 29616 661212 256218 1792473 45 11 43  1  0  0
45  1  62064 72437236 2416916 80213616    0    0 27776 725528 267514 1825280 46 12 41  1  0  0
48  0  62064 72452284 2416916 80213632    0    0 28320 699300 263023 1831231 46 12 41  1  0  0
48  2  62064 72440340 2416916 80213648    0    0 29248 698132 261653 1833131 46 12 41  1  0  0
48  0  62064 72452116 2416916 80213676    0    0 28608 697968 263842 1830046 46 12 41  1  0  0
48  1  62064 72434028 2416916 80213696    0    0 30048 683084 258935 1847231 46 12 41  1  0  0
56  1  62064 72419136 2416916 80213716    0    0 27264 689204 260020 1812551 45 12 42  1  0  0
56  2  62064 72421244 2416916 80213728    0    0 27872 684776 258897 1792757 45 11 43  1  0  0
38  3  62064 72399796 2416916 80213744    0    0 27408 684704 255233 1819433 45 10 44  1  0  0
49  1  62064 72441440 2416916 80213756    0    0 29264 710688 264632 1850235 46 12 41  1  0  0
44  2  62064 72437540 2416916 80213780    0    0 30544 694872 263143 1837218 46 12 41  1  0  0
48  1  62064 72435096 2416916 80213800    0    0 28080 690888 262484 1839799 46 12 41  1  0  0
50  0  62064 72440624 2416916 80213824    0    0 27968 699760 263597 1838289 46 12 41  1  0  0
48  1  62064 72449740 2416916 80213844    0    0 28592 706900 265679 1812603 46 12 41  1  0  0
48  0  62064 72450884 2416916 80213856    0    0 28656 696464 260987 1805017 45 12 42  1  0  0
44  3  62064 72433240 2416916 80213888    0    0 29760 638512 257785 1764363 44 12 43  1  0  0
procs -----------memory---------- ---swap-- -----io---- -system-- -------cpu-------
 r  b   swpd   free   buff  cache   si   so    bi    bo   in   cs us sy id wa st gu
47  0  62064 72429232 2416916 80213908    0    0 28192 733556 265912 1815801 45 11 42  1  0  0
50  1  62064 72426244 2416916 80213908    0    0 27312 703292 255411 1835784 46 11 43  1  0  0
52  2  62064 72449536 2416916 80213920    0    0 27696 700792 265202 1817782 46 12 41  1  0  0
46  0  62064 72458824 2416916 80213948    0    0 28816 691316 267589 1819337 46 12 41  1  0  0
45  0  62064 72450324 2416920 80213960    0    0 29744 691944 263064 1846319 46 12 41  1  0  0
50  0  62064 72451860 2416920 80213980    0    0 27248 685880 262732 1834097 46 12 41  1  0  0
46  1  62064 72448456 2416920 80214004    0    0 27440 688412 258903 1797947 45 11 43  1  0  0
52  0  62064 72443100 2416920 80214016    0    0 28368 695312 261831 1831561 46 12 41  1  0  0
44  1  62064 72443320 2416920 80214044    0    0 29680 704544 264014 1819330 46 12 42  1  0  0
44  0  62064 72414580 2416920 80214052    0    0 29008 690956 257604 1862591 46 11 43  1  0  0
56  0  62064 72431280 2416920 80214064    0    0 27920 688544 259348 1849678 47 12 41  1  0  0
53  0  62064 72416092 2416920 80214084    0    0 27968 702996 261183 1825997 46 12 41  1  0  0
49  1  62064 72448632 2416920 80214100    0    0 28304 709164 261603 1832215 46 12 41  1  0  0
46  1  62064 72428972 2416920 80214116    0    0 29360 704628 257635 1792785 45 12 42  1  0  0
45  1  62064 72445188 2416924 80214140    0    0 29056 688316 258442 1784681 45 12 42  1  0  0
49  0  62064 72441864 2416924 80214156    0    0 27984 681544 261710 1809867 45 12 42  1  0  0
47  1  62064 72431268 2416924 80214180    0    0 27728 689268 257283 1844691 46 12 41  1  0  0
48  1  62064 72414204 2416924 80214200    0    0 26784 710108 257666 1836287 45 11 43  1  0  0
46  0  62064 72411432 2416924 80214212    0    0 29248 699136 250727 1861179 46 10 43  1  0  0
51  1  62064 72425992 2416924 80214224    0    0 27296 694788 259718 1831378 46 12 41  1  0  0
46  2  62064 72426476 2416924 80214244    0    0 27440 693156 259316 1832722 45 12 42  1  0  0
procs -----------memory---------- ---swap-- -----io---- -system-- -------cpu-------
 r  b   swpd   free   buff  cache   si   so    bi    bo   in   cs us sy id wa st gu
48  1  62064 72436960 2416924 80214268    0    0 27776 700336 259278 1788213 44 12 43  1  0  0
50  1  62064 72439696 2416924 80214276    0    0 28592 699880 259749 1817708 46 12 41  1  0  0
46  0  62064 72448028 2416924 80214304    0    0 29248 694544 260844 1845627 46 12 40  1  0  0
53  0  62064 72428060 2416924 80214324    0    0 27952 684264 261621 1853445 47 12 41  1  0  0
46  2  62064 72447960 2416924 80214344    0    0 27936 705076 260186 1858502 46 12 41  1  0  0
47  2  62064 72419616 2416924 80214360    0    0 28656 715856 261080 1857999 46 11 42  1  0  0
47  1  62064 72430228 2416924 80214372    0    0 28096 706652 256359 1824949 45 11 43  1  0  0
48  0  62064 72430964 2416924 80214456    0    0 29168 694116 258140 1829195 45 12 42  1  0  0
48  0  62064 72441824 2416924 80214488    0    0 27168 697872 259999 1763276 44 11 43  1  0  0
45  1  62064 72431568 2416924 80214504    0    0 28528 701376 264702 1824652 46 12 41  1  0  0
45  0  62064 72449012 2416924 80214528    0    0 27152 699876 264870 1841387 46 12 41  1  0  0
45  1  62064 72440368 2416924 80214540    0    0 29456 702544 262563 1831929 46 12 41  1  0  0
51  1  62064 72434572 2416924 80214560    0    0 29872 704428 264943 1852059 46 12 41  1  0  0
46  1  62064 72440252 2416928 80214584    0    0 28272 688852 264228 1840656 46 12 41  1  0  0
50  0  62064 72409812 2416928 80214588    0    0 27216 705252 254098 1841029 45 11 43  1  0  0
48  0  62064 72435012 2416928 80214604    0    0 26976 704420 259408 1818072 45 12 42  1  0  0
50  1  62064 72427844 2416928 80214620    0    0 27712 709828 261002 1797577 45 11 43  1  0  0
47  0  62064 72425336 2416928 80214648    0    0 30240 683220 264892 1853381 46 12 41  1  0  0
45  0  62064 72413512 2416928 80214660    0    0 27776 698272 263151 1854222 46 12 41  1  0  0
49  0  62064 72442112 2416928 80214680    0    0 28272 700600 263611 1836697 46 12 41  1  0  0
46  0  62064 72437084 2416928 80214696    0    0 28224 701252 265792 1864117 47 12 40  1  0  0
procs -----------memory---------- ---swap-- -----io---- -system-- -------cpu-------
 r  b   swpd   free   buff  cache   si   so    bi    bo   in   cs us sy id wa st gu
46  2  62064 72439968 2416928 80214720    0    0 29200 701672 264441 1831064 46 12 41  1  0  0
43  1  62064 72422124 2416928 80214732    0    0 30112 698472 261312 1836465 46 11 42  1  0  0
46  0  62064 72416312 2416928 80214740    0    0 28272 687260 255520 1804046 45 10 44  1  0  0
45  0  62064 72426552 2416928 80214760    0    0 27744 699520 263069 1815011 46 12 41  1  0  0
48  1  62064 72428148 2416928 80214780    0    0 27568 695488 260955 1831381 46 12 42  1  0  0
47  0  62064 72430012 2416928 80214804    0    0 28864 699520 267798 1826693 47 12 41  1  0  0
51  0  62064 72425392 2416928 80214820    0    0 30352 690908 260476 1849324 46 12 41  1  0  0
45  1  62064 72426552 2416928 80214832    0    0 27664 693172 264120 1850526 46 12 41  1  0  0
47  0  62064 72426592 2416928 80214856    0    0 27440 691192 264309 1832323 46 12 41  1  0  0
45  1  62064 72423668 2416928 80214872    0    0 27536 712200 263093 1826258 46 12 41  1  0  0
46  2  62064 72397268 2416928 80214892    0    0 29440 697424 258521 1793221 44 11 44  1  0  0
46  0  62064 72412760 2416928 80214912    0    0 29488 697256 258335 1848334 46 11 42  1  0  0
46  1  62064 72412180 2416932 80214928    0    0 28192 704300 260337 1825659 46 12 41  1  0  0
48  0  62064 72426572 2416932 80214948    0    0 28160 702044 261530 1860618 46 12 41  1  0  0
51  0  62064 72437604 2416932 80214964    0    0 28864 700500 263562 1849028 46 12 41  1  0  0
47  1  62064 72426312 2416932 80214980    0    0 28048 705780 262478 1821446 46 12 42  1  0  0
43  1  62064 72436484 2416932 80215004    0    0 29488 697440 259489 1804485 45 12 42  1  0  0
47  0  62064 72430752 2416932 80215024    0    0 27376 684160 261352 1817397 46 12 42  1  0  0
46  0  62064 72417928 2416932 80215036    0    0 27184 688332 258155 1821815 46 11 42  1  0  0
52  1  62064 72379788 2416932 80215056    0    0 28240 709860 255161 1864780 46 11 43  1  0  0
50  0  62064 72436180 2416932 80215072    0    0 29376 708764 260200 1848816 46 12 41  1  0  0
procs -----------memory---------- ---swap-- -----io---- -system-- -------cpu-------
 r  b   swpd   free   buff  cache   si   so    bi    bo   in   cs us sy id wa st gu
45  0  62064 72431916 2416932 80215088    0    0 30608 692408 261159 1845691 46 12 41  1  0  0
51  0  62064 72413256 2416932 80215104    0    0 28368 699684 259423 1851713 46 12 41  1  0  0
49  0  62064 72426288 2416932 80215124    0    0 27696 700208 264214 1844675 46 12 41  1  0  0
46  2  62064 72423296 2416932 80215140    0    0 27824 702536 262026 1835306 46 12 42  1  0  0
48  1  62064 72426952 2416932 80215164    0    0 27536 691980 262430 1780716 45 12 43  1  0  0
49  0  62064 72421996 2416932 80215184    0    0 29200 687764 262499 1841079 46 12 41  1  0  0
45  0  62064 72424576 2416932 80215196    0    0 26944 703184 259157 1872772 46 11 42  1  0  0
47  0  62064 72426100 2416932 80215212    0    0 27376 693608 252711 1864826 46 11 42  1  0  0
47  0  62064 72432996 2416932 80215232    0    0 27664 712208 262694 1815619 46 12 42  1  0  0
51  1  62064 72428508 2416932 80215260    0    0 28368 690384 263915 1845879 46 12 41  1  0  0
47  0  62064 72430520 2416932 80215276    0    0 30272 705472 263131 1832988 46 12 41  1  0  0
49  0  62064 72432648 2416932 80215288    0    0 27376 687312 259465 1835814 46 12 42  1  0  0
48  0  62064 72426140 2416932 80215308    0    0 27760 685288 263874 1762772 45 11 43  1  0  0
45  1  62064 72412892 2416932 80215332    0    0 27520 692552 262574 1823749 46 12 42  1  0  0
45  0  62064 72431008 2416932 80215348    0    0 28368 717652 265011 1816345 45 12 42  1  0  0
47  1  62064 72408428 2416932 80215364    0    0 30112 688360 253462 1849513 45 10 43  1  0  0
44  1  62064 72417032 2416932 80215384    0    0 29120 696348 253309 1848692 46 11 42  1  0  0
46  1  62064 72432664 2416932 80215396    0    0 26224 697256 260189 1835555 46 12 41  1  0  0
49  0  62064 72436656 2416932 80215420    0    0 27760 700492 259009 1836031 45 12 42  1  0  0
52  0  62064 72418144 2416932 80215436    0    0 29632 699912 257868 1787898 44 12 43  1  0  0
49  0  62064 72417660 2416932 80215452    0    0 28512 686740 261026 1801034 46 12 42  1  0  0
procs -----------memory---------- ---swap-- -----io---- -system-- -------cpu-------
 r  b   swpd   free   buff  cache   si   so    bi    bo   in   cs us sy id wa st gu
48  1  62064 72410520 2416932 80215480    0    0 27664 688848 260803 1857432 46 12 41  1  0  0
50  1  62064 72402864 2416932 80215496    0    0 27088 704784 260759 1844525 46 12 41  1  0  0
47  1  62064 72419876 2416932 80215512    0    0 28832 708988 261333 1854025 46 12 41  1  0  0
52  0  62064 72388740 2416932 80215532    0    0 28864 698076 256881 1869366 46 10 43  1  0  0
45  0  62064 72425480 2416932 80215544    0    0 29376 699320 260231 1852177 46 12 41  1  0  0
50  0  62064 72430612 2416932 80215644    0    0 27552 695584 260681 1819180 45 12 42  1  0  0
47  0  62064 72433224 2416932 80215668    0    0 27568 682648 259666 1798190 45 12 42  1  0  0
44  1  62064 72430264 2416932 80215684    0    0 27008 708436 262944 1802469 45 12 43  1  0  0
52  0  62064 72429716 2416932 80215712    0    0 28304 690596 263563 1849336 46 12 41  1  0  0
46  2  62064 72422960 2416932 80215728    0    0 29552 685280 266449 1854438 46 12 41  1  0  0
49  1  62064 72446296 2416932 80215744    0    0 26752 692496 260866 1835510 46 12 42  1  0  0
48  0  62064 72420484 2416932 80215768    0    0 27984 693432 260575 1843040 46 11 42  1  0  0
53  0  62064 72412884 2416932 80215780    0    0 27936 707296 253099 1829273 45 11 43  1  0  0
49  0  62064 72434288 2416932 80215792    0    0 27568 675960 263933 1849049 46 12 41  1  0  0
47  1  62064 72441516 2416932 80215808    0    0 29744 698976 262426 1811060 46 12 42  1  0  0
47  0  62064 72441796 2416932 80215824    0    0 27872 700396 268072 1850635 46 12 41  1  0  0
52  0  62064 72441292 2416932 80215844    0    0 28368 688508 266829 1849290 46 12 40  1  0  0
45  0  62064 72425440 2416932 80215872    0    0 28048 702736 264660 1862773 47 12 41  1  0  0
51  1  62064 72435640 2416932 80215880    0    0 28016 701160 261809 1828308 45 12 42  1  0  0
49  0  62064 72434304 2416932 80215900    0    0 29440 698404 263862 1833642 46 12 41  1  0  0
47  0  62064 72404568 2416932 80215932    0    0 27456 688760 259448 1868838 46 11 43  1  0  0
procs -----------memory---------- ---swap-- -----io---- -system-- -------cpu-------
 r  b   swpd   free   buff  cache   si   so    bi    bo   in   cs us sy id wa st gu
48  0  62064 72420752 2416932 80215940    0    0 28272 698840 258993 1823403 46 11 42  1  0  0
53  0  62064 72437596 2416932 80215964    0    0 26240 694448 259498 1757020 44 11 43  1  0  0
45  1  62064 72429896 2416932 80215980    0    0 27408 697408 262827 1828747 46 12 41  1  0  0
46  0  62064 72434588 2416932 80215996    0    0 29168 683928 261006 1828130 46 12 42  1  0  0
52  0  62064 72437324 2416932 80216028    0    0 27632 688992 266237 1853661 47 12 41  1  0  0
51  1  62064 72441256 2416932 80216036    0    0 28704 703636 265569 1843708 46 12 41  1  0  0
51  1  62064 72438124 2416932 80216056    0    0 27136 702292 258269 1825667 45 12 42  1  0  0
48  1  62064 72425300 2416932 80216076    0    0 28688 692252 260552 1861536 46 12 41  1  0  0
42  2  62064 72409184 2416932 80216084    0    0 28736 694652 254971 1827150 45 10 43  1  0  0
49  1  62064 72439700 2416932 80216112    0    0 27744 694504 261189 1817632 46 12 42  1  0  0
46  2  62064 72428684 2416932 80216136    0    0 28384 696912 264695 1832939 46 12 41  1  0  0
50  0  62064 72428400 2416932 80216140    0    0 27408 701964 261172 1817195 45 12 42  1  0  0
47  0  62064 72426436 2416932 80216168    0    0 27712 686996 261246 1817973 46 12 41  1  0  0
49  0  62064 72433536 2416932 80216184    0    0 28640 691816 262777 1837472 46 12 41  1  0  0
46  1  62064 72418660 2416932 80216200    0    0 27808 678168 261908 1833949 46 12 41  1  0  0
50  0  62064 72414820 2416932 80216228    0    0 27424 696540 259214 1800169 45 12 42  1  0  0
48  1  62064 72408288 2416932 80216240    0    0 27616 701064 258737 1786025 45 11 44  1  0  0
47  1  62064 72403916 2416932 80216256    0    0 28640 676416 251987 1828836 46 11 42  1  0  0
52  1  62064 72422716 2416932 80216280    0    0 27472 687188 261632 1845821 46 12 41  1  0  0
47  2  62064 72434512 2416932 80216300    0    0 27792 701728 261016 1846553 46 12 41  1  0  0
51  0  62064 72433880 2416932 80216308    0    0 28176 702172 260556 1860229 46 12 41  1  0  0
procs -----------memory---------- ---swap-- -----io---- -system-- -------cpu-------
 r  b   swpd   free   buff  cache   si   so    bi    bo   in   cs us sy id wa st gu
48  0  62064 72420408 2416932 80216336    0    0 28768 714448 259565 1822497 46 12 42  1  0  0
50  0  62064 72425720 2416932 80216352    0    0 28960 698232 262744 1861439 47 12 40  1  0  0
45  0  62064 72414160 2416932 80216372    0    0 29360 693920 261627 1851398 46 12 41  1  0  0
46  1  62064 72437568 2416932 80216388    0    0 27200 692636 263192 1836082 46 12 41  1  0  0
51  1  62064 72409376 2416932 80216404    0    0 27824 708396 259391 1877854 46 11 42  1  0  0
45  2  62064 72411708 2416932 80216416    0    0 28608 699528 255645 1836768 46 11 42  1  0  0
 3  0  62064 72423600 2416932 80216432    0    0 27296 689996 259922 1853369 46 12 41  1  0  0
44  2  62064 72418664 2416936 80216456    0    0 28848 697956 265551 1839166 46 12 41  1  0  0
48  0  62064 72425540 2416936 80216480    0    0 27968 691424 262293 1822004 46 12 41  1  0  0
48  0  62064 72427904 2416936 80216492    0    0 27872 704680 260607 1816447 45 12 42  1  0  0
46  1  62064 72428844 2416936 80216516    0    0 27200 693156 261723 1729159 44 11 44  1  0  0
49  0  62064 72417072 2416936 80216532    0    0 28912 681752 264340 1824333 46 12 41  1  0  0
48  1  62064 72418668 2416936 80216552    0    0 27936 694556 262219 1831284 46 11 42  1  0  0
48  1  62064 72393972 2416936 80216564    0    0 28208 697408 258143 1831831 46 10 43  1  0  0
47  1  62064 72421400 2416936 80216580    0    0 28784 701744 266760 1840155 46 12 41  1  0  0
50  1  62064 72417532 2416936 80216596    0    0 28272 712304 266762 1852742 47 12 40  1  0  0
48  1  62064 72415808 2416936 80216620    0    0 28736 692124 266216 1838240 46 12 41  1  0  0
50  0  62064 72427932 2416936 80216632    0    0 29264 699940 265941 1838227 46 12 41  1  0  0
48  2  62064 72436952 2416936 80216660    0    0 27456 691144 259507 1821993 46 12 42  1  0  0
54  0  62064 72440804 2416936 80216668    0    0 28192 709748 264247 1805768 45 12 42  1  0  0
45  1  62064 72432668 2416936 80216700    0    0 27744 704128 259054 1835889 46 12 42  1  0  0
procs -----------memory---------- ---swap-- -----io---- -system-- -------cpu-------
 r  b   swpd   free   buff  cache   si   so    bi    bo   in   cs us sy id wa st gu
47  0  62064 72400916 2416936 80216716    0    0 28576 706724 256915 1839214 45 11 43  1  0  0
44  1  62064 72396492 2416936 80216796    0    0 30128 677788 254667 1875831 47 11 42  1  0  0
44  0  62064 72421956 2416936 80216816    0    0 26960 708936 262837 1833308 46 12 41  1  0  0
50  0  62064 72426304 2416936 80216832    0    0 27552 697288 257028 1857841 46 12 41  1  0  0
48  1  62064 72441860 2416936 80216856    0    0 27280 683364 262460 1774150 44 11 43  1  0  0
49  0  62064 72420776 2416936 80216876    0    0 27504 703860 259670 1799497 45 11 43  1  0  0
49  1  62064 72411008 2416936 80216884    0    0 29552 681532 264475 1823788 46 12 41  1  0  0
49  0  62064 72430360 2416936 80216904    0    0 27584 701588 263541 1829919 46 12 41  1  0  0
49  0  62064 72425472 2416936 80216928    0    0 27696 696180 261678 1841467 46 12 41  1  0  0
44  1  62064 72388060 2416936 80216944    0    0 27696 698984 257735 1865323 46 11 42  1  0  0
50  0  62064 72411848 2416936 80216944    0    0 27488 699908 261794 1837818 47 11 41  1  0  0
50  0  62064 72417856 2416936 80216972    0    0 29888 689136 263836 1829226 47 12 41  1  0  0
44  1  62064 72429816 2416936 80217000    0    0 27392 698252 256824 1809700 45 12 42  1  0  0
50  0  62064 72438236 2416936 80217016    0    0 27664 707528 260871 1835730 45 12 42  1  0  0
46  0  62064 72436296 2416936 80217036    0    0 27024 696092 260412 1819855 45 12 42  1  0  0
42  1  62064 72414616 2416936 80217048    0    0 27840 691416 259512 1819565 45 12 42  1  0  0
45  0  62064 72398348 2416936 80217072    0    0 29760 693652 261214 1826735 46 12 41  1  0  0
44  2  62064 72407200 2416936 80217092    0    0 27360 690244 257616 1828988 45 12 43  1  0  0
44  0  62064 72395236 2416936 80217100    0    0 27232 716864 249623 1857142 45 11 43  1  0  0
52  0  62064 72443528 2416936 80217120    0    0 27472 691084 263425 1764399 45 11 43  1  0  0
48  1  62064 72432796 2416936 80217136    0    0 28640 678000 259961 1804200 45 12 42  1  0  0
procs -----------memory---------- ---swap-- -----io---- -system-- -------cpu-------
 r  b   swpd   free   buff  cache   si   so    bi    bo   in   cs us sy id wa st gu
45  1  62064 72412180 2416936 80217152    0    0 28256 700248 262845 1839355 46 12 41  1  0  0
47  0  62064 72423752 2416936 80217184    0    0 27744 689340 261024 1843853 46 12 41  1  0  0
47  1  62064 72421704 2416936 80217204    0    0 28544 697008 265550 1834207 46 12 41  1  0  0
47  1  62064 72437524 2416936 80217220    0    0 28224 699332 262945 1843801 46 12 41  1  0  0
50  0  62064 72430192 2416936 80217244    0    0 27488 698228 263108 1845077 46 12 41  1  0  0
46  1  62064 72408900 2416936 80217256    0    0 30416 694332 260387 1854499 46 11 42  1  0  0
48  0  62064 72408980 2416936 80217276    0    0 28208 690256 256769 1854608 46 11 42  1  0  0
49  1  62064 72423292 2416936 80217292    0    0 26944 699284 260562 1793519 45 12 43  1  0  0
53  0  62064 72430324 2416936 80217308    0    0 27696 699360 260437 1813560 45 12 42  1  0  0
47  0  62064 72436640 2416936 80217324    0    0 27568 693204 256661 1839716 46 12 41  1  0  0
49  2  62064 72432144 2416936 80217336    0    0 29392 702900 260656 1838873 46 12 41  1  0  0
47  0  62064 72430460 2416936 80217364    0    0 27184 681228 261150 1829962 46 12 42  1  0  0
51  0  62064 72424504 2416936 80217384    0    0 27200 705972 261874 1848271 46 12 41  1  0  0
47  0  62064 72426700 2416936 80217400    0    0 27264 689008 263904 1764968 44 12 43  1  0  0
46  1  62064 72392460 2416936 80217408    0    0 27744 683984 251688 1848771 45 10 44  1  0  0
49  0  62064 72438500 2416936 80217424    0    0 29952 693304 259861 1850427 46 12 41  1  0  0
46  0  62064 72432792 2416936 80217444    0    0 26656 704844 258655 1825467 45 12 42  1  0  0
51  0  62064 72434348 2416936 80217464    0    0 29424 704592 262444 1858358 46 12 41  1  0  0
50  0  62064 72429596 2416936 80217484    0    0 28208 693328 264850 1857954 47 12 40  1  0  0
45  0  62064 72421368 2416936 80217496    0    0 27520 706868 264099 1828880 46 12 41  1  0  0
44  1  62064 72425652 2416936 80217524    0    0 28768 684264 263953 1831369 46 12 41  1  0  0
procs -----------memory---------- ---swap-- -----io---- -system-- -------cpu-------
 r  b   swpd   free   buff  cache   si   so    bi    bo   in   cs us sy id wa st gu
47  1  62064 72435460 2416936 80217548    0    0 27600 701992 260610 1859184 46 12 41  1  0  0
47  1  62064 72415688 2416936 80217568    0    0 28144 686156 262279 1794058 45 11 43  1  0  0
44  0  62064 72394456 2416936 80217580    0    0 27952 711860 252823 1871347 46 10 43  1  0  0
50  0  62064 72431440 2416936 80217596    0    0 28416 688648 259702 1832673 46 12 41  1  0  0
49  0  62064 72432660 2416936 80217612    0    0 29616 692604 259279 1846527 46 12 41  1  0  0
53  1  62064 72418844 2416936 80217628    0    0 27632 695508 260246 1836780 46 12 41  1  0  0
52  1  62064 72431808 2416936 80217652    0    0 27536 697896 261903 1829080 46 12 42  1  0  0
51  1  62064 72433852 2416936 80217668    0    0 26800 696144 262813 1794119 45 12 42  1  0  0
52  0  62064 72417116 2416936 80217692    0    0 27680 682552 262344 1791215 45 11 43  1  0  0
53  1  62064 72422824 2416936 80217712    0    0 29696 690020 260915 1840136 46 12 41  1  0  0
44  1  62064 72406256 2416936 80217720    0    0 27824 694588 260317 1857796 46 11 42  1  0  0
49  0  62064 72398628 2416936 80217740    0    0 28544 708788 255679 1863400 46 11 42  1  0  0
47  0  62064 72425724 2416936 80217760    0    0 28720 706940 264440 1839721 47 12 41  1  0  0
52  0  62064 72412204 2416936 80217780    0    0 29040 686704 260437 1859321 47 12 40  1  0  0
45  1  62064 72428648 2416936 80217800    0    0 28704 697772 262124 1830379 46 12 41  1  0  0
48  1  62064 72439008 2416936 80217812    0    0 29168 683732 259345 1839002 46 12 41  1  0  0
48  1  62064 72435960 2416936 80217836    0    0 27952 697144 258284 1799955 45 12 42  1  0  0
49  0  62064 72421180 2416936 80217860    0    0 27088 694556 259730 1822661 46 12 41  1  0  0
45  0  62064 72432620 2416936 80217876    0    0 28896 707920 257588 1823111 45 12 42  1  0  0
50  0  62064 72390004 2416936 80217952    0    0 28096 695024 249983 1849701 45 11 43  1  0  0
52  0  62064 72434632 2416936 80217968    0    0 30080 687952 257834 1867611 47 12 41  1  0  0
procs -----------memory---------- ---swap-- -----io---- -system-- -------cpu-------
 r  b   swpd   free   buff  cache   si   so    bi    bo   in   cs us sy id wa st gu
49  0  62064 72432404 2416936 80217988    0    0 27440 696272 260686 1831509 46 12 41  1  0  0
48  0  62064 72414588 2416936 80218008    0    0 27056 700724 261951 1823271 46 12 41  1  0  0
53  0  62064 72432188 2416936 80218024    0    0 27872 678768 257502 1750602 44 11 43  1  0  0
52  0  62064 72420964 2416936 80218040    0    0 27808 689640 259378 1812016 45 12 42  1  0  0
45  1  62064 72420552 2416936 80218060    0    0 29104 692104 260798 1839650 46 12 41  1  0  0
56  1  62064 72413104 2416936 80218076    0    0 28032 702164 263374 1839777 46 12 41  1  0  0
43  2  62064 72392820 2416936 80218100    0    0 28368 690176 259306 1863316 47 11 41  1  0  0
45  0  62064 72378332 2416936 80218108    0    0 28160 695204 252975 1880822 47 11 42  1  0  0
50  0  62064 72416168 2416940 80218124    0    0 28656 697628 263120 1846038 46 12 41  1  0  0
51  1  62064 72436620 2416940 80218148    0    0 30304 701112 260111 1828477 46 12 41  1  0  0
48  0  62064 72416292 2416940 80218168    0    0 27712 700536 256166 1784643 45 11 43  1  0  0
51  0  62064 72419200 2416940 80218192    0    0 27792 691876 261430 1788918 45 12 42  1  0  0
47  1  62064 72409632 2416940 80218212    0    0 26928 697968 261301 1831205 46 12 41  1  0  0
51  0  62064 72428632 2416940 80218232    0    0 28896 696620 259177 1812499 45 12 42  1  0  0
47  1  62064 72433460 2416940 80218248    0    0 29600 692360 262117 1828930 46 12 41  1  0  0
43  1  62064 72408488 2416940 80218264    0    0 27280 686000 259113 1843795 45 11 43  1  0  0
46  0  62064 72414360 2416940 80218280    0    0 26896 703640 259948 1832917 46 11 42  1  0  0
50  1  62064 72439880 2416940 80218300    0    0 26496 688416 260603 1779208 44 12 43  1  0  0
48  0  62064 72405312 2416940 80218316    0    0 26832 695592 261415 1789345 45 12 42  1  0  0
51  1  62064 72417952 2416940 80218332    0    0 29152 689428 264875 1836598 46 12 41  1  0  0
48  0  62064 72419660 2416940 80218356    0    0 28224 706076 263769 1818920 46 12 41  1  0  0
procs -----------memory---------- ---swap-- -----io---- -system-- -------cpu-------
 r  b   swpd   free   buff  cache   si   so    bi    bo   in   cs us sy id wa st gu
53  0  62064 72424128 2416940 80218372    0    0 27664 705644 264089 1873482 47 12 40  1  0  0
46  0  62064 72428708 2416940 80218396    0    0 28160 701516 264549 1854401 47 12 40  1  0  0
49  0  62064 72443348 2416940 80218416    0    0 27968 713428 266258 1850685 47 12 41  1  0  0
45  0  62064 72412616 2416940 80218424    0    0 29920 695156 259906 1856250 46 11 42  1  0  0
48  0  62064 72418204 2416940 80218440    0    0 27552 701328 260295 1818726 46 11 42  1  0  0
47  0  62064 72410700 2416940 80218460    0    0 27440 683884 262286 1805914 45 12 42  1  0  0
45  1  62064 72421536 2416940 80218480    0    0 28608 685048 261743 1835923 45 12 42  1  0  0
51  0  62064 72420140 2416940 80218496    0    0 26576 714544 264640 1820563 45 12 42  1  0  0
53  1  62064 72429548 2416940 80218516    0    0 30368 679708 261370 1844916 46 12 41  1  0  0
50  0  62064 72433012 2416940 80218536    0    0 27840 698264 265627 1848917 46 12 41  1  0  0
47  1  62064 72422768 2416940 80218556    0    0 27120 696300 261650 1834346 46 12 41  1  0  0
49  0  62064 72395968 2416940 80218572    0    0 27664 694948 260453 1789681 44 11 43  1  0  0
47  0  62064 72385272 2416940 80218580    0    0 27760 692368 256097 1849597 46 10 43  1  0  0
49  0  62064 72449700 2416940 80218600    0    0 29584 702500 266007 1828771 46 12 41  1  0  0
45  2  62064 72442012 2416940 80218616    0    0 27488 694812 264737 1849367 46 12 41  1  0  0
48  1  62064 72445680 2416940 80218636    0    0 28032 703580 265015 1856102 47 12 40  1  0  0
46  1  62064 72438564 2416940 80218652    0    0 27504 700732 264871 1861105 46 12 41  1  0  0
48  1  62064 72436528 2416940 80218672    0    0 28768 718972 267056 1858320 47 12 40  1  0  0
47  0  62064 72426412 2416940 80218692    0    0 27680 707960 263324 1824257 45 12 42  1  0  0
45  1  62064 72429488 2416940 80218708    0    0 29312 683648 264165 1832694 46 12 41  1  0  0
53  1  62064 72411172 2416940 80218720    0    0 27616 698784 259110 1794142 45 11 44  1  0  0
procs -----------memory---------- ---swap-- -----io---- -system-- -------cpu-------
 r  b   swpd   free   buff  cache   si   so    bi    bo   in   cs us sy id wa st gu
54  0  62064 72418048 2416940 80218740    0    0 28000 699232 261719 1854084 46 11 42  1  0  0
48  0  62064 72426780 2416940 80218756    0    0 28256 715520 266323 1822421 46 12 41  1  0  0
50  1  62064 72405728 2416940 80218780    0    0 28032 687824 262512 1845935 46 12 41  1  0  0
47  1  62064 72396376 2416940 80218796    0    0 29184 699568 267636 1837559 46 12 41  1  0  0
51  0  62064 72435232 2416940 80218816    0    0 27440 685060 261318 1841600 46 12 41  1  0  0
49  1  62064 72422912 2416940 80218836    0    0 27520 697468 263041 1802765 45 12 42  1  0  0
52  0  62064 72415132 2416940 80218860    0    0 27968 699016 264485 1798891 45 12 42  1  0  0
46  1  62064 72424556 2416940 80218880    0    0 28112 705048 262018 1842066 46 12 41  1  0  0
47  1  62064 72381316 2416940 80218888    0    0 30128 707144 258690 1858080 46 11 42  1  0  0
48  1  62064 72409896 2416940 80218900    0    0 28336 693656 259888 1861725 47 12 41  1  0  0
49  0  62064 72408960 2416940 80218924    0    0 27808 703488 264741 1838425 46 12 41  1  0  0
49  1  62064 72413124 2416944 80218944    0    0 27184 693716 262961 1872209 47 12 40  1  0  0
51  0  62064 72412540 2416944 80218964    0    0 27616 712472 264528 1821757 46 12 41  1  0  0
47  0  62064 72409056 2416944 80218980    0    0 29504 690940 260656 1804009 45 12 42  1  0  0
45  1  62064 72420964 2416944 80218996    0    0 27248 690432 261958 1790208 45 12 42  1  0  0
47  0  62064 72432872 2416944 80219020    0    0 27024 687308 264615 1813385 45 12 42  1  0  0
43  0  62064 72406984 2416944 80219108    0    0 27104 706032 262734 1860166 47 12 41  1  0  0
49  1  62064 72389672 2416944 80219120    0    0 28192 709460 257520 1844345 46 11 43  1  0  0
46  0  62064 72415152 2416944 80219136    0    0 29008 701500 264438 1857121 47 12 40  1  0  0
49  1  62064 72414724 2416944 80219156    0    0 27936 689732 264318 1866543 47 12 40  1  0  0
48  1  62064 72437884 2416944 80219180    0    0 27472 694708 261669 1855715 46 12 41  1  0  0
procs -----------memory---------- ---swap-- -----io---- -system-- -------cpu-------
 r  b   swpd   free   buff  cache   si   so    bi    bo   in   cs us sy id wa st gu
48  0  62064 72437620 2416944 80219200    0    0 27808 712680 259524 1809523 45 12 42  1  0  0
47  1  62064 72434480 2416944 80219216    0    0 28512 695892 262421 1865635 47 12 40  1  0  0
46  2  62064 72429612 2416944 80219232    0    0 29344 705188 264397 1871960 47 12 40  1  0  0
45  2  62064 72418400 2416944 80219252    0    0 29296 696616 262602 1886498 47 12 40  1  0  0
46  2  62064 72404920 2416944 80219272    0    0 28672 705060 261022 1908950 47 11 41  1  0  0
47  1  62064 72413596 2416944 80219280    0    0 28560 717864 261297 1907840 47 11 40  1  0  0
45  0  62064 72417048 2416944 80219300    0    0 29152 707324 262338 1841691 46 12 41  1  0  0
50  0  62064 72423288 2416944 80219316    0    0 27520 704248 266129 1851373 46 12 41  1  0  0
49  0  62064 72429000 2416944 80219332    0    0 29152 688172 265035 1758198 45 11 42  1  0  0
48  1  62064 72421720 2416944 80219356    0    0 27872 695756 265063 1823025 46 12 41  1  0  0
46  1  62064 72419856 2416944 80219376    0    0 27744 693476 264752 1823293 46 12 41  1  0  0
45  0  62064 72412872 2416944 80219392    0    0 28656 709348 263921 1841981 46 12 41  1  0  0
45  0  62064 72420480 2416944 80219416    0    0 27040 695664 262650 1861154 46 12 41  1  0  0
48  0  62064 72383264 2416944 80219424    0    0 29728 703632 259758 1880135 47 11 41  1  0  0
46  1  62064 72392288 2416944 80219436    0    0 27312 699820 258150 1854488 46 11 41  1  0  0
53  0  62064 72404156 2416944 80219460    0    0 26784 693664 258933 1814419 45 12 42  1  0  0
47  0  62064 72424572 2416944 80219476    0    0 28928 713636 261745 1858466 46 12 41  1  0  0
52  1  62064 72425444 2416944 80219496    0    0 27936 694008 263379 1873692 47 12 40  1  0  0
48  1  62064 72416456 2416944 80219516    0    0 29296 703820 263155 1852634 47 12 40  1  0  0
48  0  62064 72420832 2416944 80219532    0    0 27328 718388 264489 1887277 47 12 40  1  0  0
45  1  62064 72407188 2416944 80219556    0    0 27680 680400 261435 1848713 46 12 41  1  0  0
procs -----------memory---------- ---swap-- -----io---- -system-- -------cpu-------
 r  b   swpd   free   buff  cache   si   so    bi    bo   in   cs us sy id wa st gu
46  1  62064 72398460 2416944 80219580    0    0 26976 702720 257177 1825508 45 12 43  1  0  0
47  0  62064 72376216 2416944 80219592    0    0 26912 708360 255171 1836752 45 10 43  1  0  0
49  0  62064 72425168 2416944 80219604    0    0 29232 683272 262937 1772875 45 11 42  1  0  0
49  1  62064 72429792 2416944 80219624    0    0 27280 686888 263646 1831516 46 12 41  1  0  0
52  1  62064 72426676 2416944 80219640    0    0 27536 693584 259613 1853932 46 12 41  1  0  0
46  0  62064 72409012 2416944 80219660    0    0 28624 699376 258477 1806290 45 12 42  1  0  0
46  0  62064 72399180 2416944 80219680    0    0 28832 705220 266457 1871174 47 12 40  1  0  0
47  0  62064 72409528 2416944 80219696    0    0 28928 700012 261053 1842490 46 12 41  1  0  0
53  0  62064 72421952 2416944 80219716    0    0 28752 697684 263465 1853477 46 12 41  1  0  0
46  0  62064 72399808 2416948 80219728    0    0 26832 703720 256204 1844571 46 11 42  1  0  0
53  1  62064 72424328 2416948 80219744    0    0 29152 713960 261575 1877536 47 11 41  1  0  0
44  1  62064 72429752 2416948 80219764    0    0 29824 678624 260984 1865062 47 12 40  1  0  0
49  0  62064 72441900 2416948 80219784    0    0 28496 702936 266013 1849072 47 12 40  1  0  0
50  0  62064 72434340 2416948 80219800    0    0 29728 699440 265116 1877686 47 12 40  1  0  0
48  0  62064 72426480 2416948 80219828    0    0 27952 695296 265726 1860047 46 12 41  1  0  0
48  0  62064 72419748 2416948 80219852    0    0 27152 700052 261179 1826985 46 12 41  1  0  0
50  1  62064 72413124 2416948 80219872    0    0 27184 713776 258168 1844564 46 12 41  1  0  0
45  0  62064 72407632 2416948 80219888    0    0 26512 701492 264253 1803307 45 11 42  1  0  0
45  0  62064 72386588 2416948 80219896    0    0 28128 685264 258989 1808930 45 10 44  1  0  0
51  0  62064 72409556 2416948 80219916    0    0 27280 707048 257423 1820739 46 11 42  1  0  0
49  0  62064 72402212 2416948 80219936    0    0 27664 686060 263493 1847243 46 12 41  1  0  0
procs -----------memory---------- ---swap-- -----io---- -system-- -------cpu-------
 r  b   swpd   free   buff  cache   si   so    bi    bo   in   cs us sy id wa st gu
46  0  62064 72419208 2416948 80219952    0    0 27088 695132 262598 1843281 46 12 41  1  0  0
50  0  62064 72419504 2416948 80219972    0    0 26992 700512 258842 1818041 45 12 42  1  0  0
50  1  62064 72408344 2416948 80219988    0    0 28912 700280 261801 1832393 46 12 41  1  0  0
52  1  62064 72421360 2416948 80220012    0    0 27280 698192 265410 1828162 46 12 41  1  0  0
45  0  62064 72438612 2416948 80220036    0    0 27232 711452 263825 1876969 47 12 40  1  0  0
45  1  62064 72409064 2416948 80220052    0    0 27936 715888 263505 1872804 47 12 41  1  0  0
51  1  62064 72373184 2416948 80220060    0    0 30176 706428 260487 1885737 47 11 41  1  0  0
51  0  62064 72412528 2416948 80220076    0    0 29536 704776 264179 1868658 47 12 40  1  0  0
47  0  62064 72433264 2416948 80220092    0    0 30256 689304 266872 1862032 47 12 40  1  0  0
45  0  62064 72430904 2416948 80220116    0    0 28656 702988 264287 1837292 46 12 41  1  0  0
46  1  62064 72417072 2416948 80220136    0    0 26640 701836 262928 1824060 45 12 41  1  0  0
49  1  62064 72435540 2416948 80220156    0    0 28256 693280 260825 1783207 45 12 42  1  0  0
51  0  62064 72422968 2416948 80220176    0    0 27312 684648 262798 1827754 46 12 41  1  0  0
52  1  62064 72400928 2416948 80220268    0    0 29536 717604 265685 1839237 46 12 41  1  0  0
46  0  62064 72388264 2416948 80220284    0    0 27824 698280 261744 1857481 46 11 42  1  0  0
51  0  62064 72386080 2416948 80220296    0    0 27280 701516 256971 1850727 46 11 42  1  0  0
51  0  62064 72403384 2416948 80220312    0    0 27040 693172 261581 1845193 46 12 41  1  0  0
50  1  62064 72422672 2416948 80220328    0    0 27648 705252 263135 1843498 46 12 41  1  0  0
