procs -----------memory---------- ---swap-- -----io---- -system-- -------cpu-------
 r  b   swpd   free   buff  cache   si   so    bi    bo   in   cs us sy id wa st gu
 4  1  62064 72261340 2411808 79689796   25   32 210806 220065 59868   42 21  4 73  3  0  0
109  0  62064 70724068 2411808 79689876    0    0 32752 327924 430408 504246 12 24 64  0  0  0
315  0  62064 70463780 2411808 79689888    0    0 11504 176492 223964 1148534 85 15  1  0  0  0
346  0  62064 70290832 2411808 79689904    0    0 10256 802284 259959 1560222 80 20  1  0  0  0
275  0  62064 70247176 2411808 79689916    0    0  7632 628916 222136 1596108 80 20  0  0  0  0
217  0  62064 70241852 2411808 79689932    0    0 10512 616740 205848 1596095 80 20  1  0  0  0
343  0  62064 70245932 2411808 79689952    0    0 10960 626412 207604 1600040 79 20  1  0  0  0
255  1  62064 70236648 2411808 79689968    0    0  9152 611268 206932 1619816 79 20  1  0  0  0
343  0  62064 70250868 2411808 79689980    0    0  9424 628448 204997 1609115 80 20  1  0  0  0
327  1  62064 70251692 2411808 79689996    0    0  8784 613876 201134 1608462 80 20  0  0  0  0
338  0  62064 70241364 2411808 79690012    0    0  9456 632708 206203 1615619 80 20  1  0  0  0
335  0  62064 70236124 2411808 79690032    0    0  8992 565976 215224 1604563 79 20  1  0  0  0
293  0  62064 70237660 2411808 79690044    0    0 11392 548340 207413 1612536 79 20  1  0  0  0
354  0  62064 70240604 2411808 79690060    0    0  9920 565172 214754 1600872 79 20  1  0  0  0
307  0  62064 70235308 2411808 79690076    0    0  9056 551320 227883 1605683 80 20  0  0  0  0
342  0  62064 70233212 2411808 79690084    0    0 10368 567640 199635 1624749 81 19  0  0  0  0
219  1  62064 70229208 2411808 79690100    0    0  9952 565256 198490 1611258 80 19  1  0  0  0
128  2  62064 70232508 2411808 79690120    0    0  9568 553504 197629 1590126 80 20  0  0  0  0
283  0  62064 70226524 2411808 79690132    0    0  7728 569508 198318 1585858 80 20  0  0  0  0
338  0  62064 70227400 2411808 79690140    0    0  9088 548740 212303 1569963 80 20  0  0  0  0
228  0  62064 70225092 2411808 79690160    0    0  9440 564984 201993 1574856 80 19  0  0  0  0
procs -----------memory---------- ---swap-- -----io---- -system-- -------cpu-------
 r  b   swpd   free   buff  cache   si   so    bi    bo   in   cs us sy id wa st gu
317  0  62064 70229664 2411808 79690176    0    0  7888 551912 201672 1558826 79 20  1  0  0  0
329  0  62064 70233324 2411808 79690188    0    0  8688 569360 200565 1557410 80 20  0  0  0  0
268  0  62064 70235432 2411808 79690204    0    0  8576 566996 197548 1568499 80 20  0  0  0  0
282  0  62064 70237432 2411808 79690220    0    0  9088 554072 200009 1560656 80 20  1  0  0  0
342  0  62064 70237576 2411808 79690236    0    0  8816 571172 196512 1553095 80 20  0  0  0  0
321  0  62064 70186664 2411808 79690256    0    0  8880 551408 227308 1551497 80 20  0  0  0  0
366  0  62064 70151964 2411808 79690268    0    0 10000 568696 234296 1539957 80 20  0  0  0  0
286  0  62064 70192496 2411808 79690280    0    0  9024 550964 247730 1545882 80 20  0  0  0  0
363  0  62064 70166700 2411808 79690360    0    0  9168 569348 199181 1566025 80 20  1  0  0  0
309  0  62064 70157676 2411808 79690380    0    0 10144 551460 198821 1569247 80 19  0  0  0  0
357  0  62064 70147768 2411808 79690392    0    0 10304 570712 199731 1584050 80 19  0  0  0  0
305  0  62064 70148396 2411808 79690408    0    0  7696 572292 337143 1539289 80 20  0  0  0  0
150  1  62064 70144456 2411808 79690424    0    0  9504 550988 298118 1532641 79 21  0  0  0  0
239  1  62064 70065492 2411808 79690440    0    0  8192 570300 323635 1524489 78 21  0  0  0  0
331  0  62064 70063492 2411808 79690456    0    0  9856 556160 199280 1569065 80 19  0  0  0  0
368  0  62064 70060984 2411808 79690468    0    0  9344 572020 195704 1559644 80 20  0  0  0  0
245  0  62064 70076828 2411808 79690484    0    0  9648 554076 200252 1566239 80 20  0  0  0  0
278  0  62064 70103428 2411808 79690496    0    0  9440 571964 197799 1563951 80 19  0  0  0  0
225  0  62064 70115084 2411808 79690496    0    0  9376 557076 203054 1554269 79 20  1  0  0  0
342  0  62064 70124520 2411808 79690520    0    0  9696 570688 203852 1562968 80 20  1  0  0  0
346  0  62064 70141816 2411808 79690532    0    0  9232 588488 207336 1559954 80 20  0  0  0  0
procs -----------memory---------- ---swap-- -----io---- -system-- -------cpu-------
 r  b   swpd   free   buff  cache   si   so    bi    bo   in   cs us sy id wa st gu
261  1  62064 70133404 2411808 79690548    0    0 10544 568960 203407 1563177 79 20  1  0  0  0
263  0  62064 70132212 2411808 79690568    0    0  8400 585908 201104 1565131 80 20  1  0  0  0
342  0  62064 70130248 2411808 79690584    0    0 10128 564556 203487 1572258 80 20  1  0  0  0
290  0  62064 70128116 2411808 79690604    0    0 10336 586328 201937 1561137 80 20  0  0  0  0
341  0  62064 70132460 2411808 79690616    0    0  8192 567080 197773 1567468 80 20  0  0  0  0
314  0  62064 70136228 2411808 79690636    0    0 10976 583784 219975 1593572 80 19  1  0  0  0
336  0  62064 70135300 2411808 79690644    0    0  9392 587716 208352 1568636 80 19  0  0  0  0
328  0  62064 70132360 2411808 79690664    0    0  9136 568108 204932 1572208 80 20  1  0  0  0
293  0  62064 70138232 2411808 79690680    0    0  9376 583592 204826 1561475 80 20  1  0  0  0
305  0  62064 70127052 2411808 79690692    0    0 10144 569332 208350 1567756 80 20  0  0  0  0
220  0  62064 70127900 2411808 79690708    0    0  9184 587444 202714 1562993 80 20  0  0  0  0
350  0  62064 70121580 2411808 79690728    0    0  6400 578668 213908 1565420 79 20  1  0  0  0
322  1  62064 70114388 2411808 79690740    0    0  9504 594044 215138 1565401 80 20  0  0  0  0
340  0  62064 70122816 2411808 79690752    0    0  8944 581632 200189 1565752 80 20  1  0  0  0
307  0  62064 70128364 2411808 79690764    0    0 10224 588164 199929 1554721 80 20  0  0  0  0
307  0  62064 70120940 2411808 79690784    0    0  8992 595660 210925 1573544 80 20  0  0  0  0
302  0  62064 70123428 2411808 79690796    0    0  9616 578524 201894 1575246 80 20  1  0  0  0
348  0  62064 70125640 2411808 79690812    0    0  9360 599040 201360 1559609 80 20  0  0  0  0
286  0  62064 70121104 2411808 79690824    0    0  7344 577984 197436 1555932 80 20  0  0  0  0
342  0  62064 70127448 2411808 79690836    0    0  9360 598140 209951 1560074 79 20  1  0  0  0
279  0  62064 70132820 2411808 79690856    0    0 10768 583496 201369 1561492 80 20  0  0  0  0
procs -----------memory---------- ---swap-- -----io---- -system-- -------cpu-------
 r  b   swpd   free   buff  cache   si   so    bi    bo   in   cs us sy id wa st gu
300  0  62064 70131384 2411808 79690876    0    0 10320 595568 204110 1575342 80 19  1  0  0  0
334  0  62064 70124824 2411808 79690892    0    0  8624 600012 205156 1588445 80 19  0  0  0  0
331  0  62064 70131536 2411808 79690900    0    0  9328 581492 198050 1558203 80 20  1  0  0  0
334  0  62064 70136952 2411808 79690912    0    0 11536 596780 214883 1567227 80 20  1  0  0  0
303  0  62064 70141564 2411808 79690932    0    0  8128 588356 228756 1564138 79 20  1  0  0  0
353  0  62064 70135784 2411808 79690948    0    0  9584 601052 202419 1567892 79 20  1  0  0  0
221  1  62064 70132448 2411812 79690956    0    0  8960 584340 199250 1572036 80 20  0  0  0  0
324  0  62064 70126024 2411812 79690976    0    0  9440 601048 200681 1561798 80 20  0  0  0  0
310  0  62064 70135800 2411812 79690984    0    0  7808 614592 214407 1571660 80 20  1  0  0  0
316  1  62064 70131420 2411812 79690996    0    0  9344 598048 203590 1569158 80 20  0  0  0  0
309  0  62064 70129124 2411812 79691012    0    0  8832 609324 204326 1560076 79 20  1  0  0  0
287  0  62064 70126684 2411812 79691032    0    0  7696 594852 215425 1563280 79 20  1  0  0  0
352  0  62064 70129896 2411812 79691044    0    0  8880 612128 204488 1577395 80 20  1  0  0  0
280  0  62064 70126344 2411812 79691056    0    0  8880 594408 200581 1563119 80 20  0  0  0  0
288  0  62064 70114908 2411812 79691068    0    0  8592 616148 198970 1564942 80 20  0  0  0  0
345  0  62064 70115200 2411812 79691092    0    0  8400 605480 201784 1558226 79 20  1  0  0  0
319  0  62064 70117408 2411812 79691108    0    0  7888 649836 205472 1565498 80 20  0  0  0  0
263  0  62064 70111992 2411812 79691120    0    0  9504 668620 202682 1578630 80 19  0  0  0  0
345  0  62064 70111364 2411812 79691128    0    0  9856 654060 204647 1572108 80 19  1  0  0  0
346  0  62064 70114420 2411812 79691140    0    0  7328 654836 214418 1561797 80 20  0  0  0  0
273  0  62064 70113264 2411812 79691164    0    0  9680 633592 204122 1554311 79 20  0  0  0  0
procs -----------memory---------- ---swap-- -----io---- -system-- -------cpu-------
 r  b   swpd   free   buff  cache   si   so    bi    bo   in   cs us sy id wa st gu
282  0  62064 70106540 2411812 79691176    0    0  8560 646864 215638 1571278 79 20  0  0  0  0
323  0  62064 70098880 2411812 79691188    0    0  8928 634280 203264 1563033 80 20  1  0  0  0
339  0  62064 70099660 2411812 79691204    0    0  8544 647408 203917 1559806 79 20  1  0  0  0
275  0  62064 70093672 2411812 79691216    0    0  8592 630060 205942 1571463 79 20  1  0  0  0
313  0  62064 70087688 2411812 79691232    0    0 10176 642444 222710 1570919 79 20  1  0  0  0
336  0  62064 70088816 2411812 79691320    0    0  8512 649440 212206 1562972 80 20  0  0  0  0
359  0  62064 70085036 2411812 79691332    0    0  8640 626888 206058 1562081 79 20  1  0  0  0
370  0  62064 70103652 2411812 79691344    0    0  9648 629600 203286 1555426 80 20  0  0  0  0
234  0  62064 70094392 2411812 79691356    0    0  8928 629596 206838 1570546 79 20  1  0  0  0
309  1  62064 70090680 2411812 79691380    0    0  6848 628408 205623 1570813 79 20  0  0  0  0
350  0  62064 70083236 2411812 79691396    0    0  9616 626120 203552 1567014 80 20  0  0  0  0
308  0  62064 70086920 2411812 79691412    0    0  9584 622656 206630 1564690 79 20  1  0  0  0
321  0  62064 70079992 2411812 79691424    0    0  9392 621764 203808 1567492 80 20  0  0  0  0
307  0  62064 70076504 2411812 79691444    0    0  8800 621272 203281 1583430 80 19  1  0  0  0
128  1  62064 70083300 2411812 79691456    0    0 10192 614608 208171 1565977 80 19  1  0  0  0
300  0  62064 70079708 2411812 79691468    0    0  9280 616600 209462 1571344 80 20  1  0  0  0
321  0  62064 70076640 2411812 79691484    0    0  8096 620440 203207 1574275 80 20  0  0  0  0
359  0  62064 70089868 2411812 79691496    0    0  8848 627620 269328 1569354 78 20  1  0  0  0
188  0  62064 70080684 2411812 79691512    0    0  9872 629016 204223 1559152 80 20  1  0  0  0
269  0  62064 70079328 2411812 79691536    0    0  8896 626512 202380 1570464 80 20  0  0  0  0
313  0  62064 70078596 2411812 79691552    0    0  8672 627696 220579 1583752 79 20  1  0  0  0
procs -----------memory---------- ---swap-- -----io---- -system-- -------cpu-------
 r  b   swpd   free   buff  cache   si   so    bi    bo   in   cs us sy id wa st gu
356  0  62064 70067340 2411812 79691564    0    0  9712 621072 213935 1573766 80 20  0  0  0  0
336  0  62064 70062776 2411812 79691572    0    0 10224 622264 205544 1566561 79 20  1  0  0  0
192  0  62064 70066524 2411812 79691588    0    0  7296 626416 202855 1574906 79 20  1  0  0  0
336  0  62064 70064280 2411812 79691604    0    0  9536 619868 203067 1566614 80 20  0  0  0  0
248  0  62064 70068192 2411812 79691620    0    0  7904 619640 200934 1558366 80 20  0  0  0  0
235  0  62064 70072960 2411812 79691632    0    0  9040 617472 215467 1570544 80 20  1  0  0  0
321  0  62064 70076324 2411812 79691648    0    0  8064 625136 202528 1577588 80 20  1  0  0  0
242  0  62064 70063508 2411812 79691664    0    0  9520 618720 204335 1565545 79 20  1  0  0  0
321  0  62064 70064436 2411812 79691676    0    0  8992 619068 206045 1579805 80 19  0  0  0  0
354  0  62064 70066808 2411812 79691688    0    0  8848 616600 203233 1564791 80 19  1  0  0  0
222  0  62064 70071940 2411812 79691700    0    0  7360 619892 201233 1563910 80 20  0  0  0  0
303  0  62064 70076028 2411812 79691716    0    0 10176 617052 205018 1559254 79 20  1  0  0  0
256  0  62064 70076544 2411812 79691732    0    0  8896 617396 198491 1567302 80 20  0  0  0  0
349  0  62064 70068264 2411812 79691744    0    0  8432 616884 198935 1563997 80 20  0  0  0  0
250  0  62064 70072848 2411812 79691764    0    0  8864 612984 203747 1570301 79 20  1  0  0  0
343  0  62064 70083504 2411812 79691780    0    0  9552 610620 203102 1564210 80 20  0  0  0  0
282  0  62064 70076808 2411812 79691796    0    0  9216 608460 202826 1575906 80 20  0  0  0  0
378  0  62064 70070960 2411812 79691812    0    0  7184 612592 204970 1572468 79 20  0  0  0  0
268  0  62064 70070732 2411812 79691824    0    0  9120 610908 199597 1547501 79 20  1  0  0  0
237  1  62064 70067856 2411812 79691836    0    0  9200 609496 198743 1560258 80 20  0  0  0  0
350  1  62064 70060812 2411812 79691856    0    0  8384 611644 200735 1566223 80 20  0  0  0  0
procs -----------memory---------- ---swap-- -----io---- -system-- -------cpu-------
 r  b   swpd   free   buff  cache   si   so    bi    bo   in   cs us sy id wa st gu
256  0  62064 70074764 2411812 79691876    0    0  8608 611604 204987 1570799 79 20  1  0  0  0
290  0  62064 70078220 2411812 79691888    0    0  9600 607520 208758 1567761 79 20  1  0  0  0
311  0  62064 70078176 2411812 79691908    0    0  9216 610200 200282 1565913 80 20  0  0  0  0
299  0  62064 70075512 2411812 79691924    0    0  9280 613644 200222 1583299 80 19  0  0  0  0
326  0  62064 70071436 2411812 79691936    0    0  7600 611280 205960 1586211 80 19  1  0  0  0
356  0  62064 70072544 2411812 79691948    0    0  9152 616436 201919 1560845 80 20  1  0  0  0
263  0  62064 70069352 2411812 79691964    0    0  9552 615076 205239 1561811 79 20  1  0  0  0
330  0  62064 70083068 2411812 79691980    0    0  8704 613152 211718 1568187 79 20  1  0  0  0
346  0  62064 70077132 2411812 79691996    0    0 10192 610408 202854 1557205 79 20  1  0  0  0
345  0  62064 70076532 2411816 79692008    0    0  9888 615028 212349 1564813 80 20  0  0  0  0
277  0  62064 70077696 2411816 79692028    0    0 10784 613068 202741 1573018 80 20  1  0  0  0
312  0  62064 70072768 2411816 79692040    0    0  6960 612800 218190 1574799 79 20  1  0  0  0
346  0  62064 70062740 2411816 79692052    0    0  8800 613704 202270 1569693 80 20  0  0  0  0
261  0  62064 70063192 2411816 79692068    0    0  9360 615744 200057 1557385 80 20  0  0  0  0
276  0  62064 70066508 2411816 79692080    0    0  8128 616860 198681 1554370 80 20  0  0  0  0
357  0  62064 70064748 2411816 79692100    0    0  8832 611924 201425 1571112 80 20  0  0  0  0
362  0  62064 70058704 2411816 79692116    0    0  9472 613472 202840 1569084 80 20  1  0  0  0
214  0  62064 70065624 2411816 79692132    0    0 10064 610920 203702 1566588 80 20  1  0  0  0
221  0  62064 70073516 2411816 79692144    0    0  9776 616188 202196 1562456 80 20  0  0  0  0
243  0  62064 70065828 2411816 79692164    0    0  9232 613168 205495 1568653 79 20  1  0  0  0
359  0  62064 70060340 2411816 79692180    0    0  8928 611924 205436 1590429 80 19  0  0  0  0
procs -----------memory---------- ---swap-- -----io---- -system-- -------cpu-------
 r  b   swpd   free   buff  cache   si   so    bi    bo   in   cs us sy id wa st gu
284  0  62064 70059320 2411816 79692188    0    0  9200 608052 206295 1563801 79 20  1  0  0  0
241  0  62064 70054908 2411816 79692204    0    0  9536 609256 204805 1571951 80 20  0  0  0  0
357  0  62064 70056552 2411816 79692292    0    0  9152 606484 205598 1572126 79 20  1  0  0  0
365  0  62064 70049600 2411816 79692308    0    0  8944 608212 201707 1564894 79 20  1  0  0  0
255  0  62064 70049720 2411816 79692324    0    0  6736 610780 198610 1558286 80 20  0  0  0  0
336  0  62064 70052604 2411816 79692336    0    0  8608 612560 201892 1572598 80 20  0  0  0  0
110  1  62064 70053724 2411816 79692352    0    0 10240 609040 202680 1566018 80 20  0  0  0  0
265  1  62064 70045424 2411816 79692364    0    0  9552 607448 209760 1564749 79 20  1  0  0  0
218  1  62064 70046676 2411816 79692388    0    0  7584 612368 200682 1558015 80 20  1  0  0  0
349  0  62064 70037868 2411816 79692404    0    0  9568 611628 200365 1561845 80 20  0  0  0  0
332  0  62064 70038632 2411816 79692416    0    0  9056 611660 199884 1571047 80 20  0  0  0  0
141  0  62064 70040076 2411816 79692440    0    0  9104 607172 201149 1565808 80 20  0  0  0  0
336  0  62064 70034380 2411816 79692452    0    0  7440 615216 199369 1556648 80 20  0  0  0  0
291  0  62064 70031876 2411816 79692472    0    0  8880 613196 197828 1565161 80 20  0  0  0  0
331  0  62064 70035532 2411816 79692484    0    0  9888 617040 203645 1574675 80 20  1  0  0  0
348  0  62064 70033044 2411816 79692488    0    0  8032 623004 249783 1567795 80 20  0  0  0  0
273  0  62064 70024324 2411816 79692508    0    0  8768 630256 273470 1582264 80 19  0  0  0  0
293  0  62064 70008636 2411816 79692516    0    0  8864 625232 242993 1571321 79 20  1  0  0  0
286  0  62064 70007800 2411816 79692544    0    0  8432 625760 230687 1561429 79 20  1  0  0  0
341  0  62064 69996956 2411816 79692556    0    0  7792 620108 236214 1569959 78 20  2  0  0  0
321  0  62064 69992956 2411816 79692572    0    0  8656 612628 227348 1579072 79 20  1  0  0  0
procs -----------memory---------- ---swap-- -----io---- -system-- -------cpu-------
 r  b   swpd   free   buff  cache   si   so    bi    bo   in   cs us sy id wa st gu
311  1  62064 69999184 2411816 79692584    0    0  8816 608856 225112 1566753 79 20  1  0  0  0
318  0  62064 69983132 2411816 79692596    0    0  8240 607368 212421 1567344 80 20  0  0  0  0
334  0  62064 69983088 2411816 79692620    0    0  8064 608124 216387 1569942 79 20  1  0  0  0
349  0  62064 69984640 2411816 79692632    0    0  8960 606512 213368 1561803 79 20  1  0  0  0
347  0  62064 69980224 2411816 79692644    0    0  9312 605704 211911 1575824 79 20  0  0  0  0
312  0  62064 69972144 2411816 79692660    0    0  8528 605624 203946 1572408 80 20  0  0  0  0
305  0  62064 69988572 2411816 79692672    0    0  7136 606824 201463 1563510 80 20  0  0  0  0
305  0  62064 69982348 2411816 79692684    0    0  8752 606400 201772 1567821 80 19  1  0  0  0
308  1  62064 69982140 2411816 79692704    0    0  8816 604624 203519 1561864 79 20  1  0  0  0
188  0  62064 69989628 2411816 79692720    0    0  8048 608732 203485 1564681 80 20  1  0  0  0
315  0  62064 69988120 2411816 79692732    0    0  7456 610740 201019 1561593 80 20  0  0  0  0
284  0  62064 69990004 2411816 79692748    0    0  8736 607056 204542 1587878 80 19  0  0  0  0
334  0  62064 69993176 2411816 79692756    0    0  9248 607436 203632 1576572 80 19  0  0  0  0
108  0  62064 69990072 2411816 79692764    0    0  9376 603992 204230 1563716 79 20  1  0  0  0
308  0  62064 69992696 2411816 79692784    0    0  6864 608472 200821 1564144 79 20  0  0  0  0
303  0  62064 69995004 2411816 79692800    0    0  8736 603748 199174 1570276 80 20  0  0  0  0
284  0  62064 69995956 2411816 79692812    0    0  8080 610260 201912 1574537 80 20  0  0  0  0
297  0  62064 69997932 2411816 79692832    0    0  9376 606068 212546 1570874 80 20  0  0  0  0
210  0  62064 70004804 2411816 79692848    0    0  7696 611160 202967 1557602 79 20  0  0  0  0
308  0  62064 70001056 2411816 79692868    0    0  8576 610796 202516 1566680 80 20  0  0  0  0
255  1  62064 70004376 2411816 79692880    0    0  9024 608688 202751 1566783 79 20  1  0  0  0
procs -----------memory---------- ---swap-- -----io---- -system-- -------cpu-------
 r  b   swpd   free   buff  cache   si   so    bi    bo   in   cs us sy id wa st gu
309  0  62064 69998524 2411816 79692900    0    0  7824 608844 204399 1569184 80 20  0  0  0  0
348  0  62064 70000280 2411816 79692912    0    0  9568 608536 206316 1568624 79 20  1  0  0  0
376  0  62064 69987784 2411816 79692932    0    0  8912 614328 199743 1572595 80 20  0  0  0  0
277  0  62064 69986004 2411816 79692940    0    0  9024 610276 202607 1579570 80 19  0  0  0  0
226  0  62064 69983224 2411816 79692952    0    0  7072 613780 202843 1574056 79 20  0  0  0  0
285  0  62064 69993656 2411816 79692968    0    0  8384 609696 201886 1575419 80 20  1  0  0  0
262  0  62064 69997380 2411816 79692988    0    0 10240 607148 205466 1589995 80 19  1  0  0  0
319  0  62064 69993476 2411816 79693004    0    0  9744 607668 202378 1575141 80 19  0  0  0  0
286  0  62064 70002180 2411816 79693016    0    0  8352 612856 202049 1573487 80 20  0  0  0  0
305  0  62064 69991000 2411816 79693028    0    0  8560 614196 203649 1562342 79 20  1  0  0  0
313  0  62064 69989276 2411816 79693044    0    0  8832 609932 202068 1572374 80 20  0  0  0  0
315  0  62064 69996900 2411816 79693060    0    0  8576 614584 200703 1563582 80 20  0  0  0  0
240  0  62064 69997128 2411816 79693072    0    0  7040 612460 200512 1561642 80 20  0  0  0  0
311  0  62064 69998812 2411816 79693088    0    0 11104 611516 204946 1577916 79 20  1  0  0  0
207  0  62064 69995912 2411816 79693104    0    0  9232 613876 200822 1567102 80 20  1  0  0  0
282  0  62064 69998632 2411816 79693112    0    0  7136 616280 199052 1567527 80 20  0  0  0  0
349  1  62064 69993608 2411816 79693132    0    0  8320 609736 218257 1552389 79 20  1  0  0  0
359  0  62064 69986492 2411816 79693148    0    0  7792 615024 204726 1571342 80 20  0  0  0  0
331  0  62064 69983328 2411816 79693164    0    0  8752 616852 200354 1573070 80 20  0  0  0  0
370  0  62064 69973156 2411816 79693172    0    0  7104 614800 199889 1560776 80 20  0  0  0  0
275  0  62064 69983100 2411816 79693260    0    0  8672 616896 205331 1570279 80 20  1  0  0  0
procs -----------memory---------- ---swap-- -----io---- -system-- -------cpu-------
 r  b   swpd   free   buff  cache   si   so    bi    bo   in   cs us sy id wa st gu
331  0  62064 69983940 2411816 79693268    0    0  8656 611440 202276 1567912 80 20  1  0  0  0
326  0  62064 69985640 2411816 79693276    0    0  9088 613828 204305 1564346 80 20  0  0  0  0
327  1  62064 69986144 2411816 79693296    0    0  7152 612040 203136 1577927 80 19  1  0  0  0
282  0  62064 69982848 2411816 79693312    0    0  8032 614280 201794 1571096 80 19  0  0  0  0
312  0  62064 69980996 2411816 79693316    0    0  8672 611112 202118 1578803 80 20  0  0  0  0
300  1  62064 69988308 2411816 79693328    0    0  9040 612556 204727 1555408 79 20  1  0  0  0
286  0  62064 69981924 2411816 79693356    0    0  8208 613356 214353 1563134 79 20  1  0  0  0
361  0  62064 69979548 2411816 79693372    0    0  9568 610336 207993 1571326 80 20  0  0  0  0
285  0  62064 69975724 2411816 79693392    0    0  8912 608088 198638 1568573 80 20  0  0  0  0
314  0  62064 69967072 2411816 79693404    0    0  9856 609980 207182 1572087 80 20  1  0  0  0
300  0  62064 69965596 2411816 79693412    0    0  8928 613800 217307 1581303 79 20  1  0  0  0
265  0  62064 69964636 2411816 79693428    0    0  9744 613152 202940 1561976 80 20  1  0  0  0
352  0  62064 69969136 2411816 79693444    0    0  8448 608892 204511 1585680 80 20  0  0  0  0
311  1  62064 69968812 2411816 79693464    0    0  7584 611460 204622 1574960 79 20  1  0  0  0
353  0  62064 69967176 2411816 79693488    0    0  9184 614328 202649 1569711 80 20  1  0  0  0
213  0  62064 69960720 2411816 79693488    0    0  8368 614364 202125 1570893 80 20  0  0  0  0
303  0  62064 69959620 2411816 79693500    0    0 10384 614004 228586 1564473 80 20  1  0  0  0
267  0  62064 69955352 2411816 79693524    0    0  7328 618148 204379 1565375 79 20  0  0  0  0
300  0  62064 69954004 2411816 79693532    0    0 10464 611264 202799 1570924 80 19  0  0  0  0
309  0  62064 69950640 2411816 79693544    0    0  9856 609880 204778 1580324 80 19  1  0  0  0
274  0  62064 69949632 2411816 79693560    0    0  9776 613028 203081 1574292 80 19  1  0  0  0
procs -----------memory---------- ---swap-- -----io---- -system-- -------cpu-------
 r  b   swpd   free   buff  cache   si   so    bi    bo   in   cs us sy id wa st gu
312  0  62064 69952068 2411816 79693576    0    0  8912 614668 206892 1563038 80 20  0  0  0  0
219  0  62064 69954036 2411816 79693592    0    0  8960 611492 208321 1552899 79 20  1  0  0  0
269  0  62064 69952896 2411816 79693612    0    0  9872 610800 207772 1564028 80 20  0  0  0  0
330  0  62064 69954632 2411816 79693612    0    0  8208 614208 211900 1569693 79 20  1  0  0  0
359  0  62064 69948148 2411816 79693632    0    0  9184 612220 216199 1570017 78 20  1  0  0  0
301  0  62064 69948224 2411816 79693656    0    0  9328 611100 208386 1571748 80 20  1  0  0  0
332  0  62064 69958644 2411816 79693688    0    0  8480 609680 207579 1573432 80 20  0  0  0  0
366  0  62064 69964348 2411816 79693696    0    0  8048 612476 208279 1564750 80 20  1  0  0  0
319  0  62064 69955472 2411816 79693704    0    0  9024 610816 205836 1556099 79 20  1  0  0  0
197  0  62064 69957048 2411816 79693720    0    0  8160 614828 200944 1547012 80 20  0  0  0  0
249  1  62064 69949552 2411816 79693744    0    0  9072 612820 203475 1563543 80 20  0  0  0  0
329  1  62064 69948040 2411816 79693760    0    0  7952 615716 201605 1563334 80 20  0  0  0  0
220  0  62064 69960320 2411816 79693764    0    0  9792 611496 204760 1563788 79 20  1  0  0  0
353  1  62064 69955676 2411816 79693784    0    0  8240 619048 201725 1569683 80 20  0  0  0  0
320  0  62064 69957216 2411816 79693804    0    0  7600 625348 201155 1579182 80 20  0  0  0  0
237  0  62064 69954724 2411816 79693808    0    0  8000 628712 199402 1578216 80 19  0  0  0  0
306  1  62064 69958208 2411816 79693820    0    0  8944 627180 203406 1561560 79 20  1  0  0  0
311  0  62064 69957956 2411816 79693840    0    0  9616 629356 201367 1547616 80 20  0  0  0  0
305  0  62064 69958440 2411816 79693852    0    0  8448 632272 202316 1575620 80 20  0  0  0  0
310  0  62064 69957612 2411816 79693876    0    0  8800 621716 201730 1566079 80 20  1  0  0  0
293  0  62064 69956172 2411816 79693900    0    0  8192 647316 203855 1572461 80 20  0  0  0  0
procs -----------memory---------- ---swap-- -----io---- -system-- -------cpu-------
 r  b   swpd   free   buff  cache   si   so    bi    bo   in   cs us sy id wa st gu
214  0  62064 69951396 2411816 79693908    0    0  9264 596868 203830 1553956 79 20  1  0  0  0
277  0  62064 69945852 2411816 79693928    0    0  7920 638208 206086 1570412 79 20  1  0  0  0
364  0  62064 69953768 2411816 79693944    0    0  8624 629980 202343 1581368 80 20  0  0  0  0
195  0  62064 69942120 2411816 79693960    0    0  9584 601892 201291 1566869 80 20  0  0  0  0
270  1  62064 69948524 2411816 79693976    0    0  9616 613012 201662 1559696 79 20  0  0  0  0
315  0  62064 69945088 2411816 79693992    0    0  9088 628152 204503 1572679 80 20  1  0  0  0
364  1  62064 69941684 2411816 79694008    0    0  8048 613820 197580 1563361 80 20  0  0  0  0
315  0  62064 69948272 2411816 79694020    0    0 10336 623012 201904 1560747 80 20  1  0  0  0
300  2  62064 69944768 2411816 79694036    0    0  7024 618832 198597 1573511 80 19  0  0  0  0
335  0  62064 69940852 2411816 79694048    0    0  9664 621616 206076 1578546 79 20  1  0  0  0
342  0  62064 69937436 2411816 79694060    0    0  9728 614308 203121 1586482 80 20  1  0  0  0
288  0  62064 69942288 2411816 79694072    0    0  9600 594992 209198 1594248 80 19  1  0  0  0
347  0  62064 69950176 2411816 79694084    0    0  7920 641708 203246 1570991 80 20  1  0  0  0
280  3  62064 69942472 2411816 79694100    0    0  9680 633276 204157 1572219 80 20  0  0  0  0
273  0  62064 69945548 2411816 79694116    0    0  8752 604680 202622 1557310 79 20  1  0  0  0
357  0  62064 69945608 2411816 79694132    0    0  8624 602032 199301 1575089 80 20  0  0  0  0
359  0  62064 69948184 2411816 79694168    0    0  9120 642860 200359 1564668 80 20  0  0  0  0
318  2  62064 69944964 2411816 79694248    0    0 10528 593940 204931 1578195 80 20  1  0  0  0
283  0  62064 69945080 2411816 79694264    0    0  9184 642264 203291 1567495 80 20  1  0  0  0
79  1  62064 69941308 2411816 79694276    0    0  7312 598560 203472 1563967 80 20  0  0  0  0
180  0  62064 69940276 2411816 79694292    0    0  9648 644360 202312 1558177 80 20  1  0  0  0
procs -----------memory---------- ---swap-- -----io---- -system-- -------cpu-------
 r  b   swpd   free   buff  cache   si   so    bi    bo   in   cs us sy id wa st gu
324  1  62064 69943964 2411816 79694308    0    0  9792 611048 205705 1572176 79 20  1  0  0  0
233  2  62064 69940152 2411816 79694320    0    0  8848 610380 204995 1565718 79 20  1  0  0  0
279  0  62064 69940004 2411816 79694340    0    0  7184 598660 205190 1567727 79 20  1  0  0  0
335  0  62064 69950928 2411816 79694356    0    0  7568 620548 202466 1566977 80 20  0  0  0  0
313  1  62064 69935772 2411816 79694368    0    0  9136 632372 204310 1571431 80 20  0  0  0  0
229  0  62064 69944068 2411816 79694376    0    0  9088 612584 202366 1575806 80 20  1  0  0  0
333  0  62064 69942552 2411816 79694392    0    0  6944 601540 204122 1572751 80 20  1  0  0  0
344  0  62064 69934312 2411816 79694408    0    0  9680 634700 206720 1581942 80 19  1  0  0  0
360  3  62064 69930896 2411816 79694420    0    0  9616 608924 200855 1574247 80 20  0  0  0  0
311  1  62064 69931292 2411816 79694436    0    0  8160 585872 204293 1582691 80 20  0  0  0  0
139  4  62064 69929832 2411816 79694452    0    0  8816 630404 201368 1554794 79 20  1  0  0  0
368  0  62064 69935788 2411816 79694476    0    0  8656 596748 201678 1573275 80 20  0  0  0  0
367  0  62064 69931036 2411816 79694488    0    0  8800 629636 205119 1577098 80 20  1  0  0  0
297  0  62064 69937276 2411816 79694500    0    0  8592 633508 204671 1569580 80 20  0  0  0  0
355  0  62064 69940084 2411816 79694512    0    0  9664 573164 206670 1572655 79 20  1  0  0  0
352  0  62064 69936880 2411816 79694528    0    0 10096 674164 203727 1571708 80 20  1  0  0  0
328  1  62064 69936244 2411816 79694548    0    0  8640 626956 200516 1574771 80 20  0  0  0  0
367  0  62064 69950984 2411816 79694560    0    0  6576 601176 199853 1565356 80 20  0  0  0  0
310  1  62064 69952920 2411816 79694572    0    0  8640 640608 203042 1574272 80 20  1  0  0  0
351  2  62064 69954152 2411816 79694588    0    0  9328 585760 204379 1564046 79 20  1  0  0  0
329  0  62064 69956164 2411816 79694608    0    0 10480 600432 209038 1569250 79 20  1  0  0  0
procs -----------memory---------- ---swap-- -----io---- -system-- -------cpu-------
 r  b   swpd   free   buff  cache   si   so    bi    bo   in   cs us sy id wa st gu
352  0  62064 69949664 2411816 79694628    0    0  7024 620172 205690 1566531 79 20  1  0  0  0
341  0  62064 69947152 2411816 79694644    0    0  8192 601948 198344 1558327 80 20  0  0  0  0
327  2  62064 69947488 2411816 79694648    0    0  9744 684264 206829 1579811 80 20  1  0  0  0
322  0  62064 69947884 2411816 79694660    0    0  7696 593872 203239 1582011 80 19  0  0  0  0
336  0  62064 69947784 2411816 79694676    0    0  8352 619396 203162 1566245 80 20  1  0  0  0
364  0  62064 69945996 2411816 79694696    0    0  8416 641292 201509 1567563 80 20  0  0  0  0
227  0  62064 69938800 2411816 79694708    0    0  8272 600124 200377 1561049 80 20  0  0  0  0
305  0  62064 69934960 2411816 79694724    0    0  7696 599724 204296 1571335 79 20  1  0  0  0
331  0  62064 69945296 2411816 79694736    0    0  8912 633168 204853 1568725 80 20  1  0  0  0
346  0  62064 69946304 2411816 79694752    0    0  9312 639776 201997 1565477 80 20  0  0  0  0
309  1  62064 69937960 2411816 79694772    0    0  8384 604424 201791 1567528 80 20  0  0  0  0
239  1  62064 69936680 2411816 79694784    0    0  8496 609688 201449 1562576 80 20  0  0  0  0
272  3  62064 69938780 2411816 79694796    0    0  9744 639000 208466 1557570 79 20  1  0  0  0
317  0  62064 69941224 2411816 79694808    0    0  9120 598392 205433 1579523 79 20  1  0  0  0
366  0  62064 69941172 2411816 79694824    0    0  8832 630052 201510 1576522 80 20  0  0  0  0
239  2  62064 69934896 2411816 79694840    0    0  7104 651812 208422 1568273 79 20  1  0  0  0
349  1  62064 69929220 2411816 79694856    0    0  8592 574468 203089 1552807 80 20  1  0  0  0
298  0  62064 69929708 2411816 79694876    0    0  8288 589876 202236 1571529 80 20  0  0  0  0
294  1  62064 69926776 2411816 79694888    0    0  9312 688216 208348 1569624 79 20  1  0  0  0
339  0  62064 69931996 2411816 79694900    0    0  7488 591904 196749 1573094 80 19  0  0  0  0
358  0  62064 69932792 2411816 79694912    0    0  8848 622240 199314 1576839 80 19  0  0  0  0
procs -----------memory---------- ---swap-- -----io---- -system-- -------cpu-------
 r  b   swpd   free   buff  cache   si   so    bi    bo   in   cs us sy id wa st gu
361  0  62064 69935760 2411816 79694928    0    0  9696 564180 197092 1569369 80 19  0  0  0  0
200  0  62064 69942488 2411816 79694948    0    0  8896 638412 210233 1586734 79 20  1  0  0  0
316  1  62064 69942768 2411816 79694960    0    0  9840 611980 213538 1587492 79 20  1  0  0  0
275  1  62064 69940656 2411816 79694980    0    0  9696 646796 207538 1560803 79 20  1  0  0  0
349  0  62064 69952472 2411816 79694992    0    0  8320 612352 205316 1556696 79 21  1  0  0  0
357  0  62064 69945640 2411816 79695012    0    0  7024 642384 201859 1562718 80 20  0  0  0  0
276  0  62064 69943096 2411816 79695024    0    0  8720 585884 204802 1564812 79 20  1  0  0  0
254  0  62064 69948628 2411816 79695044    0    0  8928 610632 203770 1568619 79 20  1  0  0  0
354  2  62064 69946900 2411816 79695056    0    0  9312 625720 199997 1569730 80 20  0  0  0  0
359  1  62064 69942584 2411816 79695068    0    0  7728 635632 201279 1566005 80 20  0  0  0  0
290  1  62064 69946684 2411816 79695084    0    0  9376 634916 202004 1571108 80 20  1  0  0  0
341  1  62064 69951300 2411816 79695096    0    0  9200 615660 200876 1561887 80 20  0  0  0  0
283  2  62064 69946184 2411816 79695116    0    0  8960 638460 201099 1561502 80 20  0  0  0  0
343  0  62064 69947880 2411816 79695196    0    0 10192 538804 196882 1566557 80 20  0  0  0  0
345  0  62064 69930924 2411820 79695208    0    0  8656 718312 203564 1573869 80 20  0  0  0  0
364  0  62064 69930460 2411820 79695224    0    0  9136 577236 201458 1578462 80 20  1  0  0  0
228  0  62064 69919680 2411820 79695236    0    0  6944 590468 201113 1589954 81 19  0  0  0  0
205  2  62064 69921484 2411820 79695252    0    0  9280 679188 204810 1580411 80 19  0  0  0  0
332  0  62064 69919756 2411820 79695264    0    0  8816 617304 198588 1562770 80 20  0  0  0  0
272  0  62064 69925252 2411820 79695276    0    0  8288 614836 202603 1565068 80 20  1  0  0  0
164  1  62064 69922400 2411820 79695296    0    0  8352 605512 200928 1567393 80 20  0  0  0  0
procs -----------memory---------- ---swap-- -----io---- -system-- -------cpu-------
 r  b   swpd   free   buff  cache   si   so    bi    bo   in   cs us sy id wa st gu
336  0  62064 69918224 2411820 79695308    0    0  9120 687568 208829 1566385 79 20  1  0  0  0
348  0  62064 69918220 2411820 79695324    0    0  8320 631684 200105 1563756 80 20  0  0  0  0
302  0  62064 69920688 2411820 79695336    0    0  9936 552288 199635 1569611 80 20  0  0  0  0
259  2  62064 69913044 2411820 79695356    0    0  8384 646020 206069 1581215 80 19  1  0  0  0
321  1  62064 69924132 2411820 79695372    0    0  8624 684344 209552 1563533 79 20  1  0  0  0
335  0  62064 69925116 2411820 79695388    0    0  8496 555524 201771 1561640 80 20  0  0  0  0
230  0  62064 69929712 2411820 79695412    0    0  9344 585936 202119 1568978 80 20  0  0  0  0
248  2  62064 69918444 2411820 79695428    0    0  8480 698096 206249 1576726 80 20  1  0  0  0
308  2  62064 69905612 2411820 79695440    0    0  8368 576568 202336 1576646 80 20  0  0  0  0
337  2  62064 69901304 2411820 79695452    0    0 10160 539708 204427 1575399 80 20  1  0  0  0
273  4  62064 69903352 2411820 79695472    0    0  9056 659116 220669 1576350 79 20  1  0  0  0
324  0  62064 69905440 2411820 79695492    0    0  9152 633576 223116 1570321 79 20  1  0  0  0
358  0  62064 69900456 2411820 79695500    0    0  9888 610032 206261 1578446 80 19  1  0  0  0
220  0  62064 69896124 2411820 79695512    0    0  9712 638752 202744 1584742 80 19  0  0  0  0
281  1  62064 69887340 2411820 79695524    0    0  8208 683568 201717 1564325 80 20  1  0  0  0
315  3  62064 69878700 2411820 79695544    0    0  9264 588992 203233 1567880 80 20  1  0  0  0
229  3  62064 69878964 2411820 79695560    0    0  8512 598688 207173 1561808 80 19  0  0  0  0
374  1  62064 69870072 2411820 79695572    0    0  9360 615836 206369 1569615 80 20  1  0  0  0
331  0  62064 69879552 2411820 79695584    0    0  9360 598984 198873 1567724 80 20  0  0  0  0
323  3  62064 69877144 2411820 79695600    0    0  8528 706448 206194 1568800 80 20  1  0  0  0
333  2  62064 69876648 2411820 79695620    0    0  8352 589932 202474 1556846 79 20  1  0  0  0
procs -----------memory---------- ---swap-- -----io---- -system-- -------cpu-------
 r  b   swpd   free   buff  cache   si   so    bi    bo   in   cs us sy id wa st gu
308  1  62064 69866120 2411820 79695636    0    0  8320 628832 202215 1570241 80 20  1  0  0  0
356  0  62064 69862988 2411820 79695648    0    0  8640 616216 203934 1562196 80 20  1  0  0  0
338  0  62064 69859544 2411820 79695664    0    0  9248 637980 203235 1557516 80 20  1  0  0  0
361  0  62064 69862628 2411820 79695676    0    0  8912 566756 201544 1562368 80 20  1  0  0  0
241  0  62064 69857528 2411820 79695696    0    0  8176 615004 198417 1565069 80 20  0  0  0  0
331  0  62064 69861124 2411820 79695712    0    0  9312 583948 202491 1550982 79 20  1  0  0  0
357  1  62064 69861752 2411820 79695728    0    0  8896 630552 203104 1561106 79 20  0  0  0  0
292  0  62064 69850916 2411820 79695740    0    0  7776 610496 201579 1582173 80 20  0  0  0  0
308  3  62064 69846256 2411820 79695748    0    0  8480 674672 205994 1573624 80 20  0  0  0  0
322  4  62064 69858716 2411820 79695768    0    0  8336 681236 210248 1585015 79 19  1  0  0  0
379  0  62064 69857616 2411820 79695780    0    0  8384 475664 199059 1569005 80 19  1  0  0  0
262  4  62064 69866680 2411820 79695792    0    0  8608 700668 213020 1578085 79 20  1  0  0  0
343  2  62064 69861648 2411820 79695808    0    0  8352 598036 207108 1577822 79 20  1  0  0  0
343  0  62064 69851864 2411820 79695824    0    0  8960 588860 201348 1568609 80 20  1  0  0  0
324  0  62064 69846244 2411820 79695840    0    0  8704 649284 206242 1571813 79 20  1  0  0  0
168  0  62064 69837320 2411820 79695856    0    0  8112 590608 203815 1567016 79 20  0  0  0  0
268  0  62064 69843492 2411820 79695872    0    0  9264 623232 207071 1573109 79 20  1  0  0  0
329  2  62064 69841784 2411820 79695884    0    0  9152 544640 199667 1553419 79 20  1  0  0  0
291  1  62064 69846028 2411820 79695900    0    0  9296 695472 207338 1572960 79 20  1  0  0  0
312  1  62064 69853384 2411820 79695920    0    0  8272 678748 205901 1569997 79 20  1  0  0  0
338  0  62064 69848984 2411820 79695940    0    0  9040 521304 198637 1573619 80 20  0  0  0  0
procs -----------memory---------- ---swap-- -----io---- -system-- -------cpu-------
 r  b   swpd   free   buff  cache   si   so    bi    bo   in   cs us sy id wa st gu
328  2  62064 69857512 2411820 79695952    0    0  7872 592404 201092 1561959 80 20  0  0  0  0
340  0  62064 69853508 2411820 79695968    0    0  9728 598044 204878 1562647 80 20  1  0  0  0
292  2  62064 69856316 2411820 79695984    0    0  8032 786360 211433 1566662 79 20  1  0  0  0
347  4  62064 69849096 2411820 79695996    0    0  8688 543964 201026 1561869 79 20  1  0  0  0
264  0  62064 69849996 2411820 79696008    0    0  9344 586616 199654 1569304 80 20  0  0  0  0
240  4  62064 69852916 2411820 79696020    0    0  8048 592812 201726 1569802 80 20  1  0  0  0
350  1  62064 69848900 2411820 79696032    0    0  8800 684112 211261 1583870 80 20  1  0  0  0
293  2  62064 69858716 2411820 79696044    0    0  9216 598136 200445 1571832 80 20  1  0  0  0
315  0  62064 69854596 2411820 79696056    0    0  8992 598532 201452 1576952 80 20  0  0  0  0
344  0  62064 69851944 2411820 79696076    0    0  7248 677904 203509 1572062 80 20  0  0  0  0
327  0  62064 69846972 2411820 79696160    0    0 10016 577396 203176 1566887 80 20  1  0  0  0
343  0  62064 69852276 2411820 79696172    0    0  9040 670212 205257 1553383 79 20  1  0  0  0
342  2  62064 69844280 2411820 79696188    0    0  9184 550316 199144 1566453 80 20  0  0  0  0
361  0  62064 69841212 2411820 79696204    0    0  8272 601528 203272 1574678 80 20  0  0  0  0
207  0  62064 69849912 2411820 79696224    0    0 10288 643368 207857 1582789 79 20  1  0  0  0
291  0  62064 69847460 2411820 79696244    0    0  9248 616680 201585 1570217 80 20  0  0  0  0
253  1  62064 69859104 2411820 79696260    0    0  7824 608856 200081 1567380 80 20  1  0  0  0
318  1  62064 69855920 2411820 79696276    0    0  8384 673156 202972 1578406 80 20  0  0  0  0
370  0  62064 69858284 2411820 79696288    0    0  9104 579116 199602 1562497 80 20  0  0  0  0
343  1  62064 69863404 2411820 79696308    0    0  9248 654520 209180 1565330 80 20  1  0  0  0
306  2  62064 69856304 2411820 79696320    0    0  8688 626040 203024 1566385 80 20  1  0  0  0
procs -----------memory---------- ---swap-- -----io---- -system-- -------cpu-------
 r  b   swpd   free   buff  cache   si   so    bi    bo   in   cs us sy id wa st gu
312  1  62064 69849300 2411820 79696328    0    0 10160 587952 203327 1573183 80 20  1  0  0  0
305  0  62064 69855916 2411820 79696344    0    0  9872 571760 203591 1571337 80 20  1  0  0  0
269  1  62064 69849532 2411820 79696356    0    0  9648 640784 202551 1584048 80 19  0  0  0  0
346  0  62064 69868216 2411820 79696368    0    0  6688 716124 209280 1573664 79 20  1  0  0  0
289  1  62064 69880512 2411820 79696380    0    0  9744 580152 200201 1566579 80 20  0  0  0  0
362  0  62064 69870476 2411820 79696404    0    0  8128 637664 202396 1563450 79 20  1  0  0  0
186  0  62064 69866720 2411820 79696416    0    0  8528 632176 202668 1561138 80 20  1  0  0  0
346  0  62064 69871936 2411820 79696432    0    0  9200 586612 201561 1575025 80 20  0  0  0  0
357  0  62064 69869220 2411820 79696448    0    0  9360 601220 202016 1558743 80 20  1  0  0  0
313  0  62064 69879352 2411820 79696464    0    0  9264 646508 204569 1562058 80 20  1  0  0  0
344  0  62064 69871972 2411820 79696480    0    0  7712 634520 206447 1580587 80 20  0  0  0  0
354  0  62064 69871880 2411820 79696496    0    0  8896 624504 198990 1570662 80 20  0  0  0  0
342  0  62064 69875980 2411820 79696512    0    0  8976 634548 203722 1565975 80 20  0  0  0  0
335  0  62064 69878612 2411820 79696524    0    0  8608 607912 200909 1562208 80 20  0  0  0  0
350  1  62064 69876408 2411820 79696540    0    0  7216 597908 199526 1585015 80 19  0  0  0  0
305  1  62064 69876704 2411820 79696556    0    0  9616 636772 205766 1568290 79 20  1  0  0  0
220  0  62064 69874876 2411820 79696572    0    0  9104 660756 203270 1568708 80 20  1  0  0  0
262  0  62064 69868220 2411820 79696584    0    0  8528 622656 205326 1562660 79 20  1  0  0  0
352  0  62064 69872180 2411820 79696592    0    0  7920 615068 202079 1573851 80 20  0  0  0  0
350  0  62064 69866812 2411820 79696608    0    0  9440 631200 206141 1588547 80 20  1  0  0  0
284  1  62064 69874464 2411820 79696616    0    0  9424 615516 199684 1563536 80 20  0  0  0  0
procs -----------memory---------- ---swap-- -----io---- -system-- -------cpu-------
 r  b   swpd   free   buff  cache   si   so    bi    bo   in   cs us sy id wa st gu
351  0  62064 69884624 2411820 79696636    0    0  8368 620060 199243 1570107 80 20  1  0  0  0
342  2  62064 69883972 2411820 79696652    0    0  8992 553264 201262 1575157 80 20  0  0  0  0
212  1  62064 69884452 2411820 79696664    0    0  8864 690656 202936 1565171 80 20  0  0  0  0
363  0  62064 69878712 2411820 79696680    0    0  8752 611200 202076 1578706 80 20  0  0  0  0
330  0  62064 69881036 2411820 79696696    0    0  8288 622416 201811 1585026 80 20  0  0  0  0
337  1  62064 69887844 2411820 79696712    0    0  9856 623748 203873 1584017 80 20  0  0  0  0
325  0  62064 69885032 2411820 79696724    0    0  9008 617696 204257 1572492 80 20  0  0  0  0
348  0  62064 69881816 2411820 79696736    0    0  8848 612624 201789 1568387 80 20  0  0  0  0
262  0  62064 69877644 2411820 79696752    0    0  7840 544332 196033 1564918 80 20  0  0  0  0
339  0  62064 69877048 2411820 79696768    0    0  9216 663532 203682 1583173 80 20  0  0  0  0
357  0  62064 69875032 2411820 79696788    0    0  8752 645652 200814 1579653 80 20  0  0  0  0
248  0  62064 69884076 2411820 79696796    0    0  8448 618724 203348 1570760 80 20  0  0  0  0
341  0  62064 69871060 2411820 79696812    0    0  7952 621840 201542 1561445 80 20  0  0  0  0
227  0  62064 69869960 2411820 79696832    0    0  8688 619000 202370 1559426 79 20  1  0  0  0
344  0  62064 69868068 2411820 79696848    0    0  8672 616704 199944 1567682 80 20  0  0  0  0
164  0  62064 69870612 2411820 79696864    0    0  8336 619932 204472 1575520 80 19  0  0  0  0
292  0  62064 69870116 2411820 79696872    0    0  8800 613436 204903 1584643 80 19  1  0  0  0
264  0  62064 69874044 2411820 79696884    0    0  9808 607340 203423 1560282 80 19  1  0  0  0
308  0  62064 69870504 2411820 79696900    0    0  8096 626416 202536 1566163 80 20  0  0  0  0
309  0  62064 69864404 2411820 79696916    0    0  8368 617316 200153 1569503 80 20  0  0  0  0
310  0  62064 69862600 2411820 79696936    0    0  8960 616720 201294 1564135 80 20  1  0  0  0
procs -----------memory---------- ---swap-- -----io---- -system-- -------cpu-------
 r  b   swpd   free   buff  cache   si   so    bi    bo   in   cs us sy id wa st gu
351  0  62064 69871484 2411820 79696952    0    0  8528 613284 209025 1568729 80 20  1  0  0  0
286  0  62064 69876160 2411820 79696964    0    0  8576 611816 203305 1559562 79 20  1  0  0  0
289  0  62064 69881584 2411820 79696988    0    0  7056 616148 209272 1582976 79 20  1  0  0  0
346  1  62064 69887364 2411820 79697000    0    0  9728 614692 209288 1570026 79 20  1  0  0  0
285  1  62064 69888148 2411820 79697012    0    0  9696 614548 207588 1574787 79 20  1  0  0  0
299  0  62064 69889064 2411820 79697028    0    0  9008 585004 201559 1570625 80 20  0  0  0  0
262  0  62064 69891208 2411820 79697040    0    0  6832 654032 201860 1563752 80 20  0  0  0  0
319  0  62064 69885872 2411820 79697128    0    0  8608 612772 204076 1570744 80 20  0  0  0  0
343  0  62064 69877496 2411820 79697144    0    0 10224 614692 201886 1568138 80 20  0  0  0  0
310  0  62064 69877344 2411824 79697200    0    0  8480 618912 200272 1560208 80 20  0  0  0  0
310  0  62064 69883616 2411824 79697208    0    0  8032 618808 202801 1571894 80 20  1  0  0  0
272  0  62064 69880580 2411824 79697220    0    0  8112 615612 204248 1573782 80 20  0  0  0  0
285  0  62064 69879264 2411824 79697236    0    0  9216 614960 201750 1592082 80 20  0  0  0  0
326  0  62064 69877792 2411824 79697248    0    0  7616 619812 199516 1568430 81 19  0  0  0  0
257  0  62064 69880144 2411824 79697264    0    0  9008 618296 200483 1559186 80 20  1  0  0  0
306  0  62064 69868828 2411824 79697276    0    0  9952 614944 208051 1573337 79 20  1  0  0  0
320  0  62064 69869476 2411824 79697288    0    0  8336 617196 196503 1563022 80 19  0  0  0  0
302  0  62064 69864040 2411824 79697308    0    0  6464 617812 198803 1563752 80 20  0  0  0  0
332  0  62064 69871028 2411824 79697324    0    0  8592 614916 203160 1569798 79 20  0  0  0  0
353  0  62064 69865772 2411824 79697336    0    0 10368 615668 203745 1570611 79 20  1  0  0  0
266  0  62064 69865316 2411824 79697348    0    0  9664 614188 199783 1569824 80 20  0  0  0  0
procs -----------memory---------- ---swap-- -----io---- -system-- -------cpu-------
 r  b   swpd   free   buff  cache   si   so    bi    bo   in   cs us sy id wa st gu
294  0  62064 69860120 2411824 79697364    0    0  6832 617864 201984 1570538 79 20  0  0  0  0
284  0  62064 69858196 2411824 79697380    0    0  8624 613512 207184 1571044 80 20  1  0  0  0
265  0  62064 69854092 2411824 79697400    0    0  8752 614332 202116 1558098 80 20  0  0  0  0
327  0  62064 69853772 2411824 79697412    0    0  9136 617772 204918 1556226 79 20  1  0  0  0
323  0  62064 69853168 2411824 79697428    0    0  7856 616824 201959 1572485 80 20  0  0  0  0
348  0  62064 69847512 2411824 79697444    0    0  9056 612764 206366 1565690 79 20  1  0  0  0
318  1  62064 69847700 2411824 79697456    0    0  9072 614576 198794 1562435 80 20  0  0  0  0
299  0  62064 69846908 2411824 79697472    0    0  8336 618108 200788 1564894 80 20  0  0  0  0
346  1  62064 69839612 2411824 79697484    0    0  6304 617696 202231 1582939 80 20  1  0  0  0
294  0  62064 69845640 2411824 79697492    0    0  8432 614992 202883 1589159 81 19  0  0  0  0
344  0  62064 69840260 2411824 79697516    0    0  8224 616428 201326 1572875 80 19  0  0  0  0
277  0  62064 69836900 2411824 79697528    0    0  9344 616176 205310 1570167 80 20  1  0  0  0
249  0  62064 69838808 2411828 79697544    0    0  7488 619824 198884 1563569 80 20  0  0  0  0
255  0  62064 69839816 2411828 79697564    0    0  9344 616940 201859 1570884 80 20  0  0  0  0
370  0  62064 69835340 2411828 79697576    0    0  8528 622212 201739 1571456 80 20  0  0  0  0
296  1  62064 69855336 2411828 79697592    0    0  8416 615544 206290 1570743 80 20  1  0  0  0
343  0  62064 69852124 2411828 79697604    0    0  7584 616300 205510 1571715 80 20  1  0  0  0
324  1  62064 69846980 2411828 79697620    0    0  9296 616064 200980 1572397 80 20  0  0  0  0
202  0  62064 69835944 2411828 79697636    0    0  8432 618580 201425 1564583 80 20  1  0  0  0
331  0  62064 69833892 2411828 79697652    0    0  9440 616384 203977 1572959 80 20  1  0  0  0
318  0  62064 69840444 2411828 79697668    0    0  8368 613680 205525 1562923 79 20  1  0  0  0
procs -----------memory---------- ---swap-- -----io---- -system-- -------cpu-------
 r  b   swpd   free   buff  cache   si   so    bi    bo   in   cs us sy id wa st gu
259  0  62064 69836908 2411828 79697680    0    0  9728 615664 202053 1561292 80 20  0  0  0  0
326  0  62064 69841944 2411828 79697692    0    0  8256 613732 206680 1564423 79 20  1  0  0  0
342  0  62064 69838008 2411828 79697716    0    0  7936 617220 198568 1565409 80 20  0  0  0  0
340  0  62064 69830704 2411828 79697724    0    0  8336 616496 206855 1576730 79 20  1  0  0  0
259  0  62064 69836304 2411828 79697740    0    0  8816 620724 200258 1569003 80 20  0  0  0  0
331  0  62064 69838024 2411828 79697756    0    0  8160 618280 203010 1570927 80 19  1  0  0  0
270  0  62064 69833776 2411828 79697764    0    0  7456 621296 201848 1570939 80 19  0  0  0  0
353  1  62064 69843140 2411828 79697780    0    0  9872 615020 202347 1571665 80 20  1  0  0  0
255  1  62064 69846804 2411828 79697796    0    0  8224 620904 202012 1550405 79 20  1  0  0  0
207  0  62064 69845096 2411828 79697816    0    0  9840 614184 204695 1567251 79 20  1  0  0  0
290  1  62064 69841976 2411828 79697828    0    0  8736 618888 199631 1562997 80 20  0  0  0  0
365  0  62064 69842448 2411828 79697844    0    0  8768 615768 200102 1568018 80 20  0  0  0  0
355  0  62064 69836312 2411828 79697860    0    0  9088 620180 200826 1558710 80 20  0  0  0  0
242  0  62064 69838776 2411828 79697872    0    0  7760 616584 201121 1559727 80 20  1  0  0  0
309  0  62064 69842576 2411828 79697900    0    0  9600 617624 203562 1569978 80 20  0  0  0  0
345  0  62064 69840836 2411828 79697912    0    0  8528 618804 205122 1567922 80 20  0  0  0  0
316  1  62064 69832400 2411828 79697924    0    0  9216 619588 203496 1565265 79 20  1  0  0  0
345  0  62064 69827368 2411828 79697940    0    0  7472 619896 201587 1559771 80 20  1  0  0  0
310  0  62064 69832760 2411828 79697960    0    0  7488 617712 205645 1566450 79 20  1  0  0  0
311  0  62064 69832396 2411828 79697972    0    0  9856 621636 205525 1559804 80 20  1  0  0  0
358  0  62064 69828652 2411828 79697984    0    0  9136 615952 206829 1577200 80 20  1  0  0  0
procs -----------memory---------- ---swap-- -----io---- -system-- -------cpu-------
 r  b   swpd   free   buff  cache   si   so    bi    bo   in   cs us sy id wa st gu
343  0  62064 69825264 2411828 79698004    0    0  7264 618244 199385 1565658 80 20  0  0  0  0
313  0  62064 69818600 2411828 79698012    0    0  8864 612884 203340 1579120 80 19  0  0  0  0
345  1  62064 69823604 2411828 79698028    0    0  8368 617240 203051 1592579 80 19  0  0  0  0
324  1  62064 69824356 2411828 79698040    0    0  8752 615476 203589 1575699 80 20  1  0  0  0
245  0  62064 69821412 2411828 79698116    0    0  6912 621620 201087 1565401 80 20  0  0  0  0
325  0  62064 69817324 2411828 79698136    0    0  8512 615908 203513 1566668 80 20  1  0  0  0
287  0  62064 69821208 2411828 79698156    0    0  7840 617188 199942 1568962 80 20  0  0  0  0
372  0  62064 69821424 2411828 79698176    0    0  8368 621588 199681 1571937 80 20  0  0  0  0
322  0  62064 69825536 2411828 79698188    0    0  7792 617288 202291 1554459 80 20  1  0  0  0
345  1  62064 69827168 2411828 79698204    0    0  8832 613064 200566 1556139 80 20  0  0  0  0
322  0  62064 69821536 2411828 79698216    0    0  8960 612736 201750 1574079 79 20  1  0  0  0
281  0  62064 69833436 2411828 79698232    0    0  8288 612060 204357 1566352 80 20  1  0  0  0
303  0  62064 69826020 2411828 79698256    0    0  7968 612184 204427 1567985 79 20  1  0  0  0
255  0  62064 69825624 2411828 79698264    0    0  9360 608268 208496 1565083 79 20  1  0  0  0
336  0  62064 69835652 2411828 79698284    0    0  9504 612544 201787 1569022 80 20  1  0  0  0
321  0  62064 69839416 2411828 79698304    0    0  9152 611472 202743 1573792 80 20  0  0  0  0
297  0  62064 69847552 2411828 79698312    0    0  7456 613148 199128 1567111 80 20  0  0  0  0
276  0  62064 69843664 2411828 79698324    0    0  8768 612536 199363 1560341 80 20  0  0  0  0
191  2  62064 69837808 2411828 79698336    0    0  8032 611212 200320 1562691 79 20  1  0  0  0
220  1  62064 69836784 2411828 79698352    0    0  8288 612812 206019 1584163 80 19  1  0  0  0
372  0  62064 69835984 2411828 79698360    0    0  8144 611800 201440 1584791 80 19  0  0  0  0
procs -----------memory---------- ---swap-- -----io---- -system-- -------cpu-------
 r  b   swpd   free   buff  cache   si   so    bi    bo   in   cs us sy id wa st gu
331  0  62064 69846488 2411828 79698372    0    0  9184 615624 201394 1566557 80 20  0  0  0  0
326  1  62064 69840220 2411828 79698392    0    0  8544 610936 202019 1559431 80 20  1  0  0  0
258  0  62064 69841728 2411828 79698416    0    0  8656 614272 200131 1555763 80 20  0  0  0  0
237  0  62064 69836380 2411828 79698424    0    0  9392 609072 203574 1573587 80 20  1  0  0  0
322  0  62064 69833140 2411828 79698440    0    0  9952 616284 198387 1559147 80 20  0  0  0  0
321  0  62064 69832288 2411828 79698456    0    0  8688 615504 201135 1547398 79 20  0  0  0  0
212  0  62064 69852388 2411828 79698472    0    0  8336 612904 211229 1570965 78 20  2  0  0  0
307  0  62064 69853824 2411828 79698492    0    0  8384 615076 205528 1570376 79 20  0  0  0  0
342  0  62064 69853824 2411828 79698504    0    0  9552 612588 203634 1566821 80 20  0  0  0  0
168  0  62064 69851468 2411828 79698516    0    0  8960 611724 200855 1557526 80 20  0  0  0  0
339  0  62064 69852652 2411828 79698540    0    0  7824 615828 203910 1563730 79 20  1  0  0  0
208  0  62064 69852312 2411828 79698556    0    0  8960 612560 201600 1557730 80 20  0  0  0  0
344  0  62064 69856252 2411832 79698572    0    0  8816 613060 207235 1563160 79 20  1  0  0  0
311  0  62064 69854000 2411832 79698588    0    0  7696 614700 200669 1573814 80 20  0  0  0  0
342  0  62064 69851592 2411832 79698596    0    0  8176 614144 202280 1575899 80 20  0  0  0  0
309  0  62064 69852096 2411832 79698616    0    0  8944 614944 216303 1576197 80 20  1  0  0  0
229  0  62064 69841324 2411832 79698632    0    0  8496 612336 205898 1574755 80 19  1  0  0  0
305  0  62064 69853628 2411832 79698640    0    0  7024 613892 202297 1558547 80 20  0  0  0  0
262  0  62064 69851920 2411832 79698656    0    0  8640 614864 204090 1567670 79 20  1  0  0  0
312  0  62064 69857960 2411832 79698668    0    0  7504 617328 203693 1573020 80 20  1  0  0  0
245  0  62064 69850452 2411832 79698688    0    0  8640 615320 201660 1563023 79 20  0  0  0  0
procs -----------memory---------- ---swap-- -----io---- -system-- -------cpu-------
 r  b   swpd   free   buff  cache   si   so    bi    bo   in   cs us sy id wa st gu
341  0  62064 69845460 2411832 79698700    0    0  8048 620736 201661 1562807 79 20  0  0  0  0
229  0  62064 69847004 2411832 79698716    0    0  8240 616912 215646 1565929 80 20  0  0  0  0
376  1  62064 69849208 2411832 79698732    0    0  8544 617396 205677 1571471 80 20  1  0  0  0
322  1  62064 69856704 2411832 79698748    0    0  9280 616616 203597 1559150 80 20  1  0  0  0
287  0  62064 69863192 2411832 79698760    0    0  8240 617872 201727 1570688 80 20  1  0  0  0
319  2  62064 69868264 2411832 79698776    0    0  8064 614384 205739 1573307 79 20  1  0  0  0
238  0  62064 69864148 2411832 79698796    0    0  9488 617888 208216 1570539 79 20  1  0  0  0
304  0  62064 69858248 2411832 79698808    0    0  8608 612620 209875 1572270 80 20  1  0  0  0
333  0  62064 69849016 2411832 79698820    0    0  7616 613476 207062 1570222 80 20  0  0  0  0
253  0  62064 69840736 2411832 79698840    0    0  8848 613100 206432 1558471 79 20  1  0  0  0
359  0  62064 69847980 2411832 79698848    0    0 10064 615728 210491 1556106 79 20  1  0  0  0
231  0  62064 69848248 2411832 79698864    0    0  8688 614184 204824 1558396 80 20  0  0  0  0
322  0  62064 69844008 2411832 79698876    0    0  7696 616340 213341 1564145 77 19  4  0  0  0
298  0  62064 69843832 2411832 79698896    0    0  8880 610028 206836 1570235 80 20  1  0  0  0
327  1  62064 69850672 2411832 79698912    0    0  8208 614528 204472 1566476 80 20  1  0  0  0
357  0  62064 69853812 2411832 79698924    0    0  8160 611924 203906 1569139 80 20  1  0  0  0
260  1  62064 69858232 2411832 79698940    0    0  8208 611576 222045 1598412 77 20  2  0  0  0
346  0  62064 69857648 2411832 79698956    0    0  8528 615324 201598 1563276 80 20  0  0  0  0
288  0  62064 69854620 2411832 79698972    0    0  9136 614968 200469 1569455 80 20  0  0  0  0
198  0  62064 69852948 2411832 79698988    0    0  9312 613772 202171 1558411 79 20  1  0  0  0
319  0  62064 69855504 2411832 79699004    0    0  8288 613688 204127 1560561 80 20  0  0  0  0
procs -----------memory---------- ---swap-- -----io---- -system-- -------cpu-------
 r  b   swpd   free   buff  cache   si   so    bi    bo   in   cs us sy id wa st gu
374  0  62064 69847304 2411832 79699024    0    0  9040 618132 201625 1563293 80 20  0  0  0  0
270  0  62064 69854632 2411832 79699128    0    0  8976 614276 200765 1569235 80 19  0  0  0  0
311  0  62064 69837644 2411832 79699140    0    0  7872 617612 205376 1572252 80 20  1  0  0  0
339  0  62064 69836184 2411832 79699156    0    0  8752 617368 202466 1566194 80 20  0  0  0  0
229  0  62064 69847068 2411832 79699164    0    0  8864 615844 204583 1574307 80 20  1  0  0  0
336  0  62064 69849068 2411832 79699184    0    0  8304 618516 199219 1564708 80 20  0  0  0  0
328  1  62064 69859984 2411832 79699196    0    0  8864 616196 202636 1562252 80 20  1  0  0  0
369  0  62064 69850292 2411832 79699208    0    0  9248 614400 201814 1560099 80 20  0  0  0  0
320  0  62064 69854396 2411832 79699220    0    0  8848 619460 204838 1580872 80 19  1  0  0  0
325  0  62064 69850736 2411832 79699232    0    0  8576 619592 204130 1552419 80 20  1  0  0  0
357  0  62064 69861140 2411832 79699244    0    0  7504 619520 206003 1561706 79 20  1  0  0  0
344  0  62064 69866400 2411832 79699260    0    0  9456 622000 203906 1565319 79 20  1  0  0  0
327  0  62064 69857432 2411832 79699284    0    0  9472 620868 199417 1565818 80 19  0  0  0  0
322  0  62064 69863344 2411832 79699288    0    0  8704 614788 204445 1563512 80 20  1  0  0  0
229  0  62064 69864332 2411832 79699312    0    0  7344 616868 200240 1562599 80 20  0  0  0  0
326  0  62064 69861660 2411836 79699324    0    0  8864 617488 201959 1574315 80 20  0  0  0  0
341  0  62064 69854872 2411836 79699348    0    0  8448 616852 199869 1569315 80 20  0  0  0  0
290  0  62064 69855624 2411836 79699364    0    0  8096 614084 203955 1573711 80 20  0  0  0  0
170  0  62064 69867136 2411836 79699384    0    0 10160 616060 202268 1551554 80 20  1  0  0  0
330  0  62064 69868752 2411836 79699388    0    0  9648 615944 204027 1569615 80 20  1  0  0  0
305  0  62064 69864268 2411836 79699400    0    0  9184 616040 202470 1570454 80 20  0  0  0  0
procs -----------memory---------- ---swap-- -----io---- -system-- -------cpu-------
 r  b   swpd   free   buff  cache   si   so    bi    bo   in   cs us sy id wa st gu
311  0  62064 69855512 2411836 79699428    0    0  6608 617116 201820 1566137 80 20  0  0  0  0
234  0  62064 69866832 2411836 79699448    0    0  9008 614260 200448 1561692 80 20  0  0  0  0
321  0  62064 69868992 2411836 79699456    0    0  7664 616008 202767 1554238 79 20  1  0  0  0
312  1  62064 69866080 2411836 79699464    0    0  8512 620380 203428 1562109 79 20  1  0  0  0
276  0  62064 69864668 2411836 79699488    0    0  6896 616176 201848 1560118 79 20  1  0  0  0
326  0  62064 69868748 2411836 79699504    0    0  8336 615916 203311 1587400 80 19  0  0  0  0
365  0  62064 69865680 2411836 79699520    0    0  9120 615380 207502 1576790 80 19  1  0  0  0
359  0  62064 69865644 2411836 79699532    0    0  7648 615600 198363 1579601 80 20  0  0  0  0
252  0  62064 69869012 2411836 79699548    0    0  8112 610856 203029 1579995 80 20  0  0  0  0
352  0  62064 69870444 2411836 79699576    0    0  9264 611508 199793 1581948 80 20  0  0  0  0
310  0  62064 69878748 2411836 79699580    0    0  8656 612048 202308 1564217 80 20  1  0  0  0
281  0  62064 69871888 2411836 79699588    0    0  8560 613568 202895 1574395 80 20  0  0  0  0
148  0  62064 69868552 2411836 79699608    0    0  8480 611188 207125 1561850 79 20  1  0  0  0
278  0  62064 69868368 2411836 79699624    0    0  8960 610780 203266 1567251 80 20  0  0  0  0
275  0  62064 69866232 2411836 79699644    0    0  8528 617408 203812 1567213 80 20  1  0  0  0
310  0  62064 69863720 2411836 79699648    0    0  9264 613204 201661 1568174 80 20  0  0  0  0
346  0  62064 69861276 2411836 79699664    0    0  7264 612080 204154 1561295 79 20  1  0  0  0
295  0  62064 69868284 2411836 79699688    0    0 10608 610288 200649 1566078 80 20  0  0  0  0
244  0  62064 69866972 2411836 79699704    0    0  8816 611912 205150 1565188 79 20  1  0  0  0
314  0  62064 69858780 2411836 79699712    0    0  7328 613272 203764 1575154 79 20  1  0  0  0
324  0  62064 69865336 2411836 79699720    0    0  9360 612244 205150 1558371 79 20  1  0  0  0
procs -----------memory---------- ---swap-- -----io---- -system-- -------cpu-------
 r  b   swpd   free   buff  cache   si   so    bi    bo   in   cs us sy id wa st gu
282  1  62064 69862812 2411836 79699736    0    0  9136 614560 198821 1562203 80 20  0  0  0  0
234  0  62064 69861372 2411836 79699752    0    0  8880 613792 202994 1561040 80 20  0  0  0  0
347  0  62064 69857832 2411836 79699764    0    0  9312 612468 207684 1586872 80 19  1  0  0  0
304  1  62064 69860204 2411836 79699780    0    0  8688 610580 203695 1570448 80 19  1  0  0  0
152  0  62064 69863448 2411836 79699796    0    0 10368 611264 207478 1575318 79 20  1  0  0  0
296  1  62064 69861968 2411836 79699808    0    0  9136 614656 200871 1565050 80 20  0  0  0  0
188  1  62064 69856732 2411836 79699824    0    0  7472 610896 204699 1563317 79 20  1  0  0  0
168  0  62064 69856076 2411836 79699836    0    0  9568 611220 202989 1555675 79 20  1  0  0  0
368  0  62064 69855124 2411836 79699852    0    0  8320 614528 205654 1565629 79 20  1  0  0  0
350  0  62064 69856704 2411836 79699868    0    0  7744 613268 201066 1572754 80 20  0  0  0  0
354  0  62064 69856836 2411836 79699884    0    0  9264 609036 201389 1569717 80 19  0  0  0  0
343  0  62064 69854696 2411836 79699900    0    0  7968 610380 206690 1575233 79 20  1  0  0  0
341  0  62064 69853480 2411836 79699920    0    0  9728 617984 200767 1565902 80 20  0  0  0  0
278  0  62064 69852784 2411840 79699936    0    0  7840 612912 199237 1576132 80 20  0  0  0  0
342  0  62064 69854816 2411840 79699952    0    0  9376 610908 204500 1569384 79 20  1  0  0  0
207  0  62064 69861232 2411840 79699964    0    0  8160 607952 202539 1575792 80 20  1  0  0  0
305  0  62064 69856824 2411840 79699980    0    0  8304 617856 203772 1554786 79 20  1  0  0  0
150  0  62064 69860424 2411840 79699996    0    0  8560 616352 202249 1562285 80 20  0  0  0  0
305  1  62064 69856112 2411840 79700080    0    0  9120 610308 200668 1573242 80 20  0  0  0  0
300  0  62064 69848996 2411840 79700100    0    0  8912 610004 199629 1574340 80 20  0  0  0  0
299  0  62064 69851612 2411840 79700112    0    0  8432 615612 198843 1578598 80 19  1  0  0  0
procs -----------memory---------- ---swap-- -----io---- -system-- -------cpu-------
 r  b   swpd   free   buff  cache   si   so    bi    bo   in   cs us sy id wa st gu
343  0  62064 69849212 2411840 79700124    0    0  8320 614328 202980 1572747 80 19  1  0  0  0
284  0  62064 69854364 2411840 79700140    0    0  9760 608564 203249 1561522 79 20  1  0  0  0
317  0  62064 69849820 2411840 79700152    0    0  9152 612704 200641 1566393 80 20  0  0  0  0
272  0  62064 69850828 2411840 79700172    0    0  8000 618136 200789 1565716 79 20  0  0  0  0
373  0  62064 69843076 2411840 79700184    0    0  8768 616652 202211 1571991 80 20  1  0  0  0
339  0  62064 69847652 2411840 79700196    0    0  8368 612636 206582 1582858 79 20  1  0  0  0
359  0  62064 69848096 2411840 79700212    0    0  9776 614472 204316 1572318 80 20  1  0  0  0
328  0  62064 69858600 2411840 79700232    0    0  7232 618384 205706 1564739 80 20  1  0  0  0
342  0  62064 69865860 2411840 79700248    0    0  9136 615564 203970 1570131 79 20  1  0  0  0
356  0  62064 69870160 2411840 79700264    0    0  8480 617552 202004 1564795 80 20  1  0  0  0
277  0  62064 69867024 2411840 79700280    0    0  8112 617388 200168 1562033 80 20  0  0  0  0
318  0  62064 69866740 2411840 79700288    0    0  8480 614312 203644 1567189 80 20  0  0  0  0
345  0  62064 69867784 2411840 79700312    0    0  9968 616404 198654 1566270 80 20  0  0  0  0
311  0  62064 69873228 2411840 79700324    0    0  9536 612116 205354 1565928 79 20  1  0  0  0
309  0  62064 69870760 2411840 79700340    0    0  9024 616176 201562 1573670 80 20  1  0  0  0
298  0  62064 69870844 2411840 79700356    0    0  9024 614056 203794 1570324 80 20  1  0  0  0
321  0  62064 69860100 2411840 79700368    0    0  9360 618184 199631 1574076 80 20  0  0  0  0
262  1  62064 69865308 2411840 79700380    0    0  9616 613332 203044 1570809 80 20  1  0  0  0
238  1  62064 69859508 2411840 79700388    0    0  8384 620484 205962 1576222 80 19  1  0  0  0
323  0  62064 69863576 2411840 79700404    0    0  8800 616176 204843 1572700 80 20  1  0  0  0
202  0  62064 69859944 2411840 79700424    0    0  9504 613276 205688 1585913 79 20  1  0  0  0
procs -----------memory---------- ---swap-- -----io---- -system-- -------cpu-------
 r  b   swpd   free   buff  cache   si   so    bi    bo   in   cs us sy id wa st gu
340  0  62064 69861636 2411840 79700440    0    0  8368 616120 200820 1576025 80 20  0  0  0  0
280  0  62064 69858960 2411840 79700452    0    0  8144 620080 204367 1574049 80 19  1  0  0  0
367  0  62064 69859976 2411840 79700468    0    0  9120 618300 203655 1573915 80 20  0  0  0  0
206  2  62064 69849568 2411840 79700484    0    0  8480 616332 204182 1574411 80 19  0  0  0  0
191  0  62064 69854068 2411840 79700504    0    0 10192 617452 204771 1578600 80 20  1  0  0  0
268  1  62064 69848324 2411840 79700516    0    0  9072 619644 203095 1573190 80 20  1  0  0  0
343  0  62064 69851268 2411840 79700532    0    0  9344 611996 204180 1570096 80 20  1  0  0  0
337  0  62064 69850328 2411840 79700544    0    0  9088 613664 198711 1569768 79 20  1  0  0  0
143  0  62064 69850404 2411840 79700560    0    0  7376 616992 204833 1562057 80 20  1  0  0  0
201  0  62064 69852412 2411840 79700580    0    0  9680 615668 208055 1574693 79 20  1  0  0  0
353  0  62064 69856140 2411840 79700592    0    0 10208 613620 208564 1568838 79 20  1  0  0  0
287  1  62064 69852652 2411840 79700604    0    0 10064 615768 204192 1574516 80 20  1  0  0  0
345  0  62064 69857416 2411840 79700620    0    0  9696 620244 210589 1561449 79 20  1  0  0  0
259  0  62064 69851628 2411840 79700632    0    0  8736 612748 202116 1575750 80 20  0  0  0  0
296  0  62064 69853876 2411840 79700652    0    0  8784 613772 205008 1589148 80 20  0  0  0  0
251  0  62064 69863636 2411840 79700660    0    0  6912 617236 201361 1566583 80 19  1  0  0  0
321  0  62064 69863160 2411840 79700672    0    0  8320 617100 199330 1570566 80 20  1  0  0  0
299  0  62064 69867756 2411840 79700688    0    0  8768 615124 204792 1571801 80 20  1  0  0  0
161  0  62064 69863632 2411840 79700708    0    0  9040 614908 199642 1569191 80 19  1  0  0  0
312  0  62064 69869476 2411840 79700728    0    0  8096 617440 203225 1572083 80 20  0  0  0  0
364  0  62064 69872960 2411840 79700740    0    0  9632 619892 201588 1565195 80 20  1  0  0  0
procs -----------memory---------- ---swap-- -----io---- -system-- -------cpu-------
 r  b   swpd   free   buff  cache   si   so    bi    bo   in   cs us sy id wa st gu
208  0  62064 69867828 2411840 79700752    0    0  9968 618892 206674 1568875 80 20  1  0  0  0
269  1  62064 69874872 2411840 79700768    0    0 11024 614472 211175 1573983 79 20  1  0  0  0
280  0  62064 69877832 2411840 79700784    0    0  8848 618712 206592 1568279 79 20  1  0  0  0
295  0  62064 69867712 2411840 79700800    0    0  8832 638664 201843 1573112 80 20  1  0  0  0
330  2  62064 69865148 2411840 79700812    0    0  8336 645012 205825 1573858 80 20  1  0  0  0
301  0  62064 69860612 2411840 79700828    0    0  6944 625544 201846 1567578 80 20  1  0  0  0
300  0  62064 69844900 2411840 79700844    0    0  8368 617520 201616 1570419 80 20  0  0  0  0
280  0  62064 69851020 2411840 79700860    0    0  8672 619056 199565 1564354 80 20  0  0  0  0
255  0  62064 69853844 2411840 79700880    0    0  8624 645844 206492 1578225 80 20  1  0  0  0
326  0  62064 69846760 2411840 79700892    0    0  8512 621736 203989 1576117 80 20  1  0  0  0
299  0  62064 69845440 2411844 79700908    0    0  8592 624820 205204 1585717 80 19  1  0  0  0
383  0  62064 69846620 2411844 79700916    0    0  8384 645724 203200 1584236 80 19  1  0  0  0
292  0  62064 69845372 2411844 79700932    0    0  8288 625744 199414 1567045 80 19  0  0  0  0
362  1  62064 69838796 2411844 79700952    0    0  7936 621392 206360 1568456 79 20  1  0  0  0
149  4  62064 69847492 2411844 79700964    0    0  9680 604940 203416 1567124 80 20  1  0  0  0
294  0  62064 69846540 2411844 79701048    0    0  9120 658952 203109 1566461 79 20  1  0  0  0
309  0  62064 69850356 2411844 79701068    0    0  9040 624932 202603 1563759 80 20  1  0  0  0
314  0  62064 69849796 2411844 79701080    0    0  6768 645296 206506 1583385 79 20  1  0  0  0
374  2  62064 69851556 2411844 79701100    0    0  9168 632172 204570 1569141 80 20  1  0  0  0
264  0  62064 69853072 2411844 79701116    0    0  8592 620296 202210 1563289 80 20  0  0  0  0
266  2  62064 69856232 2411844 79701132    0    0  8496 621564 207809 1580992 79 20  1  0  0  0
procs -----------memory---------- ---swap-- -----io---- -system-- -------cpu-------
 r  b   swpd   free   buff  cache   si   so    bi    bo   in   cs us sy id wa st gu
353  0  62064 69845664 2411844 79701144    0    0  7744 640456 205827 1571456 80 20  1  0  0  0
213  1  62064 69839476 2411844 79701156    0    0  8352 629060 207394 1589158 79 20  1  0  0  0
244  0  62064 69828884 2411844 79701168    0    0  8496 606076 201636 1568821 80 20  1  0  0  0
317  2  62064 69825892 2411844 79701188    0    0 10016 663064 204685 1583711 80 20  0  0  0  0
328  0  62064 69825524 2411844 79701200    0    0  7200 617956 204015 1562798 79 20  1  0  0  0
281  0  62064 69832012 2411844 79701216    0    0  7904 607624 203127 1576556 80 20  1  0  0  0
353  0  62064 69829348 2411844 79701232    0    0  8096 656064 204070 1577307 80 20  0  0  0  0
216  0  62064 69823980 2411844 79701248    0    0  9280 637836 203928 1594401 80 19  1  0  0  0
332  2  62064 69830732 2411844 79701260    0    0  7536 633228 206491 1574424 80 19  1  0  0  0
326  1  62064 69835720 2411844 79701276    0    0  8800 567256 201490 1564999 80 20  1  0  0  0
344  1  62064 69839908 2411844 79701292    0    0  8368 675332 202573 1562552 79 20  1  0  0  0
342  0  62064 69834084 2411844 79701308    0    0  8448 628780 205227 1579241 80 20  0  0  0  0
301  0  62064 69829852 2411844 79701328    0    0  7984 623384 200221 1557751 79 20  1  0  0  0
373  0  62064 69827464 2411844 79701344    0    0  8224 633256 205777 1571824 80 20  0  0  0  0
350  0  62064 69834128 2411844 79701360    0    0  7984 650728 202548 1580983 80 20  0  0  0  0
361  0  62064 69834660 2411844 79701376    0    0  9120 611336 201073 1571386 80 20  0  0  0  0
240  0  62064 69829996 2411844 79701400    0    0  7760 643876 202968 1578227 80 20  0  0  0  0
368  0  62064 69830760 2411844 79701408    0    0  8640 617316 199931 1570271 80 20  0  0  0  0
296  1  62064 69829424 2411844 79701436    0    0  8400 608408 205063 1581137 80 20  1  0  0  0
354  0  62064 69825644 2411844 79701452    0    0  7968 660820 202900 1581512 80 20  0  0  0  0
292  0  62064 69822556 2411844 79701468    0    0  8624 601764 204785 1573523 80 20  1  0  0  0
procs -----------memory---------- ---swap-- -----io---- -system-- -------cpu-------
 r  b   swpd   free   buff  cache   si   so    bi    bo   in   cs us sy id wa st gu
321  0  62064 69816452 2411844 79701480    0    0  8848 615480 206247 1573430 80 20  1  0  0  0
180  1  62064 69823708 2411844 79701492    0    0  8800 619120 201250 1564081 80 20  0  0  0  0
351  0  62064 69820604 2411844 79701508    0    0  7184 642492 204217 1561510 79 20  1  0  0  0
281  0  62064 69816440 2411844 79701528    0    0  8896 588076 202600 1572965 79 20  0  0  0  0
352  0  62064 69811188 2411844 79701540    0    0  8608 677332 204876 1581594 80 19  0  0  0  0
327  0  62064 69807584 2411844 79701552    0    0  9280 650048 203920 1580555 80 19  1  0  0  0
306  0  62064 69801460 2411844 79701564    0    0  6992 632784 202316 1571558 80 20  1  0  0  0
275  1  62064 69799060 2411844 79701576    0    0  9216 646004 205289 1569536 79 20  1  0  0  0
331  1  62064 69809340 2411844 79701604    0    0  8928 617544 202882 1569444 80 20  0  0  0  0
135  6  62064 69819932 2411844 79701620    0    0  7120 600632 210119 1565634 78 20  2  0  0  0
364  0  62064 69815508 2411844 79701636    0    0  6704 701580 214391 1586651 79 20  1  0  0  0
368  0  62064 69813232 2411844 79701648    0    0  9120 622584 205738 1563823 79 20  1  0  0  0
237  0  62064 69814608 2411844 79701664    0    0  8752 608604 204763 1576605 79 20  1  0  0  0
252  0  62064 69804160 2411844 79701684    0    0  8752 615820 201360 1567789 80 20  1  0  0  0
321  0  62064 69806896 2411844 79701692    0    0  7216 678088 202283 1574690 80 20  0  0  0  0
347  0  62064 69800836 2411844 79701704    0    0  8848 632124 197907 1565834 80 19  0  0  0  0
196  1  62064 69799080 2411844 79701720    0    0  8848 564464 199046 1566997 80 20  0  0  0  0
317  2  62064 69815508 2411844 79701736    0    0  7680 677140 206051 1573473 79 20  1  0  0  0
349  0  62064 69804472 2411844 79701756    0    0  6512 633144 205299 1567754 79 20  1  0  0  0
268  0  62064 69808032 2411844 79701768    0    0  8944 605564 201764 1564277 80 20  1  0  0  0
198  1  62064 69806568 2411844 79701780    0    0  8128 650360 201989 1578278 80 20  0  0  0  0
procs -----------memory---------- ---swap-- -----io---- -system-- -------cpu-------
 r  b   swpd   free   buff  cache   si   so    bi    bo   in   cs us sy id wa st gu
358  0  62064 69805892 2411844 79701796    0    0 10064 634316 205160 1558516 80 20  1  0  0  0
340  0  62064 69805144 2411844 79701816    0    0  8608 618752 202030 1589852 80 19  0  0  0  0
374  0  62064 69802400 2411844 79701828    0    0  8960 623152 204239 1575198 80 20  0  0  0  0
332  0  62064 69815092 2411844 79701840    0    0  8352 607860 205424 1561873 79 20  1  0  0  0
376  1  62064 69806396 2411844 79701852    0    0  7776 639452 204319 1576374 79 20  0  0  0  0
305  1  62064 69814036 2411844 79701872    0    0  6672 633952 209186 1585932 79 20  1  0  0  0
329  3  62064 69810496 2411844 79701888    0    0  9328 607676 198883 1570102 80 20  0  0  0  0
358  0  62064 69812664 2411844 79701904    0    0  8944 676072 204742 1567072 79 20  1  0  0  0
356  1  62064 69812980 2411844 79701920    0    0  9984 595028 206260 1567996 79 20  1  0  0  0
338  0  62064 69814736 2411844 79701936    0    0  7472 605032 201133 1565829 80 20  0  0  0  0
182  1  62064 69818688 2411844 79701944    0    0  8960 635780 206374 1571151 80 20  1  0  0  0
193  1  62064 69813344 2411844 79701964    0    0  8720 687332 205167 1571284 80 20  1  0  0  0
269  0  62064 69809752 2411848 79702052    0    0  8656 615432 202526 1567200 80 20  0  0  0  0
251  2  62064 69806856 2411848 79702068    0    0  8544 623144 203603 1565691 80 20  1  0  0  0
370  2  62064 69801932 2411848 79702084    0    0  7664 651256 206682 1550555 79 20  1  0  0  0
354  0  62064 69801028 2411848 79702096    0    0  9296 581152 207464 1568341 79 20  1  0  0  0
335  2  62064 69797624 2411848 79702112    0    0  7424 635640 202936 1563349 80 20  0  0  0  0
320  0  62064 69796056 2411848 79702128    0    0  9296 559384 201464 1566359 80 20  0  0  0  0
363  2  62064 69789928 2411848 79702156    0    0  8432 649968 205346 1573076 80 20  0  0  0  0
338  0  62064 69789708 2411848 79702164    0    0  8912 584988 205495 1586843 80 20  1  0  0  0
232  0  62064 69796268 2411848 79702176    0    0  7968 670976 204002 1569048 80 19  0  0  0  0
procs -----------memory---------- ---swap-- -----io---- -system-- -------cpu-------
 r  b   swpd   free   buff  cache   si   so    bi    bo   in   cs us sy id wa st gu
363  0  62064 69793084 2411848 79702192    0    0  8416 595964 200643 1571900 80 19  0  0  0  0
291  4  62064 69799520 2411848 79702204    0    0  9632 691884 207152 1573560 79 20  1  0  0  0
291  3  62064 69799288 2411848 79702224    0    0  9632 573904 202601 1559505 80 20  1  0  0  0
322  1  62064 69803048 2411848 79702236    0    0  7216 601804 205499 1568565 80 20  1  0  0  0
305  3  62064 69805772 2411848 79702252    0    0  8592 634356 205163 1564949 79 20  1  0  0  0
260  0  62064 69805600 2411848 79702268    0    0  7968 641456 199928 1579155 80 20  0  0  0  0
263  0  62064 69815092 2411848 79702276    0    0  8448 630928 204888 1570601 80 20  1  0  0  0
344  1  62064 69810892 2411848 79702292    0    0  7552 622656 203465 1561345 80 20  1  0  0  0
192  1  62064 69813660 2411848 79702308    0    0  8608 625352 200336 1552565 80 20  0  0  0  0
202  3  62064 69815560 2411848 79702324    0    0  7904 666892 207413 1573143 79 20  1  0  0  0
224  3  62064 69814368 2411852 79702332    0    0  7780 623788 214967 1593423 79 20  1  0  0  0
355  2  62064 69816104 2411852 79702352    0    0  7056 570252 198258 1562658 80 20  1  0  0  0
348  1  62064 69809420 2411852 79702368    0    0  8704 658392 205270 1571053 80 20  1  0  0  0
324  0  62064 69816352 2411852 79702380    0    0  8080 640564 202210 1565598 80 20  1  0  0  0
256  2  62064 69807112 2411852 79702400    0    0  7856 590824 201408 1580003 80 20  0  0  0  0
292  1  62064 69808344 2411852 79702412    0    0  7680 650208 203637 1579564 80 20  1  0  0  0
373  0  62064 69807364 2411852 79702424    0    0  9488 658596 203507 1594031 80 19  1  0  0  0
236  2  62064 69801840 2411852 79702436    0    0  8512 559884 200813 1569967 80 19  0  0  0  0
345  0  62064 69801868 2411852 79702456    0    0  9040 653824 203737 1561724 79 20  1  0  0  0
363  0  62064 69806884 2411852 79702472    0    0  8000 589900 202408 1568443 80 20  1  0  0  0
298  1  62064 69803708 2411852 79702488    0    0  9488 664768 204714 1555514 79 20  1  0  0  0
procs -----------memory---------- ---swap-- -----io---- -system-- -------cpu-------
 r  b   swpd   free   buff  cache   si   so    bi    bo   in   cs us sy id wa st gu
299  2  62064 69803124 2411856 79702500    0    0  9184 661576 205478 1567094 80 20  1  0  0  0
178  2  62064 69802040 2411856 79702520    0    0  8800 601836 202923 1566195 80 20  1  0  0  0
267  2  62064 69798576 2411856 79702532    0    0  7760 643140 200813 1575829 80 20  0  0  0  0
369  1  62064 69796236 2411856 79702544    0    0  8960 627400 203299 1561034 79 20  1  0  0  0
352  3  62064 69792172 2411856 79702556    0    0  8816 594552 200059 1582863 80 20  0  0  0  0
332  0  62064 69793700 2411856 79702572    0    0  7808 570168 205968 1566769 79 20  1  0  0  0
342  2  62064 69801792 2411856 79702584    0    0  7824 687896 204616 1562762 79 20  1  0  0  0
248  0  62064 69795908 2411856 79702608    0    0  8624 538796 198787 1556267 80 20  0  0  0  0
343  2  62064 69804188 2411856 79702628    0    0  9472 693916 201777 1557795 80 20  1  0  0  0
339  0  62064 69811900 2411856 79702644    0    0  7232 623116 201497 1563289 79 20  1  0  0  0
330  0  62064 69813332 2411856 79702660    0    0  8832 576576 199316 1564126 79 20  0  0  0  0
358  0  62064 69811344 2411856 79702672    0    0  8416 638312 203360 1567238 79 20  1  0  0  0
317  0  62064 69807140 2411856 79702696    0    0  9360 664812 202254 1569960 80 20  0  0  0  0
331  2  62064 69801984 2411856 79702704    0    0  8208 668976 205194 1592607 80 19  1  0  0  0
355  0  62064 69800872 2411856 79702712    0    0  8816 553244 199216 1574163 80 19  0  0  0  0
331  0  62064 69797644 2411856 79702728    0    0  8640 701716 204615 1570784 80 20  1  0  0  0
361  0  62064 69796612 2411860 79702736    0    0  8708 565036 198542 1568013 79 20  0  0  0  0
319  0  62064 69791108 2411860 79702760    0    0  8912 623368 202261 1577365 80 19  1  0  0  0
287  1  62064 69787960 2411860 79702776    0    0  9024 667552 205429 1560461 79 20  1  0  0  0
372  1  62064 69785564 2411860 79702788    0    0  9040 502336 198356 1573641 80 20  0  0  0  0
325  0  62064 69793668 2411860 79702796    0    0  8752 675592 202039 1577485 80 20  0  0  0  0
procs -----------memory---------- ---swap-- -----io---- -system-- -------cpu-------
 r  b   swpd   free   buff  cache   si   so    bi    bo   in   cs us sy id wa st gu
305  1  62064 69794752 2411860 79702804    0    0  8128 687388 204595 1563407 79 20  1  0  0  0
299  3  62064 69800872 2411860 79702832    0    0  8368 613412 207011 1574085 79 20  1  0  0  0
325  1  62064 69806536 2411860 79702844    0    0  8752 563764 203371 1580727 80 20  0  0  0  0
317  1  62064 69811172 2411860 79702860    0    0  8608 688112 205093 1571805 80 20  0  0  0  0
314  0  62064 69809120 2411860 79702872    0    0  7168 566860 200579 1567489 80 20  0  0  0  0
275  2  62064 69805196 2411860 79702888    0    0  9120 652840 206953 1568974 80 20  1  0  0  0
357  0  62064 69806384 2411860 79702896    0    0  8272 591508 200436 1564778 80 20  0  0  0  0
355  0  62064 69816676 2411860 79702912    0    0  8048 670948 203804 1568946 79 20  1  0  0  0
235  1  62064 69822452 2411860 79702936    0    0  8368 655756 202676 1564798 80 20  1  0  0  0
268  2  62064 69816912 2411860 79703004    0    0  8368 615312 206607 1578518 79 20  1  0  0  0
359  0  62064 69809304 2411860 79703016    0    0  8112 563464 202206 1592108 80 19  1  0  0  0
301  1  62064 69801316 2411860 79703032    0    0  8256 688524 208718 1585104 80 19  1  0  0  0
316  0  62064 69796276 2411860 79703044    0    0  8608 590920 200027 1569274 80 20  0  0  0  0
204  0  62064 69805060 2411860 79703060    0    0  9008 589548 203993 1567038 80 20  1  0  0  0
335  0  62064 69800432 2411860 79703084    0    0  8384 681844 204421 1569793 80 20  1  0  0  0
299  3  62064 69812088 2411860 79703104    0    0  6944 638628 205397 1584071 80 20  0  0  0  0
292  3  62064 69821980 2411860 79703116    0    0  8672 625700 200707 1568759 80 20  1  0  0  0
305  2  62064 69821856 2411860 79703128    0    0  9504 615160 202113 1561732 79 20  1  0  0  0
325  0  62064 69819332 2411860 79703136    0    0  9136 574664 204533 1563162 79 20  1  0  0  0
276  0  62064 69819340 2411860 79703152    0    0  7680 631172 201441 1563179 80 20  0  0  0  0
337  2  62064 69824076 2411860 79703168    0    0  8048 625132 200150 1564675 80 20  0  0  0  0
procs -----------memory---------- ---swap-- -----io---- -system-- -------cpu-------
 r  b   swpd   free   buff  cache   si   so    bi    bo   in   cs us sy id wa st gu
362  0  62064 69817336 2411860 79703180    0    0  8368 614360 200425 1568685 80 20  0  0  0  0
318  0  62064 69809640 2411860 79703196    0    0  8832 702284 203782 1558138 79 20  1  0  0  0
377  1  62064 69814016 2411860 79703220    0    0  7920 553192 202578 1560773 80 20  0  0  0  0
340  0  62064 69810076 2411860 79703240    0    0  8624 694108 206248 1572030 80 20  1  0  0  0
188  0  62064 69818756 2411860 79703252    0    0  8144 651516 201371 1562290 80 20  0  0  0  0
344  0  62064 69821308 2411860 79703256    0    0  8704 540896 199818 1577438 80 20  1  0  0  0
349  2  62064 69817868 2411860 79703276    0    0  7792 593452 202428 1565293 80 20  1  0  0  0
315  0  62064 69819256 2411860 79703288    0    0  8784 623488 204984 1574234 80 19  1  0  0  0
235  0  62064 69824124 2411860 79703312    0    0  8704 720532 206011 1572694 80 19  0  0  0  0
317  2  62064 69823140 2411860 79703324    0    0  8832 579676 200627 1573879 80 20  1  0  0  0
289  1  62064 69824496 2411860 79703336    0    0  6848 714404 211584 1580729 79 20  1  0  0  0
359  0  62064 69826096 2411860 79703356    0    0  9072 549260 197182 1557536 80 19  1  0  0  0
240  0  62064 69822792 2411860 79703368    0    0  8976 652332 199731 1567331 80 20  1  0  0  0
328  1  62064 69829064 2411860 79703380    0    0  8480 652884 206147 1571430 79 20  2  0  0  0
334  2  62064 69828160 2411860 79703400    0    0  8064 593592 201482 1569493 80 20  1  0  0  0
346  0  62064 69824896 2411860 79703412    0    0  9136 701484 206774 1569249 80 20  1  0  0  0
326  1  62064 69827320 2411860 79703432    0    0  9232 612264 207510 1563088 79 20  1  0  0  0
330  0  62064 69813904 2411860 79703452    0    0  8192 588308 200724 1560275 80 20  0  0  0  0
316  2  62064 69815156 2411860 79703476    0    0  7072 615644 198324 1559248 80 20  0  0  0  0
311  2  62064 69816916 2411860 79703488    0    0  9968 611076 200184 1561698 80 20  1  0  0  0
227  3  62064 69815476 2411860 79703504    0    0  9248 636520 203173 1560773 80 20  0  0  0  0
procs -----------memory---------- ---swap-- -----io---- -system-- -------cpu-------
 r  b   swpd   free   buff  cache   si   so    bi    bo   in   cs us sy id wa st gu
336  0  62064 69802624 2411860 79703520    0    0  8112 566672 201111 1574191 80 19  0  0  0  0
333  0  62064 69815104 2411860 79703532    0    0  9104 758464 214666 1589270 79 20  1  0  0  0
264  1  62064 69818272 2411860 79703544    0    0  9584 545900 199486 1577088 80 20  1  0  0  0
257  1  62064 69825108 2411860 79703564    0    0  8848 649524 201921 1564085 80 20  0  0  0  0
333  1  62064 69823004 2411860 79703580    0    0  8304 623760 200441 1586688 80 20  0  0  0  0
364  0  62064 69821104 2411860 79703592    0    0  9472 663352 207036 1572599 80 19  1  0  0  0
319  1  62064 69833628 2411860 79703604    0    0  9088 622264 206235 1560623 79 20  1  0  0  0
310  2  62064 69839932 2411860 79703628    0    0  8640 637480 205431 1568878 80 20  1  0  0  0
319  0  62064 69838936 2411860 79703648    0    0  7808 640984 204519 1569619 80 20  0  0  0  0
322  4  62064 69845156 2411860 79703660    0    0  7984 602944 202246 1563849 79 20  1  0  0  0
336  1  62064 69837672 2411860 79703668    0    0  8464 614588 198260 1562838 80 20  0  0  0  0
324  0  62064 69839676 2411860 79703684    0    0  7984 686256 210192 1570641 78 20  1  0  0  0
362  0  62064 69845308 2411860 79703708    0    0  7760 561560 204137 1572908 80 20  0  0  0  0
358  1  62064 69837296 2411860 79703720    0    0  9792 664244 199699 1553720 80 20  0  0  0  0
245  3  62064 69840552 2411860 79703732    0    0  8992 637392 206936 1555105 80 20  1  0  0  0
317  0  62064 69840396 2411860 79703744    0    0  8320 644372 212097 1590934 79 20  1  0  0  0
366  0  62064 69847468 2411860 79703764    0    0  9184 571284 199028 1571975 80 19  0  0  0  0
129  1  62064 69837732 2411860 79703780    0    0  9008 644992 204148 1569350 79 20  1  0  0  0
322  2  62064 69841836 2411860 79703792    0    0  8080 579284 203503 1572025 79 20  1  0  0  0
349  0  62064 69843840 2411860 79703808    0    0  7488 697984 210316 1575037 79 20  1  0  0  0
109  1  62064 69842512 2411860 79703824    0    0  9488 549256 201759 1556066 79 20  1  0  0  0
procs -----------memory---------- ---swap-- -----io---- -system-- -------cpu-------
 r  b   swpd   free   buff  cache   si   so    bi    bo   in   cs us sy id wa st gu
358  0  62064 69837960 2411864 79703836    0    0  9028 660564 205812 1570719 80 20  0  0  0  0
349  0  62064 69840224 2411864 79703856    0    0  9984 666360 200359 1569907 80 20  0  0  0  0
212  0  62064 69832668 2411864 79703872    0    0  8800 491720 199551 1590922 80 19  1  0  0  0
271  0  62064 69828232 2411864 79703880    0    0  9568 733160 213952 1577509 80 19  1  0  0  0
348  1  62064 69831296 2411864 79703896    0    0  8528 634804 199295 1563585 80 20  0  0  0  0
317  0  62064 69828364 2411864 79703920    0    0  8272 603804 197985 1567173 80 20  0  0  0  0
376  0  62064 69832232 2411864 79704016    0    0  9312 625308 209629 1565363 80 20  1  0  0  0
195  0  62064 69841892 2411864 79704036    0    0  9376 624384 202342 1560301 80 20  0  0  0  0
359  3  62064 69844888 2411864 79704052    0    0  8528 652664 204861 1562405 80 20  1  0  0  0
372  0  62064 69851320 2411864 79704064    0    0  7776 630696 205122 1568623 79 20  1  0  0  0
276  0  62064 69850112 2411864 79704080    0    0  8976 581216 198790 1568915 80 20  0  0  0  0
160  1  62064 69855528 2411864 79704100    0    0  9264 588560 200968 1566848 80 20  0  0  0  0
337  0  62064 69841440 2411864 79704112    0    0  8784 686188 220939 1575953 79 20  1  0  0  0
249  0  62064 69853176 2411864 79704128    0    0  7408 629348 207399 1568114 79 20  0  0  0  0
213  0  62064 69847660 2411864 79704144    0    0  9200 611652 206318 1573968 80 20  1  0  0  0
317  0  62064 69842504 2411864 79704164    0    0  8352 632816 204661 1563746 80 20  0  0  0  0
357  0  62064 69845936 2411864 79704176    0    0  8528 629904 202531 1566642 80 20  0  0  0  0
282  3  62064 69844268 2411864 79704188    0    0  7936 582500 197808 1559997 80 20  0  0  0  0
267  0  62064 69843028 2411864 79704208    0    0  8928 643504 204933 1569858 80 20  1  0  0  0
354  1  62064 69848664 2411864 79704228    0    0  9456 633272 204263 1567017 80 20  1  0  0  0
298  0  62064 69842136 2411864 79704248    0    0  8688 630532 203034 1583490 80 19  0  0  0  0
procs -----------memory---------- ---swap-- -----io---- -system-- -------cpu-------
 r  b   swpd   free   buff  cache   si   so    bi    bo   in   cs us sy id wa st gu
301  0  62064 69847356 2411864 79704256    0    0  8368 616872 202727 1571529 80 19  1  0  0  0
289  0  62064 69838700 2411864 79704268    0    0  9008 609148 199977 1561651 80 20  0  0  0  0
290  1  62064 69842560 2411864 79704284    0    0  9680 580160 201120 1579960 80 20  0  0  0  0
296  1  62064 69837884 2411864 79704300    0    0  8128 690588 211460 1575575 79 20  1  0  0  0
344  1  62064 69837864 2411864 79704316    0    0  8304 610672 204788 1560579 79 20  0  0  0  0
348  0  62064 69834424 2411864 79704332    0    0  8560 631008 207990 1569549 79 20  1  0  0  0
296  0  62064 69831992 2411864 79704348    0    0  9248 632064 205957 1554970 79 20  1  0  0  0
222  0  62064 69835872 2411864 79704364    0    0  7584 629216 208975 1570888 79 20  1  0  0  0
252  0  62064 69848804 2411864 79704376    0    0  8752 608076 208007 1567492 79 20  1  0  0  0
337  0  62064 69844276 2411864 79704396    0    0  9520 632496 208469 1564288 79 20  1  0  0  0
329  1  62064 69846896 2411864 79704412    0    0  8848 632784 200560 1555271 79 20  1  0  0  0
194  0  62064 69836880 2411864 79704428    0    0  7568 619740 197683 1560736 80 20  0  0  0  0
186  0  62064 69839724 2411864 79704440    0    0  9568 613820 203399 1580921 80 20  1  0  0  0
327  0  62064 69834808 2411864 79704456    0    0  9168 635372 202975 1578151 80 20  1  0  0  0
283  0  62064 69841184 2411864 79704468    0    0  9264 631396 203983 1570453 80 20  1  0  0  0
280  0  62064 69858448 2411864 79704496    0    0  8224 613820 211247 1573333 79 20  1  0  0  0
157  0  62064 69850148 2411864 79704508    0    0  7856 616136 201153 1569367 80 20  0  0  0  0
