procs -----------memory---------- ---swap-- -----io---- -system-- -------cpu-------
 r  b   swpd   free   buff  cache   si   so    bi    bo   in   cs us sy id wa st gu
 5  0  70952 141485924 2120840 46231316    0    2 41204 36618 7695    7  4  1 95  1  0  0
55  3  70952 141208912 2120840 46231344    0    0 451200 373124 299450 664786 21 13 61  5  0  0
 2  0  70952 141197508 2120840 46231424    0    0 581152 808008 262511 798871 25 10 53 12  0  0
 5  0  70952 141198244 2120840 46231444    0    0 852416 476064 276878 943623 30 12 45 13  0  0
51 33  70952 141174364 2120840 46231460    0    0 934432 499256 306971 1063992 35 13 42  9  0  0
 4  0  70952 141140928 2120848 46231488    0    0 896240 517044 290792 996647 32 12 43 13  0  0
17  2  70952 141150732 2120848 46231500    0    0 907152 515884 299765 1034391 34 12 43 12  0  0
81  7  70952 141130416 2120848 46231520    0    0 923952 518804 301240 1048067 34 13 43 10  0  0
58 28  70952 141128440 2120848 46231536    0    0 936352 532828 304375 1056871 35 13 43 10  0  0
46 38  70952 141121432 2120848 46231556    0    0 911824 489908 293647 1019828 33 12 44 11  0  0
51 15  70952 141109424 2120848 46231580    0    0 920688 462824 284512 988268 32 12 45 12  0  0
44 35  70952 141122260 2120848 46231608    0    0 929168 467896 289015 1001047 32 12 45 12  0  0
57 27  70952 141137908 2120848 46231608    0    0 934928 472492 295111 1034333 33 12 45 10  0  0
66  7  70952 141138960 2120848 46231636    0    0 899856 463996 300344 1067449 35 13 42  9  0  0
62 18  70952 141134092 2120848 46231656    0    0 904640 494400 296238 1054425 34 13 43 10  0  0
40  4  70952 141111332 2120848 46231680    0    0 872256 498656 295142 1005749 32 12 46 10  0  0
 7  0  70952 141107460 2120848 46231708    0    0 883024 521064 309028 1010202 33 12 46  9  0  0
40 43  70952 141113680 2120848 46231716    0    0 864352 502432 282415 960622 31 11 47 11  0  0
60 17  70952 141118520 2120848 46231732    0    0 869056 509204 282915 973498 31 11 48 10  0  0
27  3  70952 141094152 2120848 46231748    0    0 870176 491572 299035 997426 33 12 47  9  0  0
 4  0  70952 141112392 2120848 46231772    0    0 852528 498604 284942 984341 32 12 47  9  0  0
procs -----------memory---------- ---swap-- -----io---- -system-- -------cpu-------
 r  b   swpd   free   buff  cache   si   so    bi    bo   in   cs us sy id wa st gu
49 19  70952 141087896 2120848 46231800    0    0 884624 499492 298363 988478 31 12 47  9  0  0
 6  0  70952 141102068 2120848 46231828    0    0 836528 503296 267913 909569 29 11 48 12  0  0
51 34  70952 141082824 2120848 46231832    0    0 873552 496480 273685 935033 30 11 48 11  0  0
49 39  70952 141082944 2120848 46231848    0    0 882528 504120 289648 991428 32 11 47 10  0  0
42 28  70952 141078952 2120848 46231876    0    0 875072 505560 282401 974186 31 12 47 10  0  0
51  9  70952 141091884 2120848 46231892    0    0 861392 504516 284340 975105 31 12 47 10  0  0
56 16  70952 141061036 2120848 46231908    0    0 852576 499272 287380 989703 32 12 47  8  0  0
73  3  70952 141072652 2120848 46231912    0    0 870096 504912 288947 993765 32 12 47  9  0  0
 3  0  70952 141070208 2120848 46231948    0    0 866352 492008 277760 958696 31 12 47 11  0  0
51 24  70952 141084736 2120848 46231972    0    0 880272 501992 266852 908829 28 10 47 14  0  0
 4  1  70952 141078484 2120848 46231980    0    0 814528 511300 284278 984055 32 13 46  9  0  0
41 44  70952 141073392 2120848 46232012    0    0 874112 501448 292755 1018770 34 13 45  9  0  0
 5  0  70952 141079896 2120848 46232032    0    0 884832 496428 292884 1003622 32 13 46  9  0  0
55 35  70952 141053484 2120848 46232056    0    0 854096 503440 283840 972485 32 12 48  9  0  0
38 49  70952 141060696 2120852 46232068    0    0 855136 496080 285117 987394 32 12 46 10  0  0
77  4  70952 141068820 2120852 46232080    0    0 881344 495200 282813 975354 31 11 47 11  0  0
39 19  70952 141070240 2120852 46232100    0    0 841056 496276 280206 957723 31 12 47 10  0  0
40 30  70952 141068444 2120852 46232124    0    0 869040 501312 283970 977107 32 12 47  9  0  0
 3  2  70952 141054992 2120852 46232140    0    0 872816 489732 291033 1009334 33 13 45  9  0  0
41 49  70952 141071028 2120856 46232164    0    0 880832 521812 288546 983927 32 12 47  9  0  0
78  8  70952 141070344 2120856 46232192    0    0 861216 500672 287647 1002139 32 12 46  9  0  0
procs -----------memory---------- ---swap-- -----io---- -system-- -------cpu-------
 r  b   swpd   free   buff  cache   si   so    bi    bo   in   cs us sy id wa st gu
68 14  70952 141085380 2120856 46232196    0    0 879632 506524 272359 922774 28 10 48 14  0  0
78  9  70952 141068312 2120856 46232216    0    0 886944 516308 281763 954595 30 11 47 11  0  0
 3  1  70952 141066960 2120856 46232248    0    0 848496 493304 287457 997433 32 13 45 10  0  0
 2  0  70952 141061604 2120856 46232256    0    0 874256 506384 287389 979784 32 12 46 10  0  0
42 43  70952 141050076 2120856 46232284    0    0 870352 503896 289231 982510 32 12 46 10  0  0
 4  0  70952 141067768 2120856 46232304    0    0 882032 494836 288143 999195 32 12 46  9  0  0
 4  0  70952 141063544 2120856 46232316    0    0 874160 520852 291900 963316 31 11 48 10  0  0
73 13  70952 141054960 2120856 46232348    0    0 859504 486732 282219 970617 31 12 47 10  0  0
49 43  70952 141054084 2120860 46232356    0    0 883168 497848 278063 944252 30 11 47 12  0  0
50 38  70952 141046008 2120860 46232380    0    0 871968 504520 280832 957120 30 12 48 10  0  0
79 14  70952 141062404 2120860 46232404    0    0 886336 506336 290915 993166 32 12 47  9  0  0
51 32  70952 141026708 2120860 46232420    0    0 889104 512768 289540 966893 31 12 47 10  0  0
45 18  70952 140985696 2120860 46232432    0    0 909488 522872 284497 965167 31 11 48 10  0  0
83  3  70952 140968416 2120860 46232456    0    0 888448 520372 282756 965398 31 12 47 10  0  0
56 10  70952 141002456 2120860 46232468    0    0 870352 503752 284976 963613 31 12 46 10  0  0
32  3  70952 140984116 2120860 46232500    0    0 862160 515996 288582 994491 32 13 46  9  0  0
 4  0  70952 140961420 2120860 46232512    0    0 852896 488524 286170 994259 33 13 46  8  0  0
 3  0  70952 140975184 2120860 46232532    0    0 876336 500272 286671 974579 31 11 48 10  0  0
59  7  70952 140988248 2120860 46232624    0    0 860720 509316 282166 966088 31 11 48  9  0  0
19 19  70952 141014332 2120860 46232624    0    0 850832 506344 284829 984391 32 12 48  9  0  0
13 20  70952 141002568 2120860 46232668    0    0 880096 496108 275126 933905 29 11 46 13  0  0
procs -----------memory---------- ---swap-- -----io---- -system-- -------cpu-------
 r  b   swpd   free   buff  cache   si   so    bi    bo   in   cs us sy id wa st gu
57  8  70952 140995232 2120860 46232684    0    0 888128 504472 280801 959378 31 11 47 10  0  0
34 56  70952 140976044 2120860 46232700    0    0 868928 486200 284180 973490 31 12 47 10  0  0
37 50  70952 140984284 2120860 46232732    0    0 874464 509592 282672 974226 31 11 48 10  0  0
29 58  70952 140989592 2120860 46232736    0    0 868960 525360 286044 985069 32 11 46 10  0  0
38 18  70952 141016180 2120860 46232760    0    0 885440 500220 287573 989952 32 12 46  9  0  0
41 35  70952 141000556 2120860 46232792    0    0 853824 504464 299144 988540 32 12 46  9  0  0
55 29  70952 140988120 2120860 46232800    0    0 876992 491108 276483 939029 30 12 47 11  0  0
32 57  70952 140978464 2120860 46232824    0    0 888720 509212 278675 947897 30 12 47 12  0  0
19 69  70952 140987588 2120860 46232840    0    0 886576 515520 288563 989347 32 12 46 10  0  0
40 51  70952 140978324 2120860 46232844    0    0 867888 498012 289573 994398 33 12 47  9  0  0
33 55  70952 140986196 2120860 46232872    0    0 874416 498692 288462 996602 32 13 46  9  0  0
19 60  70952 140981584 2120860 46232892    0    0 895280 527884 288195 982367 32 11 46 11  0  0
30 56  70952 140982436 2120864 46232908    0    0 854816 492648 279757 966517 31 12 47 10  0  0
52 30  70952 140959840 2120864 46232936    0    0 857536 492992 285876 982523 31 12 46 11  0  0
19 70  70952 140973732 2120864 46232944    0    0 891008 530812 297173 995247 32 12 46 10  0  0
41 52  70952 140989700 2120864 46232960    0    0 872464 479632 287926 985914 32 12 47  9  0  0
26 47  70952 140985580 2120864 46232984    0    0 868112 508488 291291 1008646 33 13 46  9  0  0
35 53  70952 140971668 2120864 46233008    0    0 880768 520668 293121 1005774 33 12 45 10  0  0
44 17  70952 140991792 2120864 46233036    0    0 864960 491768 287230 997196 33 12 46  9  0  0
21 66  70952 140970236 2120864 46233048    0    0 877936 488080 263211 894281 27 11 49 13  0  0
28 57  70952 140980896 2120864 46233068    0    0 866544 514824 281975 963034 31 11 47 11  0  0
procs -----------memory---------- ---swap-- -----io---- -system-- -------cpu-------
 r  b   swpd   free   buff  cache   si   so    bi    bo   in   cs us sy id wa st gu
60 28  70952 140986188 2120864 46233096    0    0 879168 495352 284429 976731 31 11 47 10  0  0
32 53  70952 140981164 2120864 46233108    0    0 883664 513828 290533 998757 32 12 46 10  0  0
36 47  70952 140955640 2120864 46233124    0    0 858736 482892 283836 974996 32 12 47  9  0  0
27 62  70952 140968012 2120864 46233144    0    0 880160 507216 285704 980810 32 12 46 10  0  0
12 75  70952 140953652 2120864 46233164    0    0 879424 504780 267466 899308 28 11 47 14  0  0
50 34  70952 140970312 2120864 46233180    0    0 883520 514256 292105 1003429 32 12 46 10  0  0
30 53  70952 140973860 2120864 46233192    0    0 872752 496572 287571 987619 32 12 47  9  0  0
26 61  70952 140974760 2120864 46233212    0    0 869888 496788 287154 992674 32 12 47  9  0  0
46 41  70952 140966100 2120864 46233228    0    0 891728 541852 290390 994995 32 12 46 10  0  0
42 43  70952 140966416 2120864 46233264    0    0 874096 484668 285767 987370 32 12 47  9  0  0
36 53  70952 140951400 2120864 46233284    0    0 875088 506436 291002 1009091 33 13 45  9  0  0
28 58  70952 140975848 2120864 46233304    0    0 865440 486168 283841 982460 31 12 48  9  0  0
18 68  70952 140968848 2120864 46233316    0    0 863296 502948 283618 969962 31 12 46 11  0  0
35 54  70952 140967160 2120864 46233336    0    0 873504 509616 287016 976321 31 12 46 11  0  0
37 58  70952 140946320 2120864 46233372    0    0 886720 511396 292014 1003437 33 12 46  9  0  0
39 49  70952 140962064 2120864 46233384    0    0 876016 496088 288905 996080 32 12 47  9  0  0
55 33  70952 140955872 2120864 46233408    0    0 870640 497320 291058 1005688 33 13 46  9  0  0
23 64  70952 140961956 2120864 46233428    0    0 908784 535220 281013 952118 30 11 47 13  0  0
72 15  70952 140970952 2120864 46233444    0    0 877664 498116 276051 934056 30 11 47 13  0  0
49 38  70952 140960396 2120864 46233468    0    0 890384 512652 295542 998744 33 12 46  9  0  0
18 70  70952 140960424 2120864 46233480    0    0 863248 497268 289630 997581 32 12 46 10  0  0
procs -----------memory---------- ---swap-- -----io---- -system-- -------cpu-------
 r  b   swpd   free   buff  cache   si   so    bi    bo   in   cs us sy id wa st gu
32 56  70952 140965664 2120864 46233500    0    0 871536 503092 292666 1004189 33 13 46  9  0  0
73 10  70952 140957720 2120864 46233516    0    0 879584 499852 287000 980591 32 12 47  9  0  0
39 49  70952 140963880 2120864 46233536    0    0 896688 520712 284370 972966 31 11 47 11  0  0
30 61  70952 140974200 2120864 46233548    0    0 878768 511088 274346 921561 29 11 47 13  0  0
34 56  70952 140952944 2120864 46233568    0    0 876864 500816 279313 947798 30 11 48 11  0  0
 5  0  70952 140969436 2120868 46233584    0    0 874368 509964 289555 999989 33 12 46  9  0  0
42 30  70952 140948260 2120868 46233608    0    0 877200 510968 290972 997980 33 12 46  9  0  0
 7  0  70952 140947904 2120868 46233632    0    0 873376 500948 293893 1017539 33 13 45  9  0  0
52 35  70952 140962908 2120868 46233648    0    0 881696 499004 290240 1003785 32 12 46 10  0  0
 6  0  70952 140953940 2120868 46233664    0    0 883152 511792 288840 984967 32 11 47 10  0  0
76  6  70952 140949568 2120868 46233684    0    0 892640 502980 296093 1022532 33 13 45  9  0  0
32  2  70952 140939972 2120868 46233704    0    0 877888 507724 290657 990080 32 12 46 10  0  0
21  0  70952 140940632 2120868 46233724    0    0 869504 504324 292553 1005956 32 13 46  9  0  0
42 36  70952 140921548 2120868 46233752    0    0 894544 536096 289782 999134 32 13 46  9  0  0
73  9  70952 140941620 2120868 46233776    0    0 921696 516536 286589 980265 31 11 47 10  0  0
35 51  70952 140957068 2120868 46233876    0    0 905888 519620 271988 922962 29 11 48 13  0  0
34  3  70952 140956296 2120868 46233900    0    0 884864 503288 271416 920466 29 11 47 13  0  0
 7  1  70952 140948168 2120868 46233920    0    0 878640 505692 289269 988575 32 12 47  9  0  0
 6  0  70952 140926968 2120868 46233936    0    0 868096 493844 290524 994288 32 12 46  9  0  0
 5  0  70952 140930608 2120868 46233960    0    0 872064 502244 287158 984197 32 12 47  9  0  0
55  5  70952 140938560 2120868 46233968    0    0 872368 492404 289199 995794 32 12 47  9  0  0
procs -----------memory---------- ---swap-- -----io---- -system-- -------cpu-------
 r  b   swpd   free   buff  cache   si   so    bi    bo   in   cs us sy id wa st gu
 6  0  70952 140925804 2120872 46233984    0    0 864976 509724 281695 962516 31 11 48 10  0  0
42 16  70952 140934932 2120872 46234008    0    0 868464 508892 273189 931782 30 12 46 12  0  0
 4  0  70952 140932280 2120872 46234024    0    0 875568 507072 279003 953875 30 12 46 12  0  0
42 37  70952 140933796 2120872 46234052    0    0 886336 507636 294199 1007752 33 12 46  9  0  0
63  8  70952 140934540 2120872 46234084    0    0 899504 516080 292465 1009492 33 12 46  9  0  0
43 27  70952 140946728 2120872 46234092    0    0 879264 518732 286913 985246 31 12 47 10  0  0
49 30  70952 140944500 2120872 46234112    0    0 871808 502644 290528 1007784 33 12 45  9  0  0
 5  0  70952 140941984 2120872 46234132    0    0 884256 509164 291459 1006589 33 12 45 10  0  0
 5  0  70952 140940652 2120872 46234152    0    0 871104 515252 284551 980180 32 12 47  9  0  0
 6  1  70952 140945308 2120872 46234180    0    0 896288 521052 288991 991950 32 12 44 11  0  0
 2  1  70952 140939352 2120872 46234204    0    0 873952 507744 288041 992209 32 12 46  9  0  0
52  8  70952 140944636 2120872 46234212    0    0 890960 502972 290774 1007618 32 12 46 10  0  0
70  3  70952 140940904 2120872 46234228    0    0 870800 498056 294013 1015019 33 13 45  9  0  0
18  1  70952 140945208 2120872 46234256    0    0 872224 505996 288470 995632 32 12 46  9  0  0
 6  0  70952 140925972 2120872 46234268    0    0 884656 500408 274280 943031 30 12 46 13  0  0
21  4  70952 140935264 2120876 46234292    0    0 869040 497784 280811 957785 31 11 46 12  0  0
 2  0  70952 140921348 2120876 46234308    0    0 851600 502268 285384 983704 32 12 46 10  0  0
56 17  70952 140921604 2120876 46234320    0    0 893536 508036 286154 984076 31 11 47 11  0  0
 5  0  70952 140937076 2120876 46234340    0    0 881216 526880 289757 999980 33 12 46  9  0  0
 5  0  70952 140946484 2120876 46234360    0    0 888816 506056 279220 952748 30 12 46 12  0  0
49 27  70952 140918772 2120876 46234384    0    0 866880 500420 284108 928638 30 11 46 13  0  0
procs -----------memory---------- ---swap-- -----io---- -system-- -------cpu-------
 r  b   swpd   free   buff  cache   si   so    bi    bo   in   cs us sy id wa st gu
18  0  70952 140931016 2120876 46234404    0    0 876672 502108 300181 1022980 33 13 45  9  0  0
71  8  70952 140909612 2120876 46234424    0    0 893344 503696 297269 1017013 33 12 45  9  0  0
 6  2  70952 140922208 2120876 46234436    0    0 894912 525972 290542 997148 32 10 47 10  0  0
75  3  70952 140946652 2120884 46234456    0    0 896544 505304 297527 1027380 33 13 45  9  0  0
 5  1  70952 140933332 2120884 46234480    0    0 881120 516116 291226 992813 32 13 46 10  0  0
38 43  70952 140937992 2120884 46234496    0    0 877872 527932 286310 977304 32 12 47 10  0  0
69  3  70952 140910076 2120884 46234516    0    0 883328 505640 291017 998884 33 13 46  9  0  0
42 42  70952 140909612 2120884 46234536    0    0 882208 514196 286850 971308 31 12 47 10  0  0
60 10  70952 140912140 2120884 46234548    0    0 894752 512008 289864 981609 31 11 47 10  0  0
53 38  70952 140921080 2120884 46234568    0    0 881168 510232 289494 987523 32 12 47  9  0  0
71  4  70952 140925544 2120884 46234592    0    0 887680 504180 290601 1005199 33 12 46  9  0  0
 4  0  70952 140908508 2120884 46234608    0    0 877648 517468 285788 983750 32 12 47  9  0  0
 6  1  70952 140923696 2120884 46234628    0    0 899424 519104 290995 980801 31 12 47 10  0  0
53 33  70952 140909484 2120884 46234660    0    0 902304 501160 270964 915628 28 11 47 14  0  0
 7  0  70952 140913248 2120884 46234676    0    0 885584 528796 287959 978775 31 11 47 11  0  0
 5  0  70952 140918392 2120884 46234696    0    0 869024 497644 286768 988625 32 12 46 10  0  0
 8  0  70952 140922092 2120884 46234716    0    0 898336 518708 290690 991707 32 12 46 10  0  0
37 52  70952 140921936 2120884 46234732    0    0 886672 501736 280784 961595 30 12 46 12  0  0
33  9  70952 140917036 2120884 46234752    0    0 893168 510096 277557 936070 29 12 46 13  0  0
 5  0  70952 140924628 2120884 46234772    0    0 878112 503820 280010 953349 31 11 46 12  0  0
22  0  70952 140933672 2120884 46234784    0    0 896384 521240 287398 988739 32 11 47 10  0  0
procs -----------memory---------- ---swap-- -----io---- -system-- -------cpu-------
 r  b   swpd   free   buff  cache   si   so    bi    bo   in   cs us sy id wa st gu
42 39  70952 140922096 2120884 46234804    0    0 888544 509704 294756 1022585 33 12 45  9  0  0
36 13  70952 140927256 2120884 46234820    0    0 870144 504572 297346 1025386 33 13 45  9  0  0
 6  0  70952 140920212 2120884 46234844    0    0 875376 523164 296063 1016951 32 13 46  9  0  0
45 43  70952 140910940 2120884 46234864    0    0 872000 508636 290651 989054 32 13 46  9  0  0
 2  0  70952 140907084 2120884 46234884    0    0 868512 500924 291924 1001773 32 12 46  9  0  0
43 42  70952 140918624 2120884 46234896    0    0 908304 513576 293614 1011234 32 11 47  9  0  0
 5  0  70952 140933148 2120884 46234912    0    0 878352 508104 288087 996645 32 12 46 10  0  0
74 14  70952 140929384 2120888 46234936    0    0 890096 512216 290097 999589 33 12 46 10  0  0
 6  0  70952 140924288 2120888 46234956    0    0 858720 504512 290697 1008060 33 13 45  9  0  0
 6  0  70952 140932776 2120888 46234976    0    0 893584 511824 291114 1000123 32 13 46  9  0  0
 6  0  70952 140926744 2120888 46235004    0    0 886448 527860 291258 1009860 33 12 45 10  0  0
49 22  70952 140930864 2120888 46235004    0    0 894848 512260 275688 939567 29 10 47 13  0  0
63  8  70952 140921368 2120892 46235112    0    0 883872 494820 277820 950806 30 12 45 13  0  0
49 39  70952 140905940 2120892 46235120    0    0 850192 504620 286564 987289 32 12 46 10  0  0
47 25  70952 140914048 2120892 46235136    0    0 896240 512532 291169 1004842 33 13 45 10  0  0
74  8  70952 140908100 2120892 46235156    0    0 914896 505892 279424 955027 30 11 47 12  0  0
31  5  70952 140909240 2120892 46235176    0    0 870128 498508 274019 935151 29 12 47 13  0  0
69 15  70952 140902892 2120892 46235192    0    0 915968 528680 287915 989301 32 11 47 10  0  0
29 21  70952 140920764 2120892 46235212    0    0 900608 530072 287826 979934 31 12 47 10  0  0
67  5  70952 140904752 2120892 46235232    0    0 871056 510216 289431 1002817 33 13 46  9  0  0
59 23  70952 140913892 2120892 46235256    0    0 873504 511884 287124 973854 32 12 47  9  0  0
procs -----------memory---------- ---swap-- -----io---- -system-- -------cpu-------
 r  b   swpd   free   buff  cache   si   so    bi    bo   in   cs us sy id wa st gu
75  9  70952 140916448 2120892 46235276    0    0 869152 490756 291033 1007702 33 13 46  9  0  0
 5  0  70952 140907148 2120892 46235300    0    0 854672 501088 289519 987382 33 12 46  9  0  0
52 41  70952 140915712 2120892 46235308    0    0 889136 507516 286992 990943 32 11 47 10  0  0
10  0  70952 140907756 2120892 46235324    0    0 880416 505912 296751 1028983 34 13 44  9  0  0
 5  0  70952 140906988 2120892 46235348    0    0 894784 518248 292782 992913 32 12 46 10  0  0
15  0  70952 140910316 2120892 46235376    0    0 888432 508020 290651 1004022 33 12 45 10  0  0
53  8  70952 140898888 2120892 46235400    0    0 896608 527636 290740 996831 32 12 46 10  0  0
69 13  70952 140903284 2120892 46235440    0    0 891664 518380 291835 992645 32 12 46 10  0  0
51 35  70952 140916396 2120892 46235440    0    0 870320 508372 291918 1001628 33 12 47  9  0  0
63 10  70952 140909320 2120892 46235456    0    0 882528 512636 284143 969532 31 12 46 11  0  0
 5  0  70952 140902064 2120892 46235476    0    0 871136 493640 279662 955569 30 12 45 13  0  0
49 41  70952 140902612 2120896 46235496    0    0 876304 501472 278399 947497 30 12 46 12  0  0
 5  0  70952 140895076 2120896 46235520    0    0 890080 508828 292673 1012000 33 13 45  9  0  0
45 33  70952 140887440 2120896 46235540    0    0 887280 514120 288207 989533 32 12 46 10  0  0
44 27  70952 140892872 2120896 46235548    0    0 891040 502092 262391 886789 27 10 48 16  0  0
 3  0  70952 140892208 2120896 46235580    0    0 883120 526604 291235 997368 32 12 46  9  0  0
58  2  70952 140907076 2120896 46235596    0    0 894528 503608 292369 1013171 33 13 45  9  0  0
 4  1  70952 140898988 2120896 46235620    0    0 874736 514064 291654 1005000 33 12 46  9  0  0
65  8  70952 140915116 2120896 46235640    0    0 889424 508340 292039 1017079 33 13 45  9  0  0
 1  1  70952 140903792 2120896 46235656    0    0 880512 519084 292725 998562 32 12 46 10  0  0
 3  1  70952 140907300 2120896 46235660    0    0 892112 506972 293923 1013480 33 12 46  9  0  0
procs -----------memory---------- ---swap-- -----io---- -system-- -------cpu-------
 r  b   swpd   free   buff  cache   si   so    bi    bo   in   cs us sy id wa st gu
73  8  70952 140906948 2120896 46235684    0    0 892928 515864 290916 1001840 32 12 46  9  0  0
56  2  70952 140905476 2120896 46235704    0    0 898704 518372 291773 1014735 33 12 46  9  0  0
 5  0  70952 140905216 2120896 46235724    0    0 874864 504684 288793 995488 33 13 46  9  0  0
 4  0  70952 140899020 2120896 46235748    0    0 871488 524548 281917 983458 31 12 46 11  0  0
 7  0  70952 140899500 2120896 46235768    0    0 873472 503572 287088 994787 32 12 46 10  0  0
13  0  70952 140905152 2120900 46235772    0    0 916000 515432 294672 1007306 32 12 45 10  0  0
 3  0  70952 140909492 2120900 46235800    0    0 872608 508540 288584 1002426 32 13 45  9  0  0
80  7  70952 140906120 2120900 46235820    0    0 893696 504204 289450 1009009 33 12 45 10  0  0
56  4  70952 140894336 2120900 46235836    0    0 897216 507032 268378 915329 29 11 46 14  0  0
 5  0  70952 140872276 2120900 46235860    0    0 873920 503620 287041 986534 32 12 46 10  0  0
 4  0  70952 140894396 2120900 46235876    0    0 872176 507468 289974 1012676 33 12 46  9  0  0
77  9  70952 140913548 2120900 46235888    0    0 890496 526240 293209 1012305 33 12 46 10  0  0
20  0  70952 140896652 2120900 46235912    0    0 877120 504840 273295 934808 29 11 46 13  0  0
74  8  70952 140903176 2120900 46235932    0    0 893184 509528 278057 946930 30 12 46 13  0  0
 4  0  70952 140912820 2120900 46235952    0    0 875552 506240 288885 1007210 33 13 45  9  0  0
55 34  70952 140906048 2120900 46235972    0    0 883280 506072 293776 1010611 33 13 46  9  0  0
 4  0  70952 140895848 2120900 46235996    0    0 883184 508272 296037 1021643 33 12 46  9  0  0
 3  0  70952 140897972 2120900 46236008    0    0 875280 514048 293112 1000760 32 12 46 10  0  0
 4  0  70952 140879924 2120900 46236040    0    0 891520 513204 290939 1008245 32 12 46 10  0  0
 3  0  70952 140888272 2120900 46236068    0    0 873104 505096 290642 1011747 33 13 45  9  0  0
76  8  70952 140920400 2120900 46236076    0    0 888144 518896 289300 1000645 33 12 45 10  0  0
procs -----------memory---------- ---swap-- -----io---- -system-- -------cpu-------
 r  b   swpd   free   buff  cache   si   so    bi    bo   in   cs us sy id wa st gu
 5  1  70952 140911916 2120900 46236108    0    0 875824 508772 292829 1010210 33 13 45  9  0  0
 4  0  70952 140905448 2120900 46236132    0    0 890864 516348 294985 1013753 33 12 46  9  0  0
 5  0  70952 140905228 2120900 46236136    0    0 875488 502220 290579 1004390 32 12 45 10  0  0
56  9  70952 140899068 2120900 46236168    0    0 890416 506420 290198 999858 32 12 46  9  0  0
57 20  70952 140901244 2120900 46236184    0    0 894448 515552 289563 986467 32 12 46  9  0  0
32 56  70952 140905076 2120900 46236208    0    0 864576 505140 288076 990174 32 12 47 10  0  0
 5  1  70952 140883896 2120900 46236232    0    0 886448 502036 267589 902737 28 11 47 15  0  0
50 38  70952 140888124 2120900 46236240    0    0 895600 516900 281596 962550 30 11 47 12  0  0
42 41  70952 140909116 2120900 46236264    0    0 873744 516128 287267 1000851 32 12 45 11  0  0
 4  0  70952 140908192 2120900 46236336    0    0 859584 503340 292461 1016676 34 13 45  9  0  0
67  5  70952 140884656 2120900 46236368    0    0 870400 487588 274143 935215 30 12 45 14  0  0
 7  0  70952 140874296 2120900 46236384    0    0 874928 509364 283999 966916 31 11 46 12  0  0
68 14  70952 140900076 2120900 46236404    0    0 872736 504464 290496 999451 33 13 45  9  0  0
 2  0  70952 140914804 2120900 46236416    0    0 894576 512588 290242 997293 32 12 46 10  0  0
 5  1  70952 140915176 2120900 46236428    0    0 893264 511124 292932 1007906 33 12 46  9  0  0
 5  0  70952 140913356 2120900 46236448    0    0 870656 510212 291846 1007336 33 12 46  9  0  0
13 71  70952 140910496 2120900 46236472    0    0 887056 518016 288912 988829 32 12 46  9  0  0
51  3  70952 140890084 2120900 46236496    0    0 879008 508544 291762 1001658 32 13 45 10  0  0
 6  0  70952 140888900 2120900 46236512    0    0 898352 517768 290152 991209 32 12 46 10  0  0
 3  1  70952 140881932 2120900 46236540    0    0 913248 528108 289132 987264 31 11 47 11  0  0
41 40  70952 140904812 2120908 46236544    0    0 927776 534548 289943 984008 31 12 47 11  0  0
procs -----------memory---------- ---swap-- -----io---- -system-- -------cpu-------
 r  b   swpd   free   buff  cache   si   so    bi    bo   in   cs us sy id wa st gu
76  9  70952 140884644 2120908 46236572    0    0 887456 512492 291715 984726 32 12 46 10  0  0
 7  0  70952 140902080 2120908 46236596    0    0 873104 486424 290671 999940 33 12 45  9  0  0
 3  1  70952 140888232 2120908 46236608    0    0 855872 498196 286160 976229 31 13 47  9  0  0
 8  1  70952 140899700 2120908 46236624    0    0 870832 509148 283478 975594 31 12 47  9  0  0
37 50  70952 140893100 2120908 46236640    0    0 884080 509624 281031 953520 30 11 48 11  0  0
49  6  70952 140899388 2120908 46236652    0    0 888448 498668 274891 935686 29 11 47 13  0  0
 3  0  70952 140893500 2120908 46236692    0    0 876800 514532 288912 984546 32 12 45 11  0  0
 7  1  70952 140876324 2120908 46236704    0    0 873680 498204 296907 1033737 34 13 45  9  0  0
 4  3  70952 140870636 2120908 46236728    0    0 893456 510608 280471 950726 30 12 46 12  0  0
69 14  70952 140892572 2120908 46236748    0    0 868400 498796 274851 933803 29 11 47 13  0  0
 2  0  70952 140898584 2120908 46236764    0    0 877520 511136 290142 998100 32 12 46 10  0  0
10  2  70952 140900536 2120908 46236784    0    0 900000 510312 295308 1015552 33 12 45  9  0  0
57  7  70952 140910444 2120908 46236796    0    0 891648 519708 294590 1018353 33 12 45  9  0  0
 6  2  70952 140896180 2120908 46236824    0    0 892864 515800 292425 1016166 33 12 46  9  0  0
33  4  70952 140886072 2120908 46236836    0    0 890544 513284 285749 975582 32 12 47  9  0  0
 2  0  70952 140894572 2120908 46236852    0    0 875312 511892 293792 1004844 33 12 46  9  0  0
18 13  70952 140902436 2120908 46236880    0    0 895632 506040 295876 1023807 33 12 46  9  0  0
 3  2  70952 140898592 2120908 46236892    0    0 894608 525972 290946 992573 32 12 47 10  0  0
33  7  70952 140895780 2120908 46236912    0    0 895072 513920 292661 1002214 32 13 46 10  0  0
45 24  70952 140890236 2120908 46236928    0    0 885456 514444 292891 1004375 33 12 46  9  0  0
50 38  70952 140888940 2120908 46236952    0    0 883104 507956 290083 988814 32 12 45 10  0  0
procs -----------memory---------- ---swap-- -----io---- -system-- -------cpu-------
 r  b   swpd   free   buff  cache   si   so    bi    bo   in   cs us sy id wa st gu
11 10  70952 140871100 2120908 46236972    0    0 877360 517248 296549 1006782 33 13 45  9  0  0
74  8  70952 140883172 2120908 46236992    0    0 910720 522452 286576 1004648 32 11 47 11  0  0
61 26  70952 140886920 2120908 46237004    0    0 883728 515244 279877 945334 30 11 46 12  0  0
75  6  70952 140868344 2120908 46237028    0    0 881072 500744 271949 916239 29 11 46 14  0  0
38  9  70952 140889628 2120908 46237048    0    0 855184 506084 286034 984444 32 12 46 10  0  0
10  3  70952 140900304 2120908 46237080    0    0 873360 503504 290568 995271 32 13 46  9  0  0
71  8  70952 140881184 2120908 46237096    0    0 891296 496128 278716 945549 30 11 46 13  0  0
 4  1  70952 140884016 2120908 46237112    0    0 896720 508436 280527 956320 30 11 47 12  0  0
 5  1  70952 140881860 2120912 46237124    0    0 872992 528592 283736 965958 32 12 47 10  0  0
 5  0  70952 140887212 2120912 46237148    0    0 872736 507448 293502 1010067 33 13 46  9  0  0
72  2  70952 140876896 2120912 46237164    0    0 894736 510484 291114 996704 32 12 46  9  0  0
 4  0  70952 140867724 2120912 46237188    0    0 860496 505144 296944 1025063 34 13 45  9  0  0
 5  0  70952 140885368 2120912 46237200    0    0 872752 513956 290400 1006503 32 12 46  9  0  0
58 32  70952 140884964 2120920 46237216    0    0 907120 513412 292681 1001360 32 12 46 11  0  0
 5  0  70952 140899932 2120920 46237232    0    0 883824 509752 290566 996200 33 12 46  9  0  0
 3  1  70952 140911600 2120920 46237252    0    0 873776 514200 290960 996024 32 12 46  9  0  0
78  5  70952 140908932 2120920 46237284    0    0 894720 504020 295563 1018899 33 12 45  9  0  0
66 15  70952 140894712 2120920 46237296    0    0 889280 524644 287225 985000 32 12 46 10  0  0
73  8  70952 140894820 2120924 46237328    0    0 876960 501804 288465 995101 33 12 45 10  0  0
64  9  70952 140896392 2120924 46237340    0    0 869984 510192 287342 992825 31 12 46 11  0  0
44 18  70952 140890280 2120924 46237356    0    0 883824 514284 293205 1012872 33 12 46  9  0  0
procs -----------memory---------- ---swap-- -----io---- -system-- -------cpu-------
 r  b   swpd   free   buff  cache   si   so    bi    bo   in   cs us sy id wa st gu
51 36  70952 140895256 2120924 46237384    0    0 889184 507692 280013 956455 30 12 46 12  0  0
45  5  70952 140888848 2120924 46237400    0    0 883408 507016 271067 914488 28 11 46 14  0  0
 4  0  70952 140873364 2120924 46237420    0    0 854560 497996 290794 1004307 33 13 45 10  0  0
85  3  70952 140869040 2120924 46237440    0    0 892736 506600 289014 990943 32 12 46 10  0  0
77  7  70952 140874408 2120924 46237456    0    0 878176 518572 268390 914807 28 10 46 15  0  0
60  9  70952 140882740 2120924 46237472    0    0 862336 507620 284684 988808 32 12 45 10  0  0
 9  1  70952 140888448 2120924 46237564    0    0 855168 500276 294621 1016819 33 13 45  9  0  0
43 47  70952 140886076 2120924 46237584    0    0 850608 504040 299039 1015631 33 13 45  9  0  0
72  6  70952 140887768 2120924 46237604    0    0 889120 502556 293940 1020853 33 13 45  9  0  0
49 15  70952 140881260 2120924 46237620    0    0 878832 498244 290453 1002334 33 12 46  9  0  0
75  7  70952 140888376 2120924 46237644    0    0 890224 507020 291441 1002894 33 11 47 10  0  0
 5  0  70952 140894348 2120924 46237660    0    0 877920 497844 291573 1005706 33 12 46  9  0  0
20 22  70952 140894760 2120924 46237688    0    0 893408 511304 291980 999395 32 13 46 10  0  0
 5  0  70952 140891332 2120924 46237708    0    0 863568 506124 293363 1013841 33 13 45  9  0  0
67  7  70952 140882028 2120924 46237724    0    0 874464 526560 292225 997242 32 12 46 10  0  0
71  9  70952 140875272 2120924 46237748    0    0 891808 507588 291828 1009066 33 13 45 10  0  0
76  7  70952 140895912 2120924 46237760    0    0 873920 512668 291847 1008792 33 11 46 10  0  0
57  8  70952 140877196 2120924 46237776    0    0 897488 511448 291307 998952 33 12 45 10  0  0
58 24  70952 140877792 2120924 46237796    0    0 884480 507044 295189 1005017 33 12 46  9  0  0
49 32  70952 140880524 2120924 46237812    0    0 875696 500220 292688 1011124 33 12 46  9  0  0
40 49  70952 140873908 2120924 46237836    0    0 885904 511460 273391 926696 29 11 47 13  0  0
procs -----------memory---------- ---swap-- -----io---- -system-- -------cpu-------
 r  b   swpd   free   buff  cache   si   so    bi    bo   in   cs us sy id wa st gu
 6  0  70952 140869436 2120924 46237860    0    0 911216 514596 272924 930646 29 11 47 13  0  0
44  5  70952 140867792 2120928 46237880    0    0 935136 536124 289665 995694 32 10 47 11  0  0
16 25  70952 140873732 2120928 46237888    0    0 853104 499868 279208 961140 31 12 46 11  0  0
69 10  70952 140882736 2120928 46237916    0    0 868864 492000 273313 924507 29 11 47 12  0  0
37 49  70952 140882804 2120928 46237932    0    0 862864 504836 287133 984379 32 12 47  9  0  0
 7  0  70952 140866332 2120928 46237952    0    0 865376 500416 290524 993180 32 13 46  9  0  0
 4  1  70952 140878136 2120928 46237984    0    0 872416 511772 291524 1000124 32 13 46  9  0  0
60  9  70952 140883876 2120928 46237996    0    0 892960 515576 290467 994630 32 11 47 10  0  0
48 16  70952 140878632 2120928 46238012    0    0 863600 503804 291050 1015753 33 13 45  9  0  0
39 16  70952 140851468 2120928 46238032    0    0 884320 521268 293805 997784 32 12 46 10  0  0
 6  0  70952 140874940 2120928 46238060    0    0 894832 516660 296190 1027985 33 13 44  9  0  0
45  9  70952 140877744 2120932 46238080    0    0 880752 509368 291135 1008658 33 12 46  9  0  0
55  3  70952 140880640 2120932 46238104    0    0 874240 508716 291184 995781 33 12 46  9  0  0
80  2  70952 140888024 2120932 46238116    0    0 893008 514784 286315 983736 32 11 47 10  0  0
 7  1  70952 140891048 2120932 46238144    0    0 851216 506236 291203 1004646 33 12 46  9  0  0
 3  1  70952 140870768 2120932 46238164    0    0 895936 508980 291502 993412 32 12 46 10  0  0
38 49  70952 140863544 2120932 46238176    0    0 868832 509316 292049 1006903 33 13 45  9  0  0
63 10  70952 140855432 2120932 46238200    0    0 890592 507332 291206 1007444 33 12 46  9  0  0
19  8  70952 140870016 2120932 46238220    0    0 878080 520912 277062 943462 30 11 46 13  0  0
48 25  70952 140880476 2120932 46238236    0    0 900864 511216 280444 943895 30 10 47 13  0  0
 5  0  70952 140882416 2120932 46238248    0    0 868848 509324 290939 999828 32 12 46  9  0  0
procs -----------memory---------- ---swap-- -----io---- -system-- -------cpu-------
 r  b   swpd   free   buff  cache   si   so    bi    bo   in   cs us sy id wa st gu
 6  1  70952 140876128 2120932 46238272    0    0 894752 507468 288604 985109 32 12 46 10  0  0
62 19  70952 140858528 2120932 46238300    0    0 874784 500520 267862 899915 28 11 48 14  0  0
46 42  70952 140861596 2120932 46238320    0    0 876112 509976 294427 1006284 33 12 46  9  0  0
70 16  70952 140863848 2120932 46238328    0    0 884096 497076 294381 1019697 33 13 45  9  0  0
74 10  70952 140881424 2120932 46238352    0    0 897648 522184 291200 993971 32 11 47 10  0  0
18 16  70952 140882316 2120932 46238372    0    0 876272 503572 293382 1018946 33 13 45  9  0  0
 5  0  70952 140886932 2120932 46238384    0    0 873168 534788 291006 989375 32 12 46  9  0  0
 5  1  70952 140877980 2120932 46238408    0    0 897056 503392 293665 1018651 33 13 45  9  0  0
49 31  70952 140863044 2120932 46238428    0    0 881728 507208 288618 996725 32 12 46  9  0  0
 4  1  70952 140863232 2120932 46238460    0    0 877200 509912 294778 1010639 33 12 46  9  0  0
 5  0  70952 140858864 2120936 46238468    0    0 894064 512920 290876 1006672 33 12 46 10  0  0
70 19  70952 140870936 2120936 46238480    0    0 910416 510768 295588 1018871 33 13 44 10  0  0
 4  0  70952 140877340 2120936 46238496    0    0 876928 513728 286591 999553 32 13 46 10  0  0
42 10  70952 140876328 2120936 46238512    0    0 890336 506844 288288 996214 33 12 45 11  0  0
74  9  70952 140883252 2120936 46238540    0    0 896784 511228 292030 990102 31 12 46 10  0  0
57 10  70952 140869460 2120936 46238560    0    0 875584 518592 291564 1000173 32 12 46 10  0  0
 5  2  70952 140881076 2120936 46238568    0    0 872960 510588 287145 984153 32 11 47 10  0  0
 4  0  70952 140879476 2120936 46238596    0    0 874400 503756 269703 900060 28 11 48 14  0  0
 6  0  70952 140863300 2120936 46238624    0    0 898768 509036 282372 972820 31 12 47 11  0  0
40  7  70952 140866084 2120936 46238640    0    0 874864 497036 280689 959108 30 12 46 11  0  0
46 39  70952 140845224 2120940 46238668    0    0 896144 509292 272098 916822 28 11 47 13  0  0
procs -----------memory---------- ---swap-- -----io---- -system-- -------cpu-------
 r  b   swpd   free   buff  cache   si   so    bi    bo   in   cs us sy id wa st gu
21  9  70952 140854088 2120940 46238676    0    0 890336 509892 289213 995212 32 12 46 10  0  0
51 30  70952 140886440 2120940 46238688    0    0 881312 514624 293102 1002131 33 12 47  9  0  0
76  6  70952 140878024 2120940 46238708    0    0 888928 524380 288651 995824 32 12 45 10  0  0
79  6  70952 140870876 2120940 46238808    0    0 896896 516160 295936 1014149 32 12 46  9  0  0
 4  0  70952 140874044 2120940 46238832    0    0 873600 510396 293224 1014764 33 12 46  9  0  0
76  8  70952 140867040 2120940 46238844    0    0 885104 517948 291103 990078 32 12 46 10  0  0
 6  1  70952 140869464 2120940 46238860    0    0 857440 499340 293534 1019586 33 13 45  9  0  0
63  6  70952 140871092 2120940 46238872    0    0 887648 516120 292219 995784 32 11 47 10  0  0
49 39  70952 140878168 2120940 46238892    0    0 884864 508632 289653 998601 33 12 46  9  0  0
 6  1  70952 140871192 2120940 46238912    0    0 884208 506276 297086 1020334 33 13 45  9  0  0
19 68  70952 140877564 2120940 46238936    0    0 886944 518252 287581 975755 31 12 47  9  0  0
51 14  70952 140869028 2120940 46238952    0    0 882176 514316 293179 1003176 32 13 45 10  0  0
48 14  70952 140858588 2120940 46238968    0    0 881072 511668 290956 1006480 32 13 45 10  0  0
83  6  70952 140870376 2120940 46238988    0    0 882560 504476 294857 1019343 34 12 45  9  0  0
40 21  70952 140875428 2120944 46239004    0    0 891360 507448 294067 1014383 33 12 45  9  0  0
33 51  70952 140879880 2120944 46239028    0    0 868272 495040 278950 957354 31 12 46 11  0  0
21 69  70952 140870184 2120944 46239044    0    0 900768 506184 261424 879400 27 11 47 15  0  0
19 66  70952 140860468 2120944 46239068    0    0 864480 501304 273026 928140 29 11 47 13  0  0
42 47  70952 140869904 2120944 46239088    0    0 910304 510752 285048 977871 31 11 46 12  0  0
20 12  70952 140880176 2120944 46239104    0    0 892704 529144 293227 1010792 33 12 45 10  0  0
13 24  70952 140868168 2120944 46239128    0    0 895648 515880 292838 999425 33 12 46  9  0  0
procs -----------memory---------- ---swap-- -----io---- -system-- -------cpu-------
 r  b   swpd   free   buff  cache   si   so    bi    bo   in   cs us sy id wa st gu
32 11  70952 140859468 2120944 46239144    0    0 874912 501124 289242 1013358 33 12 46  9  0  0
40 43  70952 140866728 2120944 46239168    0    0 884448 512700 288904 994878 32 13 46  9  0  0
34 54  70952 140861700 2120944 46239196    0    0 909920 516476 288551 993071 32 12 46 10  0  0
23 65  70952 140858592 2120948 46239204    0    0 904336 522932 287153 985160 31 12 46 11  0  0
41 39  70952 140877448 2120948 46239212    0    0 916432 517824 285843 975033 31 11 48 10  0  0
26 28  70952 140868072 2120948 46239236    0    0 873872 516804 298773 1007851 32 13 46  9  0  0
54 27  70952 140874896 2120948 46239260    0    0 869232 492408 290072 1002772 33 12 46  9  0  0
31 40  70952 140866008 2120948 46239284    0    0 885488 513092 288139 1008363 32 12 46 10  0  0
36 54  70952 140857068 2120948 46239308    0    0 871056 509760 287970 986448 32 12 46  9  0  0
26 23  70952 140856644 2120948 46239324    0    0 876848 505856 288975 994096 32 12 46 10  0  0
37 49  70952 140878972 2120948 46239332    0    0 852288 479024 288033 1005251 33 12 46  9  0  0
42 50  70952 140898716 2120948 46239368    0    0 883632 510020 290803 998390 33 12 46 10  0  0
27 62  70952 140882660 2120948 46239384    0    0 866992 495368 291697 1013237 33 13 46  9  0  0
33 54  70952 140859404 2120952 46239412    0    0 874896 508812 293050 993993 32 12 46 10  0  0
52 29  70952 140856468 2120952 46239432    0    0 876576 499132 278147 942638 30 12 47 12  0  0
21 69  70952 140858068 2120952 46239456    0    0 857168 508200 271640 916775 29 10 47 13  0  0
19 64  70952 140865084 2120952 46239476    0    0 877920 490240 261209 886792 27 10 46 16  0  0
32 41  70952 140860516 2120952 46239492    0    0 870528 489832 286928 977043 31 12 47 10  0  0
65 16  70952 140872220 2120952 46239504    0    0 883392 503360 294040 1007883 32 13 46  9  0  0
45 49  70952 140860000 2120952 46239536    0    0 889056 510304 292951 1005492 33 12 46  9  0  0
50 34  70952 140859592 2120952 46239556    0    0 868176 493920 293667 1020935 34 12 45  9  0  0
procs -----------memory---------- ---swap-- -----io---- -system-- -------cpu-------
 r  b   swpd   free   buff  cache   si   so    bi    bo   in   cs us sy id wa st gu
37 47  70952 140881160 2120952 46239572    0    0 878160 497408 288921 997507 32 12 47  9  0  0
38 32  70952 140880808 2120952 46239592    0    0 886512 509268 287945 992892 32 12 46 10  0  0
40 47  70952 140876272 2120956 46239604    0    0 887568 515232 289133 989998 33 12 46  9  0  0
48 43  70952 140876224 2120956 46239632    0    0 878608 522304 291668 1009318 33 13 46  9  0  0
57 30  70952 140861012 2120956 46239656    0    0 903440 522184 295780 1014720 32 12 45 10  0  0
45 45  70952 140851688 2120956 46239680    0    0 888912 525824 293613 1012584 33 12 45 10  0  0
52 28  70952 140858520 2120956 46239692    0    0 888704 507000 291881 995618 33 11 46 10  0  0
41 26  70952 140849928 2120956 46239696    0    0 895120 504944 294992 1007794 33 12 46 10  0  0
37 47  70952 140874008 2120956 46239732    0    0 875632 503208 293598 1008232 33 12 46  9  0  0
44 49  70952 140870016 2120956 46239748    0    0 872864 505252 291153 999410 32 12 46 10  0  0
27 62  70952 140859712 2120956 46239772    0    0 874336 495704 288913 996411 33 13 45  9  0  0
21 65  70952 140846572 2120956 46239788    0    0 866496 501692 290303 999348 33 13 45 10  0  0
19 67  70952 140840888 2120956 46239808    0    0 886208 530144 279661 949813 30 11 46 13  0  0
36 50  70952 140855468 2120956 46239824    0    0 888864 508224 276157 937312 30 11 47 13  0  0
33 50  70952 140850804 2120956 46239848    0    0 897920 498012 263805 886377 27 10 47 15  0  0
44 34  70952 140861216 2120956 46239864    0    0 876672 492260 284103 965723 30 12 46 12  0  0
22 17  70952 140849624 2120956 46239884    0    0 886784 503684 290277 992275 33 12 46  9  0  0
44 23  70952 140850708 2120956 46239908    0    0 879536 511712 294360 1016999 34 13 45  9  0  0
72  3  70952 140842964 2120960 46239920    0    0 884256 504232 294972 1014794 33 12 46  9  0  0
16  1  70952 140851384 2120960 46239940    0    0 876976 511920 296660 1023325 33 12 45  9  0  0
46 41  70952 140861540 2120960 46239964    0    0 887472 527556 295196 1021049 33 13 45  9  0  0
procs -----------memory---------- ---swap-- -----io---- -system-- -------cpu-------
 r  b   swpd   free   buff  cache   si   so    bi    bo   in   cs us sy id wa st gu
27 62  70952 140866664 2120960 46240064    0    0 870928 511848 296099 1029263 33 13 45  9  0  0
37 38  70952 140860996 2120960 46240084    0    0 875424 503288 290641 1008048 33 12 45  9  0  0
67 16  70952 140853832 2120960 46240108    0    0 891888 517772 292709 994542 32 12 46  9  0  0
40 50  70952 140869480 2120960 46240128    0    0 897712 518640 295074 1022808 33 12 46  9  0  0
67  6  70952 140864824 2120960 46240140    0    0 894928 509968 292609 994977 32 12 46 10  0  0
70 15  70952 140865904 2120960 46240172    0    0 886800 502208 295057 1022164 33 13 44  9  0  0
61 19  70952 140865696 2120960 46240180    0    0 888480 510040 290154 1003253 33 13 45  9  0  0
29 57  70952 140851764 2120964 46240204    0    0 888192 506616 291309 1004556 33 12 46 10  0  0
76  8  70952 140834932 2120964 46240228    0    0 883136 530908 291692 996985 32 12 45 11  0  0
49 32  70952 140848836 2120964 46240248    0    0 882752 505560 291792 1001990 32 12 46 10  0  0
60 11  70952 140844648 2120964 46240252    0    0 898128 508400 274386 925229 29 11 47 13  0  0
 3  0  70952 140858292 2120964 46240280    0    0 867776 493364 277263 949939 30 12 46 12  0  0
17 59  70952 140853148 2120964 46240304    0    0 898960 521420 285136 973623 31 12 45 12  0  0
46 29  70952 140852196 2120964 46240328    0    0 886608 500412 278111 951758 30 11 46 13  0  0
 4  0  70952 140854564 2120964 46240352    0    0 866048 491220 292061 1020570 33 13 45  9  0  0
37 51  70952 140859036 2120964 46240364    0    0 883488 517196 294204 1016856 32 12 46  9  0  0
13  0  70952 140872172 2120964 46240376    0    0 880640 506236 292982 1011472 32 12 45 10  0  0
 7  3  70952 140853804 2120964 46240388    0    0 894288 537856 289013 990236 32 12 46 10  0  0
 6  4  70952 140840608 2120964 46240412    0    0 878864 505632 291615 1009872 33 13 45  9  0  0
48 35  70952 140861472 2120964 46240440    0    0 886224 510804 293269 1010141 33 12 45 10  0  0
 6  0  70952 140841916 2120964 46240452    0    0 893168 508384 289807 1007720 32 12 46 10  0  0
procs -----------memory---------- ---swap-- -----io---- -system-- -------cpu-------
 r  b   swpd   free   buff  cache   si   so    bi    bo   in   cs us sy id wa st gu
 4  1  70952 140865852 2120964 46240472    0    0 883744 507624 292623 1016017 33 12 46  9  0  0
41 28  70952 140874464 2120964 46240492    0    0 873376 510460 289214 994320 33 12 46  9  0  0
 7  0  70952 140869348 2120964 46240512    0    0 886368 498224 295585 1021979 33 13 44 10  0  0
 4  1  70952 140867520 2120964 46240536    0    0 894176 513000 293015 998642 33 12 46  9  0  0
 3  0  70952 140852224 2120964 46240548    0    0 896800 539412 286895 984955 31 12 46 10  0  0
42 44  70952 140831600 2120964 46240568    0    0 920576 528992 288464 976707 32 11 46 11  0  0
66  5  70952 140851716 2120968 46240588    0    0 910752 518880 284651 971585 31 11 47 11  0  0
 3  0  70952 140846744 2120968 46240608    0    0 854400 500176 284198 978438 32 12 46 10  0  0
52  4  70952 140848228 2120968 46240628    0    0 888672 491924 270769 916788 28 11 47 13  0  0
30  4  70952 140864692 2120968 46240648    0    0 853936 484800 281890 958409 30 12 46 11  0  0
31 55  70952 140853768 2120968 46240720    0    0 864800 500500 268266 913073 29 11 47 13  0  0
47 43  70952 140846504 2120968 46240748    0    0 868464 498352 273307 933156 30 11 47 12  0  0
48 43  70952 140847536 2120968 46240760    0    0 882544 509008 289967 1006536 32 12 47  9  0  0
79  8  70952 140867000 2120968 46240772    0    0 899456 528564 291288 1001409 33 12 45 10  0  0
 4  0  70952 140869780 2120968 46240804    0    0 881552 514916 294990 1012007 33 13 45 10  0  0
58 28  70952 140862936 2120968 46240832    0    0 896368 508608 292900 1011371 33 12 46  9  0  0
72 12  70952 140854672 2120968 46240848    0    0 898720 511868 290829 1006368 32 12 46  9  0  0
 5  0  70952 140850472 2120968 46240876    0    0 883616 504480 287293 987795 32 12 46 10  0  0
 4  1  70952 140849460 2120968 46240880    0    0 899024 518492 289708 985441 32 11 47 10  0  0
63  8  70952 140866896 2120968 46240896    0    0 887008 495828 293611 1022563 33 13 44  9  0  0
46 43  70952 140857944 2120968 46240916    0    0 886032 519364 291646 995600 32 12 46 10  0  0
procs -----------memory---------- ---swap-- -----io---- -system-- -------cpu-------
 r  b   swpd   free   buff  cache   si   so    bi    bo   in   cs us sy id wa st gu
51 37  70952 140855460 2120968 46240940    0    0 875008 504768 291881 1008286 33 13 45  9  0  0
11  0  70952 140849044 2120968 46240960    0    0 888160 527088 299809 1019033 33 13 45  9  0  0
46 38  70952 140869296 2120968 46240980    0    0 886592 512840 289784 992025 32 13 46 10  0  0
40 46  70952 140876004 2120968 46241000    0    0 896592 516308 291540 998792 32 11 46 10  0  0
35 53  70952 140874228 2120968 46241004    0    0 872624 502676 289896 1001225 32 13 45 10  0  0
75  4  70952 140873516 2120968 46241028    0    0 876320 506324 289547 986560 32 12 46 10  0  0
 9  2  70952 140851792 2120968 46241044    0    0 881072 505368 288473 990877 32 12 46 10  0  0
78  6  70952 140855092 2120968 46241064    0    0 891424 502796 265642 890171 28 11 47 15  0  0
45  1  70952 140847180 2120968 46241084    0    0 875072 512200 282944 960615 30 12 46 12  0  0
 4  2  70952 140853752 2120968 46241108    0    0 896384 519104 276293 933649 29 10 46 15  0  0
56 12  70952 140855076 2120968 46241124    0    0 870368 503932 292414 1014726 33 13 45  9  0  0
53 36  70952 140840628 2120968 46241140    0    0 865936 503856 290069 1002912 33 12 46  9  0  0
36  8  70952 140864940 2120968 46241164    0    0 897776 511496 297183 1012730 33 12 45  9  0  0
 5  0  70952 140864428 2120968 46241180    0    0 881008 507092 291809 1001840 32 12 46  9  0  0
52  1  70952 140867996 2120968 46241204    0    0 872032 510888 290992 1001980 33 12 46  9  0  0
 6  0  70952 140887332 2120968 46241216    0    0 896592 517956 289486 989460 32 11 47 10  0  0
43 46  70952 140864020 2120968 46241232    0    0 875472 506960 293760 1014776 33 12 46  9  0  0
58 13  70952 140854924 2120968 46241252    0    0 883936 524684 292655 1005845 32 13 46  9  0  0
55  9  70952 140862944 2120968 46241348    0    0 890464 509400 293877 1004668 33 12 45  9  0  0
 5  1  70952 140852960 2120968 46241368    0    0 881568 507504 289920 1001691 33 13 46  9  0  0
51 34  70952 140855616 2120968 46241392    0    0 883968 509720 292231 1003760 32 12 46  9  0  0
procs -----------memory---------- ---swap-- -----io---- -system-- -------cpu-------
 r  b   swpd   free   buff  cache   si   so    bi    bo   in   cs us sy id wa st gu
61  9  70952 140873556 2120968 46241408    0    0 903200 508412 293808 1014594 33 12 46 10  0  0
43 46  70952 140877912 2120968 46241428    0    0 881136 504584 283855 971051 31 12 46 11  0  0
 2  1  70952 140852548 2120968 46241448    0    0 890832 504988 265695 893082 28 11 46 16  0  0
41 36  70952 140857224 2120968 46241464    0    0 897296 502564 266796 896371 28 10 46 16  0  0
 6  0  70952 140853968 2120968 46241484    0    0 877728 512280 267500 899542 27 11 47 15  0  0
81  5  70952 140842148 2120968 46241508    0    0 889952 512496 265255 892576 28 10 47 15  0  0
64  2  70952 140842492 2120968 46241520    0    0 871424 484784 258294 873190 27  9 48 17  0  0
 6  1  70952 140848552 2120968 46241544    0    0 877280 499864 264734 887450 28 10 47 15  0  0
 5  0  70952 140856700 2120968 46241568    0    0 892064 504080 276193 934310 29 11 47 13  0  0
 7  0  70952 140842336 2120968 46241584    0    0 897584 511328 269453 905087 28 11 47 14  0  0
51 37  70952 140852800 2120968 46241608    0    0 892288 507092 272083 920056 29 11 47 14  0  0
 0  1  70952 140853580 2120968 46241628    0    0 874848 503696 263854 889803 27 11 47 15  0  0
30  6  70952 140877600 2120968 46241640    0    0 894256 498352 267651 911602 28 10 46 16  0  0
 5  0  70952 140865140 2120968 46241664    0    0 893696 508736 267372 894289 27 11 47 15  0  0
53 31  70952 140857132 2120968 46241684    0    0 873984 531228 282423 953617 31 11 47 11  0  0
 4  0  70952 140838160 2120968 46241708    0    0 896176 507620 285302 970399 31 12 46 11  0  0
41 51  70952 140846256 2120968 46241724    0    0 894176 519488 281591 945232 30 12 48 11  0  0
46 39  70952 140860672 2120968 46241752    0    0 878064 507312 287872 983853 32 12 46 10  0  0
 3  0  70952 140860216 2120968 46241760    0    0 887760 508452 284887 974583 31 11 47 11  0  0
14  0  70952 140859676 2120968 46241776    0    0 894800 510760 286661 973753 32 12 46 11  0  0
69 22  70952 140849588 2120968 46241792    0    0 894912 508344 284604 994794 32 12 45 11  0  0
procs -----------memory---------- ---swap-- -----io---- -system-- -------cpu-------
 r  b   swpd   free   buff  cache   si   so    bi    bo   in   cs us sy id wa st gu
 8  3  70952 140850268 2120968 46241812    0    0 899712 512760 286894 986613 32 12 46 10  0  0
 5  1  70952 140840600 2120968 46241832    0    0 874608 520876 277285 933493 30 11 46 13  0  0
27 11  70952 140839080 2120968 46241856    0    0 905984 516956 281294 955754 30 11 47 12  0  0
58  5  70952 140839836 2120968 46241864    0    0 875936 509388 282290 965483 30 11 47 12  0  0
33 52  70952 140849472 2120968 46241888    0    0 882736 509716 272645 916235 29 11 47 13  0  0
 2  0  70952 140855952 2120968 46241904    0    0 888944 505692 269596 909643 28 11 47 13  0  0
 3  2  70952 140858864 2120968 46241936    0    0 915296 520156 282753 957243 31 12 47 11  0  0
44 43  70952 140841900 2120968 46241956    0    0 908720 515616 285179 976409 31 11 46 11  0  0
49 26  70952 140848568 2120968 46241976    0    0 890976 513708 282795 957230 31 12 47 11  0  0
 3  0  70952 140860800 2120968 46241984    0    0 889536 504764 282222 963883 31 11 47 11  0  0
60  5  70952 140850504 2120968 46242016    0    0 873376 510564 278646 964102 30 12 47 11  0  0
52 37  70952 140854924 2120968 46242032    0    0 865088 503232 280513 954095 31 12 47 10  0  0
29 15  70952 140838412 2120968 46242056    0    0 878176 499332 282821 960516 31 12 47 11  0  0
 5  1  70952 140830776 2120968 46242076    0    0 876208 508220 284511 964006 31 12 47 11  0  0
 3  0  70952 140846244 2120968 46242096    0    0 899824 509156 290139 991754 32 12 45 11  0  0
14  0  70952 140848192 2120968 46242108    0    0 885584 506740 291527 1005322 33 11 46 10  0  0
 3  0  70952 140859772 2120968 46242144    0    0 893568 517008 289995 998080 32 12 46  9  0  0
63  5  70952 140862056 2120968 46242160    0    0 892176 507016 295815 1029553 33 13 45  9  0  0
 4  1  70952 140858836 2120968 46242180    0    0 876080 533664 289737 998157 32 12 46  9  0  0
 3  0  70952 140854340 2120968 46242192    0    0 896592 513204 290736 997652 32 12 46 10  0  0
 2  0  70952 140853684 2120968 46242216    0    0 887840 513356 285555 970351 31 12 47 10  0  0
procs -----------memory---------- ---swap-- -----io---- -system-- -------cpu-------
 r  b   swpd   free   buff  cache   si   so    bi    bo   in   cs us sy id wa st gu
 5  0  70952 140861908 2120968 46242224    0    0 896256 502464 285617 978572 31 11 46 11  0  0
 4  0  70952 140849120 2120968 46242248    0    0 872848 504980 285128 979146 31 12 46 10  0  0
 5  0  70952 140848920 2120968 46242264    0    0 874000 504480 290954 992372 32 12 45 11  0  0
15  3  70952 140843880 2120968 46242284    0    0 894896 502260 264655 889867 27 11 47 15  0  0
 3  0  70952 140846716 2120968 46242308    0    0 872256 514728 286959 992603 32 12 46 10  0  0
57 20  70952 140861096 2120968 46242328    0    0 887440 506772 293934 1014344 33 12 45  9  0  0
54 30  70952 140851916 2120972 46242332    0    0 899952 537024 290010 994401 32 11 46 10  0  0
 5  0  70952 140852328 2120972 46242360    0    0 863600 500140 291927 1020573 33 13 45  9  0  0
 3  0  70952 140852964 2120972 46242384    0    0 874032 506996 291125 1004363 33 12 46  9  0  0
44  6  70952 140852540 2120972 46242400    0    0 891904 510008 292739 1001487 33 12 45 10  0  0
 3  1  70952 140838820 2120972 46242424    0    0 876464 517012 289595 994227 32 12 46 10  0  0
 2  0  70952 140836700 2120972 46242448    0    0 894384 512140 289952 992705 32 11 46 10  0  0
 4  0  70952 140836992 2120972 46242460    0    0 895024 515588 291911 994915 33 11 47 10  0  0
41 16  70952 140854064 2120972 46242472    0    0 878208 505848 292824 1002664 33 12 46  9  0  0
 3  1  70952 140856056 2120972 46242496    0    0 891744 505768 294817 1018999 33 13 45  9  0  0
 7  0  70952 140854628 2120972 46242588    0    0 894976 529320 292941 1009452 33 12 45  9  0  0
 5  0  70952 140854624 2120972 46242604    0    0 894384 514700 293965 1014147 33 13 45  9  0  0
39 50  70952 140858556 2120972 46242620    0    0 878048 522640 290101 987845 32 11 47 10  0  0
 3  0  70952 140851188 2120972 46242640    0    0 891872 512932 290179 996860 32 12 46  9  0  0
 6  3  70952 140854816 2120972 46242652    0    0 877104 498504 288368 988916 32 12 45 10  0  0
55 21  70952 140843596 2120972 46242676    0    0 887632 507424 295648 1012862 33 12 45  9  0  0
procs -----------memory---------- ---swap-- -----io---- -system-- -------cpu-------
 r  b   swpd   free   buff  cache   si   so    bi    bo   in   cs us sy id wa st gu
41  2  70952 140849188 2120972 46242696    0    0 876128 508260 291086 1000426 33 12 46 10  0  0
50 38  70952 140851736 2120972 46242716    0    0 892304 515476 277277 932983 29 11 47 13  0  0
31 53  70952 140844520 2120972 46242736    0    0 886320 530488 279476 956052 30 11 47 12  0  0
52 25  70952 140832332 2120972 46242756    0    0 884320 505764 291354 1005613 33 12 46  9  0  0
27 59  70952 140844532 2120972 46242772    0    0 895744 513060 289128 995435 32 12 45 10  0  0
73 11  70952 140876668 2120972 46242796    0    0 893664 506128 279668 948884 30 12 45 12  0  0
37 47  70952 140848740 2120972 46242812    0    0 882208 512436 273945 926393 29 11 47 13  0  0
48 39  70952 140841208 2120972 46242844    0    0 893968 511508 264082 886169 27 11 47 15  0  0
 3  0  70952 140838068 2120972 46242864    0    0 886944 503396 262932 889814 27 10 48 15  0  0
36 55  70952 140847548 2120972 46242872    0    0 887904 504448 264998 888560 27 10 47 15  0  0
79  7  70952 140865940 2120972 46242892    0    0 898096 503576 272646 924625 29 11 46 14  0  0
31 56  70952 140859716 2120972 46242916    0    0 883888 521492 267559 901202 28 11 46 15  0  0
 5  6  70952 140856204 2120972 46242944    0    0 880912 507812 267811 903738 28 11 46 15  0  0
 5  1  70952 140837396 2120972 46242960    0    0 893984 513064 271012 914310 29 11 46 14  0  0
36 51  70952 140846520 2120972 46242976    0    0 888832 501928 266377 902982 28 10 47 15  0  0
55 26  70952 140842004 2120976 46242992    0    0 890544 506020 266561 891571 27 10 48 15  0  0
61 18  70952 140840632 2120976 46243016    0    0 883968 501564 266488 889732 27 11 48 14  0  0
 6  2  70952 140850492 2120976 46243044    0    0 889584 509668 282584 968391 31 12 45 12  0  0
 4  0  70952 140847436 2120976 46243064    0    0 890416 503564 285917 976723 31 12 45 11  0  0
44 12  70952 140845744 2120976 46243080    0    0 875072 509396 278450 935618 30 11 46 13  0  0
54 32  70952 140838264 2120976 46243104    0    0 891440 526244 283704 951779 29 11 47 13  0  0
procs -----------memory---------- ---swap-- -----io---- -system-- -------cpu-------
 r  b   swpd   free   buff  cache   si   so    bi    bo   in   cs us sy id wa st gu
43 46  70952 140828300 2120976 46243112    0    0 872208 505344 282639 974049 31 12 46 11  0  0
62  6  70952 140831092 2120976 46243136    0    0 866304 506440 282887 973114 31 12 46 11  0  0
41 45  70952 140855136 2120976 46243152    0    0 874112 505108 289041 976557 31 12 46 11  0  0
 4  1  70952 140865856 2120976 46243176    0    0 913632 514704 289800 989406 32 12 45 11  0  0
 4  0  70952 140852660 2120980 46243192    0    0 893104 511356 287700 979366 31 12 46 11  0  0
 2  1  70952 140833112 2120980 46243220    0    0 892816 513084 285295 972403 31 12 46 11  0  0
41 14  70952 140835920 2120980 46243232    4    0 868900 507576 286481 974517 31 12 46 11  0  0
43 37  70952 140854568 2120980 46243252    0    0 890288 525852 283304 971198 31 12 46 11  0  0
69  6  70952 140857512 2120980 46243268    0    0 902784 520200 283675 968167 31 12 46 12  0  0
 4  0  70952 140833216 2120980 46243288    0    0 920080 516388 283570 963509 30 12 47 11  0  0
 6  0  70952 140818992 2120980 46243312    0    0 875632 508652 283838 964623 31 12 47 10  0  0
58  6  70952 140829172 2120980 46243332    0    0 885232 501172 283172 968965 31 11 47 11  0  0
80  7  70952 140844508 2120980 46243340    0    0 879392 499556 283836 965460 31 11 47 10  0  0
76  9  70952 140851136 2120980 46243364    0    0 867520 501432 284736 975923 31 12 47 10  0  0
40 47  70952 140854256 2120980 46243384    0    0 878656 513824 284831 963793 31 12 47 11  0  0
70 12  70952 140848044 2120984 46243412    0    0 889280 529996 286757 968653 31 11 46 12  0  0
 5  0  70952 140831080 2120984 46243432    0    0 875776 499556 261596 877019 27 10 47 16  0  0
41 44  70952 140834912 2120984 46243448    0    0 881008 495424 262449 888352 27 10 46 17  0  0
 5  0  70952 140829636 2120984 46243460    0    0 865088 493000 267166 907526 28 11 45 15  0  0
 6  0  70952 140832208 2120984 46243476    0    0 894912 500112 269548 905445 27 11 46 15  0  0
56 31  70952 140844816 2120984 46243508    0    0 881808 497884 271594 915414 28 11 47 14  0  0
procs -----------memory---------- ---swap-- -----io---- -system-- -------cpu-------
 r  b   swpd   free   buff  cache   si   so    bi    bo   in   cs us sy id wa st gu
39 30  70952 140845204 2120984 46243524    0    0 890256 512544 281076 947445 30 12 47 11  0  0
50 41  70952 140846176 2120984 46243544    0    0 896272 507272 283637 962977 31 12 47 11  0  0
 4  0  70952 140850028 2120984 46243564    0    0 904992 518632 283039 950471 30 10 48 12  0  0
33  8  70952 140864288 2120984 46243580    0    0 890960 523544 283456 962870 31 12 46 11  0  0
40 47  70952 140853448 2120984 46243604    0    0 878352 516740 281641 949920 30 11 47 11  0  0
34 17  70952 140846348 2120984 46243620    0    0 887280 511820 280830 952881 30 12 46 12  0  0
 6  1  70952 140834356 2120984 46243640    0    0 877168 514652 279861 942360 30 12 46 12  0  0
69 13  70952 140835156 2120984 46243660    0    0 897008 507184 289121 965989 31 12 46 11  0  0
 5  0  70952 140844120 2120984 46243676    0    0 898816 507548 284703 963066 30 11 47 12  0  0
72  6  70952 140856892 2120984 46243692    0    0 892352 509404 285007 964673 30 12 47 11  0  0
41 47  70952 140857924 2120984 46243712    0    0 877360 510624 285118 959263 30 12 47 11  0  0
 6  3  70952 140833200 2120984 46243732    0    0 887584 530588 286344 962082 30 12 47 11  0  0
40 49  70952 140817944 2120984 46243816    0    0 900576 515924 283114 955068 30 12 46 12  0  0
43 43  70952 140847260 2120984 46243844    0    0 896800 516792 281260 945971 30 12 46 12  0  0
51 31  70952 140845804 2120984 46243864    0    0 902608 506648 281202 963038 30 11 46 13  0  0
 2  1  70952 140853084 2120984 46243876    0    0 860688 516536 280350 935810 29 12 47 12  0  0
 5  1  70952 140848664 2120984 46243892    0    0 891392 497312 278064 957879 30 12 46 13  0  0
80  7  70952 140852768 2120984 46243912    0    0 887856 512852 280248 957881 30 12 46 12  0  0
 7  0  70952 140841776 2120984 46243928    0    0 876736 514952 283199 953180 31 12 46 11  0  0
 5  0  70952 140826252 2120984 46243948    0    0 893968 512008 282314 957505 31 12 47 11  0  0
 4  4  70952 140818692 2120984 46243968    0    0 897968 528780 278955 932341 29 10 48 13  0  0
procs -----------memory---------- ---swap-- -----io---- -system-- -------cpu-------
 r  b   swpd   free   buff  cache   si   so    bi    bo   in   cs us sy id wa st gu
 4  0  70952 140831764 2120984 46243984    0    0 893264 508480 284425 964904 31 12 46 11  0  0
81  6  70952 140836204 2120984 46244000    0    0 883616 506012 284701 969129 31 12 46 11  0  0
41  5  70952 140836224 2120984 46244024    0    0 878368 509656 278830 945136 30 12 47 11  0  0
43 46  70952 140832460 2120984 46244044    0    0 879504 512440 281499 949159 30 12 46 12  0  0
78  8  70952 140850844 2120984 46244068    0    0 888336 508632 282797 964272 31 12 45 12  0  0
 4  1  70952 140852688 2120984 46244084    0    0 900992 513596 280078 952459 30 11 47 13  0  0
 5  0  70952 140845396 2120984 46244096    0    0 895600 510176 279723 948260 30 12 47 11  0  0
40 46  70952 140838304 2120984 46244116    0    0 922224 517472 282907 974846 31 12 46 12  0  0
30 18  70952 140831136 2120984 46244140    0    0 890432 543104 283750 945142 30 12 47 12  0  0
50 43  70952 140845976 2120984 46244168    0    0 897264 510020 285193 970999 31 12 46 11  0  0
 6  0  70952 140854588 2120984 46244188    0    0 892208 518776 282369 951114 31 11 47 11  0  0
62  4  70952 140847768 2120984 46244204    0    0 916208 516400 279240 939948 30 10 48 12  0  0
37  3  70952 140854752 2120984 46244220    0    0 893888 511888 279535 950191 30 11 46 12  0  0
45 46  70952 140831512 2120988 46244244    0    0 886096 518308 278012 932689 30 11 47 12  0  0
19 15  70952 140829556 2120988 46244272    0    0 882320 510260 279415 935122 30 11 47 13  0  0
13  3  70952 140824652 2120988 46244284    0    0 892416 508928 284284 973768 31 12 46 11  0  0
43 34  70952 140852064 2120988 46244304    0    0 854256 527252 283267 959899 31 12 46 11  0  0
54  6  70952 140865196 2120988 46244320    0    0 894288 508284 291410 1004064 32 12 45 11  0  0
71  8  70952 140850528 2120988 46244336    0    0 885360 506528 287681 991254 32 12 45 11  0  0
42  4  70952 140830116 2120988 46244360    0    0 892528 515664 286284 979154 32 12 46 10  0  0
 5  0  70952 140840504 2120988 46244380    0    0 876064 506252 288266 989562 32 12 45 10  0  0
procs -----------memory---------- ---swap-- -----io---- -system-- -------cpu-------
 r  b   swpd   free   buff  cache   si   so    bi    bo   in   cs us sy id wa st gu
45 45  70952 140832568 2120988 46244404    0    0 905328 520232 286335 969167 31 12 46 11  0  0
55 31  70952 140830340 2120988 46244424    0    0 876064 505884 285384 973769 31 12 46 11  0  0
53 32  70952 140852848 2120988 46244436    0    0 905984 513112 287067 980240 32 11 46 11  0  0
24  6  70952 140856012 2120988 46244452    0    0 858112 506540 286735 978669 31 12 46 11  0  0
59  6  70952 140857504 2120988 46244472    0    0 868608 523424 288090 985211 31 13 45 11  0  0
19  0  70952 140853736 2120988 46244488    0    0 900624 512452 291490 997069 32 12 45 11  0  0
47 38  70952 140842444 2120988 46244512    0    0 883632 506604 289219 992116 32 12 45 10  0  0
42 44  70952 140835152 2120988 46244532    0    0 899456 510728 286263 972039 31 12 46 11  0  0
44 40  70952 140852120 2120988 46244552    0    0 922848 512384 280837 958939 30 10 48 12  0  0
61  9  70952 140839112 2120988 46244568    0    0 924416 523340 283493 960256 30 12 46 11  0  0
48 41  70952 140833896 2120988 46244592    0    0 887504 518584 279717 947154 30 12 47 11  0  0
62 20  70952 140819520 2120988 46244612    0    0 901232 502368 289015 980485 31 12 46 11  0  0
33 57  70952 140838708 2120988 46244628    0    0 861904 515140 278198 935630 30 12 48 11  0  0
64 11  70952 140832436 2120988 46244648    0    0 887328 494236 265188 898317 28 10 48 14  0  0
 3  1  70952 140832008 2120988 46244668    0    0 877152 504888 266731 892861 28 10 48 14  0  0
48  6  70952 140829424 2120988 46244680    0    0 891760 508136 270865 906750 28 11 47 14  0  0
 5  0  70952 140836808 2120988 46244708    0    0 872800 513524 284106 961835 31 12 46 11  0  0
42 30  70952 140841864 2120988 46244732    0    0 911440 511200 289044 981861 32 12 46 11  0  0
 5  2  70952 140831248 2120988 46244748    0    0 900592 518544 289605 983808 32 12 46 10  0  0
 6  0  70952 140826584 2120988 46244772    0    0 892816 517032 284949 962406 31 11 47 11  0  0
 5  0  70952 140840696 2120988 46244800    0    0 893072 520640 285017 966713 31 11 47 11  0  0
procs -----------memory---------- ---swap-- -----io---- -system-- -------cpu-------
 r  b   swpd   free   buff  cache   si   so    bi    bo   in   cs us sy id wa st gu
 5  1  70952 140838268 2120988 46244804    0    0 895600 526168 287892 972563 31 12 47 11  0  0
 7  3  70952 140836676 2120988 46244824    0    0 895776 505972 284808 973510 31 12 46 11  0  0
26 20  70952 140836684 2120988 46244844    0    0 879296 513368 281862 954067 31 11 47 10  0  0
11  0  70952 140830516 2120988 46244868    0    0 890832 511944 288962 984173 32 12 45 11  0  0
41 47  70952 140825960 2120988 46244904    0    0 906672 515960 286533 974164 31 11 47 11  0  0
55 24  70952 140841176 2120988 46244920    0    0 884960 517396 286861 979367 31 11 47 11  0  0
 7  0  70952 140832552 2120988 46244924    0    0 896544 520276 287126 969938 31 12 46 11  0  0
67 10  70952 140816372 2120988 46244944    0    0 875456 504636 287045 985218 32 12 46 10  0  0
61  4  70952 140830480 2120988 46244964    0    0 886528 511484 287766 975406 31 12 46 11  0  0
42 46  70952 140841240 2120988 46245052    0    0 884256 525352 280366 945828 30 11 48 11  0  0
41 11  70952 140842204 2120988 46245072    0    0 877552 502412 285868 979755 31 11 46 11  0  0
77  7  70952 140852216 2120988 46245084    0    0 881856 506648 280763 958462 30 11 47 12  0  0
 5  0  70952 140836976 2120988 46245100    0    0 882496 516764 287390 971023 31 12 46 11  0  0
 8  0  70952 140855476 2120988 46245120    0    0 892592 508800 286226 981697 31 12 46 11  0  0
46 41  70952 140838852 2120988 46245148    0    0 901680 517092 284118 964408 31 12 46 11  0  0
 5  0  70952 140840804 2120988 46245176    0    0 887680 511388 288690 982089 32 12 45 11  0  0
70  8  70952 140838892 2120992 46245188    0    0 894592 508704 290179 982246 32 12 46 11  0  0
 5  0  70952 140850668 2120992 46245200    0    0 916016 531524 285795 974343 31 11 46 12  0  0
 5  0  70952 140841380 2120992 46245224    0    0 875232 513344 286106 962187 31 12 47 10  0  0
 5  0  70952 140835744 2120992 46245244    0    0 874720 504552 284022 973710 31 12 46 11  0  0
37  5  70952 140844552 2120992 46245264    0    0 891024 507148 286630 964387 31 12 47 11  0  0
procs -----------memory---------- ---swap-- -----io---- -system-- -------cpu-------
 r  b   swpd   free   buff  cache   si   so    bi    bo   in   cs us sy id wa st gu
49 35  70952 140836512 2120992 46245292    0    0 870208 506672 288669 984061 32 12 46 10  0  0
24 63  70952 140820748 2120992 46245304    0    0 890928 508940 285101 964225 31 11 46 12  0  0
53 36  70952 140829744 2120992 46245332    0    0 896000 512600 283218 968750 31 11 47 11  0  0
 8  1  70952 140840604 2120992 46245340    0    0 885536 511376 288318 983142 32 13 45 11  0  0
39 50  70952 140851464 2120992 46245364    0    0 892336 508880 286328 982621 32 12 45 11  0  0
33 55  70952 140837188 2120992 46245376    0    0 873008 511792 279685 956729 31 12 46 11  0  0
47 42  70952 140832948 2120992 46245392    0    0 899040 503344 276922 936378 30 11 48 12  0  0
29 56  70952 140835224 2120992 46245420    0    0 904512 531840 284756 954962 30 11 47 12  0  0
28 65  70952 140849104 2120992 46245432    0    0 875184 498272 280925 951294 30 11 47 12  0  0
29 58  70952 140841132 2120992 46245448    0    0 879424 498560 281432 957598 30 12 46 11  0  0
39 50  70952 140857504 2120992 46245464    0    0 880768 503916 283310 964293 31 12 47 10  0  0
25 66  70952 140847008 2120992 46245500    0    0 885648 520492 284819 969358 31 12 46 11  0  0
38 54  70952 140827820 2120992 46245520    0    0 891168 513656 294644 1009320 33 13 45 10  0  0
44 22  70952 140827472 2120992 46245540    0    0 905344 530868 288548 981607 31 11 46 11  0  0
38 54  70952 140833140 2120992 46245552    0    0 894432 507936 287712 980240 32 11 47 10  0  0
35 50  70952 140832164 2120992 46245568    0    0 871696 516484 289962 991369 32 13 44 10  0  0
71 34  70952 140834596 2120992 46245600    0    0 881200 500564 286958 981965 32 12 46 10  0  0
34 56  70952 140832872 2120992 46245616    0    0 887536 513004 287167 974652 32 12 46 11  0  0
21 62  70952 140823656 2120992 46245656    0    0 861296 479560 280732 961885 31 12 47 10  0  0
37 53  70952 140824520 2120992 46245664    0    0 881664 518520 286467 976391 31 12 46 11  0  0
16 72  70952 140827476 2120992 46245684    0    0 893072 511676 292850 1002672 32 12 46 11  0  0
procs -----------memory---------- ---swap-- -----io---- -system-- -------cpu-------
 r  b   swpd   free   buff  cache   si   so    bi    bo   in   cs us sy id wa st gu
24 61  70952 140833800 2120992 46245700    0    0 900432 523912 291336 994819 32 12 46 10  0  0
28 61  70952 140829856 2120992 46245716    0    0 890208 531332 283868 962713 31 12 47 11  0  0
32 57  70952 140831584 2120992 46245740    0    0 892096 506512 288688 1004475 32 13 45 10  0  0
21 68  70952 140819176 2120992 46245756    0    0 891984 518696 292459 1002972 32 12 45 11  0  0
32 56  70952 140824512 2120992 46245776    0    0 902112 504952 286520 979262 31 11 46 11  0  0
55 29  70952 140812088 2120992 46245788    0    0 887344 517508 285045 967982 31 11 46 11  0  0
16 68  70952 140826088 2120992 46245804    0    0 873552 493276 285668 966067 31 12 46 11  0  0
24 65  70952 140841176 2120992 46245832    0    0 888240 515280 281947 945483 30 12 46 13  0  0
35 47  70952 140840880 2120992 46245852    0    0 878928 505068 285000 968158 31 12 46 11  0  0
30 31  70952 140835444 2120992 46245872    0    0 907024 534520 283279 966561 30 12 46 12  0  0
21 60  70952 140835768 2120992 46245896    0    0 914032 539348 286240 966271 31 11 46 12  0  0
37 53  70952 140844864 2120992 46245904    0    0 900672 508676 282330 964987 31 11 47 11  0  0
52 40  70952 140844660 2120992 46245928    0    0 896672 508360 290655 995724 32 12 46 10  0  0
25 65  70952 140839868 2120992 46245944    0    0 885488 502244 281359 951859 31 12 48 10  0  0
38 50  70952 140825076 2120992 46245972    0    0 874832 499268 279432 942573 30 12 48 10  0  0
42 47  70952 140832868 2120992 46245996    0    0 873120 508716 282895 961725 31 12 47 10  0  0
29 41  70952 140830364 2120992 46246016    0    0 861792 490976 279611 955287 30 11 48 10  0  0
35 54  70952 140840348 2120992 46246020    0    0 900560 535124 286939 963288 31 11 46 11  0  0
29 62  70952 140853912 2120992 46246048    0    0 895152 522112 285705 966001 32 11 46 11  0  0
31 60  70952 140836948 2120992 46246084    0    0 894192 507488 284192 969250 31 12 46 10  0  0
23 66  70952 140821812 2120992 46246096    0    0 893264 515164 288966 991905 32 12 45 10  0  0
procs -----------memory---------- ---swap-- -----io---- -system-- -------cpu-------
 r  b   swpd   free   buff  cache   si   so    bi    bo   in   cs us sy id wa st gu
63 24  70952 140820988 2120992 46246120    0    0 890976 508812 288302 982976 31 12 46 11  0  0
38 47  70952 140829276 2120992 46246144    0    0 887264 507512 287411 992409 32 12 46 10  0  0
31 58  70952 140846484 2120992 46246156    0    0 896928 512456 290105 992677 32 11 46 11  0  0
29 54  70952 140841272 2120992 46246172    0    0 895712 518636 284492 960904 31 12 46 11  0  0
21 55  70952 140831700 2121000 46246188    0    0 879632 510784 290521 987107 31 12 45 11  0  0
32 37  70952 140830032 2121000 46246216    0    0 883440 523256 281752 952013 30 12 46 12  0  0
38 49  70952 140812648 2121000 46246332    0    0 884576 496416 280939 960506 31 12 46 11  0  0
16 68  70952 140832284 2121000 46246348    0    0 895248 513504 286690 979122 31 11 46 11  0  0
31 55  70952 140829108 2121000 46246368    0    0 886096 518628 285735 969732 31 11 47 11  0  0
46 42  70952 140834120 2121004 46246380    0    0 886912 514988 287435 992183 32 12 46 10  0  0
23 65  70952 140820012 2121004 46246404    0    0 887456 504252 289535 995008 32 12 46 10  0  0
31 58  70952 140827352 2121004 46246416    0    0 894016 523736 286444 981240 31 12 46 10  0  0
28 59  70952 140826908 2121004 46246436    0    0 872640 489892 285873 984230 31 12 46 10  0  0
38 36  70952 140835436 2121004 46246460    0    0 896976 500992 285429 970028 31 11 48 11  0  0
58 31  70952 140843076 2121008 46246464    0    0 882816 530376 281479 952577 31 11 47 11  0  0
31 57  70952 140835012 2121008 46246484    0    0 894688 524496 288184 981876 32 12 45 11  0  0
37 45  70952 140832372 2121008 46246508    0    0 883552 501012 286272 984747 32 12 46 10  0  0
47 23  70952 140837380 2121008 46246532    0    0 891104 510548 289776 998955 32 12 45 10  0  0
44 49  70952 140829520 2121008 46246556    0    0 899504 518396 290174 982691 32 12 46 11  0  0
39 50  70952 140833784 2121012 46246572    0    0 908240 528576 288406 978443 31 11 46 11  0  0
34 58  70952 140832420 2121012 46246580    0    0 876768 495864 283723 974731 32 12 47 10  0  0
procs -----------memory---------- ---swap-- -----io---- -system-- -------cpu-------
 r  b   swpd   free   buff  cache   si   so    bi    bo   in   cs us sy id wa st gu
27 66  70952 140833896 2121012 46246600    0    0 889808 518084 287336 971093 31 12 47 11  0  0
36 55  70952 140823428 2121012 46246620    0    0 890208 511408 289705 982269 32 12 46 10  0  0
24 60  70952 140817876 2121012 46246644    0    0 874544 520812 283167 962605 31 12 46 11  0  0
36 14  70952 140834336 2121012 46246672    0    0 869472 482480 281015 959249 30 12 47 11  0  0
50  3  70952 140834608 2121012 46246688    0    0 898384 518516 283037 969532 31 11 46 12  0  0
47 43  70952 140832120 2121012 46246700    0    0 891360 524888 291535 988070 31 12 45 11  0  0
18 61  70952 140844576 2121012 46246728    0    0 893008 511488 287342 977354 32 12 46 11  0  0
61 20  70952 140829008 2121012 46246744    0    0 884608 500244 286151 970877 31 12 47 10  0  0
39 49  70952 140830852 2121012 46246768    0    0 897968 518640 287389 977716 31 12 46 10  0  0
55 46  70952 140838996 2121012 46246784    0    0 876208 501204 287427 987013 32 12 46 10  0  0
63  9  70952 140828592 2121012 46246796    0    0 885696 528044 287086 976132 31 11 47 11  0  0
60 21  70952 140834924 2121012 46246808    0    0 871184 504976 288083 992512 32 12 45 11  0  0
46 23  70952 140837412 2121012 46246836    0    0 876640 499644 285505 978533 32 12 46 11  0  0
 8  7  70952 140841988 2121012 46246864    0    0 896288 514704 288358 986858 32 12 46 11  0  0
 5  0  70952 140822916 2121012 46246880    0    0 872352 511592 285211 969350 31 12 47 10  0  0
30 58  70952 140823652 2121012 46246900    0    0 896432 519328 290294 985715 31 12 46 11  0  0
 4  0  70952 140822812 2121012 46246920    0    0 910112 515000 285831 966251 31 11 47 11  0  0
 3  0  70952 140828040 2121012 46246932    0    0 885264 512944 286606 979219 32 12 46 10  0  0
 4  0  70952 140831976 2121012 46246952    0    0 890400 517428 285792 974377 31 11 47 11  0  0
60 29  70952 140838232 2121012 46246972    0    0 898064 525452 289939 991029 32 12 45 11  0  0
 4  0  70952 140843960 2121012 46246992    0    0 894192 508720 288626 980193 32 12 46 10  0  0
procs -----------memory---------- ---swap-- -----io---- -system-- -------cpu-------
 r  b   swpd   free   buff  cache   si   so    bi    bo   in   cs us sy id wa st gu
36 28  70952 140827840 2121012 46247012    0    0 878800 506344 281740 963202 31 11 46 11  0  0
 3  1  70952 140834388 2121012 46247036    0    0 885360 506608 282942 958116 30 11 47 12  0  0
42 45  70952 140837820 2121012 46247048    0    0 902304 518592 287715 980572 31 12 46 11  0  0
76  7  70952 140832588 2121012 46247068    0    0 898096 510540 288632 983276 31 12 46 11  0  0
48 38  70952 140819408 2121012 46247092    0    0 893728 519144 285401 965897 31 12 46 11  0  0
69 14  70952 140807320 2121012 46247112    0    0 896016 516276 288595 976631 32 12 46 10  0  0
 4  0  70952 140811568 2121012 46247128    0    0 897936 533052 287562 966267 32 12 46 11  0  0
31 55  70952 140809768 2121012 46247148    0    0 877232 515224 285363 969814 31 11 47 11  0  0
54 37  70952 140840736 2121012 46247160    0    0 906512 510072 289035 985465 32 12 45 11  0  0
69  9  70952 140848080 2121012 46247176    0    0 890656 505352 285481 977868 31 12 46 11  0  0
 5  1  70952 140827004 2121016 46247204    0    0 894384 519700 282979 962769 31 12 47 11  0  0
 8  0  70952 140819796 2121016 46247228    0    0 912624 518984 281934 957173 31 11 47 11  0  0
31  8  70952 140828932 2121016 46247244    0    0 915664 528996 281371 942320 30 11 48 11  0  0
48 30  70952 140828972 2121016 46247260    0    0 886992 510184 288132 976359 30 12 47 11  0  0
 6  0  70952 140823724 2121016 46247276    0    0 882896 503000 289542 985606 32 13 46 10  0  0
47 31  70952 140836128 2121016 46247292    0    0 884224 522688 278648 936577 30 11 48 10  0  0
43 38  70952 140827740 2121016 46247316    0    0 871984 499180 285284 969148 31 12 47 10  0  0
 5  1  70952 140817944 2121016 46247344    0    0 864896 503564 284397 964927 31 12 47 10  0  0
 6  2  70952 140830176 2121016 46247360    0    0 896208 514872 285688 977697 31 12 47 11  0  0
 5  0  70952 140818268 2121016 46247384    0    0 891408 513632 283637 961177 30 11 47 12  0  0
 3  0  70952 140818368 2121020 46247400    0    0 874352 502840 291436 993452 32 12 45 11  0  0
procs -----------memory---------- ---swap-- -----io---- -system-- -------cpu-------
 r  b   swpd   free   buff  cache   si   so    bi    bo   in   cs us sy id wa st gu
16 22  70952 140822244 2121020 46247420    0    0 896640 509424 295793 1026187 33 12 45  9  0  0
60 32  70952 140829068 2121020 46247444    0    0 865216 505460 291617 1013388 33 12 46  9  0  0
 5  0  70952 140840212 2121020 46247456    0    0 876688 509580 293370 1003852 33 12 45  9  0  0
60 10  70952 140821268 2121020 46247552    0    0 869200 523900 290303 993625 32 12 46 10  0  0
50 40  70952 140828412 2121024 46247564    0    0 897984 520320 291779 1002208 33 11 46 10  0  0
 6  1  70952 140832872 2121024 46247572    0    0 890000 507392 296480 1037189 34 13 44  9  0  0
 4  0  70952 140823040 2121024 46247604    0    0 892480 515240 290407 1005539 33 12 45 10  0  0
 8  4  70952 140823340 2121024 46247620    0    0 873216 496476 292346 1024110 33 13 45  9  0  0
31  7  70952 140826880 2121024 46247644    0    0 893680 508096 295185 1015503 33 13 45  9  0  0
 9  0  70952 140837652 2121024 46247664    0    0 874912 512292 294136 1005617 33 12 46  9  0  0
 5  0  70952 140846520 2121024 46247680    0    0 895456 511920 292591 1002673 32 12 47 10  0  0
 6  1  70952 140830856 2121024 46247696    0    0 873344 528812 290703 999603 33 12 46  9  0  0
 5  0  70952 140831596 2121024 46247716    0    0 890272 504188 293512 1019112 33 13 46  9  0  0
71  3  70952 140827476 2121024 46247744    0    0 875600 506736 294533 1027282 33 13 45  9  0  0
47 38  70952 140830948 2121028 46247760    0    0 887952 516736 294835 1016531 33 13 45  9  0  0
53 28  70952 140818496 2121028 46247780    0    0 883952 520704 291805 1005861 33 12 46  9  0  0
 5  0  70952 140840772 2121028 46247796    0    0 902992 520048 291068 995513 32 11 47 10  0  0
 2  1  70952 140824856 2121028 46247816    0    0 894752 514960 279836 946055 30 11 48 11  0  0
 5 15  70952 140835176 2121028 46247840    0    0 894816 492528 276958 945305 30 12 46 12  0  0
41  6  70952 140826368 2121032 46247860    0    0 889984 528584 290771 1003496 33 12 46  9  0  0
71  4  70952 140826308 2121032 46247872    0    0 899920 514992 292716 1000358 32 13 45 11  0  0
procs -----------memory---------- ---swap-- -----io---- -system-- -------cpu-------
 r  b   swpd   free   buff  cache   si   so    bi    bo   in   cs us sy id wa st gu
 1  1  70952 140837248 2121032 46247896    0    0 867600 512648 294514 1020492 34 12 45  9  0  0
 6  1  70952 140847428 2121032 46247912    0    0 886752 514228 293725 1015355 33 12 45 10  0  0
53  1  70952 140832064 2121032 46247928    0    0 889536 509024 293848 1017574 34 12 45  9  0  0
36  4  70952 140835348 2121032 46247944    0    0 881088 509076 293031 1014503 33 13 45  9  0  0
 4  0  70952 140827988 2121032 46247964    0    0 874624 510108 289555 998864 32 12 47  9  0  0
61  8  70952 140822504 2121032 46247992    0    0 890512 508212 293545 1004173 32 12 46  9  0  0
53 32  70952 140843212 2121032 46248016    0    0 864096 500828 294270 1019658 33 12 45  9  0  0
 2  3  70952 140839164 2121032 46248032    0    0 899648 533188 294062 1010301 33 11 45 10  0  0
44 40  70952 140852124 2121032 46248044    0    0 883360 506116 295847 1013930 33 13 45  9  0  0
67  3  70952 140847332 2121032 46248064    0    0 897440 514728 293041 1005494 32 12 46 10  0  0
 5  2  70952 140826276 2121032 46248088    0    0 874368 516176 291127 993090 32 12 47  9  0  0
43 41  70952 140826356 2121032 46248108    0    0 888432 506876 292594 1009574 33 13 45  9  0  0
46  8  70952 140831600 2121032 46248128    0    0 897168 516124 291130 1015927 33 12 46  9  0  0
63  3  70952 140833000 2121032 46248140    0    0 890928 512292 294009 1011100 33 12 46  9  0  0
72  1  70952 140832224 2121032 46248152    0    0 879248 504584 294388 1030649 34 13 44  9  0  0
30 58  70952 140833416 2121032 46248188    0    0 910432 524612 285608 971748 31 12 46 11  0  0
 3  0  70952 140826200 2121032 46248204    0    0 882384 524888 277954 937707 29 11 46 13  0  0
74  5  70952 140852988 2121036 46248220    0    0 890000 504192 294304 1020171 33 13 45  9  0  0
 4  0  70952 140836092 2121036 46248244    0    0 867920 508084 289267 1003030 32 12 45 10  0  0
69  6  70952 140852588 2121036 46248256    0    0 894272 514444 286813 984210 32 11 46 11  0  0
70  7  70952 140833888 2121036 46248268    0    0 871072 505476 295292 1020143 33 13 45  9  0  0
procs -----------memory---------- ---swap-- -----io---- -system-- -------cpu-------
 r  b   swpd   free   buff  cache   si   so    bi    bo   in   cs us sy id wa st gu
42 44  70952 140832592 2121036 46248296    0    0 875184 517072 293467 1018683 33 13 44 10  0  0
75 11  70952 140825392 2121036 46248316    0    0 879632 498428 296949 1027439 33 13 45  9  0  0
47 44  70952 140825956 2121036 46248340    0    0 889952 513152 294266 1016175 33 13 45  9  0  0
83  3  70952 140819260 2121036 46248356    0    0 903648 524516 292901 1006860 32 12 46 10  0  0
11  0  70952 140826956 2121036 46248372    0    0 875488 512540 291512 1006742 32 12 47 10  0  0
43 41  70952 140824524 2121036 46248392    0    0 883696 509872 290667 998903 33 13 45  9  0  0
 5  0  70952 140817632 2121036 46248416    0    0 884464 505716 292882 1015441 33 12 46  9  0  0
55 29  70952 140830264 2121036 46248432    0    0 874176 513960 289912 994070 33 12 46  9  0  0
 5  0  70952 140837192 2121036 46248452    0    0 891584 511736 294221 1010312 33 13 46  9  0  0
 3  0  70952 140837632 2121036 46248480    0    0 895152 509784 293450 1018041 33 13 45  9  0  0
 5  1  70952 140834520 2121036 46248488    0    0 897712 524660 291934 998050 32 11 46 10  0  0
59  7  70952 140837140 2121036 46248504    0    0 891584 508220 295672 1023175 33 13 45  9  0  0
18  0  70952 140815444 2121036 46248532    0    0 894224 534636 288867 978142 31 12 46 10  0  0
74  5  70952 140817984 2121036 46248540    0    0 893552 500744 282252 970791 31 12 45 12  0  0
64  7  70952 140820660 2121036 46248564    0    0 892208 516116 271309 927133 29 11 47 13  0  0
46 37  70952 140835684 2121036 46248584    0    0 890624 518288 284574 975741 31 11 47 11  0  0
28  8  70952 140844464 2121036 46248596    0    0 892912 510540 291001 1004207 32 11 46 10  0  0
61 11  70952 140853160 2121036 46248624    0    0 874144 507168 287438 980355 32 12 47 10  0  0
 3  0  70952 140833568 2121036 46248644    0    0 862144 502504 286593 977907 31 12 47  9  0  0
61  5  70952 140824676 2121036 46248668    0    0 867680 502160 289706 995105 33 12 46  9  0  0
 3  0  70952 140848024 2121036 46248688    0    0 855808 513060 291924 1006818 32 13 46  9  0  0
procs -----------memory---------- ---swap-- -----io---- -system-- -------cpu-------
 r  b   swpd   free   buff  cache   si   so    bi    bo   in   cs us sy id wa st gu
 4  0  70952 140845612 2121036 46248776    0    0 896208 509312 294454 1035029 33 13 44  9  0  0
44 36  70952 140846880 2121036 46248788    0    0 908096 521312 294050 1001442 32 12 46 10  0  0
38 51  70952 140846512 2121036 46248808    0    0 862432 500800 295626 1029321 34 13 44  9  0  0
67  5  70952 140835784 2121036 46248832    0    0 882976 505800 294128 1023073 33 13 45  9  0  0
 4  1  70952 140831460 2121036 46248852    0    0 875008 514940 294722 1016280 33 13 45  9  0  0
 6  0  70952 140818284 2121036 46248880    0    0 894448 509284 292056 1022797 33 13 45  9  0  0
 3  0  70952 140821556 2121036 46248900    0    0 892288 519544 290643 992537 32 12 47 10  0  0
 3  0  70952 140836152 2121036 46248908    0    0 896048 513788 289997 995285 32 11 47 10  0  0
43  3  70952 140833512 2121036 46248924    0    0 894848 522156 294356 1013137 32 12 46  9  0  0
 7  0  70952 140818480 2121036 46248944    0    0 873280 510792 294285 1011160 33 12 46  9  0  0
 5  0  70952 140821260 2121036 46248968    0    0 896848 513084 293423 1009474 33 12 46  9  0  0
 2  0  70952 140828404 2121036 46248980    0    0 893616 515504 276678 933437 29 12 47 12  0  0
 1  0  70952 140815972 2121036 46249008    0    0 894224 511096 274191 922315 29 11 47 13  0  0
42 48  70952 140820668 2121036 46249020    0    0 898560 515712 290890 987912 32 11 46 11  0  0
 6  0  70952 140844732 2121036 46249032    0    0 868688 502696 294401 1020028 33 13 45  9  0  0
66  6  70952 140827580 2121044 46249060    0    0 894944 505480 289757 991139 32 12 46 10  0  0
48 42  70952 140816276 2121044 46249076    0    0 881136 508892 289650 994992 32 12 46  9  0  0
 5  0  70952 140832896 2121044 46249092    0    0 885024 526316 292134 998992 32 12 46 10  0  0
53  7  70952 140835244 2121044 46249120    0    0 888912 510760 291074 997940 32 12 47 10  0  0
 4  1  70952 140832680 2121044 46249132    0    0 878304 514792 289302 987622 32 12 46 10  0  0
 4  1  70952 140848752 2121048 46249152    0    0 894080 511560 291136 998972 32 12 46  9  0  0
procs -----------memory---------- ---swap-- -----io---- -system-- -------cpu-------
 r  b   swpd   free   buff  cache   si   so    bi    bo   in   cs us sy id wa st gu
75 11  70952 140837268 2121048 46249172    0    0 888672 502540 290972 1007339 32 13 46  9  0  0
65 23  70952 140815248 2121048 46249188    0    0 878016 518868 294995 986530 32 12 47  9  0  0
 5  0  70952 140817272 2121048 46249216    0    0 895168 510920 292105 1001411 32 12 46  9  0  0
73  7  70952 140822536 2121048 46249236    0    0 896336 513708 291918 1009575 32 12 47 10  0  0
 6  1  70952 140821640 2121048 46249240    0    0 893104 536912 292410 1007290 33 11 46 10  0  0
74  8  70952 140820680 2121048 46249268    0    0 894000 510548 295289 1018550 33 13 45  9  0  0
41 23  70952 140837332 2121048 46249280    0    0 891824 513964 292160 1009774 33 13 45  9  0  0
51 27  70952 140833056 2121048 46249304    0    0 891024 519620 289085 991834 32 12 46  9  0  0
 5  0  70952 140835440 2121048 46249328    0    0 879536 506376 292318 1016648 33 13 45  9  0  0
 3  1  70952 140840952 2121048 46249348    0    0 896768 517120 291600 1014201 33 12 46 10  0  0
 3  0  70952 140847332 2121048 46249368    0    0 897008 513416 269133 903000 28 10 48 14  0  0
 3  0  70952 140836960 2121048 46249376    0    0 895072 512576 285562 974295 31 12 46 11  0  0
 4  0  70952 140835140 2121048 46249396    0    0 872160 511696 289090 998567 33 13 46  9  0  0
45 41  70952 140808280 2121048 46249428    0    0 882224 524420 286012 983306 32 12 46 10  0  0
 3  0  70952 140807028 2121052 46249432    0    0 888448 515084 287793 987406 32 12 46 10  0  0
53  3  70952 140816564 2121052 46249464    0    0 913488 514120 292695 997265 32 11 46 10  0  0
75 11  70952 140829044 2121052 46249480    0    0 886352 513068 291272 1010278 33 12 46  9  0  0
 8  0  70952 140832820 2121052 46249496    0    0 882784 511536 290709 1005740 33 13 46  9  0  0
58  4  70952 140825612 2121052 46249520    0    0 893424 509936 293980 1019746 33 13 45  9  0  0
70  3  70952 140814000 2121056 46249536    0    0 893440 517084 292103 1011560 33 13 45  9  0  0
56 24  70952 140818548 2121056 46249564    0    0 881280 516420 293459 1008317 33 12 45  9  0  0
procs -----------memory---------- ---swap-- -----io---- -system-- -------cpu-------
 r  b   swpd   free   buff  cache   si   so    bi    bo   in   cs us sy id wa st gu
45 43  70952 140829128 2121056 46249584    0    0 923488 537076 288669 992086 32 11 46 12  0  0
 2  0  70952 140825828 2121056 46249592    0    0 886768 514952 274505 923882 29 11 47 13  0  0
42  9  70952 140824004 2121056 46249608    0    0 892272 506500 292610 1004399 33 12 45 10  0  0
 5  0  70952 140827984 2121060 46249632    0    0 897136 522812 292531 996321 32 12 46  9  0  0
59 33  70952 140822460 2121060 46249660    0    0 887568 504540 296142 1027149 33 13 45  9  0  0
46 24  70952 140825532 2121060 46249680    0    0 885216 513980 291214 1005251 33 12 45  9  0  0
14  0  70952 140820052 2121060 46249704    0    0 892656 520028 289802 990642 32 11 46 10  0  0
 6  0  70952 140811068 2121060 46249712    0    0 894016 505728 292975 1007873 33 12 45 10  0  0
59  1  70952 140826068 2121060 46249732    0    0 892800 502608 282569 969397 31 12 46 11  0  0
69  4  70952 140819272 2121060 46249756    0    0 884352 514920 267490 913801 28 11 47 14  0  0
51 37  70952 140824232 2121060 46249776    0    0 885120 511920 289740 1000383 33 12 46 10  0  0
 4  0  70952 140829176 2121060 46249792    0    0 884000 513564 295050 1017495 33 13 45 10  0  0
45 43  70952 140826972 2121060 46249812    0    0 878576 516432 290279 998408 32 11 46 10  0  0
 6  0  70952 140815460 2121060 46249824    0    0 891232 507584 293055 1019800 33 12 45 10  0  0
 4  0  70952 140828120 2121060 46249852    0    0 873776 515832 289036 992102 32 12 47  9  0  0
 6  0  70952 140826164 2121060 46249872    0    0 916896 525548 290534 989009 31 12 46 10  0  0
44 34  70952 140821944 2121060 46249892    0    0 928848 538628 286793 971369 31 12 47 10  0  0
31  8  70952 140806024 2121060 46249912    0    0 879104 518668 285763 983796 32 12 46 10  0  0
 5  3  70952 140865924 2121060 46249996    0    0 852816 498164 319804 991413 32 12 47  9  0  0
