procs -----------memory---------- ---swap-- -----io---- -system-- -------cpu-------
 r  b   swpd   free   buff  cache   si   so    bi    bo   in   cs us sy id wa st gu
 7  0  70952 132320836 2128912 46621688    0    2 41408 36746 7825    7  4  1 95  1  0  0
20  2  70952 131250528 2128912 46621752    0    0 186160 219360 391143 576457 10 14 74  2  0  0
35  0  70952 127933780 2128912 46621788    0    0 179472 208048 632312 1156870 18 29 51  2  0  0
106  0  70952 124632168 2128912 46622000    0    0 144720 183908 637594 847240 21 57 21  1  0  0
65  5  70952 121534004 2128912 46622304    0    0 150080 162164 717759 854948 19 54 26  1  0  0
29  1  70952 121543624 2128912 46622512    0    0 191552 56000 230142 1394631 35 41 24  1  0  0
94  7  70952 121580392 2128912 46622536    0    0 192896 23588 239243 1419060 35 40 24  1  0  0
12  0  70952 121437784 2128912 46622548    0    0 159952  8876 244694 1444952 34 42 23  1  0  0
97  3  70952 121310724 2128912 46622580    0    0 814224 336488 287767 1294279 41 22 26 10  0  0
60  0  70952 121268992 2128912 46622616    0    0 400656 387120 253029 1148383 35 20 43  2  0  0
25  5  70952 121195724 2128912 46622636    0    0 269744 248224 247308 1289731 34 27 38  1  0  0
60  4  70952 121167056 2128912 46622652    0    0 235696 166272 246593 1385814 36 31 32  1  0  0
56  0  70952 121141572 2128912 46622676    0    0 203056 160348 239552 1383481 35 33 31  1  0  0
100  9  70952 121117456 2128912 46622688    0    0 185264 159488 236045 1361642 34 35 31  1  0  0
43  9  70952 121099864 2128912 46622716    0    0 160112 119808 229744 1384948 33 36 30  1  0  0
11  1  70952 121084428 2128912 46622724    0    0 180592 125504 227776 1367919 33 37 29  1  0  0
47  1  70952 121069000 2128912 46622736    0    0 167680 121800 226754 1355638 32 38 29  1  0  0
57  3  70952 121056424 2128912 46622760    0    0 177600 132856 229421 1360222 33 37 30  1  0  0
 6  0  70952 121041628 2128912 46622768    0    0 169136 118720 220320 1321928 32 37 29  1  0  0
68  9  70952 121053716 2128912 46622772    0    0 172928 111352 218568 1322993 32 38 29  1  0  0
58  8  70952 121115604 2128912 46622788    0    0 190912 118608 224385 1354202 33 37 29  1  0  0
procs -----------memory---------- ---swap-- -----io---- -system-- -------cpu-------
 r  b   swpd   free   buff  cache   si   so    bi    bo   in   cs us sy id wa st gu
93 11  70952 121086760 2128912 46622812    0    0 178048 112140 233370 1367902 33 36 30  1  0  0
138  3  70952 121097852 2128912 46622844    0    0 174752 114564 228291 1375687 33 38 29  1  0  0
51  1  70952 121089660 2128916 46622860    0    0 170736 114200 222687 1341277 33 36 30  1  0  0
83  6  70952 121075420 2128916 46622880    0    0 177344 108904 225943 1367686 34 36 29  1  0  0
71  3  70952 121077252 2128916 46622924    0    0 172912 109952 229487 1379620 33 37 29  1  0  0
48  2  70952 121068556 2128916 46622936    0    0 195072 130820 230769 1352025 33 35 31  1  0  0
74  1  70952 121054464 2128916 46622944    0    0 165088 111916 229191 1378554 33 37 29  1  0  0
137  0  70952 121040648 2128916 46623020    0    0 167904 107128 229542 1380049 34 36 29  1  0  0
47  0  70952 121020536 2128916 46623028    0    0 178016 106692 230084 1378628 33 38 28  1  0  0
87  4  70952 120998640 2128916 46623036    0    0 167312 114492 225567 1366230 33 37 30  1  0  0
29 11  70952 120976288 2128916 46623048    0    0 178016 118492 228172 1356478 32 37 30  1  0  0
98  3  70952 120959472 2128916 46623056    0    0 176464 112348 231187 1388885 33 37 29  1  0  0
58  1  70952 120922196 2128920 46623060    0    0 185504 124740 233792 1360578 33 35 31  1  0  0
58 10  70952 120912744 2128920 46623084    0    0 178080 111856 232417 1377558 33 38 28  1  0  0
298  0  70952 120915972 2128920 46623104    0    0 193280 121580 227458 1382866 34 36 29  1  0  0
152  0  70952 120899028 2128920 46623156    0    0 164784 114244 224598 1382891 33 37 30  1  0  0
57  1  70952 120863188 2128920 46623176    0    0 175936 105868 225010 1388487 33 38 28  1  0  0
107  0  70952 120857280 2128924 46623188    0    0 178880 119720 222963 1357129 33 37 29  1  0  0
53  0  70952 120872180 2128924 46623212    0    0 172704 112100 227656 1385207 34 37 28  1  0  0
48  0  70952 120862888 2128924 46623220    0    0 184688 140092 224782 1345179 33 36 30  1  0  0
 7  0  70952 120849252 2128924 46623232    0    0 179472 117252 227409 1373406 32 37 30  1  0  0
procs -----------memory---------- ---swap-- -----io---- -system-- -------cpu-------
 r  b   swpd   free   buff  cache   si   so    bi    bo   in   cs us sy id wa st gu
128  0  70952 120843088 2128924 46623244    0    0 175136 113268 233568 1395332 33 38 29  1  0  0
 9  1  70952 120829368 2128928 46623248    0    0 175312 122308 235612 1396165 33 35 31  1  0  0
37  0  70952 120809848 2128928 46623260    0    0 188016 126788 237703 1389221 34 35 30  1  0  0
73  5  70952 120783452 2128928 46623276    0    0 182368 124328 235754 1402194 34 36 29  1  0  0
35  1  70952 120772056 2128928 46623292    0    0 175776 117240 236339 1403815 33 37 29  1  0  0
38  4  70952 120755472 2128928 46623324    0    0 178800 95196 234536 1392157 34 37 28  1  0  0
 2  0  70952 120743172 2128932 46623344    0    0 180816 152576 233984 1419243 35 38 27  1  0  0
123  0  70952 120726472 2128932 46623368    0    0 165440 112896 228193 1388598 33 38 28  1  0  0
57  1  70952 120740720 2128932 46623384    0    0 194848 129364 226935 1361604 33 37 29  1  0  0
24  3  70952 120737104 2128932 46623424    0    0 166128 102156 223890 1363592 33 37 29  1  0  0
163  0  70952 120724108 2128932 46623440    0    0 175680 159104 225747 1336285 32 37 30  1  0  0
76  8  70952 120714752 2128932 46623448    0    0 190368 122048 230884 1384131 34 36 30  1  0  0
189  3  70952 120703860 2128932 46623452    0    0 181760 124156 228353 1375931 33 37 29  1  0  0
69  3  70952 120690484 2128932 46623460    0    0 166336 133044 230603 1391983 33 37 29  1  0  0
23 16  70952 120679244 2128932 46623468    0    0 191792 131024 237283 1390122 33 37 30  1  0  0
37  0  70952 120666924 2128932 46623480    0    0 177792 125476 238084 1403899 34 36 29  1  0  0
31  1  70952 120632892 2128932 46623492    0    0 162736 124424 225688 1375392 34 37 29  1  0  0
77 11  70952 120609652 2128932 46623520    0    0 184896 123912 227218 1365915 33 36 30  1  0  0
45  3  70952 120596372 2128932 46623540    0    0 187408 125636 224896 1360812 33 37 29  1  0  0
23 24  70952 120585900 2128932 46623556    0    0 185504 138152 226555 1370488 34 36 29  1  0  0
53  3  70952 120578120 2128936 46623576    0    0 185296 131120 224885 1371521 34 37 28  1  0  0
procs -----------memory---------- ---swap-- -----io---- -system-- -------cpu-------
 r  b   swpd   free   buff  cache   si   so    bi    bo   in   cs us sy id wa st gu
68  0  70952 120584532 2128936 46623604    0    0 168336 114624 228627 1382836 33 37 29  1  0  0
 5  0  70952 120581024 2128936 46623616    0    0 182608 130596 229066 1373035 34 37 29  1  0  0
 7  0  70952 120574216 2128936 46623624    0    0 178896 135628 230384 1379875 34 36 30  1  0  0
28 27  70952 120569684 2128936 46623632    0    0 190336 131204 230125 1367973 33 38 29  1  0  0
26 14  70952 120560428 2128940 46623640    0    0 191024 128264 249196 1381518 34 36 29  1  0  0
14  6  70952 120564464 2128940 46623660    0    0 172880 132736 239460 1379456 33 36 29  1  0  0
18 20  70952 120557904 2128940 46623672    0    0 195760 134116 239435 1369315 33 36 30  1  0  0
42  0  70952 120546036 2128940 46623684    0    0 165152 125412 237954 1378389 33 37 29  1  0  0
110  1  70952 120528216 2128940 46623700    0    0 170992 105952 228637 1323801 32 38 29  1  0  0
49  0  70952 120530464 2128940 46623716    0    0 185840 144448 235441 1380728 34 37 28  1  0  0
38  0  70952 120517572 2128940 46623740    0    0 163216 111920 233542 1389235 33 38 29  1  0  0
95  0  70952 120530440 2128940 46623760    0    0 187232 95144 219086 1336241 33 37 29  1  0  0
51  4  70952 120528132 2128940 46623776    0    0 173632 149352 224698 1357091 33 37 29  1  0  0
59  1  70952 120527808 2128940 46623788    0    0 180992 133100 222580 1335696 33 37 29  1  0  0
116  0  70952 120520620 2128940 46623808    0    0 190464 101392 242289 1331031 31 37 30  1  0  0
32  2  70952 120506260 2128940 46623824    0    0 171472 143740 224847 1346888 33 38 29  1  0  0
63  0  70952 120487956 2128940 46623832    0    0 193520 112120 238522 1366410 33 36 30  1  0  0
85  5  70952 120472832 2128940 46623840    0    0 173376 131212 247419 1357866 33 38 29  1  0  0
163  1  70952 120459000 2128940 46623856    0    0 177872 139940 230439 1402330 34 37 28  1  0  0
 5  0  70952 120441436 2128940 46623864    0    0 179808 129588 228581 1381129 34 37 29  1  0  0
37  1  70952 120416348 2128940 46623876    0    0 173360 117408 223453 1347888 32 38 29  1  0  0
procs -----------memory---------- ---swap-- -----io---- -system-- -------cpu-------
 r  b   swpd   free   buff  cache   si   so    bi    bo   in   cs us sy id wa st gu
75  1  70952 120415452 2128940 46623896    0    0 173008 122756 219137 1345372 32 38 28  1  0  0
25  0  70952 120406956 2128940 46623912    0    0 176640 139380 221083 1341568 33 38 28  1  0  0
65  1  70952 120406948 2128940 46623932    0    0 174208 111572 219539 1327073 33 37 29  1  0  0
145  0  70952 120404000 2128940 46623948    0    0 178704 130172 221133 1358463 33 37 29  1  0  0
32  1  70952 120384032 2128940 46624056    0    0 170864 123480 226468 1398455 34 37 29  1  0  0
103  1  70952 120383564 2128940 46624068    0    0 169584 107624 225937 1393726 33 37 29  1  0  0
72  0  70952 120381772 2128940 46624076    0    0 191056 140016 234512 1400305 34 37 28  1  0  0
88  6  70952 120375452 2128940 46624084    0    0 187488 121236 224077 1375094 33 36 30  1  0  0
34  4  70952 120357600 2128944 46624100    0    0 185232 150696 230022 1395781 33 36 30  1  0  0
63  2  70952 120345972 2128944 46624116    0    0 188576 118160 225771 1377553 33 36 29  1  0  0
56  1  70952 120341692 2128944 46624124    0    0 169824 129292 228482 1387657 33 38 29  1  0  0
28  0  70952 120332048 2128944 46624132    0    0 178224 111780 227638 1391864 33 37 29  1  0  0
40  1  70952 120320748 2128944 46624140    0    0 188800 137316 229643 1382655 33 37 29  1  0  0
122  4  70952 120301004 2128944 46624152    0    0 175376 128804 226160 1369856 33 37 29  1  0  0
26  4  70952 120290428 2128944 46624180    0    0 173632 106364 222166 1363487 34 36 29  1  0  0
51  0  70952 120282648 2128944 46624200    0    0 189152 130368 230035 1389758 34 36 28  1  0  0
 9  0  70952 120272164 2128944 46624220    0    0 172464 157500 227102 1397877 34 37 28  1  0  0
108  0  70952 120286164 2128944 46624236    0    0 172304 103736 228741 1394671 33 37 29  1  0  0
64  0  70952 120273880 2128944 46624256    0    0 182944 142348 235503 1395477 33 36 30  1  0  0
22  0  70952 120270312 2128944 46624288    0    0 184320 119996 238048 1401939 33 37 29  1  0  0
79  3  70952 120262024 2128944 46624296    0    0 175008 134880 239047 1398217 33 36 30  1  0  0
procs -----------memory---------- ---swap-- -----io---- -system-- -------cpu-------
 r  b   swpd   free   buff  cache   si   so    bi    bo   in   cs us sy id wa st gu
78  3  70952 120252736 2128944 46624316    0    0 175344 122776 234271 1393264 33 37 29  1  0  0
32  0  70952 120241100 2128944 46624320    0    0 173328 109404 230103 1404419 34 36 28  1  0  0
88  4  70952 120233188 2128952 46624320    0    0 193616 132752 229495 1382035 33 37 29  1  0  0
112  3  70952 120223552 2128952 46624340    0    0 174688 147892 229634 1380076 34 37 29  1  0  0
42  4  70952 120216936 2128952 46624360    0    0 185808 133044 226727 1377300 32 37 29  1  0  0
16  0  70952 120206500 2128952 46624372    0    0 187888 122200 228576 1383531 34 35 30  1  0  0
77  3  70952 120196552 2128952 46624380    0    0 173824 138104 227293 1378186 33 36 30  1  0  0
53  4  70952 120177316 2128952 46624392    0    0 169072 119292 224554 1390808 33 37 29  1  0  0
24  2  70952 120166340 2128952 46624412    0    0 177152 117704 231657 1397869 33 37 28  1  0  0
45  0  70952 120182916 2128952 46624448    0    0 183712 136216 235588 1393055 34 37 29  1  0  0
170  2  70952 120156128 2128952 46624464    0    0 180928 131652 233309 1388353 33 37 29  1  0  0
56  1  70952 120157280 2128952 46624480    0    0 192096 114244 231435 1377438 33 37 29  1  0  0
 8  0  70952 120163032 2128952 46624504    0    0 186400 129280 239475 1398183 34 36 30  1  0  0
122  2  70952 120150096 2128952 46624512    0    0 184048 140212 240356 1397350 33 36 30  1  0  0
62  0  70952 120145592 2128952 46624524    0    0 184832 127364 229715 1405100 34 36 29  1  0  0
47  3  70952 120131452 2128952 46624540    0    0 180688 145032 228619 1409141 34 36 29  1  0  0
88  2  70952 120117688 2128952 46624548    0    0 192992 107068 225050 1382885 33 36 30  1  0  0
63  0  70952 120105972 2128956 46624552    0    0 185600 144696 226869 1394050 34 37 28  1  0  0
37  6  70952 120094260 2128956 46624560    0    0 175776 130176 231215 1417685 34 37 28  1  0  0
37  0  70952 120085008 2128956 46624572    0    0 181376 125792 229019 1393387 33 37 29  1  0  0
60  2  70952 120071360 2128956 46624580    0    0 182736 134628 236125 1366058 33 36 30  1  0  0
procs -----------memory---------- ---swap-- -----io---- -system-- -------cpu-------
 r  b   swpd   free   buff  cache   si   so    bi    bo   in   cs us sy id wa st gu
39  1  70952 120052736 2128956 46624588    0    0 197392 121504 225354 1370331 33 36 30  1  0  0
73  8  70952 120021564 2128956 46624608    0    0 165584 145196 229124 1388470 33 37 29  1  0  0
68  6  70952 120027668 2128956 46624628    0    0 186544 120572 227171 1387986 33 37 29  1  0  0
42  3  70952 120037268 2128956 46624648    0    0 168512 122744 224849 1382524 34 37 29  1  0  0
92  1  70952 120042052 2128956 46624668    0    0 186784 124672 227321 1384427 34 36 29  1  0  0
13  0  70952 120048540 2128956 46624688    0    0 195088 151640 228644 1391238 34 36 29  1  0  0
15  0  70952 120042720 2128956 46624720    0    0 182480 120268 226847 1392865 33 37 29  1  0  0
63  0  70952 120036776 2128956 46624732    0    0 182752 119388 228957 1390643 33 36 30  1  0  0
33  0  70952 120033236 2128956 46624748    0    0 169568 121420 229637 1396069 33 37 29  1  0  0
92  0  70952 120031060 2128956 46624756    0    0 189040 128848 228496 1396360 33 36 30  1  0  0
96  9  70952 120022032 2128956 46624776    0    0 176624 134832 229751 1390504 33 37 29  1  0  0
51  0  70952 120012960 2128956 46624784    0    0 194576 137604 239944 1400609 33 37 29  1  0  0
41  4  70952 120004484 2128956 46624804    0    0 196848 137424 241319 1398438 34 35 30  1  0  0
294  0  70952 119970556 2128956 46624816    0    0 195968 124992 249190 1386293 33 36 30  1  0  0
69  1  70952 119958604 2128956 46624828    0    0 164640 132932 240325 1425029 34 38 27  1  0  0
131  0  70952 119957940 2128956 46624844    0    0 181200 119336 228965 1382042 33 37 29  1  0  0
31  1  70952 119964096 2128964 46624856    0    0 174576 132892 225088 1359003 33 38 29  1  0  0
109  0  70952 119954764 2128964 46624896    0    0 193600 138204 228707 1373886 33 36 30  1  0  0
51  0  70952 119948760 2128964 46624916    0    0 170880 128324 226819 1359430 33 37 30  1  0  0
89 12  70952 119948916 2128964 46624932    0    0 174416 108488 229724 1395863 33 38 28  1  0  0
61  1  70952 119944360 2128964 46624944    0    0 175872 133400 231642 1390212 34 35 30  1  0  0
procs -----------memory---------- ---swap-- -----io---- -system-- -------cpu-------
 r  b   swpd   free   buff  cache   si   so    bi    bo   in   cs us sy id wa st gu
27  0  70952 119941168 2128964 46624952    0    0 193232 134660 227958 1369272 33 36 30  1  0  0
117  0  70952 119931976 2128964 46625028    0    0 172240 122328 231045 1396999 34 36 29  1  0  0
39  0  70952 119922656 2128964 46625036    0    0 180224 131008 236983 1407624 34 37 28  1  0  0
36  1  70952 119913748 2128964 46625048    0    0 180800 143800 229486 1377616 33 36 30  1  0  0
55  1  70952 119907744 2128964 46625060    0    0 176368 127988 227076 1374935 32 37 30  1  0  0
102  0  70952 119892400 2128964 46625068    0    0 180912 130916 225458 1377750 34 36 30  1  0  0
32  0  70952 119891108 2128964 46625096    0    0 182000 126632 227110 1387708 34 36 29  1  0  0
82  0  70952 119872508 2128964 46625112    0    0 168288 125556 225269 1375066 34 35 29  1  0  0
 3  0  70952 119867876 2128964 46625140    0    0 183616 131180 226176 1384830 33 37 29  1  0  0
11  0  70952 119865476 2128964 46625156    0    0 168912 118028 225023 1390193 34 37 29  1  0  0
23  0  70952 119867680 2128964 46625172    0    0 194240 126216 223985 1394489 33 37 28  1  0  0
45  4  70952 119863144 2128964 46625196    0    0 168752 122372 226483 1400880 34 37 28  1  0  0
12 18  70952 119857596 2128964 46625208    0    0 173936 127280 221647 1371475 33 37 29  1  0  0
 9  0  70952 119854124 2128964 46625220    0    0 172224 122648 225625 1383150 33 38 29  1  0  0
 3  0  70952 119846436 2128964 46625228    0    0 177056 126060 227072 1397724 33 37 29  1  0  0
88  4  70952 119839980 2128964 46625236    0    0 175424 123472 229350 1414965 34 37 29  1  0  0
 9  0  70952 119830888 2128964 46625244    0    0 190912 133528 227550 1391171 33 36 30  1  0  0
120  5  70952 119822104 2128964 46625268    0    0 168464 124352 227850 1398436 33 36 30  1  0  0
 4  0  70952 119805116 2128964 46625292    0    0 192752 131452 227879 1389061 33 37 29  1  0  0
76  2  70952 119800792 2128964 46625316    0    0 176816 126656 226757 1389031 34 37 29  1  0  0
106  0  70952 119790556 2128964 46625332    0    0 176768 128172 226694 1384970 34 37 29  1  0  0
procs -----------memory---------- ---swap-- -----io---- -system-- -------cpu-------
 r  b   swpd   free   buff  cache   si   so    bi    bo   in   cs us sy id wa st gu
11  0  70952 119789220 2128964 46625356    0    0 187168 129268 226104 1376750 33 37 29  1  0  0
157  0  70952 119781640 2128964 46625376    0    0 184416 125420 225116 1370830 33 38 28  1  0  0
71  1  70952 119788316 2128964 46625400    0    0 181696 134052 228131 1382461 34 37 28  1  0  0
98  6  70952 119794940 2128964 46625412    0    0 168240 129384 230973 1391938 33 37 29  1  0  0
66  2  70952 119789828 2128964 46625420    0    0 209328 137728 233457 1385810 33 36 29  1  0  0
67  4  70952 119783424 2128964 46625432    0    0 166768 125028 226139 1366954 34 38 28  1  0  0
50  0  70952 119773460 2128964 46625440    0    0 179440 129568 220970 1343397 33 37 29  1  0  0
85  7  70952 119768144 2128964 46625444    0    0 167088 116612 221427 1362209 33 38 29  1  0  0
44  2  70952 119762052 2128964 46625456    0    0 181648 129604 226876 1340989 33 38 29  1  0  0
61 12  70952 119748464 2128964 46625464    0    0 188432 122996 223363 1344726 32 39 28  1  0  0
11 10  70952 119733556 2128964 46625472    0    0 191440 134456 223674 1355502 32 37 30  1  0  0
 3  0  70952 119689892 2128964 46625484    0    0 179040 135224 225554 1358341 33 37 29  1  0  0
99  2  70952 119689704 2128964 46625504    0    0 181168 119300 228234 1404534 34 37 28  1  0  0
100  0  70952 119676140 2128964 46625532    0    0 174512 134940 222610 1361966 33 37 30  1  0  0
68  3  70952 119685020 2128964 46625552    0    0 179376 121124 229010 1393961 34 37 28  1  0  0
112  8  70952 119683364 2128964 46625572    0    0 174720 124700 238028 1416555 34 37 28  1  0  0
66  3  70952 119682936 2128964 46625588    0    0 178976 125508 231037 1391228 35 36 29  1  0  0
122  2  70952 119680180 2128964 46625596    0    0 173104 129256 229729 1385259 33 37 30  1  0  0
51  7  70952 119674708 2128964 46625616    0    0 186688 128228 230740 1383262 33 37 29  1  0  0
64  0  70952 119667520 2128964 46625624    0    0 183936 123248 231408 1398197 34 36 28  1  0  0
119  0  70952 119659288 2128964 46625632    0    0 186512 133252 233581 1389273 34 36 29  1  0  0
procs -----------memory---------- ---swap-- -----io---- -system-- -------cpu-------
 r  b   swpd   free   buff  cache   si   so    bi    bo   in   cs us sy id wa st gu
63  2  70952 119651104 2128964 46625640    0    0 179648 142532 230062 1378338 33 37 29  1  0  0
 7  0  70952 119640544 2128964 46625648    0    0 200944 141064 233808 1369476 32 36 31  1  0  0
63  6  70952 119618984 2128964 46625660    0    0 182576 131848 231083 1389619 35 36 29  1  0  0
43  1  70952 119593932 2128964 46625672    0    0 172832 126216 227459 1383608 34 37 28  1  0  0
159  0  70952 119591060 2128964 46625704    0    0 179024 137780 224985 1358450 33 37 29  1  0  0
36  0  70952 119576892 2128964 46625728    0    0 188032 132756 228542 1375299 34 36 29  1  0  0
33  0  70952 119593220 2128964 46625748    0    0 179680 120984 225681 1368145 34 38 27  1  0  0
 9  0  70952 119569384 2128964 46625772    0    0 184160 134500 225923 1358589 32 36 30  1  0  0
190  0  70952 119574728 2128964 46625788    0    0 179856 123504 229777 1394165 34 36 29  1  0  0
86  0  70952 119573332 2128964 46625808    0    0 175136 127544 230670 1383250 33 37 29  1  0  0
109  0  70952 119573948 2128964 46625828    0    0 189712 127480 228487 1364250 33 36 30  1  0  0
77  6  70952 119566280 2128964 46625836    0    0 174272 130924 229318 1373378 34 37 29  1  0  0
67  5  70952 119556212 2128964 46625836    0    0 196544 136536 224111 1319404 32 37 29  1  0  0
52  2  70952 119538604 2128964 46625848    0    0 174192 119152 223838 1343876 32 38 29  1  0  0
106  7  70952 119525248 2128964 46625856    0    0 171472 132464 224954 1346780 34 36 29  1  0  0
17  0  70952 119508936 2128964 46625864    0    0 180912 128636 226370 1365147 33 37 29  1  0  0
131 11  70952 119487260 2128964 46625872    0    0 190592 136396 220067 1330333 33 36 30  1  0  0
40  1  70952 119479396 2128964 46625892    0    0 179232 119720 221392 1336271 32 39 28  1  0  0
50  0  70952 119487660 2128964 46625908    0    0 174528 130152 221121 1333817 33 37 29  1  0  0
 3  0  70952 119485840 2128964 46626000    0    0 182336 129128 220243 1341489 34 36 29  1  0  0
87  0  70952 119493672 2128964 46626016    0    0 179712 125340 220616 1331754 33 38 28  1  0  0
procs -----------memory---------- ---swap-- -----io---- -system-- -------cpu-------
 r  b   swpd   free   buff  cache   si   so    bi    bo   in   cs us sy id wa st gu
135  0  70952 119485288 2128964 46626040    0    0 172128 135516 220885 1342097 33 37 28  1  0  0
103  0  70952 119489120 2128964 46626056    0    0 181504 120596 221687 1349157 33 38 28  1  0  0
 1  0  70952 119490164 2128964 46626072    0    0 167456 124264 221355 1342965 33 38 29  1  0  0
59 11  70952 119481872 2128968 46626076    0    0 187424 124836 229190 1378034 34 36 29  1  0  0
49  0  70952 119473688 2128968 46626088    0    0 187392 138528 229940 1370022 33 37 29  1  0  0
98  0  70952 119464780 2128968 46626096    0    0 172032 118008 238126 1406733 34 37 29  1  0  0
63  0  70952 119457324 2128968 46626104    0    0 184800 130056 240810 1402967 33 36 30  1  0  0
51  0  70952 119449908 2128968 46626116    0    0 189856 128672 240806 1407908 34 36 29  1  0  0
38  0  70952 119445416 2128972 46626120    0    0 189312 138440 229330 1372437 33 36 31  1  0  0
64  1  70952 119435336 2128972 46626132    0    0 181296 124508 232122 1397550 34 37 28  1  0  0
72  0  70952 119425092 2128972 46626140    0    0 191232 132488 232748 1385182 34 36 29  1  0  0
58  6  70952 119391108 2128972 46626148    0    0 189920 137224 236283 1377151 34 36 29  1  0  0
72  0  70952 119387788 2128972 46626172    0    0 175680 121560 227827 1393308 34 37 28  1  0  0
53  3  70952 119382152 2128972 46626192    0    0 176224 134948 226703 1361579 33 38 29  1  0  0
94  0  70952 119375572 2128972 46626208    0    0 176784 133500 236781 1407621 34 38 27  1  0  0
68  6  70952 119361372 2128972 46626228    0    0 176128 120832 239455 1402054 33 38 28  1  0  0
71  6  70952 119359836 2128972 46626244    0    0 180160 124520 238391 1397216 34 37 29  1  0  0
139 12  70952 119354464 2128972 46626260    0    0 179104 129492 237318 1393582 33 37 29  1  0  0
101  0  70952 119347764 2128972 46626268    0    0 176496 125036 234027 1389949 34 36 29  1  0  0
70 14  70952 119348588 2128972 46626276    0    0 183216 128520 230184 1387282 33 36 30  1  0  0
152  1  70952 119347264 2128972 46626284    0    0 185792 125884 232995 1394190 34 36 28  1  0  0
procs -----------memory---------- ---swap-- -----io---- -system-- -------cpu-------
 r  b   swpd   free   buff  cache   si   so    bi    bo   in   cs us sy id wa st gu
12  1  70952 119338408 2128972 46626296    0    0 182864 148640 231125 1388820 34 35 30  1  0  0
56  1  70952 119332808 2128972 46626316    0    0 188736 127336 233040 1391558 33 37 29  1  0  0
17  3  70952 119324964 2128976 46626332    0    0 181248 127268 233601 1401575 34 37 28  1  0  0
 3  0  70952 119309624 2128976 46626344    0    0 175280 127840 233007 1392070 33 37 29  1  0  0
 4  0  70952 119302204 2128976 46626356    0    0 177216 132656 227868 1380809 34 36 29  1  0  0
82  6  70952 119297204 2128976 46626376    0    0 175488 119212 233879 1396604 34 37 28  1  0  0
10  0  70952 119305524 2128976 46626396    0    0 181104 131348 239947 1399562 32 38 29  1  0  0
11  0  70952 119277216 2128976 46626416    0    0 176336 125340 237842 1381272 33 37 29  1  0  0
76  0  70952 119260236 2128980 46626436    0    0 172640 128892 231642 1373098 33 38 29  1  0  0
127  2  70952 119261244 2128980 46626452    0    0 178800 124972 227003 1365544 33 38 29  1  0  0
50  0  70952 119254308 2128980 46626460    0    0 182064 127276 231831 1393811 34 37 28  1  0  0
200  0  70952 119252900 2128980 46626480    0    0 181696 123532 231923 1395638 34 37 28  1  0  0
34  2  70952 119248796 2128980 46626492    0    0 181536 130068 230981 1383375 33 38 29  1  0  0
166  0  70952 119242540 2128984 46626496    0    0 174720 128304 228369 1370832 33 37 29  1  0  0
137  0  70952 119232804 2128984 46626512    0    0 191632 143560 237167 1388916 34 36 29  1  0  0
153  0  70952 119226940 2128984 46626520    0    0 189120 130476 231105 1387724 34 37 28  1  0  0
14  0  70952 119217908 2128984 46626528    0    0 200048 134052 234810 1402475 34 36 29  1  0  0
11  0  70952 119208112 2128984 46626540    0    0 174528 123512 239748 1419422 34 36 29  1  0  0
 2  0  70952 119200520 2128988 46626544    0    0 184688 136684 238096 1398765 34 37 29  1  0  0
 2  0  70952 119189488 2128988 46626556    0    0 176400 131428 229747 1371903 33 36 31  1  0  0
106  1  70952 119204692 2128988 46626572    0    0 185120 131364 226017 1371995 33 37 29  1  0  0
procs -----------memory---------- ---swap-- -----io---- -system-- -------cpu-------
 r  b   swpd   free   buff  cache   si   so    bi    bo   in   cs us sy id wa st gu
34  0  70952 119208328 2128988 46626588    0    0 180864 119556 229066 1389459 34 38 27  1  0  0
107  7  70952 119203964 2128988 46626616    0    0 172336 130536 224287 1363030 33 37 29  1  0  0
94  6  70952 119188544 2128988 46626632    0    0 179008 119092 228064 1388826 34 38 27  1  0  0
234  0  70952 119169372 2128988 46626652    0    0 164896 126304 229172 1371959 33 38 29  1  0  0
35  0  70952 119159816 2128988 46626676    0    0 187456 122636 223224 1352251 33 38 28  1  0  0
75 11  70952 119154548 2128988 46626684    0    0 175200 132776 230635 1389076 33 38 29  1  0  0
42  8  70952 119150264 2128988 46626696    0    0 181648 127204 239838 1416507 34 37 28  1  0  0
14  0  70952 119143844 2128988 46626704    0    0 173792 124552 236567 1397411 34 37 29  1  0  0
73  0  70952 119133820 2128988 46626712    0    0 173792 124448 240750 1418475 34 37 28  1  0  0
138  3  70952 119127856 2128988 46626716    0    0 202608 138520 230163 1365756 33 36 29  1  0  0
66  3  70952 119118692 2128988 46626724    0    0 181744 130228 229190 1375670 33 37 29  1  0  0
 1  0  70952 119111228 2128988 46626736    0    0 176224 130600 228766 1374345 32 38 29  1  0  0
58  2  70952 119098804 2128992 46626744    0    0 190976 125856 228610 1378118 33 38 28  1  0  0
71  5  70952 119099476 2128992 46626764    0    0 176800 133112 225191 1360558 33 37 29  1  0  0
129 10  70952 119126560 2128992 46626784    0    0 193600 129744 237293 1389896 34 37 27  1  0  0
76  6  70952 119105384 2128992 46626804    0    0 169872 123984 231089 1380081 34 38 28  1  0  0
80  0  70952 119103480 2128992 46626892    0    0 178144 134280 229232 1374843 34 37 28  1  0  0
180  0  70952 119088052 2128992 46626908    0    0 172304 122504 234839 1384837 34 37 28  1  0  0
121  0  70952 119094320 2128992 46626928    0    0 187392 131020 229557 1380800 33 37 29  1  0  0
145  0  70952 119091716 2128992 46626936    0    0 184768 127216 232861 1381872 33 38 28  1  0  0
 1  0  70952 119087824 2128992 46626944    0    0 177312 131736 233164 1386227 33 37 29  1  0  0
procs -----------memory---------- ---swap-- -----io---- -system-- -------cpu-------
 r  b   swpd   free   buff  cache   si   so    bi    bo   in   cs us sy id wa st gu
10  0  70952 119079140 2128992 46626968    0    0 176832 143424 231446 1395469 33 37 29  1  0  0
56  4  70952 119070876 2128992 46626976    0    0 183360 130628 230577 1372758 33 38 29  1  0  0
44  1  70952 119063360 2128992 46626984    0    0 185104 131464 229134 1385418 33 37 29  1  0  0
93  0  70952 119058096 2128992 46626992    0    0 174368 120240 232261 1396582 34 37 29  1  0  0
40  0  70952 119050052 2128992 46627000    0    0 183888 130580 230573 1387213 33 38 28  1  0  0
12  0  70952 119034500 2128992 46627004    0    0 176464 124088 231439 1398627 34 37 28  1  0  0
90  0  70952 119028004 2128992 46627020    0    0 181360 126488 229496 1381627 33 38 28  1  0  0
57  0  70952 119024216 2128992 46627040    0    0 182208 131136 231586 1378230 32 38 29  1  0  0
162  0  70952 119019064 2128992 46627060    0    0 173904 133472 238635 1394155 33 37 29  1  0  0
60  0  70952 119002268 2128992 46627084    0    0 202800 132256 241651 1392353 33 37 29  1  0  0
97  3  70952 118982416 2128992 46627100    0    0 194496 129216 232542 1392602 34 37 29  1  0  0
55  2  70952 118985552 2128996 46627116    0    0 173488 133872 228039 1377511 32 37 30  1  0  0
67 16  70952 118989268 2128996 46627128    0    0 178400 132380 230609 1378755 34 37 28  1  0  0
103  1  70952 118984752 2128996 46627136    0    0 173680 121448 231551 1391251 34 37 28  1  0  0
72  6  70952 118980268 2128996 46627144    0    0 184192 133280 231384 1371745 33 37 29  1  0  0
152  0  70952 118967288 2128996 46627152    0    0 186448 126880 229195 1384408 33 38 29  1  0  0
96  9  70952 118961040 2128996 46627164    0    0 181360 130144 227147 1376695 33 37 29  1  0  0
 0  2  70952 118962928 2128996 46627172    0    0 176240 119960 231252 1401120 34 37 28  1  0  0
82  0  70952 118956112 2128996 46627184    0    0 160368 118036 227033 1376659 34 37 29  1  0  0
170  0  70952 118941872 2128996 46627192    0    0 182432 133976 230731 1399228 34 37 28  1  0  0
113  2  70952 118926060 2128996 46627204    0    0 188992 128168 230841 1376403 34 37 29  1  0  0
procs -----------memory---------- ---swap-- -----io---- -system-- -------cpu-------
 r  b   swpd   free   buff  cache   si   so    bi    bo   in   cs us sy id wa st gu
120  0  70952 118943532 2128996 46627232    0    0 176736 129260 227461 1385829 34 37 28  1  0  0
94 13  70952 118939096 2128996 46627248    0    0 182352 130592 226174 1371543 34 36 29  1  0  0
76  0  70952 118928616 2128996 46627268    0    0 186080 129424 230198 1397395 34 38 28  1  0  0
32  0  70952 118913068 2128996 46627292    0    0 172800 123820 227132 1377065 33 38 28  1  0  0
162  0  70952 118924280 2128996 46627308    0    0 182976 125792 225856 1370869 33 37 29  1  0  0
84  5  70952 118921428 2128996 46627324    0    0 187872 129016 229086 1379546 34 36 29  1  0  0
87  0  70952 118916780 2128996 46627332    0    0 185632 135908 230607 1381547 34 36 29  1  0  0
20  0  70952 118911604 2128996 46627340    0    0 186096 123364 228698 1391416 34 38 28  1  0  0
92  1  70952 118911632 2128996 46627348    0    0 186448 131640 228969 1376734 33 36 29  1  0  0
 1  0  70952 118904808 2128996 46627356    0    0 185760 139084 231254 1378239 34 36 29  1  0  0
 4  0  70952 118897760 2128996 46627368    0    0 171584 115404 237131 1392908 33 39 27  1  0  0
38 13  70952 118889156 2129000 46627376    0    0 189216 135372 229832 1375212 33 37 29  1  0  0
165  0  70952 118869228 2129000 46627396    0    0 176208 130968 225823 1371078 33 37 29  1  0  0
55  1  70952 118865240 2129000 46627416    0    0 170976 118736 228400 1385680 35 37 28  1  0  0
51  1  70952 118858108 2129000 46627436    0    0 175680 128008 227274 1376697 33 37 29  1  0  0
64  0  70952 118853564 2129000 46627452    0    0 181760 131232 228102 1371970 34 37 29  1  0  0
77  0  70952 118850588 2129000 46627476    0    0 181168 122132 229836 1380397 33 38 28  1  0  0
99  2  70952 118849960 2129000 46627488    0    0 176640 126020 226929 1379252 34 37 29  1  0  0
138  1  70952 118844700 2129000 46627500    0    0 177760 126152 236731 1390960 33 37 29  1  0  0
49 12  70952 118842484 2129000 46627504    0    0 177344 128956 240606 1403735 34 37 29  1  0  0
236  0  70952 118834832 2129000 46627512    0    0 182528 125224 238987 1404581 34 36 29  1  0  0
procs -----------memory---------- ---swap-- -----io---- -system-- -------cpu-------
 r  b   swpd   free   buff  cache   si   so    bi    bo   in   cs us sy id wa st gu
72  1  70952 118831200 2129000 46627524    0    0 183248 152616 242080 1415915 34 37 28  1  0  0
90  0  70952 118823896 2129000 46627532    0    0 183184 123664 240358 1403270 33 37 29  1  0  0
85  9  70952 118818656 2129000 46627544    0    0 187600 133100 232401 1391926 33 36 29  1  0  0
 1  0  70952 118811876 2129000 46627552    0    0 177952 130392 230412 1387963 33 37 29  1  0  0
50  1  70952 118803448 2129000 46627564    0    0 188240 132004 230990 1389649 34 37 29  1  0  0
203  0  70952 118778960 2129000 46627576    0    0 187792 130532 229144 1386617 33 37 29  1  0  0
 7  0  70952 118784024 2129000 46627596    0    0 175536 126420 230646 1391804 34 37 28  1  0  0
97  2  70952 118771428 2129000 46627616    0    0 200320 128624 230112 1386481 33 38 28  1  0  0
52  1  70952 118754692 2129000 46627632    0    0 191904 135268 229496 1379654 33 37 29  1  0  0
106  0  70952 118759496 2129000 46627652    0    0 180544 135328 231316 1380638 33 38 28  1  0  0
76  1  70952 118762012 2129000 46627672    0    0 179808 124200 229758 1384551 34 37 28  1  0  0
138  0  70952 118764152 2129004 46627684    0    0 174976 134880 233815 1388203 33 37 29  1  0  0
58  1  70952 118766020 2129004 46627692    0    0 183744 131996 241504 1402436 33 37 29  1  0  0
60  3  70952 118757296 2129004 46627768    0    0 171488 121660 241622 1409181 34 37 28  1  0  0
33  1  70952 118752404 2129004 46627780    0    0 189216 129136 239927 1404938 34 37 29  1  0  0
266  0  70952 118746080 2129004 46627788    0    0 190912 136860 232159 1383835 33 37 29  1  0  0
43  5  70952 118742104 2129008 46627792    0    0 185056 123172 232370 1398888 35 37 28  1  0  0
47  0  70952 118721672 2129008 46627812    0    0 187280 128452 229838 1375776 34 37 28  1  0  0
72  0  70952 118705028 2129008 46627832    0    0 176240 136672 226994 1368342 33 37 29  1  0  0
51  1  70952 118707332 2129008 46627852    0    0 177792 123240 228101 1390965 33 38 28  1  0  0
59  0  70952 118692596 2129008 46627880    0    0 179696 131008 226879 1387940 34 36 29  1  0  0
procs -----------memory---------- ---swap-- -----io---- -system-- -------cpu-------
 r  b   swpd   free   buff  cache   si   so    bi    bo   in   cs us sy id wa st gu
28  1  70952 118684488 2129012 46627896    0    0 185888 128544 228270 1382952 34 37 28  1  0  0
115  0  70952 118689940 2129012 46627920    0    0 182048 129688 229850 1390055 34 37 28  1  0  0
126  7  70952 118695292 2129012 46627932    0    0 184976 125788 231697 1406313 34 38 28  1  0  0
30  0  70952 118691456 2129012 46627940    0    0 184208 138080 242592 1415312 34 37 28  1  0  0
70  1  70952 118686236 2129012 46627952    0    0 171456 123020 242382 1422942 34 37 28  1  0  0
68  4  70952 118680188 2129012 46627960    0    0 185152 130128 231890 1394093 34 37 29  1  0  0
83  3  70952 118675312 2129012 46627968    0    0 191248 141204 233263 1392148 34 37 28  1  0  0
63  1  70952 118667848 2129012 46627976    0    0 182928 125608 234884 1406210 35 37 27  1  0  0
55  2  70952 118663976 2129012 46627984    0    0 177504 131564 231263 1388319 34 36 29  1  0  0
120  6  70952 118645620 2129012 46627992    0    0 181776 127496 230513 1388240 33 37 29  1  0  0
44  2  70952 118633368 2129012 46628012    0    0 184320 137560 228236 1373863 33 37 30  1  0  0
154  0  70952 118633528 2129012 46628028    0    0 174544 118236 230138 1397064 33 38 28  1  0  0
57  2  70952 118609244 2129012 46628044    0    0 174016 127052 229508 1390778 34 38 28  1  0  0
 3  0  70952 118601560 2129012 46628064    0    0 187664 133800 229863 1383662 34 37 28  1  0  0
87  1  70952 118603316 2129012 46628076    0    0 182720 129216 232046 1382420 35 36 29  1  0  0
55  5  70952 118614676 2129012 46628096    0    0 185584 128228 240041 1407389 33 38 28  1  0  0
144  5  70952 118608480 2129012 46628104    0    0 185008 128928 234032 1392066 34 37 28  1  0  0
94  0  70952 118605336 2129012 46628112    0    0 179312 133944 231378 1380129 34 35 30  1  0  0
25  3  70952 118605036 2129012 46628120    0    0 172832 123840 230042 1394810 34 37 29  1  0  0
20  5  70952 118603440 2129012 46628128    0    0 186176 127800 231943 1389408 34 37 28  1  0  0
 9  0  70952 118601712 2129016 46628136    0    0 188816 145504 231980 1386602 34 36 29  1  0  0
procs -----------memory---------- ---swap-- -----io---- -system-- -------cpu-------
 r  b   swpd   free   buff  cache   si   so    bi    bo   in   cs us sy id wa st gu
14  0  70952 118591704 2129016 46628148    0    0 185776 136328 231780 1383412 34 36 29  1  0  0
90  4  70952 118586204 2129016 46628156    0    0 184864 133316 232823 1395282 34 37 28  1  0  0
43  0  70952 118582020 2129016 46628164    0    0 176272 128568 232536 1383376 34 37 29  1  0  0
33 12  70952 118549944 2129016 46628180    0    0 184432 126592 229195 1391635 34 37 28  1  0  0
56 11  70952 118544576 2129016 46628208    0    0 174992 135504 227667 1361631 33 37 29  1  0  0
10  0  70952 118536652 2129020 46628224    0    0 181488 127256 229938 1385449 34 38 28  1  0  0
159  0  70952 118526468 2129020 46628244    0    0 179072 127680 228768 1376293 33 38 28  1  0  0
172  0  70952 118533556 2129020 46628264    0    0 181088 125896 230341 1386549 33 38 28  1  0  0
 6  0  70952 118543684 2129020 46628280    0    0 183936 126536 230545 1381399 34 37 29  1  0  0
29  0  70952 118544652 2129020 46628292    0    0 179344 124780 233211 1405147 34 37 28  1  0  0
66 14  70952 118543508 2129024 46628296    0    0 170832 128712 229507 1387563 33 38 29  1  0  0
72  1  70952 118533904 2129024 46628308    0    0 208976 135892 231824 1386109 33 37 28  1  0  0
62  7  70952 118531964 2129024 46628316    0    0 185136 137540 231409 1390891 33 36 30  1  0  0
160  0  70952 118526808 2129024 46628324    0    0 184240 131744 240322 1411842 34 36 29  1  0  0
18  0  70952 118520312 2129024 46628336    0    0 173856 124092 240208 1414847 34 37 28  1  0  0
85  0  70952 118491844 2129024 46628344    0    0 172336 123256 231232 1390766 34 36 29  1  0  0
146  0  70952 118482464 2129024 46628360    0    0 177744 123560 227046 1384818 35 36 29  1  0  0
86  5  70952 118462992 2129024 46628380    0    0 182288 125284 227397 1386530 34 37 28  1  0  0
 2  0  70952 118472648 2129024 46628396    0    0 178688 128356 226130 1376439 33 37 29  1  0  0
56  2  70952 118465568 2129024 46628416    0    0 176224 122416 228804 1385076 34 38 28  1  0  0
78  0  70952 118454648 2129024 46628440    0    0 172896 120480 228640 1390947 33 37 29  1  0  0
procs -----------memory---------- ---swap-- -----io---- -system-- -------cpu-------
 r  b   swpd   free   buff  cache   si   so    bi    bo   in   cs us sy id wa st gu
 2  0  70952 118467976 2129024 46628456    0    0 173712 132400 231347 1382256 34 36 29  1  0  0
 5  5  70952 118468620 2129024 46628464    0    0 199376 133064 232700 1379511 33 36 29  1  0  0
38  7  70952 118455188 2129024 46628472    0    0 180800 130752 230528 1382058 32 38 29  1  0  0
67  1  70952 118446156 2129024 46628480    0    0 185504 127904 231883 1394618 34 37 29  1  0  0
118  0  70952 118438288 2129024 46628480    0    0 187456 136608 231385 1388677 34 36 29  1  0  0
58  2  70952 118432980 2129024 46628488    0    0 174208 129908 231424 1400667 34 36 29  1  0  0
 3  3  70952 118424680 2129024 46628496    0    0 194784 129312 233121 1391591 34 36 28  1  0  0
193  0  70952 118416036 2129024 46628504    0    0 178176 132716 231465 1382999 33 37 29  1  0  0
31  0  70952 118398412 2129024 46628516    0    0 182800 125444 226534 1384558 33 37 29  1  0  0
116  0  70952 118392732 2129024 46628540    0    0 172752 125252 227790 1387750 34 37 29  1  0  0
83  0  70952 118389168 2129024 46628644    0    0 177760 119488 228294 1401128 34 37 28  1  0  0
82 13  70952 118392380 2129024 46628664    0    0 169488 123232 229191 1393543 34 37 28  1  0  0
85  4  70952 118394800 2129024 46628704    0    0 161408 123952 229480 1399992 35 37 28  1  0  0
38  1  70952 118393068 2129024 46628728    0    0 198736 128360 235691 1393952 33 38 28  1  0  0
12  1  70952 118392400 2129024 46628744    0    0 183248 134136 241157 1391076 33 38 29  1  0  0
 3  1  70952 118385704 2129024 46628756    0    0 171952 126548 241509 1406225 34 37 28  1  0  0
41  4  70952 118381500 2129024 46628768    0    0 161936 114592 245216 1416205 35 37 28  0  0  0
186  0  70952 118372484 2129024 46628776    0    0 184144 123276 233547 1396628 34 36 29  1  0  0
46  2  70952 118363384 2129024 46628784    0    0 180576 140304 230285 1369949 33 36 30  1  0  0
108  0  70952 118347640 2129024 46628796    0    0 184416 128584 230972 1378726 33 37 29  1  0  0
50 17  70952 118334288 2129028 46628808    0    0 191344 148536 229371 1374621 34 37 29  1  0  0
procs -----------memory---------- ---swap-- -----io---- -system-- -------cpu-------
 r  b   swpd   free   buff  cache   si   so    bi    bo   in   cs us sy id wa st gu
172  3  70952 118333400 2129028 46628828    0    0 174256 121128 229042 1388930 34 38 28  1  0  0
25  0  70952 118334700 2129028 46628844    0    0 170608 101660 227500 1378137 34 37 28  1  0  0
25  0  70952 118339616 2129028 46628864    0    0 183200 156824 232244 1405525 34 38 27  1  0  0
105  7  70952 118332584 2129028 46628884    0    0 190528 130820 235193 1394409 34 37 28  1  0  0
88 11  70952 118337856 2129036 46628892    0    0 171184 124868 239423 1414416 34 37 29  1  0  0
81  0  70952 118337860 2129036 46628908    0    0 199520 133716 232287 1352784 33 37 29  1  0  0
62  3  70952 118331948 2129036 46628916    0    0 177792 131700 229862 1353122 33 37 29  1  0  0
37  5  70952 118329912 2129036 46628924    0    0 174976 122580 231128 1361291 33 38 28  1  0  0
147  0  70952 118326500 2129036 46628936    0    0 174896 121972 226084 1365697 33 38 28  1  0  0
88  4  70952 118322536 2129036 46628944    0    0 176880 111144 221113 1328554 32 38 29  1  0  0
68  4  70952 118302104 2129036 46628952    0    0 172992 145592 223632 1347719 33 39 28  1  0  0
29 28  70952 118302880 2129036 46628972    0    0 174576 124196 220518 1336908 32 39 28  1  0  0
69  0  70952 118293084 2129036 46628988    0    0 173616 118852 219968 1329953 32 39 28  1  0  0
67  4  70952 118280324 2129036 46629008    0    0 179456 120840 219806 1332073 33 38 28  1  0  0
28 24  70952 118284128 2129036 46629028    0    0 186432 153708 221385 1327943 33 37 29  1  0  0
65  0  70952 118268464 2129036 46629048    0    0 187424 122544 219238 1333302 33 38 28  1  0  0
34  2  70952 118275728 2129036 46629064    0    0 184272 124572 231025 1367274 33 38 28  1  0  0
27 20  70952 118276636 2129036 46629072    0    0 174352 128672 222790 1339032 33 38 28  1  0  0
57  1  70952 118273292 2129036 46629076    0    0 193840 134736 220323 1325727 32 37 30  1  0  0
 1  0  70952 118266028 2129040 46629084    0    0 187760 134412 225532 1342359 33 37 29  1  0  0
78  0  70952 118263288 2129040 46629096    0    0 197376 139216 232098 1370481 33 35 30  1  0  0
procs -----------memory---------- ---swap-- -----io---- -system-- -------cpu-------
 r  b   swpd   free   buff  cache   si   so    bi    bo   in   cs us sy id wa st gu
67  0  70952 118260080 2129040 46629104    0    0 181792 119992 230688 1389479 34 37 28  1  0  0
80  0  70952 118256304 2129040 46629112    0    0 181936 133944 228309 1364159 33 38 28  1  0  0
26  6  70952 118253852 2129040 46629120    0    0 169584 110432 225849 1357224 33 37 29  1  0  0
199  1  70952 118230036 2129040 46629132    0    0 175296 141160 227350 1372889 33 38 28  1  0  0
33  3  70952 118217740 2129040 46629152    0    0 187744 130552 228043 1372981 33 38 28  1  0  0
76  3  70952 118216136 2129040 46629172    0    0 181568 134412 227502 1381105 34 37 28  1  0  0
72  2  70952 118234848 2129040 46629192    0    0 187296 120916 228177 1371752 33 38 28  1  0  0
14 19  70952 118213572 2129040 46629212    0    0 209472 152560 230460 1364405 33 36 29  1  0  0
85  0  70952 118220148 2129040 46629236    0    0 177344 123820 229326 1385111 33 37 29  1  0  0
86  0  70952 118221284 2129040 46629248    0    0 171712 131848 231069 1384804 34 38 28  1  0  0
82  0  70952 118220904 2129040 46629256    0    0 182576 117908 229189 1390863 34 37 28  1  0  0
29  2  70952 118215468 2129040 46629264    0    0 180128 145856 231528 1389876 34 38 27  1  0  0
29 23  70952 118212448 2129040 46629272    0    0 182240 128016 233328 1402440 34 38 28  1  0  0
72  0  70952 118209744 2129040 46629284    0    0 175488 98556 229900 1393018 34 37 28  1  0  0
74  2  70952 118203932 2129040 46629288    0    0 181952 147284 232991 1404934 33 37 28  1  0  0
148  0  70952 118200688 2129040 46629300    0    0 181392 135948 231597 1398449 34 37 29  1  0  0
28  0  70952 118197948 2129040 46629312    0    0 184624 91872 227676 1374826 34 36 29  1  0  0
128  8  70952 118181348 2129040 46629320    0    0 177104 152004 230995 1376917 33 38 28  1  0  0
30  5  70952 118156216 2129040 46629344    0    0 184384 110148 237775 1351036 33 37 29  1  0  0
55  2  70952 118147244 2129040 46629360    0    0 195408 171684 225802 1352384 34 36 29  1  0  0
40  1  70952 118151524 2129040 46629380    0    0 191136 134048 227185 1353316 32 38 29  1  0  0
procs -----------memory---------- ---swap-- -----io---- -system-- -------cpu-------
 r  b   swpd   free   buff  cache   si   so    bi    bo   in   cs us sy id wa st gu
14  0  70952 118151672 2129040 46629396    0    0 170192 118356 228279 1382259 34 36 29  1  0  0
121  8  70952 118158992 2129040 46629420    0    0 177760 126968 230627 1393148 34 37 28  1  0  0
36  0  70952 118160528 2129040 46629440    0    0 199456 139944 232434 1376345 33 37 28  1  0  0
26  6  70952 118157680 2129044 46629448    0    0 176544 121524 230074 1381510 32 37 30  1  0  0
11  0  70952 118150120 2129044 46629456    0    0 176960 108836 231352 1378855 33 37 28  1  0  0
77  3  70952 118143184 2129044 46629464    0    0 173920 153128 226255 1362033 33 38 28  1  0  0
71  8  70952 118145892 2129044 46629472    0    0 161504 125540 230947 1359016 34 38 28  0  0  0
73  1  70952 118140060 2129044 46629548    0    0 172688 115528 231915 1354506 33 38 29  1  0  0
98  0  70952 118140476 2129048 46629556    0    0 184656 116364 232573 1357453 33 38 28  1  0  0
67  0  70952 118133472 2129048 46629568    0    0 165424 138032 227528 1339583 31 39 29  1  0  0
11  0  70952 118106424 2129052 46629568    0    0 170640 109096 219533 1327180 33 39 28  1  0  0
57 15  70952 118121752 2129052 46629644    0    0 179488 117060 218143 1325969 33 38 28  1  0  0
53  0  70952 118108520 2129052 46629668    0    0 178736 133168 221517 1335441 33 39 28  1  0  0
51  3  70952 118110760 2129052 46629684    0    0 167632 125168 221477 1348296 33 39 28  1  0  0
113  0  70952 118115756 2129052 46629704    0    0 175792 120596 220838 1329476 33 38 28  1  0  0
26  2  70952 118105460 2129052 46629724    0    0 177584 99548 218403 1317231 33 38 28  1  0  0
154  0  70952 118109488 2129052 46629740    0    0 182752 141548 223674 1332715 33 37 28  1  0  0
52  3  70952 118108344 2129052 46629748    0    0 173152 136420 226290 1347539 34 37 29  1  0  0
48  0  70952 118109044 2129052 46629764    0    0 166560 110848 235911 1366474 33 40 27  1  0  0
117  0  70952 118103564 2129052 46629776    0    0 175600 145888 236257 1363731 33 38 28  1  0  0
156  2  70952 118093764 2129052 46629784    0    0 186272 118500 232541 1347042 32 39 29  1  0  0
procs -----------memory---------- ---swap-- -----io---- -system-- -------cpu-------
 r  b   swpd   free   buff  cache   si   so    bi    bo   in   cs us sy id wa st gu
105  4  70952 118086292 2129052 46629792    0    0 176064 120360 230203 1344481 33 38 29  1  0  0
66  2  70952 118080300 2129052 46629800    0    0 180208 127204 229871 1335597 32 38 30  1  0  0
47  0  70952 118049012 2129052 46629812    0    0 175984 123540 230242 1341169 33 38 28  1  0  0
83  0  70952 118044368 2129052 46629832    0    0 177472 144244 231212 1343178 33 38 28  1  0  0
60  0  70952 118056020 2129052 46629852    0    0 178096 109048 225242 1344055 33 39 27  1  0  0
66  2  70952 118056404 2129052 46629876    0    0 173712 113556 217918 1325779 32 38 29  1  0  0
39  2  70952 118041076 2129052 46629888    0    0 171856 126856 219757 1338452 33 39 27  1  0  0
32  0  70952 118055924 2129056 46629912    0    0 174384 129300 221222 1335403 33 39 28  1  0  0
36  0  70952 118055828 2129056 46629932    0    0 176512 134708 222005 1336517 33 37 29  1  0  0
43  2  70952 118055008 2129056 46629940    0    0 174400 93200 221133 1346406 33 39 28  1  0  0
47  0  70952 118054476 2129056 46629948    0    0 176704 149204 224176 1342545 33 38 28  1  0  0
95  0  70952 118058296 2129056 46629956    0    0 172240 115968 221054 1329049 32 37 29  1  0  0
148  0  70952 118056140 2129060 46629964    0    0 176608 132932 223866 1328932 32 39 28  1  0  0
56  4  70952 118051404 2129060 46629976    0    0 178240 129112 224205 1332735 33 38 28  1  0  0
26  1  70952 118045576 2129060 46629984    0    0 174768 110536 222155 1333059 32 39 28  1  0  0
13  0  70952 118026528 2129060 46629992    0    0 168896 145204 229876 1334735 33 38 28  1  0  0
93  0  70952 118014912 2129060 46630008    0    0 173184 100484 218271 1319775 33 38 28  1  0  0
37  0  70952 118011784 2129060 46630024    0    0 175200 122120 217950 1334100 33 39 28  1  0  0
118  2  70952 118006544 2129060 46630048    0    0 169392 128568 221050 1330420 33 38 28  1  0  0
16 26  70952 118011248 2129060 46630064    0    0 191872 113084 217994 1324794 33 38 28  1  0  0
32  0  70952 118016588 2129060 46630084    0    0 162320 148540 220364 1328557 33 39 28  1  0  0
procs -----------memory---------- ---swap-- -----io---- -system-- -------cpu-------
 r  b   swpd   free   buff  cache   si   so    bi    bo   in   cs us sy id wa st gu
 9  0  70952 118018092 2129060 46630108    0    0 168224 127756 221528 1340019 33 38 29  1  0  0
46  3  70952 118017248 2129064 46630112    0    0 175440 119804 226519 1338725 33 39 28  1  0  0
33  1  70952 118015508 2129064 46630128    0    0 178992 128940 226084 1334040 32 39 28  1  0  0
94  1  70952 118005540 2129064 46630132    0    0 179328 130196 225473 1337323 32 38 29  1  0  0
69  0  70952 118000828 2129064 46630140    0    0 175616 125228 228331 1331795 32 38 29  1  0  0
55  0  70952 117988944 2129064 46630148    0    0 168976 117204 222281 1333939 33 38 29  1  0  0
91  1  70952 117979476 2129064 46630160    0    0 174304 127900 223200 1344051 33 38 29  1  0  0
124  0  70952 117962060 2129064 46630168    0    0 200784 128176 220053 1322731 32 37 29  1  0  0
14 10  70952 117962552 2129064 46630192    0    0 170224 134760 224617 1353360 34 38 27  1  0  0
21  0  70952 117975120 2129064 46630216    0    0 173744 120996 220130 1335247 32 39 28  1  0  0
18 15  70952 117974664 2129064 46630236    0    0 174528 113596 219676 1333129 33 38 28  1  0  0
73 10  70952 117968696 2129064 46630260    0    0 182688 133120 219081 1309861 32 38 29  1  0  0
35  2  70952 117945888 2129064 46630276    0    0 177648 147628 224258 1318166 33 37 29  1  0  0
66  3  70952 117951428 2129064 46630292    0    0 178128 103128 231873 1374218 33 39 27  1  0  0
 3  0  70952 117946596 2129064 46630300    0    0 186544 135048 231370 1333989 32 37 30  1  0  0
92  5  70952 117943104 2129064 46630308    0    0 178128 131008 235836 1351931 33 38 28  1  0  0
46  5  70952 117936924 2129064 46630320    0    0 186384 127136 222095 1337194 33 36 30  1  0  0
140  3  70952 117929956 2129064 46630328    0    0 187696 133372 231540 1371856 33 37 29  1  0  0
46  2  70952 117924316 2129064 46630336    0    0 174832 129740 232982 1392352 34 38 28  1  0  0
13  0  70952 117918048 2129064 46630344    0    0 188560 115460 232119 1395891 33 37 29  1  0  0
51  1  70952 117914372 2129064 46630348    0    0 196016 140156 232995 1393702 34 36 29  1  0  0
procs -----------memory---------- ---swap-- -----io---- -system-- -------cpu-------
 r  b   swpd   free   buff  cache   si   so    bi    bo   in   cs us sy id wa st gu
28 20  70952 117928248 2129064 46630368    0    0 188576 120076 229326 1381984 33 37 29  1  0  0
12  0  70952 117933208 2129064 46630396    0    0 169408 140844 232697 1412786 35 37 27  1  0  0
53  0  70952 117931224 2129064 46630420    0    0 178000 104268 234765 1459938 37 38 24  1  0  0
83  0  70952 117925952 2129064 46630440    0    0 187040 154296 229953 1391322 34 36 29  1  0  0
46  0  70952 117928556 2129064 46630524    0    0 160816 68240 239025 1435656 36 38 25  0  0  0
102  1  70952 117942368 2129064 46630544    0    0 184736 198324 233301 1399039 33 37 28  1  0  0
80  0  70952 117943572 2129064 46630560    0    0 182416 126160 231162 1403667 34 37 28  1  0  0
128  4  70952 117908020 2129064 46630560    0    0 169360 110360 235707 1408474 35 37 28  0  0  0
10  0  70952 117825956 2129064 46630568    0    0 186560 143800 229866 1319027 32 38 29  1  0  0
55  1  70952 117838092 2129064 46630576    0    0 176912 113068 243522 1345422 33 39 28  1  0  0
 7  0  70952 117811660 2129064 46630584    0    0 177552 125744 241769 1347605 33 38 28  1  0  0
174  0  70952 117738244 2129064 46630592    0    0 165696 120552 224217 1358613 34 38 28  1  0  0
71  0  70952 117710068 2129064 46630604    0    0 178016 118408 222597 1345438 33 38 29  1  0  0
186  0  70952 117758996 2129064 46630612    0    0 180928 126888 225559 1346779 33 38 28  1  0  0
77  7  70952 117773912 2129064 46630632    0    0 162672 125004 226312 1389729 35 38 26  1  0  0
103  1  70952 117740312 2129064 46630648    0    0 186400 125916 230758 1386648 34 37 28  1  0  0
150  1  70952 117730792 2129064 46630660    0    0 187072 126004 236672 1382675 34 37 28  1  0  0
26  0  70952 117777388 2129064 46630688    0    0 173504 133212 230367 1384625 34 38 27  1  0  0
179  1  70952 117747616 2129064 46630716    0    0 173056 125068 240483 1384937 34 37 28  1  0  0
239  0  70952 117738464 2129064 46630728    0    0 176400 123920 229606 1386370 33 37 29  1  0  0
49  5  70952 117754228 2129064 46630740    0    0 196032 129596 228783 1373489 33 37 29  1  0  0
procs -----------memory---------- ---swap-- -----io---- -system-- -------cpu-------
 r  b   swpd   free   buff  cache   si   so    bi    bo   in   cs us sy id wa st gu
53  0  70952 117754936 2129072 46630752    0    0 181040 135292 231968 1377908 34 36 29  1  0  0
14  0  70952 117772704 2129072 46630768    0    0 178688 116488 225175 1372935 34 39 27  1  0  0
81  0  70952 117766528 2129072 46630776    0    0 179280 133912 232404 1394270 34 37 28  1  0  0
48  1  70952 117772124 2129072 46630776    0    0 181936 119504 228425 1371411 33 38 28  1  0  0
61  3  70952 117776280 2129072 46630792    0    0 181280 133584 239558 1381844 33 38 29  1  0  0
16  0  70952 117745508 2129072 46630812    0    0 190000 138784 227575 1358771 33 38 28  1  0  0
57  5  70952 117744480 2129072 46630824    0    0 169312 125884 233605 1412239 35 38 27  1  0  0
147  1  70952 117725332 2129072 46630840    0    0 200608 129124 230667 1380924 33 37 29  1  0  0
26  0  70952 117732532 2129072 46630852    0    0 173136 121964 235062 1429041 36 38 26  1  0  0
50  1  70952 117730356 2129072 46630876    0    0 182224 127216 227902 1383198 34 39 27  1  0  0
67  0  70952 117741624 2129072 46630892    0    0 173808 132568 221166 1332689 33 36 29  1  0  0
102  7  70952 117754788 2129072 46630912    0    0 185632 130496 224524 1329637 32 37 30  1  0  0
66  5  70952 117753248 2129072 46630920    0    0 190256 138924 231801 1379283 33 36 29  1  0  0
 1  1  70952 117740292 2129072 46630932    0    0 183664 119116 232480 1393499 34 36 29  1  0  0
40  0  70952 117749516 2129072 46630940    0    0 183984 133792 233771 1393762 34 37 29  1  0  0
40  4  70952 117761504 2129072 46630940    0    0 179552 120388 239029 1404329 34 37 28  1  0  0
17  0  70952 117750908 2129072 46630956    0    0 191536 131444 235081 1387700 33 36 29  1  0  0
62  7  70952 117758332 2129072 46630964    0    0 190096 131372 237736 1428480 36 36 27  1  0  0
43  1  70952 117721400 2129072 46630976    0    0 206144 101660 237688 1457686 38 37 25  1  0  0
47 11  70952 117720932 2129072 46631004    0    0 191648 135188 234303 1416787 36 37 27  1  0  0
41  5  70952 117718332 2129072 46631020    0    0 168992 126140 228467 1378330 34 37 29  1  0  0
procs -----------memory---------- ---swap-- -----io---- -system-- -------cpu-------
 r  b   swpd   free   buff  cache   si   so    bi    bo   in   cs us sy id wa st gu
55  1  70952 117716080 2129076 46631048    0    0 171728 133364 228688 1380213 33 37 29  1  0  0
10  0  70952 117689664 2129076 46631072    0    0 172352 142676 224483 1339261 32 37 31  1  0  0
21  0  70952 117690548 2129076 46631092    0    0 173584 128132 222360 1334270 32 37 30  1  0  0
82  2  70952 117706312 2129076 46631096    0    0 187824 120680 225730 1368373 34 37 29  1  0  0
49  0  70952 117728016 2129076 46631112    0    0 211216 141548 227546 1356097 33 36 30  1  0  0
57  0  70952 117735288 2129076 46631124    0    0 185152 127996 233772 1407251 34 38 27  1  0  0
42  6  70952 117741584 2129076 46631132    0    0 184544 128020 230569 1402665 34 36 28  1  0  0
65  1  70952 117737296 2129076 46631140    0    0 181824 125024 230284 1395733 34 36 30  1  0  0
91  0  70952 117724808 2129076 46631148    0    0 183200 129900 231616 1391118 34 37 29  1  0  0
41  0  70952 117713580 2129076 46631156    0    0 184176 138928 229493 1370001 33 36 31  1  0  0
76  6  70952 117700912 2129080 46631168    0    0 165888 124104 231758 1392512 34 37 29  1  0  0
61  8  70952 117678956 2129080 46631188    0    0 170928 124292 230150 1377133 33 37 29  1  0  0
65  1  70952 117697232 2129080 46631212    0    0 177904 122480 227302 1387670 33 38 28  1  0  0
21  0  70952 117716236 2129080 46631224    0    0 164416 113396 229710 1408731 34 38 27  1  0  0
60  0  70952 117668656 2129080 46631244    0    0 194352 145420 231077 1386465 34 37 29  1  0  0
86  0  70952 117649220 2129080 46631268    0    0 181600 122416 226713 1362366 33 38 29  1  0  0
152  0  70952 117661164 2129080 46631288    0    0 189312 133720 228937 1354776 33 37 29  1  0  0
13  0  70952 117681104 2129080 46631304    0    0 201360 140712 232678 1371317 34 34 31  1  0  0
118  0  70952 117697956 2129080 46631316    0    0 179104 125144 232851 1391624 34 37 28  1  0  0
75  3  70952 117700016 2129080 46631324    0    0 177488 127812 234653 1407225 34 38 28  1  0  0
100  0  70952 117699864 2129080 46631336    0    0 182912 128220 229893 1377915 34 37 28  1  0  0
procs -----------memory---------- ---swap-- -----io---- -system-- -------cpu-------
 r  b   swpd   free   buff  cache   si   so    bi    bo   in   cs us sy id wa st gu
32  0  70952 117688580 2129080 46631344    0    0 186528 134416 228505 1364553 34 36 29  1  0  0
111  6  70952 117675312 2129080 46631432    0    0 177248 125640 233350 1393022 34 37 29  1  0  0
141  0  70952 117668572 2129080 46631444    0    0 174432 129392 228752 1372253 34 36 29  1  0  0
116  0  70952 117664180 2129080 46631456    0    0 176384 123912 230539 1398972 34 37 28  1  0  0
175  0  70952 117658444 2129080 46631472    0    0 195824 137524 232157 1378706 34 38 27  1  0  0
 3  0  70952 117670864 2129080 46631492    0    0 177808 135148 229706 1364388 34 36 29  1  0  0
113  0  70952 117663372 2129080 46631516    0    0 199136 128308 231587 1391359 34 37 27  1  0  0
161  0  70952 117662448 2129080 46631520    0    0 195840 141820 237005 1385894 35 37 28  1  0  0
46  0  70952 117669020 2129080 46631536    0    0 186880 139656 238752 1396828 34 37 28  1  0  0
104  0  70952 117680972 2129080 46631560    0    0 171040 117984 230769 1394786 33 38 28  1  0  0
53  0  70952 117677684 2129080 46631572    0    0 198240 137516 232311 1381830 33 37 29  1  0  0
157  0  70952 117673396 2129080 46631572    0    0 177424 126132 231670 1375578 33 37 29  1  0  0
160  0  70952 117662060 2129080 46631588    0    0 174656 92628 228242 1386838 34 38 27  1  0  0
37  0  70952 117654856 2129080 46631596    0    0 192688 169804 232966 1390152 34 37 28  1  0  0
117  3  70952 117652628 2129080 46631604    0    0 190048 127572 235374 1388161 34 38 28  1  0  0
152  0  70952 117643832 2129080 46631608    0    0 187984 131864 230103 1377190 34 37 29  1  0  0
38  0  70952 117649436 2129080 46631624    0    0 191312 133716 231861 1367860 34 37 29  1  0  0
26  0  70952 117650108 2129080 46631652    0    0 173632 100068 225104 1369778 34 37 28  1  0  0
123  0  70952 117626220 2129080 46631668    0    0 196016 158168 239080 1445707 37 37 25  1  0  0
55  1  70952 117633356 2129080 46631684    0    0 181376 127824 229351 1386226 33 37 29  1  0  0
46  2  70952 117614120 2129080 46631712    0    0 167312 123636 231387 1404044 34 38 28  1  0  0
procs -----------memory---------- ---swap-- -----io---- -system-- -------cpu-------
 r  b   swpd   free   buff  cache   si   so    bi    bo   in   cs us sy id wa st gu
99  6  70952 117605152 2129080 46631732    0    0 169072 122760 231605 1397716 34 37 28  1  0  0
 1  0  70952 117604788 2129080 46631744    0    0 172528 131016 232768 1379523 33 36 30  1  0  0
85  0  70952 117614964 2129080 46631752    0    0 184336 121820 233589 1398663 34 37 28  1  0  0
180  0  70952 117628032 2129080 46631764    0    0 185936 126768 235000 1403787 35 37 28  1  0  0
68  4  70952 117638216 2129080 46631772    0    0 174464 124184 233806 1395412 33 38 29  1  0  0
98  1  70952 117636324 2129080 46631792    0    0 184592 131472 233598 1397290 34 37 28  1  0  0
44  0  70952 117638988 2129080 46631792    0    0 170624 125180 232791 1386400 34 37 28  1  0  0
98  1  70952 117624904 2129080 46631800    0    0 192944 137364 234386 1390576 34 37 28  1  0  0
 6  0  70952 117599588 2129084 46631820    0    0 174256 119808 232432 1393673 34 37 28  1  0  0
15  0  70952 117616620 2129084 46631828    0    0 186112 133264 230742 1386161 34 37 29  1  0  0
142  1  70952 117611168 2129084 46631864    0    0 185328 128024 229899 1387874 34 38 28  1  0  0
96  3  70952 117599232 2129084 46631884    0    0 187904 130888 228190 1370902 33 37 28  1  0  0
58  7  70952 117593064 2129084 46631888    0    0 173344 124492 225428 1367785 34 37 28  1  0  0
73  1  70952 117602244 2129084 46631912    0    0 169344 127236 230063 1404261 35 36 28  1  0  0
94  2  70952 117612020 2129084 46631920    0    0 187184 126572 232004 1396457 33 37 29  1  0  0
52  0  70952 117613688 2129084 46631944    0    0 172032 123188 230252 1387764 33 38 29  1  0  0
108  4  70952 117609892 2129084 46631956    0    0 178896 71572 230457 1394503 34 37 28  1  0  0
25  3  70952 117617320 2129084 46631956    0    0 176000 70896 235841 1452672 37 38 24  1  0  0
68  0  70952 117604476 2129084 46631968    0    0 179984 189120 241355 1442792 36 39 25  1  0  0
26  0  70952 117606256 2129084 46631980    0    0 176704 74572 225053 1364900 33 38 28  1  0  0
55  6  70952 117603092 2129084 46631984    0    0 178512 160272 231634 1409405 35 39 25  1  0  0
procs -----------memory---------- ---swap-- -----io---- -system-- -------cpu-------
 r  b   swpd   free   buff  cache   si   so    bi    bo   in   cs us sy id wa st gu
61  2  70952 117575756 2129084 46631988    0    0 167536 156632 232281 1396761 35 36 29  1  0  0
 8  0  70952 117572212 2129084 46632000    0    0 178352 130124 226431 1354332 33 36 30  1  0  0
45  1  70952 117574392 2129084 46632020    0    0 185056 110376 228559 1383163 35 37 28  1  0  0
30  3  70952 117591008 2129084 46632040    0    0 170608 148900 223776 1344600 33 36 30  1  0  0
82 20  70952 117573584 2129084 46632056    0    0 178256 109892 227746 1384013 34 37 28  1  0  0
32  6  70952 117567608 2129084 46632080    0    0 179904 92764 224640 1374005 34 37 28  1  0  0
45  0  70952 117575280 2129084 46632096    0    0 175248 97304 228462 1385037 33 38 28  1  0  0
54  1  70952 117581340 2129084 46632104    0    0 170832 76464 228704 1400551 36 39 25  0  0  0
103  8  70952 117571488 2129088 46632112    0    0 186448 189764 232459 1394464 33 37 28  1  0  0
26  0  70952 117560432 2129088 46632120    0    0 162576 117732 228755 1377399 34 39 27  1  0  0
86  0  70952 117569520 2129088 46632144    0    0 188720 141104 233178 1398808 34 38 27  1  0  0
 2  0  70952 117564248 2129088 46632156    0    0 183856 144984 231751 1377658 33 37 29  1  0  0
40  1  70952 117558456 2129088 46632172    0    0 182096 116648 230698 1380549 34 37 28  1  0  0
127  5  70952 117553720 2129088 46632180    0    0 186368 138944 229338 1363887 33 36 30  1  0  0
88  2  70952 117540584 2129088 46632192    0    0 178192 116756 232338 1397672 34 37 29  1  0  0
171  1  70952 117541480 2129088 46632212    0    0 189792 128304 231837 1390783 33 37 28  1  0  0
 3  1  70952 117525052 2129088 46632224    0    0 179872 131240 226549 1369895 34 36 29  1  0  0
40  0  70952 117547696 2129088 46632248    0    0 175504 122772 230486 1384210 34 37 28  1  0  0
99  0  70952 117532996 2129088 46632332    0    0 179792 136432 228513 1355485 33 37 29  1  0  0
47  1  70952 117521464 2129088 46632348    0    0 170560 123000 219685 1329259 33 38 28  1  0  0
91  3  70952 117525984 2129088 46632356    0    0 198656 126868 223839 1346446 34 37 28  1  0  0
procs -----------memory---------- ---swap-- -----io---- -system-- -------cpu-------
 r  b   swpd   free   buff  cache   si   so    bi    bo   in   cs us sy id wa st gu
55  8  70952 117537524 2129088 46632364    0    0 193808 128364 226909 1359270 35 37 27  1  0  0
13 20  70952 117529172 2129088 46632372    0    0 202496 149436 233005 1394152 36 38 25  1  0  0
12  0  70952 117525120 2129088 46632380    0    0 174448 126140 230975 1369822 33 37 29  1  0  0
 2  0  70952 117524364 2129088 46632392    0    0 181472 140564 233062 1379118 34 37 28  1  0  0
129  0  70952 117522820 2129088 46632404    0    0 170096 132592 230470 1366870 33 36 29  1  0  0
151 13  70952 117521856 2129088 46632412    0    0 179040 128856 227936 1347199 33 38 28  1  0  0
53  4  70952 117518744 2129088 46632428    0    0 176544 113904 230075 1390984 33 38 27  1  0  0
10  0  70952 117521576 2129088 46632448    0    0 184864 142740 225750 1345023 34 37 28  1  0  0
78  4  70952 117519940 2129088 46632464    0    0 173392 90528 219364 1341653 33 39 28  1  0  0
238  2  70952 117529892 2129088 46632504    0    0 176048 154152 220355 1332637 32 39 28  1  0  0
58  1  70952 117516424 2129088 46632508    0    0 183712 76304 218642 1343819 33 38 28  1  0  0
20  0  70952 117506884 2129088 46632520    0    0 176128 132052 231858 1399525 35 36 28  1  0  0
76  0  70952 117511924 2129088 46632524    0    0 185136 91292 238341 1466445 37 38 25  1  0  0
75 10  70952 117509692 2129088 46632536    0    0 181696 181892 239095 1447709 36 37 26  1  0  0
43  2  70952 117512172 2129088 46632544    0    0 170368 137828 227860 1356160 32 37 30  1  0  0
13  0  70952 117502352 2129088 46632552    0    0 181104 127652 228590 1372228 33 38 29  1  0  0
42  9  70952 117494060 2129088 46632568    0    0 168000 141604 229307 1365329 32 36 31  1  0  0
26  0  70952 117504704 2129088 46632576    0    0 183552 122504 229497 1373236 34 37 28  1  0  0
 3  1  70952 117509184 2129088 46632596    0    0 186208 123532 227781 1380237 33 38 28  1  0  0
86  4  70952 117508172 2129088 46632608    0    0 175680 115300 227670 1396106 34 38 27  1  0  0
45  0  70952 117495032 2129088 46632632    0    0 170576 123636 225616 1362020 33 38 28  1  0  0
procs -----------memory---------- ---swap-- -----io---- -system-- -------cpu-------
 r  b   swpd   free   buff  cache   si   so    bi    bo   in   cs us sy id wa st gu
 9  1  70952 117473212 2129088 46632648    0    0 177264 130924 229555 1381889 33 37 29  1  0  0
 5  3  70952 117495788 2129092 46632664    0    0 182192 121548 228922 1391671 33 37 29  1  0  0
98  1  70952 117490440 2129092 46632688    0    0 178960 132648 230778 1388218 33 37 29  1  0  0
53  0  70952 117500520 2129092 46632700    0    0 182816 132788 230432 1377022 33 37 29  1  0  0
19  0  70952 117501456 2129092 46632708    0    0 159920 104424 234003 1419973 34 38 27  0  0  0
52  1  70952 117497780 2129092 46632716    0    0 178224 120448 233263 1399956 33 38 28  1  0  0
37  1  70952 117493716 2129092 46632724    0    0 182656 135216 232476 1382715 33 37 29  1  0  0
88  0  70952 117492424 2129092 46632728    0    0 173328 114700 233335 1411986 34 38 28  1  0  0
12  0  70952 117486916 2129092 46632736    0    0 179984 134960 230738 1373827 32 37 30  1  0  0
125  0  70952 117480632 2129092 46632744    0    0 173488 128024 230232 1379880 34 36 29  1  0  0
39  1  70952 117470100 2129092 46632752    0    0 186672 122208 231245 1386890 33 38 28  1  0  0
80  3  70952 117464456 2129092 46632772    0    0 175584 136220 232362 1379250 33 37 29  1  0  0
81  3  70952 117456356 2129092 46632772    0    0 191968 128468 226863 1361378 33 37 29  1  0  0
31  0  70952 117454272 2129092 46632788    0    0 161184 123404 220768 1336267 33 38 29  1  0  0
54  1  70952 117474224 2129092 46632820    0    0 177936 118424 223512 1353730 33 39 27  1  0  0
110  0  70952 117480768 2129092 46632840    0    0 166336 123620 221809 1331421 32 39 28  1  0  0
118  0  70952 117461432 2129092 46632856    0    0 175536 118760 222782 1345791 33 39 28  1  0  0
43  0  70952 117458768 2129096 46632876    0    0 155520 114072 230202 1368070 33 38 28  0  0  0
99  0  70952 117464136 2129096 46632896    0    0 183360 126188 240262 1397786 33 37 29  1  0  0
118  0  70952 117473236 2129096 46632904    0    0 175136 123056 242121 1406422 34 38 28  1  0  0
 8  0  70952 117476444 2129096 46632912    0    0 178320 129660 238389 1391939 32 37 30  1  0  0
procs -----------memory---------- ---swap-- -----io---- -system-- -------cpu-------
 r  b   swpd   free   buff  cache   si   so    bi    bo   in   cs us sy id wa st gu
 2  1  70952 117472904 2129096 46632920    0    0 181312 135620 238864 1388479 33 37 30  1  0  0
87  0  70952 117469128 2129100 46632928    0    0 176048 117692 239753 1408854 33 38 28  1  0  0
90  0  70952 117466452 2129100 46632928    0    0 179312 132192 240320 1401420 33 37 29  1  0  0
113  1  70952 117461532 2129100 46632948    0    0 163536 116068 241783 1420112 34 38 28  0  0  0
72  1  70952 117448376 2129100 46632968    0    0 173840 121628 227324 1375092 33 38 28  1  0  0
82  8  70952 117439224 2129100 46632980    0    0 176064 122676 229763 1392308 34 37 28  1  0  0
101  0  70952 117448700 2129104 46633008    0    0 178704 130844 227693 1381988 34 37 28  1  0  0
35  0  70952 117440812 2129104 46633024    0    0 177616 119536 229689 1382697 33 38 28  1  0  0
69  0  70952 117455540 2129104 46633044    0    0 181664 129708 228620 1370973 33 37 29  1  0  0
40  1  70952 117459380 2129104 46633060    0    0 174656 126480 227538 1370332 33 38 28  1  0  0
33  0  70952 117457712 2129104 46633060    0    0 184960 132252 230543 1366385 33 38 29  1  0  0
92  5  70952 117452636 2129108 46633068    0    0 183280 127476 240170 1400610 33 37 28  1  0  0
78  0  70952 117446964 2129108 46633084    0    0 171216 125188 239204 1400040 34 37 28  1  0  0
20  0  70952 117447512 2129108 46633092    0    0 196560 141676 239076 1382625 33 36 30  1  0  0
23  7  70952 117448468 2129108 46633108    0    0 183392 121008 239392 1402942 34 37 29  1  0  0
 3  1  70952 117436524 2129112 46633204    0    0 178928 131832 237241 1397392 33 37 29  1  0  0
182  0  70952 117410524 2129112 46633212    0    0 180576 129072 238378 1399777 34 37 28  1  0  0
31  0  70952 117407712 2129112 46633232    0    0 195552 132736 232981 1379498 33 37 28  1  0  0
44  0  70952 117424220 2129112 46633272    0    0 194496 156420 227147 1367812 34 37 29  1  0  0
93  0  70952 117436944 2129112 46633284    0    0 169968 121868 229258 1390235 34 37 28  1  0  0
 4  0  70952 117419768 2129112 46633304    0    0 172304 126136 227309 1387486 34 37 28  1  0  0
procs -----------memory---------- ---swap-- -----io---- -system-- -------cpu-------
 r  b   swpd   free   buff  cache   si   so    bi    bo   in   cs us sy id wa st gu
15 14  70952 117428876 2129112 46633320    0    0 181024 119032 227607 1372383 34 37 28  1  0  0
112  0  70952 117433332 2129112 46633328    0    0 174016 127160 231334 1396150 32 38 28  1  0  0
47  4  70952 117428640 2129112 46633340    0    0 178304 122504 228617 1386784 33 38 28  1  0  0
77  0  70952 117421424 2129112 46633348    0    0 170880 126520 228391 1373382 33 38 28  1  0  0
169  1  70952 117417140 2129116 46633348    0    0 183808 126708 229264 1370428 33 38 28  1  0  0
21  3  70952 117410620 2129116 46633364    0    0 180192 127140 235450 1388843 34 37 28  1  0  0
120  0  70952 117413004 2129116 46633372    0    0 188736 132820 239738 1402473 33 37 29  1  0  0
 5  0  70952 117410492 2129116 46633384    0    0 176720 134240 238530 1386472 32 38 29  1  0  0
41  0  70952 117411856 2129116 46633392    0    0 174448 125968 233977 1388417 33 38 29  1  0  0
62  0  70952 117383872 2129120 46633396    0    0 180896 119752 231264 1397849 33 38 28  1  0  0
77  0  70952 117393952 2129120 46633424    0    0 173440 106372 226308 1370602 34 37 28  1  0  0
 6  0  70952 117393220 2129120 46633436    0    0 189184 152300 231262 1380830 33 38 28  1  0  0
122  8  70952 117395928 2129120 46633460    0    0 182112 123304 228386 1376481 33 38 28  1  0  0
51  3  70952 117386620 2129120 46633484    0    0 192384 136252 229014 1365688 33 36 30  1  0  0
12  0  70952 117386464 2129120 46633492    0    0 169168 129140 226902 1376318 33 37 29  1  0  0
51  2  70952 117398528 2129120 46633512    0    0 177264 117256 231113 1382567 33 38 28  1  0  0
29 21  70952 117398872 2129120 46633516    0    0 177696 127828 232928 1388913 33 37 29  1  0  0
55  6  70952 117401052 2129120 46633524    0    0 186624 128864 230898 1373200 33 37 29  1  0  0
84  1  70952 117391884 2129120 46633536    0    0 174464 126212 233060 1389812 33 37 30  1  0  0
13  0  70952 117384876 2129124 46633544    0    0 165584 125576 230587 1379033 33 38 29  1  0  0
32  0  70952 117377336 2129124 46633556    0    0 189408 131448 230686 1375100 33 38 29  1  0  0
procs -----------memory---------- ---swap-- -----io---- -system-- -------cpu-------
 r  b   swpd   free   buff  cache   si   so    bi    bo   in   cs us sy id wa st gu
55  1  70952 117369432 2129124 46633564    0    0 190448 127856 230085 1389674 34 37 28  1  0  0
163  6  70952 117364096 2129124 46633580    0    0 172816 126604 227301 1370943 33 37 29  1  0  0
179  0  70952 117392376 2129124 46633604    0    0 171824 123504 226810 1365656 33 38 28  1  0  0
57  0  70952 117391684 2129128 46633628    0    0 174656 120920 228811 1379145 34 38 28  1  0  0
39  0  70952 117393476 2129128 46633644    0    0 175152 129792 225906 1365315 33 37 29  1  0  0
32  1  70952 117384952 2129128 46633656    0    0 174096 121240 229386 1390923 34 38 28  1  0  0
51 14  70952 117378068 2129128 46633680    0    0 161056 104940 226318 1365531 33 38 29  1  0  0
72  1  70952 117374004 2129128 46633692    0    0 183136 147444 232658 1392289 34 36 29  1  0  0
30 26  70952 117372696 2129132 46633692    0    0 182976 126104 229713 1376013 33 37 29  1  0  0
56  1  70952 117367996 2129132 46633708    0    0 174704 126308 229855 1368433 34 37 29  1  0  0
96 10  70952 117359568 2129132 46633716    0    0 175392 123284 229097 1361975 33 38 29  1  0  0
137  1  70952 117356560 2129132 46633728    0    0 187248 82072 225641 1352060 32 37 30  1  0  0
76 11  70952 117355956 2129132 46633740    0    0 167536 181004 236673 1408895 34 38 27  1  0  0
99  2  70952 117356564 2129132 46633744    0    0 168016 116544 231520 1384918 34 37 29  1  0  0
145  2  70952 117367520 2129132 46633764    0    0 176896 127376 231547 1384260 34 37 28  1  0  0
50  0  70952 117357464 2129132 46633780    0    0 180832 127152 227635 1378338 34 37 28  1  0  0
127  1  70952 117360276 2129132 46633796    0    0 187888 125016 230372 1366820 33 36 30  1  0  0
46  0  70952 117350680 2129132 46633824    0    0 184896 132524 230014 1377397 34 37 28  1  0  0
100  1  70952 117367972 2129132 46633840    0    0 162880 125476 228271 1384577 34 37 28  1  0  0
20  2  70952 117352236 2129132 46633852    0    0 169600 122096 228076 1383786 33 37 29  1  0  0
117  6  70952 117356336 2129132 46633860    0    0 171952 122484 226906 1377108 34 37 28  1  0  0
procs -----------memory---------- ---swap-- -----io---- -system-- -------cpu-------
 r  b   swpd   free   buff  cache   si   so    bi    bo   in   cs us sy id wa st gu
32  0  70952 117364952 2129132 46633868    0    0 180224 135184 233041 1398292 34 37 28  1  0  0
97  8  70952 117363088 2129132 46633880    0    0 179088 130368 230205 1386957 33 37 28  1  0  0
189  0  70952 117355080 2129132 46633892    0    0 161408 108600 227480 1375345 32 38 29  1  0  0
97  0  70952 117351212 2129132 46633900    0    0 178096 119616 229190 1376921 33 38 28  1  0  0
79  2  70952 117343960 2129132 46633912    0    0 181152 141036 231100 1379860 34 37 29  1  0  0
97  0  70952 117337468 2129132 46633924    0    0 167392 121660 228853 1382987 33 38 29  1  0  0
90  2  70952 117335700 2129132 46633936    0    0 180352 134224 232423 1393315 33 37 29  1  0  0
64  0  70952 117329600 2129136 46633948    0    0 177392 119844 239567 1402445 33 37 29  1  0  0
110  0  70952 117337576 2129136 46633972    0    0 172288 128292 237330 1398689 34 37 28  1  0  0
58  0  70952 117345392 2129136 46633988    0    0 176304 114624 235477 1369889 32 39 28  1  0  0
135  0  70952 117331168 2129136 46634008    0    0 174704 131704 224937 1357820 33 37 29  1  0  0
78  1  70952 117333960 2129136 46634032    0    0 179088 101780 227652 1380293 33 38 29  1  0  0
134  0  70952 117324844 2129136 46634120    0    0 188768 114720 230375 1384551 35 36 28  1  0  0
55  0  70952 117327088 2129136 46634128    0    0 173552 160428 233449 1392204 33 38 28  1  0  0
184  0  70952 117347384 2129136 46634136    0    0 191312 105956 227547 1372200 33 36 30  1  0  0
84  1  70952 117356728 2129136 46634148    0    0 175648 126888 228235 1382242 34 37 28  1  0  0
13  0  70952 117355188 2129136 46634164    0    0 182976 117196 230313 1384304 33 37 29  1  0  0
127  2  70952 117351032 2129136 46634176    0    0 192128 159892 231516 1377828 32 37 29  1  0  0
44  1  70952 117342576 2129136 46634184    0    0 180576 143592 229731 1375505 34 37 28  1  0  0
49  3  70952 117337796 2129136 46634192    0    0 175888 85344 230194 1385085 33 38 28  1  0  0
128  1  70952 117334024 2129136 46634200    0    0 182560 148984 231306 1384276 34 38 28  1  0  0
procs -----------memory---------- ---swap-- -----io---- -system-- -------cpu-------
 r  b   swpd   free   buff  cache   si   so    bi    bo   in   cs us sy id wa st gu
141  2  70952 117306224 2129136 46634220    0    0 181408 122748 226833 1372067 34 37 28  1  0  0
21  0  70952 117313264 2129136 46634244    0    0 178672 130524 228817 1390576 33 38 28  1  0  0
88  0  70952 117328648 2129136 46634260    0    0 174432 139816 236116 1393454 34 38 28  1  0  0
103  0  70952 117314832 2129136 46634280    0    0 175744 100700 223817 1363847 33 38 29  1  0  0
32  6  70952 117307416 2129136 46634296    0    0 188416 161632 232621 1379887 34 37 28  1  0  0
68  6  70952 117304692 2129136 46634304    0    0 183760 110176 229837 1375083 33 38 28  1  0  0
78  5  70952 117305696 2129136 46634312    0    0 189792 130564 228519 1369949 33 38 29  1  0  0
40  0  70952 117324144 2129136 46634324    0    0 179232 146704 236149 1374077 33 37 29  1  0  0
122  0  70952 117318924 2129136 46634332    0    0 193216 124204 240400 1397504 34 36 29  1  0  0
54  2  70952 117325304 2129136 46634340    0    0 186272 134268 241410 1399069 33 37 29  1  0  0
30  2  70952 117319596 2129136 46634348    0    0 176992 139972 241341 1418143 33 38 28  1  0  0
46  1  70952 117312312 2129136 46634360    0    0 169248 120084 240051 1399475 34 36 29  1  0  0
44  2  70952 117315764 2129136 46634384    0    0 173488 132768 240135 1403728 33 38 28  1  0  0
139  0  70952 117305744 2129136 46634392    0    0 173440 112732 232504 1393919 34 37 28  1  0  0
54  1  70952 117297712 2129136 46634400    0    0 185152 128548 232192 1392934 33 38 28  1  0  0
114  5  70952 117306956 2129136 46634424    0    0 170432 126096 229774 1395102 34 38 28  1  0  0
47  7  70952 117306256 2129136 46634444    0    0 188784 125084 229343 1375003 34 38 28  1  0  0
33  1  70952 117316020 2129136 46634464    0    0 177328 145900 229025 1377356 34 37 28  1  0  0
 9  0  70952 117302900 2129136 46634480    0    0 177104 97916 224246 1354261 33 37 29  1  0  0
21  0  70952 117299272 2129136 46634500    0    0 189248 111848 217611 1316911 32 37 29  1  0  0
90  0  70952 117306712 2129136 46634516    0    0 172336 149952 224115 1356651 34 38 27  1  0  0
procs -----------memory---------- ---swap-- -----io---- -system-- -------cpu-------
 r  b   swpd   free   buff  cache   si   so    bi    bo   in   cs us sy id wa st gu
137  2  70952 117320588 2129136 46634524    0    0 179168 132264 233245 1356558 33 39 28  1  0  0
37  3  70952 117314356 2129136 46634536    0    0 171984 144668 233494 1364792 33 39 28  1  0  0
40  0  70952 117310120 2129136 46634536    0    0 174624 126056 223162 1340888 33 38 29  1  0  0
50  3  70952 117313732 2129136 46634548    0    0 188704 106520 225588 1354931 32 37 30  1  0  0
126  1  70952 117308556 2129136 46634556    0    0 191168 140480 232691 1390695 34 37 28  1  0  0
35  0  70952 117291096 2129136 46634576    0    0 188752 135224 228272 1375672 33 37 29  1  0  0
48  0  70952 117309656 2129140 46634600    0    0 184992 109292 226923 1382813 33 37 29  1  0  0
50  0  70952 117293056 2129140 46634616    0    0 178736 139420 229614 1393533 33 38 29  1  0  0
108  1  70952 117288768 2129140 46634636    0    0 183056 122116 228042 1380954 33 37 29  1  0  0
48  2  70952 117286020 2129140 46634656    0    0 174224 136996 228601 1388581 33 38 28  1  0  0
63  3  70952 117293904 2129140 46634676    0    0 175968 124892 235964 1374177 33 38 29  1  0  0
33  3  70952 117292196 2129140 46634688    0    0 176416 121700 234065 1390290 33 38 28  1  0  0
64  0  70952 117288476 2129140 46634696    0    0 176576 123900 239268 1400713 33 37 29  1  0  0
 5  0  70952 117289052 2129140 46634704    0    0 173568 98276 229818 1368189 32 38 29  1  0  0
108  1  70952 117284828 2129140 46634712    0    0 187056 139232 228355 1361919 33 37 28  1  0  0
52  0  70952 117283168 2129140 46634720    0    0 176128 145424 232747 1399499 34 37 28  1  0  0
52  2  70952 117280960 2129144 46634732    0    0 178880 112540 229000 1365790 33 38 29  1  0  0
84  1  70952 117281684 2129144 46634740    0    0 180784 137596 227777 1361738 33 38 29  1  0  0
41  3  70952 117273884 2129144 46634748    0    0 183952 112296 229159 1368510 33 37 29  1  0  0
65  0  70952 117270312 2129144 46634752    0    0 177392 133324 231741 1381697 33 37 28  1  0  0
306  0  70952 117253060 2129144 46634760    0    0 191856 136244 233051 1347805 32 37 29  1  0  0
procs -----------memory---------- ---swap-- -----io---- -system-- -------cpu-------
 r  b   swpd   free   buff  cache   si   so    bi    bo   in   cs us sy id wa st gu
73  2  70952 117255988 2129144 46634776    0    0 176736 115956 226626 1376718 34 37 28  1  0  0
52  8  70952 117291808 2129144 46634800    0    0 172016 121580 229019 1394616 34 38 27  1  0  0
53  2  70952 117292424 2129144 46634820    0    0 176304 132668 232484 1383531 33 36 30  1  0  0
40  0  70952 117277704 2129144 46634836    0    0 174752 120196 229587 1358896 32 38 29  1  0  0
95  0  70952 117267784 2129144 46634856    0    0 180480 130316 233082 1380507 33 37 29  1  0  0
78 10  70952 117266728 2129148 46634872    0    0 180560 128736 228452 1377919 34 37 29  1  0  0
 4  0  70952 117269072 2129148 46634880    0    0 175312 127176 228123 1372448 33 38 29  1  0  0
46  1  70952 117277712 2129148 46634888    0    0 180720 130948 230897 1386832 33 37 29  1  0  0
20 29  70952 117275524 2129148 46634896    0    0 191984 124268 229882 1388374 33 38 28  1  0  0
 6  6  70952 117273184 2129148 46634972    0    0 202160 139284 230866 1393088 34 37 28  1  0  0
82  0  70952 117274888 2129148 46634984    0    0 181456 127440 228619 1386764 34 37 28  1  0  0
 3  0  70952 117270584 2129148 46635004    0    0 175648 132540 228383 1384052 33 37 29  1  0  0
66  0  70952 117283536 2129148 46635024    0    0 184368 127996 232313 1396558 33 38 28  1  0  0
57  6  70952 117276024 2129148 46635040    0    0 180160 136768 228059 1370334 33 38 28  1  0  0
16  0  70952 117273436 2129148 46635060    0    0 171024 115768 231023 1392040 33 38 28  1  0  0
128 11  70952 117264292 2129148 46635068    0    0 176512 144224 230951 1374500 33 37 29  1  0  0
10  0  70952 117257620 2129148 46635084    0    0 181312 135780 231308 1382904 33 37 29  1  0  0
89  0  70952 117257052 2129148 46635096    0    0 174144 121596 229292 1372962 33 37 29  1  0  0
124  0  70952 117257504 2129148 46635104    0    0 176912 123832 229209 1378956 33 37 29  1  0  0
34  0  70952 117258972 2129148 46635112    0    0 192304 134484 230595 1377381 33 37 29  1  0  0
139  0  70952 117251212 2129148 46635124    0    0 194240 129568 230749 1373822 34 37 28  1  0  0
procs -----------memory---------- ---swap-- -----io---- -system-- -------cpu-------
 r  b   swpd   free   buff  cache   si   so    bi    bo   in   cs us sy id wa st gu
105  5  70952 117246804 2129148 46635136    0    0 171136 125312 230639 1377334 34 38 27  1  0  0
16  0  70952 117245900 2129148 46635144    0    0 172112 124336 232464 1386827 33 38 28  1  0  0
 1  0  70952 117251780 2129148 46635156    0    0 183584 133396 228290 1369332 33 36 30  1  0  0
108  5  70952 117246308 2129148 46635164    0    0 189456 126140 236562 1396188 33 36 29  1  0  0
68  0  70952 117258532 2129148 46635172    0    0 184416 139492 237339 1366328 33 36 30  1  0  0
159  0  70952 117265220 2129152 46635196    0    0 180048 124548 238706 1387011 34 37 28  1  0  0
119  1  70952 117269424 2129152 46635220    0    0 184240 123176 242075 1408673 34 38 27  1  0  0
134  0  70952 117266812 2129152 46635236    0    0 183376 130676 231731 1370128 33 36 29  1  0  0
130  0  70952 117259552 2129152 46635256    0    0 187328 131008 228838 1372716 33 37 29  1  0  0
201  0  70952 117246492 2129152 46635272    0    0 174816 130260 231159 1376882 33 38 28  1  0  0
114  0  70952 117244736 2129152 46635288    0    0 199200 132852 230803 1367549 33 36 29  1  0  0
36  1  70952 117246628 2129152 46635292    0    0 190352 134212 229277 1372217 34 37 28  1  0  0
72  5  70952 117261412 2129152 46635300    0    0 179488 131560 231474 1381685 34 35 30  1  0  0
 3  0  70952 117262580 2129152 46635308    0    0 184160 128952 232771 1383445 33 37 29  1  0  0
61  4  70952 117259896 2129152 46635316    0    0 175312 121672 229796 1365217 33 38 28  1  0  0
49  1  70952 117255672 2129152 46635328    0    0 174992 133108 226765 1348647 33 37 29  1  0  0
92  1  70952 117252008 2129152 46635336    0    0 182336 123932 230878 1370971 33 37 30  1  0  0
84  4  70952 117246848 2129152 46635348    0    0 182912 127904 234941 1383796 34 37 28  1  0  0
61  0  70952 117235728 2129152 46635360    0    0 170784 132740 230630 1378559 33 37 29  1  0  0
89  0  70952 117255832 2129152 46635380    0    0 201376 140176 231268 1381098 33 37 29  1  0  0
187  0  70952 117256864 2129152 46635388    0    0 189456 127836 227563 1365956 33 37 29  1  0  0
procs -----------memory---------- ---swap-- -----io---- -system-- -------cpu-------
 r  b   swpd   free   buff  cache   si   so    bi    bo   in   cs us sy id wa st gu
110  0  70952 117248008 2129152 46635404    0    0 177504 130972 232127 1392592 34 38 27  1  0  0
40  0  70952 117235328 2129152 46635424    0    0 181616 126696 230459 1391837 34 37 28  1  0  0
88  0  70952 117253292 2129152 46635444    0    0 175216 129936 224419 1348457 33 38 29  1  0  0
92  0  70952 117241024 2129152 46635452    0    0 179568 122736 231828 1378135 33 38 29  1  0  0
185  0  70952 117247468 2129152 46635464    0    0 177360 135220 230408 1362429 33 37 30  1  0  0
29  1  70952 117243700 2129152 46635472    0    0 180080 119804 228507 1369944 33 37 29  1  0  0
118  0  70952 117251780 2129152 46635480    0    0 163744 114540 235684 1400462 34 38 28  0  0  0
72  2  70952 117245900 2129152 46635492    0    0 187440 132872 233640 1368998 34 37 28  1  0  0
44  0  70952 117239876 2129152 46635496    0    0 191520 132768 233036 1392454 34 36 28  1  0  0
102  6  70952 117235860 2129152 46635504    0    0 183296 130740 231743 1391973 34 36 29  1  0  0
136  5  70952 117239992 2129152 46635516    0    0 185168 134060 232193 1383309 34 37 28  1  0  0
98 11  70952 117218936 2129152 46635536    0    0 181504 130624 228085 1374636 34 37 28  1  0  0
52  0  70952 117232248 2129152 46635552    0    0 187872 131612 228765 1388189 34 38 28  1  0  0
190  0  70952 117230884 2129152 46635576    0    0 170080 118192 229025 1385928 34 38 28  1  0  0
183  0  70952 117228032 2129152 46635592    0    0 178464 128008 228657 1372703 33 38 28  1  0  0
231  0  70952 117236876 2129152 46635616    0    0 182320 146652 229732 1376414 33 38 28  1  0  0
93  0  70952 117235236 2129152 46635632    0    0 181808 126888 229876 1377482 33 37 28  1  0  0
65  1  70952 117241404 2129152 46635644    0    0 179536 122852 238594 1402679 33 38 29  1  0  0
67  2  70952 117249036 2129152 46635652    0    0 176384 125148 241126 1401544 34 37 29  1  0  0
70  0  70952 117246368 2129152 46635664    0    0 180352 130648 241742 1401053 34 37 29  1  0  0
36  3  70952 117244760 2129152 46635676    0    0 170816 125408 242267 1404448 34 38 28  1  0  0
procs -----------memory---------- ---swap-- -----io---- -system-- -------cpu-------
 r  b   swpd   free   buff  cache   si   so    bi    bo   in   cs us sy id wa st gu
55  6  70952 117237360 2129152 46635688    0    0 181376 127192 233894 1384763 33 38 28  1  0  0
59  1  70952 117231124 2129152 46635708    0    0 158656 117404 229118 1396912 33 38 28  0  0  0
52  0  70952 117234880 2129152 46635728    0    0 174624 121784 228231 1396774 34 37 28  1  0  0
159  1  70952 117249360 2129152 46635748    0    0 174544 122800 225319 1374311 34 37 28  1  0  0
61  1  70952 117223860 2129152 46635768    0    0 177040 128580 227683 1385534 33 38 28  1  0  0
168  0  70952 117232192 2129152 46635788    0    0 175440 127392 222542 1352243 32 38 28  1  0  0
42  1  70952 117224276 2129152 46635868    0    0 188112 128616 226769 1360133 32 38 28  1  0  0
24  0  70952 117224472 2129152 46635876    0    0 184352 126176 224372 1356784 33 38 29  1  0  0
56  0  70952 117242404 2129152 46635884    0    0 179568 126172 231342 1391088 33 37 29  1  0  0
80  1  70952 117241396 2129152 46635896    0    0 176576 128776 230371 1377329 33 38 28  1  0  0
123  0  70952 117240160 2129152 46635912    0    0 172208 123856 238149 1404592 33 37 29  1  0  0
 5  0  70952 117238824 2129152 46635920    0    0 180432 131328 234724 1392701 33 37 29  1  0  0
97 11  70952 117233320 2129152 46635928    0    0 200896 134932 231941 1377101 32 37 29  1  0  0
31  0  70952 117224724 2129152 46635944    0    0 174736 126804 225144 1363053 32 38 29  1  0  0
72  0  70952 117223580 2129152 46635968    0    0 184240 125988 226032 1374542 34 37 28  1  0  0
51  7  70952 117231172 2129152 46635992    0    0 176320 125716 227476 1367576 33 37 29  1  0  0
34  3  70952 117213496 2129152 46636012    0    0 182288 136840 223345 1341309 33 37 30  1  0  0
44  2  70952 117212420 2129152 46636032    0    0 176400 122036 224459 1383156 34 37 29  1  0  0
40  0  70952 117222772 2129152 46636052    0    0 188400 132288 226470 1387392 34 36 30  1  0  0
33  0  70952 117222000 2129156 46636068    0    0 172240 120260 227993 1387255 33 38 28  1  0  0
40  0  70952 117234452 2129156 46636076    0    0 190032 136676 229849 1370084 33 37 29  1  0  0
procs -----------memory---------- ---swap-- -----io---- -system-- -------cpu-------
 r  b   swpd   free   buff  cache   si   so    bi    bo   in   cs us sy id wa st gu
138  0  70952 117238588 2129156 46636080    0    0 192304 132644 230274 1386776 33 37 29  1  0  0
10  0  70952 117234120 2129156 46636088    0    0 184512 132488 235995 1401921 33 37 29  1  0  0
55  0  70952 117232896 2129156 46636096    0    0 170848 126376 226961 1371194 33 38 29  1  0  0
57  1  70952 117233144 2129156 46636108    0    0 192864 138664 230551 1371236 32 38 29  1  0  0
34  0  70952 117229088 2129156 46636120    0    0 161024 111680 231001 1403657 34 37 29  1  0  0
74  0  70952 117226200 2129156 46636128    0    0 171664 126400 226736 1359373 33 38 29  1  0  0
132  0  70952 117218184 2129156 46636136    0    0 177104 122980 232687 1394452 34 38 28  1  0  0
87 10  70952 117215168 2129156 46636144    0    0 170656 122600 232082 1386757 33 37 29  1  0  0
75  1  70952 117203000 2129156 46636160    0    0 182512 132900 226575 1362197 33 38 28  1  0  0
139 10  70952 117212620 2129156 46636180    0    0 204736 138516 232824 1376720 33 36 29  1  0  0
35  0  70952 117239248 2129156 46636212    0    0 186256 136156 228178 1367531 34 37 28  1  0  0
77  0  70952 117224820 2129156 46636228    0    0 181184 124764 226859 1353730 32 39 28  1  0  0
91  1  70952 117216012 2129156 46636248    0    0 185184 128544 232064 1357471 33 38 28  1  0  0
209  0  70952 117216356 2129156 46636264    0    0 193728 158824 228752 1334450 33 36 29  1  0  0
26  0  70952 117216264 2129156 46636292    0    0 188080 124652 226525 1364101 33 37 29  1  0  0
72  9  70952 117217836 2129156 46636300    0    0 178816 133108 232476 1395670 34 37 29  1  0  0
108  0  70952 117217636 2129156 46636308    0    0 173696 121048 230092 1392440 33 38 28  1  0  0
71  0  70952 117217988 2129156 46636316    0    0 182912 132460 224122 1343617 33 37 29  1  0  0
17  0  70952 117219704 2129156 46636320    0    0 182096 127136 224500 1346704 33 38 28  1  0  0
24  0  70952 117214644 2129156 46636328    0    0 172080 128424 228091 1352896 32 37 30  1  0  0
76  8  70952 117215328 2129156 46636336    0    0 179872 120548 241658 1419586 34 38 28  1  0  0
procs -----------memory---------- ---swap-- -----io---- -system-- -------cpu-------
 r  b   swpd   free   buff  cache   si   so    bi    bo   in   cs us sy id wa st gu
 5  1  70952 117219968 2129156 46636348    0    0 173776 131000 239298 1382517 33 36 30  1  0  0
74  2  70952 117264340 2129156 46636240    0    0 176832 131256 284638 1384295 33 37 28  1  0  0
63  0  70952 117461428 2129156 46636260    0    0 185120 125776 284576 1365066 34 38 27  1  0  0
16  0  70952 117811080 2129156 46636284    0    0 170864 124728 274486 1353404 33 38 28  1  0  0
90  3  70952 118781992 2129156 46636300    0    0 193568 134384 286064 1413514 35 37 27  1  0  0
 3  2  70952 122966816 2129156 46636372    0    0 224432 399976 493518 1526680 36 32 31  1  0  0
