procs -----------memory---------- ---swap-- -----io---- -system-- -------cpu-------
 r  b   swpd   free   buff  cache   si   so    bi    bo   in   cs us sy id wa st gu
 7  2  66112 76511140 2436492 74020732    0    1 29160 29515 7511    5  3  1 96  0  0  0
39  3  66112 75085104 2436492 74020784    0    0 26944 524656 385102 592109 13 16 70  1  0  0
395  0  66112 73856792 2436492 74020832    0    0 12976 496804 609366 906759 63 31  6  0  0  0
346  0  66112 73521264 2436492 74020844    0    0  7248 381732 300997 1281585 82 18  0  0  0  0
306  1  66112 73248048 2436492 74020924    0    0  8080 545040 325232 1387818 80 19  1  0  0  0
335  0  66112 73085604 2436492 74020944    0    0  6784 581636 310106 1402290 80 19  0  0  0  0
326  0  66112 72988112 2436492 74020960    0    0  6736 551948 336186 1410943 80 20  1  0  0  0
394  1  66112 72950116 2436492 74020976    0    0  6064 576968 301362 1433243 81 19  0  0  0  0
357  1  66112 72960680 2436492 74020992    0    0  7344 595988 306567 1439683 80 19  0  0  0  0
379  0  66112 72947788 2436492 74021000    0    0  7888 530540 294366 1443376 80 20  1  0  0  0
320  2  66112 72955412 2436492 74021016    0    0  7456 591576 289487 1464060 80 19  0  0  0  0
287  0  66112 72931052 2436492 74021032    0    0  6064 558812 292404 1465243 81 19  0  0  0  0
259  0  66112 72923000 2436492 74021052    0    0  7216 600048 286634 1449183 81 19  0  0  0  0
366  0  66112 72926980 2436492 74021060    0    0  6704 569788 294400 1437700 80 19  0  0  0  0
343  1  66112 72926140 2436492 74021076    0    0  7328 571888 294989 1448433 80 19  0  0  0  0
338  0  66112 72911952 2436492 74021088    0    0  6848 574248 283354 1426815 80 19  0  0  0  0
351  0  66112 72949784 2436492 74021104    0    0  5616 563248 290086 1426127 80 20  0  0  0  0
338  0  66112 72925028 2436492 74021116    0    0  7152 541064 285573 1422138 80 19  0  0  0  0
391  0  66112 72914676 2436492 74021136    0    0  6800 588484 292904 1425471 80 20  0  0  0  0
346  1  66112 72926964 2436492 74021144    0    0  6832 566088 285756 1399376 80 20  1  0  0  0
227  1  66112 72912972 2436492 74021160    0    0  7984 609136 285977 1412380 80 19  0  0  0  0
procs -----------memory---------- ---swap-- -----io---- -system-- -------cpu-------
 r  b   swpd   free   buff  cache   si   so    bi    bo   in   cs us sy id wa st gu
279  0  66112 72907536 2436492 74021176    0    0  6064 554960 289132 1435808 80 19  1  0  0  0
276  1  66112 72924136 2436492 74021184    0    0  7360 490388 283808 1413665 80 19  0  0  0  0
325  0  66112 72928824 2436492 74021196    0    0  7296 500136 282240 1406779 80 19  0  0  0  0
358  0  66112 72915576 2436492 74021208    0    0  7120 538360 288184 1402603 80 19  0  0  0  0
339  1  66112 72905008 2436492 74021220    0    0  6048 512328 280886 1386456 80 20  0  0  0  0
376  0  66112 72908908 2436492 74021240    0    0  7712 466300 285784 1403795 80 19  0  0  0  0
329  0  66112 72887856 2436492 74021252    0    0  6864 580448 287919 1406885 80 20  0  0  0  0
305  0  66112 72901204 2436492 74021272    0    0  7072 455540 299477 1411358 80 20  1  0  0  0
369  0  66112 72895364 2436492 74021284    0    0  7824 559512 285965 1381045 80 20  0  0  0  0
190  2  66112 72908864 2436492 74021296    0    0  5328 531584 285360 1393345 80 20  0  0  0  0
271  0  66112 72906232 2436492 74021312    0    0  7168 490868 296053 1408839 80 19  0  0  0  0
365  0  66112 72885848 2436492 74021336    0    0  7888 517888 285560 1410480 80 20  1  0  0  0
282  0  66112 72888460 2436492 74021348    0    0  7408 550628 285393 1390155 80 20  1  0  0  0
391  1  66112 72892908 2436492 74021360    0    0  6432 476676 279077 1390427 80 20  0  0  0  0
340  0  66112 72881444 2436492 74021372    0    0  6496 516868 279829 1397751 80 19  0  0  0  0
349  1  66112 72885080 2436496 74021392    0    0  8192 487696 283906 1394318 80 20  1  0  0  0
365  0  66112 72912840 2436496 74021404    0    0  7696 578388 287042 1391728 80 20  1  0  0  0
285  0  66112 72897616 2436496 74021420    0    0  8688 493296 289294 1371435 80 19  0  0  0  0
346  0  66112 72891080 2436496 74021432    0    0  6064 498908 294231 1409964 80 19  0  0  0  0
344  0  66112 72871624 2436496 74021440    0    0  8544 513440 283094 1384375 80 20  1  0  0  0
281  0  66112 72897424 2436496 74021464    0    0  7984 523120 295850 1395681 80 19  0  0  0  0
procs -----------memory---------- ---swap-- -----io---- -system-- -------cpu-------
 r  b   swpd   free   buff  cache   si   so    bi    bo   in   cs us sy id wa st gu
373  2  66112 72890228 2436496 74021480    0    0  7072 518148 280591 1401672 80 19  0  0  0  0
307  1  66112 72904092 2436496 74021484    0    0  6240 519140 285502 1405611 80 20  0  0  0  0
364  1  66112 72922956 2436496 74021500    0    0  5376 552800 287943 1400184 80 19  0  0  0  0
349  0  66112 72897120 2436496 74021516    0    0  6800 533472 289306 1394760 80 19  0  0  0  0
366  0  66112 72860796 2436496 74021524    0    0  6336 519608 316491 1383917 80 20  1  0  0  0
299  0  66112 72808728 2436496 74021556    0    0  6944 483072 569963 1343060 79 21  1  0  0  0
206  0  66112 72776756 2436496 74021568    0    0  7152 516292 628180 1324816 77 23  0  0  0  0
315  0  66112 72739660 2436496 74021584    0    0  6544 511112 587152 1347890 77 23  0  0  0  0
229  2  66112 72772068 2436496 74021600    0    0  7248 522136 364679 1368714 78 22  0  0  0  0
339  0  66112 72853572 2436496 74021616    0    0  6736 507260 367390 1347636 79 21  0  0  0  0
264  2  66112 72893100 2436496 74021628    0    0  7088 575444 309197 1370836 79 20  0  0  0  0
409  0  66112 72904144 2436496 74021648    0    0  6016 516664 354200 1374721 79 20  0  0  0  0
277  0  66112 72871148 2436496 74021656    0    0  6832 530244 326961 1357457 79 20  0  0  0  0
347  0  66112 72874020 2436496 74021668    0    0  6256 552488 317587 1351613 79 21  0  0  0  0
334  0  66112 72877684 2436496 74021676    0    0  6480 509528 294476 1364395 79 20  1  0  0  0
282  0  66112 72869508 2436496 74021696    0    0  7104 591792 349971 1381225 80 20  1  0  0  0
369  0  66112 72871708 2436496 74021708    0    0  5488 474644 298569 1375473 79 20  1  0  0  0
340  1  66112 72855656 2436496 74021724    0    0  7200 535612 315331 1374217 79 20  1  0  0  0
373  1  66112 72861072 2436496 74021736    0    0  6800 592940 300782 1370898 79 20  0  0  0  0
362  0  66112 72867220 2436496 74021752    0    0  7504 484672 299722 1371879 80 20  0  0  0  0
406  0  66112 72860020 2436496 74021768    0    0  6912 523252 290869 1377494 80 20  0  0  0  0
procs -----------memory---------- ---swap-- -----io---- -system-- -------cpu-------
 r  b   swpd   free   buff  cache   si   so    bi    bo   in   cs us sy id wa st gu
370  0  66112 72857140 2436496 74021784    0    0  6608 579344 294303 1367753 79 20  1  0  0  0
256  0  66112 72861696 2436496 74021864    0    0  7120 542436 347141 1379317 80 20  0  0  0  0
353  1  66112 72864028 2436496 74021880    0    0  7376 508120 305364 1382457 80 20  1  0  0  0
376  0  66112 72858244 2436496 74021888    0    0  6896 567024 305564 1410693 80 20  0  0  0  0
273  0  66112 72855300 2436496 74021908    0    0  8736 561572 287484 1369381 79 19  1  0  0  0
392  1  66112 72859160 2436496 74021916    0    0  6416 481992 292322 1376414 80 19  1  0  0  0
274  2  66112 72853380 2436496 74021924    0    0  7232 559896 298541 1375900 80 20  1  0  0  0
278  0  66112 72862572 2436496 74021948    0    0  7376 538016 293423 1396145 80 20  0  0  0  0
244  2  66112 72861676 2436496 74021960    0    0  6736 556152 329746 1390919 80 20  0  0  0  0
413  0  66112 72843220 2436496 74021972    0    0  5296 523292 292696 1390027 80 20  0  0  0  0
380  0  66112 72822140 2436496 74021988    0    0  7600 571116 292900 1379207 80 20  0  0  0  0
304  2  66112 72838532 2436496 74022004    0    0  6880 622200 285114 1397422 80 19  0  0  0  0
334  0  66112 72850672 2436496 74022020    0    0  7520 465908 290977 1393010 80 19  0  0  0  0
363  1  66112 72835768 2436496 74022032    0    0  6320 507208 280743 1405787 80 20  0  0  0  0
247  1  66112 72860464 2436496 74022044    0    0  5936 559392 284904 1384236 80 20  0  0  0  0
354  0  66112 72845088 2436496 74022060    0    0  6512 554208 288093 1404317 80 19  0  0  0  0
373  0  66112 72829016 2436496 74022080    0    0  7600 469136 277641 1391906 80 19  0  0  0  0
322  0  66112 72850876 2436496 74022096    0    0  7392 541524 298705 1398528 80 20  0  0  0  0
321  0  66112 72846196 2436496 74022108    0    0  6304 542020 296742 1393415 80 20  0  0  0  0
333  0  66112 72823560 2436496 74022120    0    0  5680 590068 289208 1404426 80 20  0  0  0  0
331  0  66112 72835296 2436496 74022136    0    0  7600 477932 292255 1387479 80 19  0  0  0  0
procs -----------memory---------- ---swap-- -----io---- -system-- -------cpu-------
 r  b   swpd   free   buff  cache   si   so    bi    bo   in   cs us sy id wa st gu
248  1  66112 72806784 2436496 74022148    0    0  7312 602716 283903 1396838 80 19  0  0  0  0
372  0  66112 72816012 2436496 74022164    0    0  7168 540860 288204 1407202 80 19  0  0  0  0
319  0  66112 72829016 2436496 74022176    0    0  7856 583488 285727 1383534 80 20  0  0  0  0
309  1  66112 72840824 2436496 74022188    0    0  6064 516580 284483 1383912 80 20  0  0  0  0
260  1  66112 72829388 2436496 74022200    0    0  7392 567408 286976 1392318 80 19  0  0  0  0
393  2  66112 72809324 2436496 74022208    0    0  6352 577704 293570 1390098 80 20  0  0  0  0
350  0  66112 72814568 2436496 74022236    0    0  7072 623184 298000 1400334 80 20  0  0  0  0
343  0  66112 72821944 2436496 74022248    0    0  6080 534184 289443 1392351 80 20  0  0  0  0
283  2  66112 72822896 2436496 74022256    0    0  5536 674828 298172 1409600 80 20  0  0  0  0
330  1  66112 72817000 2436496 74022268    0    0  7808 581036 283592 1379035 80 19  1  0  0  0
352  1  66112 72814600 2436496 74022288    0    0  7504 535956 280683 1397607 80 19  1  0  0  0
319  0  66112 72827956 2436496 74022300    0    0  7776 589288 318146 1381056 80 20  0  0  0  0
163  0  66112 72798396 2436496 74022316    0    0  5696 592348 287300 1404611 80 20  0  0  0  0
309  0  66112 72813448 2436496 74022332    0    0  8592 612516 286879 1364388 79 20  1  0  0  0
406  1  66112 72808464 2436496 74022348    0    0  8032 555232 281956 1382613 79 20  1  0  0  0
369  0  66112 72793984 2436496 74022364    0    0  6512 638852 287966 1401684 80 20  0  0  0  0
343  0  66112 72807752 2436496 74022388    0    0  7552 620376 291141 1383064 79 20  1  0  0  0
373  2  66112 72800044 2436496 74022404    0    0  5184 550848 281952 1385643 79 20  1  0  0  0
415  2  66112 72807412 2436496 74022416    0    0  7520 646520 370263 1378999 79 20  2  0  0  0
223  3  66112 72812892 2436496 74022432    0    0  6672 491380 289761 1391344 80 20  0  0  0  0
130  2  66112 72802596 2436496 74022448    0    0  7216 607996 282328 1370224 79 20  1  0  0  0
procs -----------memory---------- ---swap-- -----io---- -system-- -------cpu-------
 r  b   swpd   free   buff  cache   si   so    bi    bo   in   cs us sy id wa st gu
271  1  66112 72805856 2436496 74022460    0    0  6784 699876 290701 1389864 79 20  1  0  0  0
376  0  66112 72807940 2436496 74022476    0    0  7120 467860 290845 1372619 79 20  1  0  0  0
293  2  66112 72817708 2436496 74022488    0    0  7712 600332 276259 1378667 80 20  1  0  0  0
243  2  66112 72811224 2436496 74022500    0    0  7184 517248 298168 1374823 80 20  0  0  0  0
359  0  66112 72818396 2436496 74022520    0    0  6576 542160 283300 1385990 80 20  1  0  0  0
354  0  66112 72797908 2436496 74022532    0    0  5760 625988 289151 1391301 80 20  0  0  0  0
259  0  66112 72784180 2436496 74022548    0    0  6784 562620 284164 1396313 80 19  0  0  0  0
182  2  66112 72770424 2436496 74022560    0    0  7312 607888 283533 1398602 80 19  0  0  0  0
298  0  66112 72781012 2436496 74022572    0    0  6368 585024 285871 1407189 80 19  0  0  0  0
350  0  66112 72796456 2436496 74022584    0    0  6592 589960 304582 1422095 81 19  0  0  0  0
304  3  66112 72781696 2436496 74022592    0    0  7488 599552 297811 1393899 80 19  1  0  0  0
262  2  66112 72801272 2436496 74022612    0    0  6464 614388 283553 1398294 79 20  1  0  0  0
325  1  66112 72780532 2436496 74022624    0    0  6672 586032 287622 1393647 80 19  1  0  0  0
321  1  66112 72786120 2436496 74022640    0    0  6448 542040 278034 1387963 80 20  1  0  0  0
354  0  66112 72788916 2436496 74022656    0    0  6880 590564 285040 1378204 79 20  1  0  0  0
81  3  66112 72790724 2436496 74022676    0    0  5072 604168 287501 1400602 80 20  0  0  0  0
268  4  66112 72799680 2436496 74022688    0    0  6784 468996 294857 1397863 80 19  0  0  0  0
97  1  66112 72785784 2436496 74022704    0    0  6384 667912 284690 1413834 80 20  0  0  0  0
208  0  66112 72793980 2436496 74022712    0    0  6896 621128 298916 1386407 80 20  1  0  0  0
284  4  66112 72780524 2436496 74022800    0    0  7056 559416 284823 1399946 80 20  0  0  0  0
371  1  66112 72781160 2436496 74022816    0    0  6112 509824 296925 1389568 79 20  1  0  0  0
procs -----------memory---------- ---swap-- -----io---- -system-- -------cpu-------
 r  b   swpd   free   buff  cache   si   so    bi    bo   in   cs us sy id wa st gu
328  1  66112 72766984 2436496 74022832    0    0  7760 532204 282655 1376072 80 19  1  0  0  0
148  2  66112 72774908 2436496 74022844    0    0  7072 617880 289030 1385404 80 20  0  0  0  0
231  1  66112 72801732 2436496 74022856    0    0  6912 624804 282336 1397368 80 19  1  0  0  0
264  2  66112 72787004 2436496 74022880    0    0  7744 551504 290976 1408641 80 19  0  0  0  0
236  1  66112 72783528 2436496 74022892    0    0  5632 666852 291198 1407693 80 20  0  0  0  0
337  2  66112 72775144 2436496 74022904    0    0  7712 631308 288819 1392782 79 20  1  0  0  0
385  0  66112 72767076 2436496 74022920    0    0  7376 425664 269791 1342611 78 19  3  0  0  0
280  2  66112 72775044 2436496 74022932    0    0  8032 645096 289411 1371251 80 20  0  0  0  0
289  1  66112 72786428 2436496 74022948    0    0  6640 607064 282164 1359830 77 19  3  0  0  0
325  1  66112 72804324 2436496 74022964    0    0  6704 436696 282881 1381213 80 20  1  0  0  0
266  3  66112 72778068 2436496 74022976    0    0  6944 663944 302206 1402917 80 19  1  0  0  0
451  0  66112 72745836 2436496 74022988    0    0  6560 517252 285311 1378925 80 19  1  0  0  0
335  0  66112 72755124 2436496 74023000    0    0  8256 504596 285357 1390668 80 20  1  0  0  0
305  0  66112 72747932 2436496 74023016    0    0  5584 644132 297914 1415258 80 19  0  0  0  0
208  0  66112 72768952 2436496 74023032    0    0  7424 518108 290192 1403809 80 20  1  0  0  0
399  0  66112 72776064 2436496 74023044    0    0  7328 600528 295388 1387875 81 19  0  0  0  0
277  2  66112 72761068 2436496 74023056    0    0  6352 574512 287724 1381712 80 20  1  0  0  0
444  3  66112 72751404 2436496 74023072    0    0  8080 636328 286031 1391229 79 20  1  0  0  0
392  0  66112 72764944 2436496 74023084    0    0  8064 531588 285556 1390035 79 20  1  0  0  0
225  1  66112 72763048 2436496 74023100    0    0  7472 676076 292562 1390459 80 20  1  0  0  0
353  0  66112 72770600 2436496 74023120    0    0  6832 460840 277873 1385833 80 20  0  0  0  0
procs -----------memory---------- ---swap-- -----io---- -system-- -------cpu-------
 r  b   swpd   free   buff  cache   si   so    bi    bo   in   cs us sy id wa st gu
296  0  66112 72774588 2436496 74023128    0    0  7392 593748 286232 1412341 80 20  0  0  0  0
314  0  66112 72755824 2436496 74023144    0    0  5856 473408 281664 1392696 80 20  0  0  0  0
340  0  66112 72758480 2436496 74023160    0    0  7904 605604 291719 1394524 80 20  0  0  0  0
352  0  66112 72757268 2436496 74023176    0    0  6960 524384 287244 1394638 80 20  0  0  0  0
358  0  66112 72739692 2436496 74023188    0    0  6336 626080 300206 1400401 80 19  0  0  0  0
233  2  66112 72741392 2436496 74023200    0    0  7424 584580 294022 1381184 80 19  0  0  0  0
246  0  66112 72736112 2436496 74023216    0    0  5104 545220 286152 1398100 80 20  0  0  0  0
278  0  66112 72736484 2436504 74023228    0    0  6624 762060 286606 1379871 79 20  1  0  0  0
364  0  66112 72720672 2436504 74023244    0    0  7264 417824 295711 1391843 80 20  0  0  0  0
293  0  66112 72743904 2436504 74023264    0    0  7200 510952 280014 1374048 80 20  1  0  0  0
355  0  66112 72743772 2436504 74023280    0    0  6832 561736 286014 1393069 80 19  0  0  0  0
402  2  66112 72733312 2436504 74023292    0    0  5680 584988 295539 1402290 80 19  0  0  0  0
346  0  66112 72727184 2436512 74023304    0    0  6384 671632 290673 1395169 80 19  0  0  0  0
230  0  66112 72750692 2436512 74023328    0    0  7776 614360 298723 1413610 80 19  1  0  0  0
319  0  66112 72725184 2436512 74023336    0    0  6864 434000 275710 1390041 81 19  0  0  0  0
288  1  66112 72723748 2436512 74023352    0    0  6384 578780 286555 1383461 80 20  0  0  0  0
292  1  66112 72737064 2436512 74023364    0    0  6848 584448 281341 1403773 80 19  0  0  0  0
343  0  66112 72721116 2436512 74023380    0    0  7344 609896 289337 1397642 80 20  0  0  0  0
364  0  66112 72709776 2436512 74023396    0    0  6928 617444 287932 1386231 80 20  1  0  0  0
350  0  66112 72745972 2436512 74023408    0    0  6128 479024 284613 1377587 80 20  0  0  0  0
245  1  66112 72741292 2436512 74023420    0    0  5904 705272 281581 1381662 80 20  1  0  0  0
procs -----------memory---------- ---swap-- -----io---- -system-- -------cpu-------
 r  b   swpd   free   buff  cache   si   so    bi    bo   in   cs us sy id wa st gu
304  0  66112 72730908 2436512 74023432    0    0  6816 429244 282796 1391666 80 20  0  0  0  0
220  0  66112 72746864 2436512 74023448    0    0  7552 558008 290087 1391575 80 20  0  0  0  0
308  0  66112 72755148 2436512 74023472    0    0  6752 537652 282976 1407908 80 19  0  0  0  0
351  0  66112 72731316 2436512 74023480    0    0  7664 644492 288483 1403659 80 20  0  0  0  0
357  0  66112 72744244 2436512 74023496    0    0  6256 638560 294255 1408441 80 20  1  0  0  0
438  0  66112 72747144 2436512 74023508    0    0  6912 552352 279160 1393795 80 19  1  0  0  0
223  0  66112 72736300 2436512 74023528    0    0  6928 431392 284599 1392600 80 20  0  0  0  0
290  1  66112 72736000 2436512 74023536    0    0  6944 583816 296528 1384209 80 20  0  0  0  0
327  2  66112 72736796 2436512 74023552    0    0  6624 552660 286193 1410360 81 19  0  0  0  0
326  0  66112 72709448 2436512 74023564    0    0  5216 537024 281866 1390339 80 19  0  0  0  0
426  2  66112 72702276 2436512 74023584    0    0  6032 597684 287386 1395549 80 20  0  0  0  0
284  0  66112 72714956 2436512 74023596    0    0  7104 529888 292538 1386696 80 20  0  0  0  0
252  1  66112 72733664 2436512 74023608    0    0  6816 609624 287596 1395665 81 19  0  0  0  0
361  0  66112 72723600 2436512 74023628    0    0  7392 549544 281700 1396533 80 19  0  0  0  0
236  3  66112 72716992 2436512 74023640    0    0  5152 656308 294013 1422340 80 19  1  0  0  0
307  0  66112 72722740 2436512 74023664    0    0  6832 487920 278182 1394543 80 19  0  0  0  0
270  2  66112 72710656 2436524 74023748    0    0  6864 641704 289597 1408954 81 19  0  0  0  0
302  4  66112 72698996 2436528 74023772    0    0  7152 606044 280584 1388836 80 19  1  0  0  0
210  0  66112 72726172 2436528 74023788    0    0  7200 419216 289953 1378150 80 20  0  0  0  0
422  0  66112 72710432 2436528 74023808    0    0  5872 664708 296452 1399515 80 20  1  0  0  0
388  0  66112 72711588 2436528 74023824    0    0  6864 504148 286380 1381276 80 19  0  0  0  0
procs -----------memory---------- ---swap-- -----io---- -system-- -------cpu-------
 r  b   swpd   free   buff  cache   si   so    bi    bo   in   cs us sy id wa st gu
375  0  66112 72714224 2436528 74023836    0    0  6736 645668 289657 1399211 80 20  1  0  0  0
301  1  66112 72734572 2436532 74023852    0    0  7200 518972 275258 1388732 80 19  0  0  0  0
286  0  66112 72719116 2436532 74023868    0    0  6784 644512 282963 1391576 79 19  1  0  0  0
368  0  66112 72712800 2436532 74023876    0    0  5664 554848 281081 1398287 80 20  0  0  0  0
276  0  66112 72714388 2436532 74023888    0    0  6800 536336 286474 1384227 80 20  1  0  0  0
368  0  66112 72695564 2436540 74023900    0    0  6608 576296 280616 1381596 80 20  1  0  0  0
305  0  66112 72705492 2436540 74023924    0    0  6608 562280 287121 1378835 79 19  2  0  0  0
333  0  66112 72711464 2436540 74023948    0    0  6896 420164 280334 1397663 80 19  0  0  0  0
238  1  66112 72717732 2436540 74023960    0    0  5376 594504 305474 1400547 80 20  0  0  0  0
305  2  66112 72710844 2436540 74023976    0    0  6720 646252 290739 1400715 80 20  0  0  0  0
345  0  66112 72731928 2436544 74023984    0    0  6352 538116 275013 1390679 80 20  1  0  0  0
270  0  66112 72712236 2436544 74024000    0    0  6896 598544 287675 1390631 80 20  0  0  0  0
322  0  66112 72700704 2436544 74024020    0    0  6848 563648 282851 1384739 80 20  1  0  0  0
361  0  66112 72715964 2436544 74024032    0    0  6176 545936 283245 1391702 80 19  1  0  0  0
400  2  66112 72713076 2436544 74024044    0    0  6944 541612 281078 1387855 80 20  0  0  0  0
305  0  66112 72711408 2436548 74024056    0    0  6416 565940 282357 1387982 80 20  0  0  0  0
274  0  66112 72709664 2436548 74024072    0    0  6800 569892 298851 1387847 80 19  0  0  0  0
327  0  66112 72710176 2436548 74024092    0    0  6864 474128 284530 1385589 80 19  1  0  0  0
327  0  66112 72710540 2436548 74024100    0    0  4656 596436 354873 1400391 81 19  0  0  0  0
295  0  66112 72688968 2436548 74024120    0    0  6240 544976 295109 1407637 80 20  0  0  0  0
380  0  66112 72677312 2436548 74024128    0    0  6704 618516 291872 1398498 80 20  0  0  0  0
procs -----------memory---------- ---swap-- -----io---- -system-- -------cpu-------
 r  b   swpd   free   buff  cache   si   so    bi    bo   in   cs us sy id wa st gu
405  1  66112 72690272 2436548 74024140    0    0  7808 625408 287882 1404811 80 20  1  0  0  0
384  0  66112 72698876 2436548 74024156    0    0  7040 570792 279024 1381486 80 20  1  0  0  0
275  1  66112 72701136 2436548 74024172    0    0  5232 565508 284553 1386360 79 20  1  0  0  0
359  2  66112 72704756 2436548 74024188    0    0  6544 469472 276560 1370184 80 20  0  0  0  0
230  3  66112 72688820 2436548 74024200    0    0  8480 553220 278723 1392814 80 19  1  0  0  0
127  3  66112 72685080 2436548 74024212    0    0  6912 669848 364957 1378178 79 20  1  0  0  0
95  4  66112 72683316 2436548 74024224    0    0  7360 518884 284019 1386724 80 20  1  0  0  0
234  1  66112 72685064 2436548 74024248    0    0  5488 633336 280009 1356683 79 20  1  0  0  0
366  2  66112 72700476 2436548 74024268    0    0  7840 461924 286002 1391332 80 20  0  0  0  0
245  0  66112 72711728 2436552 74024280    0    0  6688 680616 290372 1399491 80 20  1  0  0  0
322  0  66112 72715128 2436556 74024292    0    0  6224 565368 282589 1381507 80 20  1  0  0  0
328  0  66112 72717612 2436556 74024312    0    0  6688 565792 294375 1397748 79 20  1  0  0  0
301  1  66112 72691596 2436556 74024328    0    0  6192 423252 278925 1375377 80 19  0  0  0  0
305  0  66112 72686464 2436556 74024340    0    0  6336 714200 276962 1376849 80 19  1  0  0  0
375  0  66112 72696096 2436556 74024352    0    0  6336 522040 285346 1396159 80 20  0  0  0  0
334  0  66112 72712216 2436556 74024364    0    0  7936 610224 286509 1396289 80 19  0  0  0  0
303  0  66112 72709616 2436556 74024384    0    0  6736 546244 300360 1391279 80 20  0  0  0  0
315  2  66112 72702060 2436556 74024396    0    0  7104 481720 284310 1399859 80 19  0  0  0  0
320  1  66112 72689148 2436556 74024412    0    0  7296 590892 293370 1410601 80 20  0  0  0  0
208  0  66112 72683188 2436556 74024428    0    0  6624 646756 321825 1402264 80 19  1  0  0  0
400  0  66112 72667896 2436556 74024436    0    0  6624 450920 289907 1412592 81 19  0  0  0  0
procs -----------memory---------- ---swap-- -----io---- -system-- -------cpu-------
 r  b   swpd   free   buff  cache   si   so    bi    bo   in   cs us sy id wa st gu
346  1  66112 72690920 2436556 74024444    0    0  5904 659220 283041 1396610 80 20  0  0  0  0
451  0  66112 72680164 2436556 74024464    0    0  7024 597404 284358 1394905 80 20  1  0  0  0
295  1  66112 72692224 2436556 74024476    0    0  6608 517564 282358 1386909 80 19  0  0  0  0
260  1  66112 72675124 2436556 74024488    0    0  6992 489176 279865 1405092 81 19  0  0  0  0
334  0  66112 72691468 2436556 74024500    0    0  6816 697404 288206 1405009 79 20  1  0  0  0
300  0  66112 72673268 2436556 74024516    0    0  6208 568764 298894 1401262 80 20  0  0  0  0
339  0  66112 72686456 2436556 74024544    0    0  7728 574140 283932 1371524 79 20  1  0  0  0
354  0  66112 72699372 2436556 74024556    0    0  7024 568796 285927 1394679 80 20  1  0  0  0
333  0  66112 72693880 2436556 74024568    0    0  7264 385844 310305 1390793 81 19  0  0  0  0
371  0  66112 72680108 2436556 74024580    0    0  6688 668736 296926 1401559 80 20  0  0  0  0
400  0  66112 72668568 2436556 74024592    0    0  5600 563140 287238 1408258 80 20  0  0  0  0
324  0  66112 72658636 2436556 74024608    0    0  7184 646860 288394 1390773 80 20  0  0  0  0
354  0  66112 72672532 2436556 74024628    0    0  7488 579616 286311 1414916 80 20  0  0  0  0
329  0  66112 72673292 2436556 74024704    0    0  6704 507692 283897 1387317 80 20  0  0  0  0
371  0  66112 72684992 2436556 74024720    0    0  6512 593864 286251 1385254 80 19  0  0  0  0
443  0  66112 72683544 2436556 74024732    0    0  5056 557120 285222 1410812 80 19  0  0  0  0
372  0  66112 72673768 2436556 74024756    0    0  7024 630648 303909 1389147 80 20  0  0  0  0
344  0  66112 72678168 2436556 74024772    0    0  7424 549184 285849 1391429 80 20  1  0  0  0
435  1  66112 72674636 2436556 74024784    0    0  6784 593148 278710 1389907 80 20  0  0  0  0
316  0  66112 72693548 2436556 74024800    0    0  7296 569000 297493 1385634 79 20  1  0  0  0
323  0  66112 72695560 2436556 74024816    0    0  6752 572088 282137 1387799 80 19  1  0  0  0
procs -----------memory---------- ---swap-- -----io---- -system-- -------cpu-------
 r  b   swpd   free   buff  cache   si   so    bi    bo   in   cs us sy id wa st gu
375  0  66112 72685064 2436556 74024828    0    0  7760 571552 338980 1384513 79 20  1  0  0  0
375  0  66112 72688468 2436556 74024848    0    0  7504 567760 286504 1378546 80 19  1  0  0  0
278  0  66112 72675872 2436556 74024856    0    0  7104 547100 288619 1421408 81 19  0  0  0  0
273  0  66112 72678288 2436556 74024864    0    0  6160 589824 286437 1401724 80 19  1  0  0  0
416  0  66112 72677540 2436556 74024880    0    0  6432 570808 279530 1376838 80 20  1  0  0  0
403  0  66112 72668764 2436556 74024892    0    0  6336 567716 283406 1399892 80 20  0  0  0  0
325  0  66112 72674088 2436556 74024916    0    0  7120 562416 297625 1397788 79 20  1  0  0  0
185  0  66112 72677468 2436556 74024928    0    0  7120 566924 285976 1384802 80 20  1  0  0  0
208  0  66112 72671696 2436556 74024940    0    0  6144 570668 284691 1401521 80 19  0  0  0  0
309  1  66112 72667956 2436556 74024948    0    0  8400 489572 282453 1400959 80 19  0  0  0  0
372  0  66112 72670628 2436556 74024960    0    0  6608 650004 283813 1385213 80 19  0  0  0  0
384  0  66112 72662652 2436560 74024976    0    0  7424 566904 287841 1395762 80 20  0  0  0  0
367  0  66112 72670464 2436560 74024992    0    0  6880 563876 285050 1387910 80 20  1  0  0  0
190  0  66112 72649480 2436560 74025004    0    0  6304 565840 285757 1399069 80 19  0  0  0  0
406  0  66112 72660576 2436560 74025020    0    0  6512 473344 282658 1392096 80 20  0  0  0  0
307  0  66112 72667780 2436560 74025040    0    0  7200 660304 288586 1383162 80 20  1  0  0  0
349  0  66112 72673372 2436560 74025056    0    0  7488 566180 293163 1408093 80 19  1  0  0  0
300  0  66112 72658796 2436560 74025072    0    0  6224 567544 284702 1409517 80 20  1  0  0  0
322  1  66112 72652596 2436560 74025084    0    0  7008 556212 287167 1400140 80 20  0  0  0  0
445  1  66112 72645784 2436560 74025096    0    0  7808 592136 283473 1388589 80 20  0  0  0  0
314  1  66112 72636016 2436560 74025108    0    0  6480 591832 285842 1390144 80 19  0  0  0  0
procs -----------memory---------- ---swap-- -----io---- -system-- -------cpu-------
 r  b   swpd   free   buff  cache   si   so    bi    bo   in   cs us sy id wa st gu
195  2  66112 72643396 2436560 74025128    0    0  7072 534828 283311 1373179 80 20  1  0  0  0
359  2  66112 72661772 2436560 74025140    0    0  6816 621736 283437 1388702 80 20  1  0  0  0
340  0  66112 72662132 2436560 74025160    0    0  7424 590748 286332 1388915 80 20  1  0  0  0
379  0  66112 72666460 2436560 74025172    0    0  7120 576652 282408 1365310 79 19  2  0  0  0
213  0  66112 72643844 2436560 74025180    0    0  6624 577296 291236 1390412 80 19  1  0  0  0
360  0  66112 72639488 2436560 74025192    0    0  6976 571600 287238 1397885 80 20  1  0  0  0
522  0  66112 72635796 2436560 74025212    0    0  6048 572040 298214 1391142 79 20  1  0  0  0
371  0  66112 72639988 2436560 74025228    0    0  8144 571988 283251 1371366 80 20  1  0  0  0
329  0  66112 72652276 2436560 74025244    0    0  7328 570508 283719 1402368 80 19  0  0  0  0
378  0  66112 72657504 2436560 74025256    0    0  6400 565480 287495 1406765 80 20  0  0  0  0
530  0  66112 72637264 2436560 74025268    0    0  5888 565388 281675 1400925 81 19  0  0  0  0
327  0  66112 72642288 2436560 74025288    0    0  6272 563080 290137 1399404 80 19  0  0  0  0
223  0  66112 72644652 2436560 74025300    0    0  8320 563420 276070 1386634 80 19  1  0  0  0
398  0  66112 72628092 2436560 74025316    0    0  7472 567208 277468 1378774 80 19  0  0  0  0
211  0  66112 72633200 2436560 74025332    0    0  7552 561292 302317 1407414 80 19  0  0  0  0
324  0  66112 72650872 2436560 74025344    0    0  6128 562972 282336 1382503 79 20  1  0  0  0
333  0  66112 72652724 2436560 74025360    0    0  7472 559260 284154 1394916 80 20  1  0  0  0
229  0  66112 72638864 2436560 74025376    0    0  6512 561380 286697 1386484 80 20  0  0  0  0
305  0  66112 72634432 2436560 74025388    0    0  7296 563240 285035 1387187 80 19  0  0  0  0
311  0  66112 72633228 2436560 74025400    0    0  7520 565988 280429 1385518 80 20  1  0  0  0
294  0  66112 72641292 2436560 74025412    0    0  5296 558380 286017 1392146 80 20  1  0  0  0
procs -----------memory---------- ---swap-- -----io---- -system-- -------cpu-------
 r  b   swpd   free   buff  cache   si   so    bi    bo   in   cs us sy id wa st gu
299  0  66112 72626016 2436560 74025432    0    0  7632 563364 285004 1383641 80 20  0  0  0  0
269  0  66112 72636492 2436560 74025448    0    0  7280 565248 282043 1379587 80 19  1  0  0  0
287  1  66112 72626404 2436560 74025456    0    0  6192 563532 302045 1380911 80 20  1  0  0  0
365  0  66112 72628196 2436560 74025472    0    0  5840 565184 290542 1389788 80 19  0  0  0  0
301  0  66112 72626916 2436560 74025488    0    0  5680 564000 287302 1403531 80 19  0  0  0  0
331  0  66112 72626744 2436560 74025508    0    0  6784 560896 290913 1423483 81 19  0  0  0  0
210  0  66112 72626192 2436560 74025516    0    0  7008 565260 290027 1402394 80 19  1  0  0  0
261  0  66112 72626888 2436560 74025524    0    0  8368 566256 282364 1390820 80 20  0  0  0  0
392  0  66112 72632840 2436560 74025540    0    0  6336 564756 284678 1405570 80 20  1  0  0  0
382  0  66112 72621812 2436564 74025548    0    0  5136 581364 282876 1404473 80 19  0  0  0  0
139  0  66112 72646184 2436564 74025632    0    0  6816 566628 295877 1383435 80 19  0  0  0  0
342  0  66112 72620732 2436564 74025644    0    0  6992 563956 287585 1400142 80 19  0  0  0  0
395  0  66112 72627056 2436564 74025660    0    0  8288 563916 312543 1397915 80 19  0  0  0  0
323  0  66112 72643780 2436564 74025680    0    0  5744 564140 294092 1389327 80 20  0  0  0  0
362  0  66112 72617100 2436564 74025692    0    0  6384 562044 300400 1395711 80 20  1  0  0  0
325  0  66112 72614204 2436564 74025704    0    0  7376 568208 285635 1381281 79 19  2  0  0  0
385  1  66112 72616240 2436564 74025724    0    0  6352 566228 294915 1384634 80 20  1  0  0  0
305  1  66112 72628852 2436564 74025736    0    0  7072 566040 283881 1397354 79 20  1  0  0  0
365  0  66112 72627348 2436564 74025760    0    0  5648 563156 283080 1403034 80 19  0  0  0  0
286  0  66112 72634652 2436564 74025768    0    0  5056 564732 282217 1404746 80 19  0  0  0  0
280  0  66112 72614980 2436564 74025780    0    0  9264 565572 283187 1394939 80 19  1  0  0  0
procs -----------memory---------- ---swap-- -----io---- -system-- -------cpu-------
 r  b   swpd   free   buff  cache   si   so    bi    bo   in   cs us sy id wa st gu
325  0  66112 72607780 2436564 74025796    0    0  7072 567208 284157 1387198 80 19  0  0  0  0
335  0  66112 72617504 2436564 74025816    0    0  6624 565016 301481 1401292 80 19  1  0  0  0
366  0  66112 72613464 2436564 74025832    0    0  5360 563844 281115 1387073 80 19  1  0  0  0
341  0  66112 72618364 2436568 74025840    0    0  7488 564960 293915 1372792 80 20  1  0  0  0
272  0  66112 72626836 2436568 74025856    0    0  6544 568320 284305 1377222 80 20  1  0  0  0
285  0  66112 72635344 2436568 74025872    0    0  7312 567988 281992 1401173 80 19  0  0  0  0
355  0  66112 72622064 2436568 74025888    0    0  7232 566660 291203 1383821 80 19  1  0  0  0
289  0  66112 72608960 2436568 74025900    0    0  7104 566000 286400 1399199 80 19  1  0  0  0
263  0  66112 72604932 2436568 74025908    0    0  6768 564964 284732 1396687 80 20  1  0  0  0
317  0  66112 72602404 2436568 74025920    0    0  6608 567404 297779 1385305 80 19  1  0  0  0
327  0  66112 72617156 2436568 74025936    0    0  6560 567320 283962 1380097 80 20  1  0  0  0
318  0  66112 72629368 2436568 74025956    0    0  6816 565988 295344 1393131 80 19  0  0  0  0
376  0  66112 72618020 2436568 74025968    0    0  4992 566396 282685 1381824 80 19  0  0  0  0
392  0  66112 72597168 2436568 74025984    0    0  8912 565728 295350 1389112 80 19  1  0  0  0
313  1  66112 72585484 2436568 74025996    0    0  6752 584292 282122 1391165 80 19  0  0  0  0
309  0  66112 72584480 2436568 74026012    0    0  6752 568932 289717 1392341 80 19  0  0  0  0
364  0  66112 72605548 2436568 74026028    0    0  6880 566496 288794 1394818 80 20  0  0  0  0
245  1  66112 72626788 2436568 74026040    0    0  5088 566336 288008 1399124 80 19  0  0  0  0
253  0  66112 72637924 2436568 74026056    0    0  7312 570988 281332 1394112 80 20  1  0  0  0
370  0  66112 72612772 2436568 74026068    0    0  6752 569524 285752 1397896 80 19  0  0  0  0
390  0  66112 72597104 2436568 74026080    0    0  7264 571560 290903 1401657 80 20  0  0  0  0
procs -----------memory---------- ---swap-- -----io---- -system-- -------cpu-------
 r  b   swpd   free   buff  cache   si   so    bi    bo   in   cs us sy id wa st gu
364  0  66112 72594924 2436568 74026108    0    0  6688 564996 298391 1419908 80 19  0  0  0  0
361  0  66112 72605156 2436568 74026128    0    0  7056 567596 284941 1388825 80 19  1  0  0  0
297  1  66112 72613736 2436568 74026128    0    0  7792 572484 287046 1371945 80 20  1  0  0  0
286  1  66112 72621396 2436568 74026144    0    0  7600 569340 284380 1389587 80 20  0  0  0  0
400  0  66112 72602056 2436568 74026164    0    0  8560 570964 280837 1389325 80 19  0  0  0  0
364  0  66112 72600780 2436568 74026176    0    0  5648 569256 286035 1402203 80 20  0  0  0  0
353  1  66112 72600388 2436568 74026188    0    0  7936 569012 283465 1375252 80 19  1  0  0  0
267  0  66112 72599388 2436568 74026208    0    0  7600 573836 282040 1374952 79 20  1  0  0  0
370  0  66112 72597800 2436568 74026224    0    0  5984 573480 300991 1390690 80 20  0  0  0  0
321  0  66112 72612308 2436568 74026236    0    0  7392 571196 291732 1402090 80 19  0  0  0  0
371  0  66112 72595900 2436568 74026256    0    0  6384 567012 287629 1392571 80 19  0  0  0  0
416  0  66112 72577696 2436568 74026268    0    0  6832 568052 276827 1389882 80 19  0  0  0  0
323  0  66112 72584192 2436568 74026280    0    0  6800 568868 287675 1399851 80 19  0  0  0  0
157  0  66112 72585960 2436568 74026292    0    0  6624 567560 287194 1393708 80 19  0  0  0  0
251  0  66112 72590620 2436568 74026308    0    0  6656 570716 282190 1403500 80 20  1  0  0  0
254  1  66112 72610692 2436568 74026324    0    0  7024 568864 281337 1370692 80 20  1  0  0  0
346  0  66112 72610268 2436568 74026340    0    0  7264 572912 289588 1397075 80 20  0  0  0  0
246  0  66112 72590776 2436568 74026352    0    0  7088 569168 289420 1414556 80 20  0  0  0  0
209  0  66112 72588744 2436568 74026364    0    0  6848 569900 289320 1393177 80 20  0  0  0  0
369  0  66112 72598220 2436568 74026380    0    0  7824 566236 286290 1390056 80 20  1  0  0  0
261  0  66112 72587724 2436568 74026412    0    0  6544 566424 281990 1396285 80 20  0  0  0  0
procs -----------memory---------- ---swap-- -----io---- -system-- -------cpu-------
 r  b   swpd   free   buff  cache   si   so    bi    bo   in   cs us sy id wa st gu
313  0  66112 72600908 2436568 74026420    0    0  7024 566756 286592 1399917 80 20  0  0  0  0
206  0  66112 72600900 2436568 74026432    0    0  8352 571980 285536 1388346 80 19  1  0  0  0
313  0  66112 72589968 2436568 74026448    0    0  6752 583224 285908 1380146 80 20  0  0  0  0
342  1  66112 72597164 2436568 74026456    0    0  5136 571352 282456 1394313 80 20  1  0  0  0
331  0  66112 72593208 2436568 74026476    0    0  6192 570888 281709 1379274 80 20  0  0  0  0
217  1  66112 72588024 2436568 74026492    0    0  6048 572488 287584 1399559 80 20  1  0  0  0
353  0  66112 72593988 2436568 74026504    0    0  6512 575384 289175 1373784 80 19  1  0  0  0
342  0  66112 72604016 2436568 74026584    0    0  6544 580124 283543 1382906 79 20  1  0  0  0
346  0  66112 72607316 2436568 74026600    0    0  5744 580952 278720 1387898 80 20  0  0  0  0
254  0  66112 72600080 2436568 74026608    0    0  7344 584480 277133 1382347 80 19  1  0  0  0
262  1  66112 72601100 2436568 74026632    0    0  6176 580504 285125 1407725 80 20  1  0  0  0
293  1  66112 72575868 2436568 74026644    0    0  6240 580008 290301 1399753 80 19  0  0  0  0
344  0  66112 72580992 2436568 74026652    0    0  6336 578040 283606 1400229 81 19  0  0  0  0
266  0  66112 72589832 2436568 74026668    0    0  5504 574400 296775 1408322 81 19  0  0  0  0
246  0  66112 72594016 2436568 74026688    0    0  6960 571040 289487 1409582 80 20  0  0  0  0
356  0  66112 72586748 2436568 74026696    0    0  6752 576208 282999 1378568 80 20  1  0  0  0
354  0  66112 72584496 2436568 74026716    0    0  6368 571256 295588 1396211 80 20  1  0  0  0
388  0  66112 72580160 2436568 74026732    0    0  7392 569240 289682 1397811 80 20  1  0  0  0
355  0  66112 72582276 2436568 74026740    0    0  5088 569188 285974 1403817 80 20  1  0  0  0
95  0  66112 72590140 2436568 74026760    0    0  6752 570324 274951 1388617 80 19  1  0  0  0
293  0  66112 72613372 2436568 74026780    0    0  6720 571292 282506 1369047 80 19  1  0  0  0
procs -----------memory---------- ---swap-- -----io---- -system-- -------cpu-------
 r  b   swpd   free   buff  cache   si   so    bi    bo   in   cs us sy id wa st gu
350  0  66112 72587680 2436568 74026792    0    0  6000 570480 284569 1393929 80 20  1  0  0  0
250  0  66112 72577272 2436568 74026808    0    0  7056 564888 278626 1394622 80 19  1  0  0  0
255  0  66112 72569776 2436568 74026820    0    0  5488 565396 279054 1403521 80 19  0  0  0  0
274  0  66112 72577744 2436568 74026836    0    0  7376 565436 287182 1404523 80 20  0  0  0  0
273  0  66112 72573008 2436568 74026848    0    0  6608 569248 280834 1388663 80 19  1  0  0  0
336  0  66112 72573148 2436568 74026864    0    0  7424 566328 287867 1402492 79 20  1  0  0  0
344  0  66112 72588732 2436568 74026876    0    0  7808 564568 278708 1392214 80 19  0  0  0  0
260  0  66112 72596988 2436568 74026888    0    0  4992 565612 285641 1400467 80 20  0  0  0  0
205  0  66112 72600868 2436568 74026908    0    0  6688 566900 279724 1374804 80 20  1  0  0  0
308  0  66112 72587644 2436568 74026920    0    0  6688 585340 283769 1394673 80 20  0  0  0  0
413  0  66112 72588620 2436568 74026936    0    0  7520 566064 289370 1386460 79 20  1  0  0  0
337  0  66112 72590272 2436568 74026964    0    0  6160 562088 282420 1408123 80 20  1  0  0  0
255  0  66112 72583440 2436568 74026968    0    0  5328 567420 279948 1386439 80 19  1  0  0  0
333  0  66112 72582688 2436568 74026980    0    0  7168 569320 285025 1390419 81 19  0  0  0  0
285  0  66112 72573684 2436568 74026996    0    0  6576 565940 287060 1397276 80 20  1  0  0  0
200  0  66112 72577052 2436568 74027008    0    0  6960 566440 283761 1393101 80 19  0  0  0  0
199  0  66112 72584880 2436568 74027028    0    0  6688 562460 285422 1399693 80 20  0  0  0  0
285  0  66112 72571128 2436568 74027048    0    0  5664 570668 282192 1392328 80 19  1  0  0  0
300  0  66112 72568832 2436568 74027064    0    0  6336 566928 283330 1398268 80 19  0  0  0  0
337  0  66112 72565852 2436568 74027080    0    0  6800 565476 287539 1413773 80 20  0  0  0  0
312  0  66112 72575228 2436568 74027100    0    0  6832 567384 282894 1373636 80 20  1  0  0  0
procs -----------memory---------- ---swap-- -----io---- -system-- -------cpu-------
 r  b   swpd   free   buff  cache   si   so    bi    bo   in   cs us sy id wa st gu
343  0  66112 72570288 2436568 74027108    0    0  6976 562280 290015 1414648 80 19  0  0  0  0
330  0  66112 72569404 2436568 74027120    0    0  6736 567812 289096 1390582 80 19  0  0  0  0
374  0  66112 72579132 2436568 74027136    0    0  6064 566880 281742 1396125 80 20  0  0  0  0
376  0  66112 72583300 2436568 74027148    0    0  6480 568972 283997 1394189 80 20  0  0  0  0
279  0  66112 72578324 2436568 74027164    0    0  6672 563764 287265 1404282 80 19  0  0  0  0
456  0  66112 72581828 2436568 74027180    0    0  6048 570368 280661 1383505 80 19  1  0  0  0
221  0  66112 72605628 2436568 74027196    0    0  5264 569012 288459 1399996 79 20  1  0  0  0
266  0  66112 72584852 2436568 74027216    0    0  6944 570824 281047 1390778 80 20  1  0  0  0
375  0  66112 72599048 2436568 74027228    0    0  6496 567456 287007 1385272 79 20  1  0  0  0
413  0  66112 72583424 2436568 74027244    0    0  8368 563376 293242 1377199 79 20  1  0  0  0
340  0  66112 72596372 2436568 74027256    0    0  7376 563912 282664 1391823 80 19  1  0  0  0
397  0  66112 72588844 2436568 74027268    0    0  5232 569016 295482 1402911 80 20  0  0  0  0
204  0  66112 72586176 2436568 74027280    0    0  6832 569200 283330 1394187 80 19  0  0  0  0
248  0  66112 72578984 2436568 74027296    0    0  6944 567308 283894 1378745 80 20  1  0  0  0
351  0  66112 72570680 2436568 74027312    0    0  7616 568808 282366 1405101 80 19  1  0  0  0
203  0  66112 72573192 2436568 74027324    0    0  6848 583920 280721 1395310 80 19  1  0  0  0
237  0  66112 72559636 2436568 74027340    0    0  4656 573012 285549 1395200 80 19  0  0  0  0
254  0  66112 72566460 2436568 74027356    0    0  6880 570740 284488 1393374 80 20  0  0  0  0
314  0  66112 72570132 2436568 74027368    0    0  7072 565980 290782 1407416 80 20  0  0  0  0
276  0  66112 72569180 2436576 74027384    0    0  6256 565072 281366 1389412 80 20  1  0  0  0
296  0  66112 72575556 2436576 74027396    0    0  7040 569004 287060 1391095 80 20  1  0  0  0
procs -----------memory---------- ---swap-- -----io---- -system-- -------cpu-------
 r  b   swpd   free   buff  cache   si   so    bi    bo   in   cs us sy id wa st gu
355  1  66112 72579148 2436576 74027408    0    0  5504 570336 276709 1404496 80 19  0  0  0  0
375  0  66112 72563952 2436576 74027428    0    0  7168 567988 289124 1392961 80 20  1  0  0  0
436  0  66112 72574032 2436576 74027444    0    0  6944 563740 279969 1396575 80 19  1  0  0  0
271  0  66112 72565192 2436576 74027524    0    0  8144 567344 282085 1386653 80 20  1  0  0  0
374  0  66112 72564060 2436576 74027544    0    0  6416 567112 293163 1400879 80 20  0  0  0  0
272  0  66112 72579104 2436576 74027556    0    0  4640 570548 289213 1405970 80 20  1  0  0  0
372  0  66112 72593152 2436576 74027568    0    0  7184 569700 287697 1377028 79 20  1  0  0  0
351  1  66112 72578864 2436576 74027584    0    0  7552 569704 285037 1378952 79 20  1  0  0  0
314  0  66112 72578684 2436576 74027600    0    0  6592 568496 335842 1404213 80 20  1  0  0  0
308  0  66112 72581088 2436576 74027616    0    0  6992 570564 290288 1375415 80 20  1  0  0  0
344  0  66112 72551404 2436576 74027628    0    0  5120 572144 287435 1396704 80 19  1  0  0  0
332  0  66112 72565088 2436576 74027640    0    0  7472 567396 286400 1394783 80 20  1  0  0  0
372  0  66112 72595360 2436576 74027660    0    0  6752 566472 287859 1401358 80 20  0  0  0  0
300  1  66112 72588640 2436580 74027680    0    0  7152 569584 278085 1388537 80 19  1  0  0  0
359  0  66112 72580688 2436580 74027696    0    0  6800 568840 290232 1385397 79 20  1  0  0  0
207  0  66112 72577728 2436580 74027712    0    0  6448 574040 281007 1384671 80 19  1  0  0  0
393  0  66112 72566796 2436580 74027720    0    0  6752 569072 284549 1389864 80 19  0  0  0  0
229  0  66112 72553508 2436580 74027728    0    0  6048 565804 284418 1402795 80 19  1  0  0  0
343  0  66112 72595284 2436580 74027752    0    0  7680 571100 283119 1358477 78 19  3  0  0  0
223  0  66112 72602920 2436580 74027768    0    0  6000 569860 287143 1404666 80 20  0  0  0  0
325  0  66112 72577892 2436580 74027780    0    0  7008 569760 283686 1397374 80 19  0  0  0  0
procs -----------memory---------- ---swap-- -----io---- -system-- -------cpu-------
 r  b   swpd   free   buff  cache   si   so    bi    bo   in   cs us sy id wa st gu
355  0  66112 72559508 2436580 74027796    0    0  6416 568988 281519 1382265 80 20  0  0  0  0
286  0  66112 72564308 2436580 74027812    0    0  6256 568836 285297 1395495 80 19  0  0  0  0
337  0  66112 72569564 2436580 74027824    0    0  7216 568768 286043 1397953 80 20  0  0  0  0
182  1  66112 72555908 2436580 74027848    0    0  5760 575092 282808 1412880 80 19  0  0  0  0
315  0  66112 72578272 2436580 74027856    0    0  6752 582288 284942 1392331 80 20  0  0  0  0
298  0  66112 72577448 2436580 74027868    0    0  5648 568296 287034 1403095 81 19  0  0  0  0
267  0  66112 72563252 2436580 74027880    0    0  6048 567972 286998 1386187 80 20  0  0  0  0
293  0  66112 72556140 2436580 74027892    0    0  6656 570100 278550 1386193 80 19  1  0  0  0
281  0  66112 72573164 2436580 74027912    0    0  6128 569188 283097 1391268 80 19  1  0  0  0
436  0  66112 72562256 2436580 74027972    0    0  5328 574284 280348 1368457 80 20  1  0  0  0
226  0  66112 72570872 2436580 74027980    0    0  6592 567772 282664 1384104 80 19  0  0  0  0
299  0  66112 72576576 2436580 74027996    0    0  6528 571336 283763 1393208 80 20  0  0  0  0
363  0  66112 72573352 2436580 74028008    0    0  7216 575184 287324 1389249 80 20  0  0  0  0
330  0  66112 72569940 2436580 74028032    0    0  6544 577416 280354 1387854 80 19  1  0  0  0
366  0  66112 72577208 2436580 74028048    0    0  5872 576432 283560 1386527 80 19  1  0  0  0
345  0  66112 72576016 2436580 74028060    0    0  7504 573604 282190 1398049 80 20  1  0  0  0
388  0  66112 72583092 2436580 74028076    0    0  6912 574204 284678 1375459 79 20  1  0  0  0
323  0  66112 72573996 2436580 74028092    0    0  6640 574024 283391 1380694 79 20  1  0  0  0
269  0  66112 72575680 2436580 74028108    0    0  6944 575256 303889 1390888 80 19  1  0  0  0
305  0  66112 72551680 2436580 74028120    0    0  5296 579724 285024 1381182 80 19  1  0  0  0
401  0  66112 72574204 2436580 74028128    0    0  7088 576892 286489 1373052 80 20  1  0  0  0
procs -----------memory---------- ---swap-- -----io---- -system-- -------cpu-------
 r  b   swpd   free   buff  cache   si   so    bi    bo   in   cs us sy id wa st gu
321  0  66112 72574176 2436580 74028144    0    0  7280 576676 274903 1378638 80 20  0  0  0  0
407  0  66112 72566692 2436584 74028160    0    0  6320 577064 281131 1388606 80 19  1  0  0  0
239  1  66112 72577460 2436584 74028176    0    0  7184 571856 285205 1406480 80 19  0  0  0  0
242  0  66112 72579292 2436584 74028192    0    0  5888 574388 286200 1399707 80 20  1  0  0  0
277  0  66112 72544152 2436584 74028208    0    0  7472 573920 282377 1393689 80 20  0  0  0  0
410  0  66112 72543144 2436584 74028220    0    0  6192 569716 284455 1408481 80 19  0  0  0  0
226  0  66112 72575984 2436588 74028228    0    0  7056 573580 289027 1392207 80 19  1  0  0  0
263  0  66112 72578932 2436588 74028248    0    0  6496 570744 286428 1403121 80 19  1  0  0  0
387  0  66112 72571720 2436588 74028260    0    0  6736 572540 285932 1391667 80 19  0  0  0  0
349  0  66112 72576920 2436588 74028272    0    0  6864 568996 284968 1394829 80 20  0  0  0  0
373  0  66112 72574120 2436588 74028288    0    0  6400 565548 285285 1392891 80 19  0  0  0  0
362  0  66112 72564100 2436588 74028304    0    0  6544 584448 284782 1399218 80 20  1  0  0  0
336  0  66112 72577068 2436588 74028324    0    0  6512 571400 288542 1391285 80 20  0  0  0  0
357  0  66112 72564776 2436588 74028336    0    0  7296 572172 283637 1381031 80 20  1  0  0  0
308  0  66112 72573644 2436588 74028352    0    0  5760 565776 313030 1371799 80 20  0  0  0  0
382  0  66112 72558720 2436588 74028364    0    0  6464 566608 285144 1403022 80 19  0  0  0  0
365  0  66112 72566640 2436592 74028372    0    0  6992 568560 290718 1399690 80 19  0  0  0  0
412  0  66112 72564844 2436592 74028388    0    0  6176 568584 287553 1403873 80 19  0  0  0  0
369  0  66112 72560928 2436592 74028404    0    0  6544 568512 285992 1396970 80 20  1  0  0  0
443  0  66112 72549820 2436592 74028424    0    0  6272 563780 299768 1401741 80 20  0  0  0  0
277  1  66112 72561012 2436592 74028436    0    0  6480 566500 293094 1417125 80 20  0  0  0  0
procs -----------memory---------- ---swap-- -----io---- -system-- -------cpu-------
 r  b   swpd   free   buff  cache   si   so    bi    bo   in   cs us sy id wa st gu
297  0  66112 72563248 2436592 74028544    0    0  6688 572424 287813 1394254 80 19  0  0  0  0
319  0  66112 72557720 2436592 74028552    0    0  6576 567596 293316 1390525 80 19  1  0  0  0
249  0  66112 72563996 2436592 74028568    0    0  4992 569580 283648 1409865 80 20  1  0  0  0
246  1  66112 72569400 2436592 74028580    0    0  6704 565432 281506 1383268 80 19  1  0  0  0
320  0  66112 72548264 2436592 74028596    0    0  7712 563788 282409 1384424 80 20  0  0  0  0
365  0  66112 72583140 2436592 74028608    0    0  5968 567096 285861 1391003 80 19  0  0  0  0
329  0  66112 72575716 2436592 74028620    0    0  6160 566140 289134 1390528 80 20  1  0  0  0
230  0  66112 72565624 2436592 74028644    0    0  5184 569392 289254 1387266 79 20  1  0  0  0
403  0  66112 72564740 2436592 74028664    0    0  8112 565444 282590 1375545 79 20  1  0  0  0
475  0  66112 72552724 2436592 74028676    0    0  5600 567208 291040 1392171 80 20  0  0  0  0
288  1  66112 72547520 2436592 74028692    0    0  6928 568184 286385 1394736 80 20  1  0  0  0
224  0  66112 72566768 2436592 74028704    0    0  6192 569224 286532 1395224 79 20  1  0  0  0
438  0  66112 72572548 2436592 74028720    0    0  5584 572016 284123 1382155 80 20  1  0  0  0
347  0  66112 72553916 2436592 74028736    0    0  6832 569016 281027 1379156 80 19  1  0  0  0
325  0  66112 72543260 2436592 74028752    0    0  6800 565944 276721 1373913 80 19  1  0  0  0
320  1  66112 72547700 2436592 74028764    0    0  6256 568168 287040 1419814 80 20  0  0  0  0
373  0  66112 72547800 2436592 74028776    0    0  6800 569772 280295 1395353 80 20  0  0  0  0
328  0  66112 72555932 2436592 74028796    0    0  6640 567932 282655 1402353 80 20  1  0  0  0
305  1  66112 72557064 2436592 74028808    0    0  6992 582040 287964 1392014 80 20  0  0  0  0
399  0  66112 72557172 2436592 74028824    0    0  5360 566068 287789 1400420 79 20  1  0  0  0
277  0  66112 72562096 2436596 74028832    0    0  6560 569812 289753 1389045 80 20  0  0  0  0
procs -----------memory---------- ---swap-- -----io---- -system-- -------cpu-------
 r  b   swpd   free   buff  cache   si   so    bi    bo   in   cs us sy id wa st gu
292  0  66112 72552388 2436596 74028852    0    0  7264 569768 279877 1367745 80 19  1  0  0  0
336  0  66112 72561564 2436596 74028868    0    0  5872 568924 287568 1377419 80 19  0  0  0  0
374  0  66112 72550516 2436596 74028880    0    0  7424 566952 280138 1390971 80 19  1  0  0  0
330  0  66112 72566524 2436596 74028888    0    0  7728 564660 288244 1388162 80 20  1  0  0  0
345  0  66112 72564740 2436596 74028904    0    0  5888 569484 285469 1388189 79 20  1  0  0  0
341  0  66112 72536744 2436596 74028916    0    0  6864 565756 290229 1417848 80 20  0  0  0  0
328  0  66112 72530972 2436596 74028932    0    0  5968 568504 289968 1405594 80 20  0  0  0  0
225  1  66112 72568412 2436596 74028944    0    0  6784 564192 295236 1400053 80 20  0  0  0  0
324  0  66112 72567652 2436596 74028968    0    0  6336 565556 285059 1397517 80 19  0  0  0  0
212  0  66112 72565008 2436596 74028980    0    0  7120 571152 281376 1389893 80 20  0  0  0  0
358  0  66112 72549600 2436596 74028992    0    0  6224 569276 288154 1380622 80 19  0  0  0  0
275  0  66112 72552260 2436596 74029004    0    0  6512 569012 311109 1390075 80 20  1  0  0  0
370  0  66112 72556400 2436596 74029020    0    0  6384 566760 288106 1390688 80 20  0  0  0  0
237  0  66112 72558076 2436596 74029040    0    0  7424 572052 284363 1369389 80 20  1  0  0  0
296  0  66112 72552136 2436596 74029052    0    0  7392 571808 278414 1389359 80 19  1  0  0  0
261  0  66112 72571496 2436596 74029064    0    0  6112 572956 280767 1386143 80 20  0  0  0  0
324  0  66112 72560076 2436596 74029072    0    0  5552 571688 286335 1396069 80 20  1  0  0  0
317  0  66112 72553216 2436596 74029088    0    0  6944 569632 287180 1394506 80 19  0  0  0  0
273  0  66112 72554808 2436596 74029104    0    0  7824 570124 290606 1425922 80 19  0  0  0  0
366  0  66112 72554984 2436596 74029120    0    0  7600 571312 282668 1393737 80 19  1  0  0  0
315  0  66112 72560008 2436596 74029132    0    0  5104 571128 277767 1394383 80 19  1  0  0  0
procs -----------memory---------- ---swap-- -----io---- -system-- -------cpu-------
 r  b   swpd   free   buff  cache   si   so    bi    bo   in   cs us sy id wa st gu
331  0  66112 72545692 2436596 74029144    0    0  6816 567368 281614 1396503 80 20  0  0  0  0
262  0  66112 72542456 2436596 74029160    0    0  6912 568820 284937 1401014 80 20  0  0  0  0
285  0  66112 72526116 2436596 74029172    0    0  7632 571092 288560 1403156 80 20  0  0  0  0
380  0  66112 72538244 2436596 74029192    0    0  6208 588216 285407 1389727 80 19  1  0  0  0
362  1  66112 72571332 2436596 74029204    0    0  6512 571212 345685 1394490 80 19  0  0  0  0
313  0  66112 72562356 2436596 74029212    0    0  7040 567360 284120 1392650 80 19  1  0  0  0
344  1  66112 72546188 2436596 74029228    0    0  7280 566304 284164 1399135 81 19  0  0  0  0
252  0  66112 72543296 2436596 74029240    0    0  6816 573920 283804 1400431 81 19  0  0  0  0
347  0  66112 72532220 2436596 74029260    0    0  7232 568952 290310 1396547 80 19  0  0  0  0
301  0  66112 72537696 2436596 74029272    0    0  5264 585420 286187 1393154 80 20  1  0  0  0
414  0  66112 72553032 2436596 74029284    0    0  6688 555460 285662 1398771 80 20  0  0  0  0
290  2  66112 72545840 2436596 74029300    0    0  6656 581812 281510 1394597 80 19  1  0  0  0
299  0  66112 72553452 2436600 74029308    0    0  7504 558000 284547 1408522 80 19  1  0  0  0
259  0  66112 72536944 2436600 74029324    0    0  6160 578960 291220 1405100 80 19  0  0  0  0
325  0  66112 72530544 2436600 74029340    0    0  6896 556012 280922 1389149 80 19  1  0  0  0
305  0  66112 72540688 2436600 74029360    0    0  7792 576700 297433 1409396 80 19  0  0  0  0
332  0  66112 72539800 2436600 74029372    0    0  6912 578648 290600 1383951 80 20  1  0  0  0
120  1  66112 72558464 2436600 74029392    0    0  6864 574788 277709 1383815 80 20  1  0  0  0
351  0  66112 72546372 2436600 74029472    0    0  7792 561628 289706 1381823 79 20  1  0  0  0
355  1  66112 72551040 2436600 74029484    0    0  5328 566888 282819 1392737 80 19  1  0  0  0
371  0  66112 72545196 2436600 74029496    0    0  7424 584340 282557 1396873 80 20  1  0  0  0
procs -----------memory---------- ---swap-- -----io---- -system-- -------cpu-------
 r  b   swpd   free   buff  cache   si   so    bi    bo   in   cs us sy id wa st gu
358  0  66112 72551828 2436600 74029508    0    0  7872 552220 285295 1401473 80 19  1  0  0  0
288  0  66112 72535744 2436600 74029524    0    0  6848 596668 279685 1383880 80 19  1  0  0  0
338  2  66112 72556284 2436600 74029536    0    0  5952 561088 278331 1369400 79 20  1  0  0  0
272  0  66112 72554236 2436600 74029552    0    0  7456 570188 285393 1398055 79 19  1  0  0  0
380  0  66112 72550876 2436600 74029564    0    0  6400 599756 294629 1388795 80 19  0  0  0  0
412  0  66112 72560372 2436600 74029584    0    0  6992 568856 283520 1380266 79 20  1  0  0  0
340  0  66112 72549724 2436600 74029604    0    0  7504 556064 285449 1381104 80 19  1  0  0  0
281  3  66112 72534556 2436600 74029612    0    0  5424 581256 284444 1388496 80 19  1  0  0  0
346  0  66112 72559920 2436600 74029628    0    0  7744 600172 282740 1357393 78 20  2  0  0  0
312  1  66112 72547492 2436600 74029640    0    0  6880 577804 279507 1363086 80 20  1  0  0  0
292  0  66112 72573104 2436600 74029652    0    0  6800 616336 286155 1389510 79 20  1  0  0  0
135  1  66112 72567060 2436600 74029672    0    0  6240 559420 281152 1382611 80 20  1  0  0  0
372  0  66112 72551132 2436600 74029684    0    0  5792 565500 279001 1383675 79 20  2  0  0  0
416  0  66112 72547532 2436600 74029700    0    0  6512 611012 287666 1389192 80 20  1  0  0  0
368  0  66112 72551264 2436600 74029716    0    0  6656 530028 283492 1400381 79 20  1  0  0  0
190  0  66112 72560692 2436600 74029728    0    0  7312 596764 288482 1389678 80 19  1  0  0  0
431  1  66112 72552556 2436600 74029752    0    0  7072 542732 283490 1393758 80 19  1  0  0  0
276  0  66112 72553632 2436600 74029764    0    0  4736 576752 285167 1390626 80 20  0  0  0  0
371  0  66112 72564084 2436600 74029780    0    0  6720 607896 284465 1399046 80 19  1  0  0  0
214  0  66112 72547636 2436600 74029792    0    0  6448 535444 281787 1377605 80 19  1  0  0  0
248  0  66112 72550264 2436600 74029804    0    0  6640 554940 287298 1394078 80 20  1  0  0  0
procs -----------memory---------- ---swap-- -----io---- -system-- -------cpu-------
 r  b   swpd   free   buff  cache   si   so    bi    bo   in   cs us sy id wa st gu
326  0  66112 72553516 2436600 74029820    0    0  6160 563368 286732 1400826 80 19  0  0  0  0
335  0  66112 72550084 2436600 74029832    0    0  5424 629092 285693 1399102 80 20  1  0  0  0
366  0  66112 72534676 2436600 74029848    0    0  7408 545864 284826 1386030 80 20  0  0  0  0
298  1  66112 72539272 2436600 74029860    0    0  7296 572464 282693 1403113 80 20  0  0  0  0
403  0  66112 72537728 2436600 74029876    0    0  6336 557444 280254 1390509 81 19  0  0  0  0
351  2  66112 72544628 2436600 74029888    0    0  7552 571300 283537 1405141 80 19  0  0  0  0
276  1  66112 72547300 2436600 74029900    0    0  5984 585956 289059 1405899 80 19  0  0  0  0
256  0  66112 72530052 2436600 74029912    0    0  7328 578764 287276 1392368 80 19  1  0  0  0
339  0  66112 72513616 2436600 74029928    0    0  6640 588472 285361 1408548 80 19  1  0  0  0
254  2  66112 72540284 2436600 74029940    0    0  6768 532684 281325 1375990 80 19  1  0  0  0
416  0  66112 72544764 2436604 74029952    0    0  6608 621664 284942 1372317 80 20  1  0  0  0
353  0  66112 72529664 2436604 74029968    0    0  6080 521432 280276 1390227 80 20  1  0  0  0
389  0  66112 72523916 2436604 74029984    0    0  6624 601424 288051 1382399 79 20  1  0  0  0
291  0  66112 72533796 2436604 74030000    0    0  7200 553904 287933 1402551 80 19  0  0  0  0
290  1  66112 72548508 2436604 74030016    0    0  7056 577212 281341 1401037 80 20  0  0  0  0
400  0  66112 72554944 2436604 74030028    0    0  7200 577320 288218 1394808 80 20  0  0  0  0
376  1  66112 72541484 2436604 74030048    0    0  6448 574872 289421 1397043 80 19  0  0  0  0
386  0  66112 72535296 2436604 74030060    0    0  6400 576200 290027 1408047 80 19  0  0  0  0
366  0  66112 72527604 2436604 74030072    0    0  8768 567896 287262 1411975 80 20  1  0  0  0
369  0  66112 72528492 2436604 74030092    0    0  5616 542552 288091 1415374 80 19  0  0  0  0
471  0  66112 72531220 2436604 74030108    0    0  6896 571612 294918 1406433 80 20  0  0  0  0
procs -----------memory---------- ---swap-- -----io---- -system-- -------cpu-------
 r  b   swpd   free   buff  cache   si   so    bi    bo   in   cs us sy id wa st gu
402  0  66112 72538620 2436604 74030124    0    0  5472 618636 293284 1401884 80 20  0  0  0  0
271  0  66112 72540740 2436604 74030136    0    0  6480 584820 286275 1395532 80 20  0  0  0  0
296  0  66112 72535468 2436604 74030164    0    0  7712 553616 281240 1380372 80 20  1  0  0  0
321  1  66112 72540304 2436604 74030180    0    0  6304 518476 282211 1379175 80 19  1  0  0  0
380  0  66112 72542200 2436604 74030192    0    0  6544 618420 287443 1394636 80 20  1  0  0  0
389  0  66112 72533992 2436604 74030208    0    0  6240 544320 284482 1402564 81 19  0  0  0  0
317  0  66112 72523416 2436604 74030220    0    0  6336 616240 290160 1389227 80 20  0  0  0  0
367  0  66112 72530952 2436604 74030236    0    0  6848 541456 288362 1402628 80 20  0  0  0  0
318  1  66112 72546048 2436604 74030252    0    0  6928 563760 286626 1412667 80 19  0  0  0  0
306  0  66112 72533472 2436604 74030264    0    0  6512 652732 287783 1387092 80 20  1  0  0  0
355  0  66112 72534196 2436604 74030276    0    0  5760 507260 282013 1384962 80 19  1  0  0  0
425  1  66112 72522840 2436604 74030288    0    0  6848 588976 285150 1407510 80 20  0  0  0  0
372  2  66112 72532164 2436604 74030308    0    0  7408 554296 279197 1399466 80 19  0  0  0  0
369  2  66112 72528452 2436604 74030324    0    0  7200 577032 281752 1389991 80 19  0  0  0  0
262  0  66112 72524560 2436604 74030336    0    0  5328 584016 282311 1392700 81 19  0  0  0  0
304  0  66112 72533892 2436604 74030420    0    0  6576 567272 284865 1396331 80 20  0  0  0  0
324  0  66112 72533456 2436604 74030436    0    0  7408 577200 289993 1405710 80 20  0  0  0  0
310  0  66112 72519436 2436604 74030452    0    0  7008 541544 298240 1395064 80 20  0  0  0  0
331  1  66112 72511692 2436604 74030468    0    0  6896 581932 285167 1389994 80 20  0  0  0  0
359  0  66112 72537156 2436604 74030476    0    0  4896 577608 285760 1390087 80 19  0  0  0  0
382  0  66112 72527796 2436604 74030492    0    0  6976 600852 287517 1390454 80 20  0  0  0  0
procs -----------memory---------- ---swap-- -----io---- -system-- -------cpu-------
 r  b   swpd   free   buff  cache   si   so    bi    bo   in   cs us sy id wa st gu
357  0  66112 72538072 2436604 74030504    0    0  7040 573436 283251 1365291 79 20  1  0  0  0
420  1  66112 72546972 2436604 74030516    0    0  6288 594328 285672 1386316 79 19  2  0  0  0
278  2  66112 72531668 2436604 74030532    0    0  6624 564012 280522 1389365 80 19  1  0  0  0
383  0  66112 72528536 2436604 74030548    0    0  6480 558992 288814 1409805 80 20  1  0  0  0
361  1  66112 72539288 2436604 74030560    0    0  7008 554412 284102 1395187 80 19  0  0  0  0
377  0  66112 72526536 2436604 74030580    0    0  6992 575272 289577 1409622 80 20  1  0  0  0
232  0  66112 72538884 2436604 74030588    0    0  5984 583264 284676 1398515 80 20  1  0  0  0
260  0  66112 72539060 2436604 74030608    0    0  6464 615964 283881 1407348 80 19  0  0  0  0
374  0  66112 72537040 2436604 74030616    0    0  6192 526736 287088 1410715 80 19  0  0  0  0
289  0  66112 72530356 2436604 74030628    0    0  6096 578160 286134 1397219 80 20  0  0  0  0
222  3  66112 72528908 2436604 74030648    0    0  6960 611424 285494 1387657 80 20  0  0  0  0
352  0  66112 72533572 2436604 74030668    0    0  6800 577108 284525 1404691 81 19  1  0  0  0
247  1  66112 72529860 2436604 74030680    0    0  6624 593060 288566 1387089 80 19  1  0  0  0
295  1  66112 72514700 2436604 74030696    0    0  5680 539808 281554 1406494 80 20  0  0  0  0
289  0  66112 72519600 2436604 74030708    0    0  6320 551828 279772 1386551 80 19  0  0  0  0
400  2  66112 72516336 2436604 74030720    0    0  6624 638864 280375 1386366 80 20  0  0  0  0
343  0  66112 72533176 2436604 74030736    0    0  6576 496636 286267 1393764 80 19  0  0  0  0
286  1  66112 72535820 2436604 74030748    0    0  6352 638552 288819 1418054 80 19  0  0  0  0
356  1  66112 72538624 2436604 74030768    0    0  6864 608836 293945 1408931 80 20  1  0  0  0
167  1  66112 72525852 2436604 74030780    0    0  5936 534092 284590 1399677 80 19  1  0  0  0
392  0  66112 72518296 2436604 74030796    0    0  7536 566268 293222 1400731 80 20  0  0  0  0
procs -----------memory---------- ---swap-- -----io---- -system-- -------cpu-------
 r  b   swpd   free   buff  cache   si   so    bi    bo   in   cs us sy id wa st gu
345  0  66112 72501816 2436604 74030812    0    0  6480 581460 288201 1393361 80 19  0  0  0  0
336  0  66112 72520032 2436604 74030828    0    0  5856 534992 288939 1398077 80 20  0  0  0  0
467  0  66112 72535384 2436604 74030844    0    0  6048 652000 289598 1399228 80 20  0  0  0  0
298  0  66112 72545312 2436604 74030856    0    0  5872 503824 281123 1400975 80 19  0  0  0  0
317  0  66112 72543216 2436604 74030872    0    0  6160 583744 288393 1404445 80 20  0  0  0  0
397  2  66112 72530872 2436604 74030884    0    0  7120 581572 283042 1375175 80 20  0  0  0  0
353  0  66112 72518132 2436604 74030896    0    0  7456 614480 279738 1382529 80 20  1  0  0  0
371  0  66112 72512836 2436604 74030912    0    0  6752 538276 282078 1387849 80 20  0  0  0  0
403  0  66112 72520964 2436604 74030932    0    0  6000 601348 287813 1397721 81 19  0  0  0  0
351  0  66112 72528400 2436604 74030948    0    0  7296 634428 288358 1397402 80 20  0  0  0  0
238  0  66112 72540264 2436604 74030964    0    0  6800 556396 281998 1393071 80 20  1  0  0  0
393  0  66112 72523156 2436604 74030976    0    0  7472 498564 279268 1396849 80 19  0  0  0  0
335  0  66112 72499012 2436604 74030988    0    0  6224 669740 282540 1394083 80 20  1  0  0  0
383  1  66112 72505768 2436604 74031008    0    0  6896 530068 283163 1394434 80 19  0  0  0  0
372  3  66112 72502388 2436604 74031024    0    0  6096 638200 283949 1406197 81 19  0  0  0  0
251  1  66112 72521088 2436604 74031032    0    0  6944 642472 291187 1391810 80 19  1  0  0  0
353  0  66112 72520328 2436604 74031044    0    0  6224 425440 281415 1381016 79 20  1  0  0  0
364  0  66112 72511568 2436604 74031056    0    0  5696 643632 286203 1407943 80 20  0  0  0  0
275  0  66112 72527424 2436604 74031072    0    0  6928 544484 288255 1394227 80 20  0  0  0  0
248  1  66112 72510016 2436604 74031088    0    0  7552 538488 288933 1403517 81 19  0  0  0  0
324  0  66112 72529872 2436604 74031108    0    0  6800 672000 289943 1387249 79 20  1  0  0  0
procs -----------memory---------- ---swap-- -----io---- -system-- -------cpu-------
 r  b   swpd   free   buff  cache   si   so    bi    bo   in   cs us sy id wa st gu
334  1  66112 72548852 2436604 74031120    0    0  7216 531964 285789 1407148 80 19  0  0  0  0
327  0  66112 72526164 2436604 74031136    0    0  5136 578192 291750 1415336 80 20  0  0  0  0
327  2  66112 72509472 2436604 74031152    0    0  6816 593564 286306 1388427 80 19  0  0  0  0
357  0  66112 72500808 2436604 74031168    0    0  6512 618740 288970 1406830 80 20  1  0  0  0
332  2  66112 72512936 2436604 74031192    0    0  5584 692668 291403 1414330 80 20  1  0  0  0
411  1  66112 72525876 2436604 74031196    0    0  6320 476616 283655 1385727 80 20  1  0  0  0
368  0  66112 72517268 2436604 74031208    0    0  6288 472796 285044 1399534 80 20  0  0  0  0
266  1  66112 72507576 2436604 74031232    0    0  5152 724420 292961 1388625 79 20  1  0  0  0
251  2  66112 72507212 2436604 74031244    0    0  6240 578672 285155 1395450 80 19  1  0  0  0
347  0  66112 72513372 2436604 74031256    0    0  7664 459656 282508 1389337 80 20  1  0  0  0
202  0  66112 72513680 2436604 74031268    0    0  6592 666324 285773 1397514 80 20  0  0  0  0
348  0  66112 72521424 2436604 74031280    0    0  7376 501464 290703 1405686 80 20  0  0  0  0
354  0  66112 72510232 2436604 74031356    0    0  4992 636536 283922 1398220 80 19  0  0  0  0
410  0  66112 72520596 2436604 74031376    0    0  6864 455816 280326 1400773 80 19  0  0  0  0
366  1  66112 72526968 2436604 74031388    0    0  7456 664624 293018 1398332 80 20  0  0  0  0
377  0  66112 72517584 2436604 74031400    0    0  6304 617308 291617 1409690 80 19  1  0  0  0
359  2  66112 72520860 2436604 74031408    0    0  6688 662172 285962 1381761 80 19  1  0  0  0
298  0  66112 72524852 2436604 74031424    0    0  6192 482804 279170 1389337 80 20  1  0  0  0
140  9  66112 72505944 2436604 74031448    0    0  6448 678828 320547 1380424 79 20  1  0  0  0
58  3  66112 72508952 2436604 74031460    0    0  6752 574180 284692 1368618 78 20  2  0  0  0
209  0  66112 72546392 2436604 74031476    0    0  7520 487372 288101 1399714 80 19  1  0  0  0
procs -----------memory---------- ---swap-- -----io---- -system-- -------cpu-------
 r  b   swpd   free   buff  cache   si   so    bi    bo   in   cs us sy id wa st gu
307  1  66112 72526864 2436604 74031484    0    0  6128 433700 285803 1393989 80 20  0  0  0  0
370  1  66112 72520952 2436604 74031504    0    0  6384 693956 284077 1404521 80 19  0  0  0  0
346  0  66112 72498108 2436604 74031520    0    0  6944 536788 288437 1387910 80 19  0  0  0  0
373  0  66112 72502408 2436604 74031536    0    0  6240 630984 287577 1408934 80 20  1  0  0  0
325  0  66112 72511356 2436604 74031540    0    0  6480 478860 285538 1408589 80 20  0  0  0  0
364  0  66112 72517608 2436604 74031552    0    0  6944 679852 288338 1410504 80 19  0  0  0  0
280  1  66112 72525852 2436604 74031568    0    0  6944 596940 284833 1401073 80 20  0  0  0  0
338  0  66112 72532128 2436604 74031596    0    0  6416 518412 284230 1406572 80 20  0  0  0  0
292  0  66112 72534592 2436604 74031616    0    0  7024 705908 289191 1418600 79 20  1  0  0  0
286  1  66112 72524128 2436604 74031620    0    0  6816 574992 286821 1387243 79 20  1  0  0  0
344  0  66112 72506432 2436604 74031640    0    0  6000 460948 282132 1376235 80 19  0  0  0  0
184  4  66112 72494196 2436604 74031660    0    0  6880 611512 288233 1401385 80 19  0  0  0  0
272  0  66112 72512528 2436604 74031660    0    0  7600 551292 280493 1380585 80 19  1  0  0  0
308  0  66112 72541716 2436604 74031684    0    0  7920 622960 287375 1403727 80 20  0  0  0  0
288  0  66112 72547832 2436604 74031696    0    0  6272 490388 286508 1389522 80 19  0  0  0  0
463  0  66112 72528832 2436604 74031708    0    0  5152 538260 281357 1402844 80 19  0  0  0  0
249  0  66112 72519408 2436604 74031724    0    0  6160 604380 289987 1399156 80 19  0  0  0  0
289  0  66112 72501052 2436604 74031744    0    0  7072 547764 288838 1410488 80 19  0  0  0  0
259  2  66112 72505436 2436604 74031756    0    0  6720 592532 286524 1389550 80 19  1  0  0  0
295  0  66112 72520288 2436604 74031764    0    0  7312 553552 304131 1374570 80 20  0  0  0  0
250  1  66112 72536468 2436604 74031780    0    0  5888 644440 285038 1397759 80 20  0  0  0  0
procs -----------memory---------- ---swap-- -----io---- -system-- -------cpu-------
 r  b   swpd   free   buff  cache   si   so    bi    bo   in   cs us sy id wa st gu
356  0  66112 72514320 2436604 74031784    0    0  6160 499328 302273 1392995 80 20  0  0  0  0
220  0  66112 72478376 2436604 74031808    0    0  6400 563752 289277 1387477 80 20  0  0  0  0
233  3  66112 72498112 2436604 74031824    0    0  6608 683416 290988 1404419 80 20  1  0  0  0
278  2  66112 72503600 2436604 74031836    0    0  6512 538088 284023 1405389 80 20  1  0  0  0
419  0  66112 72521444 2436608 74031848    0    0  5328 594556 288107 1402455 80 20  0  0  0  0
402  0  66112 72531388 2436608 74031864    0    0  6576 534064 287878 1389034 80 20  0  0  0  0
274  0  66112 72517564 2436608 74031880    0    0  6560 579112 280405 1400942 80 19  0  0  0  0
345  0  66112 72526848 2436608 74031900    0    0  6944 648828 282749 1381866 79 20  1  0  0  0
330  0  66112 72522508 2436608 74031912    0    0  6768 521212 285497 1385453 80 20  0  0  0  0
266  0  66112 72521276 2436608 74031924    0    0  6336 679212 286218 1404819 80 19  1  0  0  0
283  0  66112 72504216 2436608 74031936    0    0  7152 565336 276904 1379084 79 20  1  0  0  0
305  0  66112 72526764 2436608 74031956    0    0  6192 463648 280080 1385036 80 20  0  0  0  0
353  0  66112 72525148 2436608 74031972    0    0  7216 654072 287927 1382429 80 20  1  0  0  0
212  0  66112 72521532 2436608 74031992    0    0  7568 612200 317844 1375148 79 20  1  0  0  0
463  0  66112 72515824 2436608 74032008    0    0  5152 573212 283914 1370468 80 20  1  0  0  0
373  1  66112 72503460 2436608 74032024    0    0  6528 555584 281964 1388482 80 20  0  0  0  0
361  0  66112 72503728 2436608 74032036    0    0  6656 521504 285955 1402065 81 19  0  0  0  0
326  1  66112 72518320 2436608 74032048    0    0  7040 529000 285425 1396659 80 20  0  0  0  0
285  0  66112 72514904 2436608 74032064    0    0  7680 647844 289320 1398519 80 20  1  0  0  0
397  0  66112 72514456 2436608 74032072    0    0  6128 591064 284562 1401269 80 19  0  0  0  0
281  0  66112 72508328 2436608 74032092    0    0  6992 601736 285105 1381149 80 19  1  0  0  0
procs -----------memory---------- ---swap-- -----io---- -system-- -------cpu-------
 r  b   swpd   free   buff  cache   si   so    bi    bo   in   cs us sy id wa st gu
220  0  66112 72504340 2436608 74032100    0    0  7520 398544 278138 1394520 81 19  0  0  0  0
303  1  66112 72503416 2436608 74032112    0    0  6224 588780 331906 1390123 80 20  0  0  0  0
407  0  66112 72488232 2436608 74032128    0    0  6240 681608 296611 1403768 80 20  0  0  0  0
372  2  66112 72504244 2436608 74032140    0    0  5584 622436 286081 1409285 80 20  0  0  0  0
253  0  66112 72514180 2436608 74032156    0    0  6624 577748 286474 1395324 80 20  0  0  0  0
250  0  66112 72511128 2436608 74032172    0    0  6400 558976 291557 1402620 80 20  0  0  0  0
356  0  66112 72512660 2436608 74032188    0    0  6832 545636 285608 1382165 80 20  0  0  0  0
319  1  66112 72516560 2436608 74032204    0    0  6304 453276 288248 1397658 80 20  0  0  0  0
389  1  66112 72497732 2436608 74032284    0    0  5632 663008 292157 1402875 80 20  0  0  0  0
345  1  66112 72519140 2436608 74032300    0    0  7024 647560 289683 1386717 80 20  1  0  0  0
353  0  66112 72510400 2436608 74032312    0    0  6704 572064 280327 1384638 80 19  1  0  0  0
335  4  66112 72521236 2436608 74032328    0    0  7232 564992 288729 1408396 80 20  0  0  0  0
118  0  66112 72508796 2436608 74032344    0    0  6368 581564 282919 1378611 80 20  1  0  0  0
278  1  66112 72527436 2436608 74032360    0    0  5456 541908 285599 1402466 80 20  0  0  0  0
241  1  66112 72524236 2436608 74032372    0    0  8288 624448 285544 1383726 79 20  1  0  0  0
374  0  66112 72543368 2436608 74032384    0    0  6480 424784 283363 1392831 80 20  0  0  0  0
333  0  66112 72505132 2436608 74032396    0    0  6736 686524 288059 1409538 80 19  0  0  0  0
336  0  66112 72515788 2436608 74032416    0    0  6592 605408 284045 1392428 80 20  0  0  0  0
380  1  66112 72503240 2436608 74032428    0    0  6048 493148 280745 1389999 80 19  0  0  0  0
324  0  66112 72487856 2436608 74032440    0    0  6688 626960 292228 1394122 80 19  0  0  0  0
393  0  66112 72514168 2436608 74032452    0    0  6992 631156 289480 1393391 80 20  1  0  0  0
procs -----------memory---------- ---swap-- -----io---- -system-- -------cpu-------
 r  b   swpd   free   buff  cache   si   so    bi    bo   in   cs us sy id wa st gu
264  0  66112 72521472 2436608 74032468    0    0  6640 575308 285848 1397179 79 20  1  0  0  0
282  0  66112 72517856 2436608 74032488    0    0  6880 579168 284521 1393685 80 19  1  0  0  0
425  0  66112 72511028 2436608 74032500    0    0  5840 580340 282835 1398841 80 19  1  0  0  0
343  0  66112 72511972 2436608 74032512    0    0  6800 575520 286724 1375867 80 20  1  0  0  0
278  1  66112 72492252 2436608 74032524    0    0  6896 574932 283943 1383835 80 20  0  0  0  0
457  0  66112 72485644 2436608 74032540    0    0  5920 549316 289090 1395103 80 20  0  0  0  0
397  0  66112 72489412 2436608 74032556    0    0  6896 604912 288010 1419970 80 19  0  0  0  0
382  0  66112 72508520 2436608 74032568    0    0  5952 577000 286752 1417761 80 19  0  0  0  0
304  0  66112 72512276 2436608 74032580    0    0  5536 576972 287445 1400973 80 20  0  0  0  0
344  0  66112 72509272 2436608 74032600    0    0  5872 573788 293237 1395241 80 19  0  0  0  0
168  1  66112 72492200 2436608 74032608    0    0  7056 576388 280511 1401391 80 19  0  0  0  0
362  0  66112 72483828 2436608 74032628    0    0  6688 577436 285021 1385762 80 19  1  0  0  0
216  0  66112 72503292 2436608 74032648    0    0  5648 576400 283569 1401889 80 19  1  0  0  0
327  0  66112 72512128 2436608 74032664    0    0  6144 525324 287364 1423333 80 19  0  0  0  0
403  0  66112 72511464 2436608 74032680    0    0  7520 620336 289504 1403051 80 20  0  0  0  0
270  0  66112 72516948 2436608 74032688    0    0  6864 552388 287277 1403036 80 19  0  0  0  0
253  0  66112 72501980 2436608 74032708    0    0  6112 548184 295921 1402181 80 20  0  0  0  0
374  1  66112 72510568 2436608 74032720    0    0  5312 604088 286438 1408992 80 20  0  0  0  0
150  2  66112 72523868 2436608 74032736    0    0  7264 518196 288426 1398145 80 19  0  0  0  0
405  0  66112 72509780 2436608 74032752    0    0  7216 659368 283210 1377048 79 20  1  0  0  0
191  0  66112 72501336 2436608 74032768    0    0  6672 575908 286126 1395719 80 20  0  0  0  0
procs -----------memory---------- ---swap-- -----io---- -system-- -------cpu-------
 r  b   swpd   free   buff  cache   si   so    bi    bo   in   cs us sy id wa st gu
349  0  66112 72503056 2436608 74032780    0    0  7552 575512 282135 1374304 80 20  1  0  0  0
368  0  66112 72491636 2436608 74032808    0    0  5760 577328 282232 1383041 80 19  0  0  0  0
296  0  66112 72508540 2436608 74032820    0    0  6992 572492 284059 1390200 80 19  0  0  0  0
250  0  66112 72517828 2436608 74032832    0    0  6672 575460 286623 1388482 80 19  1  0  0  0
347  0  66112 72514656 2436608 74032840    0    0  6400 574488 290367 1406657 81 19  0  0  0  0
242  0  66112 72507880 2436608 74032848    0    0  7392 574944 283783 1389338 80 19  1  0  0  0
349  0  66112 72504016 2436612 74032864    0    0  5472 575432 279066 1386484 80 20  0  0  0  0
296  1  66112 72503204 2436612 74032884    0    0  6384 562088 286162 1398961 80 20  0  0  0  0
393  0  66112 72513952 2436612 74032896    0    0  7744 578128 284696 1404056 81 19  0  0  0  0
374  0  66112 72515840 2436612 74032908    0    0  6160 573368 293111 1390304 80 20  0  0  0  0
320  0  66112 72512500 2436612 74032924    0    0  7296 571604 286121 1376872 79 20  1  0  0  0
340  0  66112 72536644 2436612 74032944    0    0  6784 575976 285063 1383980 79 20  1  0  0  0
184  0  66112 72536048 2436612 74032956    0    0  6512 572540 283397 1372979 79 20  1  0  0  0
376  0  66112 72526116 2436612 74032972    0    0  6928 570640 287914 1385504 80 19  1  0  0  0
295  0  66112 72516976 2436612 74032984    0    0  6928 572544 288612 1396067 80 20  1  0  0  0
267  0  66112 72508792 2436612 74032996    0    0  7120 572452 286478 1395291 80 19  0  0  0  0
289  0  66112 72510452 2436612 74033012    0    0  5872 572224 288839 1400507 80 20  0  0  0  0
213  0  66112 72517220 2436612 74033032    0    0  6864 570168 283583 1376366 80 20  0  0  0  0
290  0  66112 72535832 2436612 74033044    0    0  6688 577236 285581 1373805 80 20  1  0  0  0
309  0  66112 72514000 2436612 74033064    0    0  7264 570052 292412 1409437 80 20  1  0  0  0
317  0  66112 72496340 2436612 74033080    0    0  6400 574640 285688 1373482 80 20  1  0  0  0
procs -----------memory---------- ---swap-- -----io---- -system-- -------cpu-------
 r  b   swpd   free   buff  cache   si   so    bi    bo   in   cs us sy id wa st gu
419  0  66112 72501704 2436612 74033100    0    0  5264 570452 290833 1403036 80 20  0  0  0  0
280  0  66112 72496792 2436612 74033112    0    0  6320 567324 290645 1391463 80 20  1  0  0  0
435  1  66112 72495020 2436612 74033124    0    0  7296 572656 285546 1390787 80 20  0  0  0  0
388  0  66112 72520796 2436612 74033132    0    0  6608 570728 287338 1395004 80 20  0  0  0  0
206  0  66112 72507136 2436612 74033152    0    0  6864 571564 295593 1391004 80 20  1  0  0  0
461  0  66112 72506992 2436612 74033252    0    0  5408 571052 284907 1392520 80 19  0  0  0  0
402  0  66112 72514040 2436612 74033272    0    0  7776 575980 289986 1396864 80 19  1  0  0  0
345  2  66112 72507192 2436612 74033280    0    0  6800 577796 289244 1395577 80 20  1  0  0  0
348  0  66112 72489848 2436612 74033296    0    0  7200 582144 282904 1387165 80 20  1  0  0  0
296  0  66112 72485404 2436612 74033316    0    0  6096 572072 285769 1399305 80 19  0  0  0  0
339  1  66112 72505816 2436612 74033336    0    0  5808 577956 283702 1399005 80 19  0  0  0  0
294  0  66112 72505076 2436612 74033356    0    0  6560 568684 285339 1387643 79 20  1  0  0  0
289  0  66112 72509728 2436612 74033368    0    0  7456 571776 288464 1396362 80 20  0  0  0  0
288  0  66112 72507504 2436612 74033380    0    0  6192 575160 283320 1386963 80 20  1  0  0  0
297  0  66112 72510348 2436612 74033396    0    0  7520 574572 281646 1388211 79 20  1  0  0  0
197  0  66112 72514832 2436616 74033412    0    0  4736 578508 280518 1356459 79 20  1  0  0  0
344  0  66112 72512160 2436616 74033428    0    0  8640 571096 287321 1369429 79 20  1  0  0  0
375  0  66112 72524644 2436616 74033444    0    0  7248 573500 286116 1361743 78 20  2  0  0  0
331  0  66112 72506200 2436616 74033464    0    0  6912 576936 293220 1392731 80 20  1  0  0  0
318  0  66112 72526240 2436616 74033480    0    0  7024 574824 282153 1384689 79 20  1  0  0  0
337  0  66112 72513840 2436616 74033488    0    0  6544 568436 287235 1402458 80 20  0  0  0  0
procs -----------memory---------- ---swap-- -----io---- -system-- -------cpu-------
 r  b   swpd   free   buff  cache   si   so    bi    bo   in   cs us sy id wa st gu
312  1  66112 72494248 2436616 74033504    0    0  6800 570896 287806 1395808 80 19  0  0  0  0
290  0  66112 72503024 2436616 74033520    0    0  6784 574672 295284 1392289 80 19  1  0  0  0
320  0  66112 72507776 2436616 74033532    0    0  7264 573188 277410 1367780 80 20  1  0  0  0
379  1  66112 72517120 2436616 74033544    0    0  6208 577684 281645 1391241 80 20  0  0  0  0
324  0  66112 72512292 2436616 74033556    0    0  6912 578444 282773 1393778 80 19  0  0  0  0
322  0  66112 72511744 2436616 74033576    0    0  6288 569372 288274 1405552 80 19  0  0  0  0
326  0  66112 72501064 2436616 74033588    0    0  7232 571824 285695 1418650 80 19  1  0  0  0
351  0  66112 72487576 2436616 74033596    0    0  6736 574740 285683 1419434 81 19  1  0  0  0
279  0  66112 72495936 2436616 74033612    0    0  4064 576712 295824 1392149 80 19  1  0  0  0
404  0  66112 72511956 2436616 74033624    0    0  6816 571500 284313 1392842 80 20  1  0  0  0
381  0  66112 72498884 2436616 74033644    0    0  7072 574672 280509 1384318 80 20  1  0  0  0
237  0  66112 72508032 2436616 74033664    0    0  6512 580040 289175 1371299 79 20  1  0  0  0
341  0  66112 72508240 2436616 74033676    0    0  7200 570648 282658 1403765 80 20  1  0  0  0
323  0  66112 72483992 2436616 74033688    0    0  5536 573044 281879 1402358 80 20  0  0  0  0
310  0  66112 72510752 2436616 74033704    0    0  7648 570044 284362 1408900 80 20  1  0  0  0
288  0  66112 72505916 2436616 74033716    0    0  6368 572136 285485 1394709 80 19  1  0  0  0
288  1  66112 72506648 2436616 74033732    0    0  7328 598224 276451 1375354 80 20  1  0  0  0
310  1  66112 72493560 2436616 74033748    0    0  6672 571380 293288 1406763 79 20  1  0  0  0
361  0  66112 72480720 2436616 74033760    0    0  5440 577620 281261 1385063 80 19  0  0  0  0
413  0  66112 72498744 2436616 74033772    0    0  6432 573948 292945 1397263 80 20  0  0  0  0
359  0  66112 72493180 2436616 74033784    0    0  7136 572756 292056 1400575 80 20  0  0  0  0
procs -----------memory---------- ---swap-- -----io---- -system-- -------cpu-------
 r  b   swpd   free   buff  cache   si   so    bi    bo   in   cs us sy id wa st gu
368  0  66112 72505904 2436616 74033796    0    0  5584 574688 288776 1391020 80 20  1  0  0  0
306  0  66112 72491704 2436616 74033816    0    0  6400 574712 288629 1398559 80 19  0  0  0  0
280  0  66112 72475468 2436616 74033828    0    0  6784 580916 285753 1396081 80 19  0  0  0  0
297  1  66112 72476140 2436616 74033844    0    0  7232 572076 286407 1401189 80 20  0  0  0  0
341  0  66112 72492688 2436616 74033856    0    0  5856 578412 289758 1394523 80 20  0  0  0  0
564  0  66112 72518924 2436616 74033868    0    0  7056 578772 282512 1376675 79 19  2  0  0  0
295  0  66112 72522884 2436616 74033888    0    0  6528 577704 282430 1377251 79 20  1  0  0  0
345  0  66112 72509944 2436616 74033912    0    0  6592 583464 287702 1380798 80 20  0  0  0  0
403  0  66112 72498008 2436616 74033928    0    0  6288 577780 290710 1412976 80 19  0  0  0  0
250  0  66112 72488548 2436616 74033940    0    0  6880 578340 278630 1382905 80 19  1  0  0  0
345  0  66112 72475376 2436616 74033952    0    0  6800 579552 288051 1379349 80 20  1  0  0  0
288  1  66112 72496504 2436616 74033964    0    0  6016 577708 280977 1398576 80 19  0  0  0  0
373  0  66112 72522816 2436616 74033976    0    0  5104 578340 288022 1374819 79 20  1  0  0  0
394  0  66112 72516208 2436616 74033988    0    0  7856 573676 284208 1361379 79 20  1  0  0  0
250  0  66112 72494796 2436616 74034004    0    0  5840 581748 296461 1380707 80 20  0  0  0  0
352  0  66112 72472568 2436616 74034016    0    0  6192 579332 287869 1389438 80 19  0  0  0  0
293  0  66112 72488336 2436616 74034044    0    0  6016 579892 293968 1413720 80 20  0  0  0  0
310  0  66112 72513516 2436616 74034056    0    0  5872 577508 291375 1393868 80 20  0  0  0  0
396  0  66112 72504128 2436620 74034068    0    0  5776 579812 286449 1391488 80 19  0  0  0  0
353  0  66112 72494836 2436620 74034084    0    0  6368 574056 282934 1398080 80 20  1  0  0  0
183  0  66112 72485512 2436620 74034096    0    0  6848 575552 284106 1374241 80 19  1  0  0  0
procs -----------memory---------- ---swap-- -----io---- -system-- -------cpu-------
 r  b   swpd   free   buff  cache   si   so    bi    bo   in   cs us sy id wa st gu
245  0  66112 72492036 2436620 74034120    0    0  6960 582668 287080 1380603 80 20  0  0  0  0
404  0  66112 72491608 2436620 74034132    0    0  6368 576236 293656 1390118 80 20  0  0  0  0
207  0  66112 72506264 2436620 74034212    0    0  7088 581624 284751 1377551 80 20  1  0  0  0
185  0  66112 72479592 2436620 74034224    0    0  7264 578092 288541 1396141 80 20  0  0  0  0
256  0  66112 72485572 2436620 74034240    0    0  7376 574116 330387 1379882 80 20  1  0  0  0
375  0  66112 72477324 2436620 74034256    0    0  6912 577888 284687 1373477 80 20  0  0  0  0
298  0  66112 72487960 2436620 74034272    0    0  6224 592336 288560 1398384 80 19  0  0  0  0
382  0  66112 72506012 2436620 74034284    0    0  6800 581324 284197 1373544 79 20  1  0  0  0
284  0  66112 72501224 2436620 74034296    0    0  7104 572008 286515 1381191 79 20  1  0  0  0
303  0  66112 72487976 2436620 74034304    0    0  7040 574012 287540 1383728 80 20  0  0  0  0
397  0  66112 72490864 2436620 74034324    0    0  6432 575056 288034 1404912 80 19  1  0  0  0
288  0  66112 72487372 2436620 74034336    0    0  4928 578996 286501 1399584 80 19  1  0  0  0
264  0  66112 72489556 2436620 74034348    0    0  6304 571548 287078 1398178 80 19  0  0  0  0
378  0  66112 72502448 2436620 74034360    0    0  7056 569340 286980 1402657 80 20  1  0  0  0
373  0  66112 72510932 2436620 74034372    0    0  6576 579024 286338 1398066 80 20  0  0  0  0
342  0  66112 72502488 2436620 74034388    0    0  7040 573860 341808 1386780 80 20  0  0  0  0
353  1  66112 72484728 2436620 74034408    0    0  5456 575504 299247 1389507 77 20  3  0  0  0
283  1  66112 72508288 2436620 74034420    0    0  6640 571460 289019 1385875 80 20  0  0  0  0
377  0  66112 72485564 2436620 74034436    0    0  6928 570576 287485 1380832 80 20  1  0  0  0
345  0  66112 72500128 2436620 74034448    0    0  6608 574424 291065 1395507 80 20  0  0  0  0
430  0  66112 72494776 2436624 74034460    0    0  6032 576936 288021 1402066 80 19  0  0  0  0
procs -----------memory---------- ---swap-- -----io---- -system-- -------cpu-------
 r  b   swpd   free   buff  cache   si   so    bi    bo   in   cs us sy id wa st gu
432  0  66112 72503208 2436624 74034484    0    0  6768 575656 281163 1399958 80 19  0  0  0  0
231  0  66112 72488292 2436624 74034496    0    0  6560 567620 291265 1406544 80 20  1  0  0  0
257  0  66112 72485212 2436624 74034508    0    0  7808 572836 281169 1372672 80 20  1  0  0  0
392  0  66112 72493528 2436624 74034524    0    0  5792 573404 282512 1390727 80 20  1  0  0  0
373  0  66112 72501136 2436624 74034544    0    0  6400 574768 286158 1379827 80 20  0  0  0  0
433  0  66112 72500828 2436624 74034560    0    0  4672 574712 278799 1402160 80 19  1  0  0  0
344  0  66112 72487024 2436624 74034572    0    0  7136 572672 284397 1391991 80 19  1  0  0  0
331  0  66112 72486892 2436624 74034588    0    0  6864 570620 290272 1402336 80 20  1  0  0  0
301  0  66112 72490156 2436624 74034600    0    0  5824 573844 284959 1381781 80 20  0  0  0  0
286  0  66112 72488764 2436624 74034616    0    0  8592 573284 290858 1371950 80 20  1  0  0  0
351  0  66112 72495032 2436624 74034636    0    0  5584 575112 283331 1375427 80 20  1  0  0  0
377  1  66112 72496540 2436624 74034648    0    0  6608 569260 291133 1410326 80 20  0  0  0  0
411  0  66112 72485996 2436624 74034664    0    0  6160 570276 283316 1399973 80 19  1  0  0  0
352  0  66112 72483664 2436624 74034676    0    0  6016 573744 290865 1413731 80 19  0  0  0  0
368  0  66112 72478052 2436624 74034684    0    0  6048 578628 286651 1388000 80 19  0  0  0  0
324  0  66112 72473552 2436624 74034704    0    0  6512 587620 282568 1396447 80 20  1  0  0  0
357  0  66112 72482528 2436624 74034716    0    0  5776 571820 284026 1409883 80 20  0  0  0  0
289  0  66112 72478224 2436624 74034728    0    0  6448 573148 283598 1382232 80 19  0  0  0  0
313  0  66112 72477976 2436624 74034740    0    0  6608 579680 282805 1397129 80 20  0  0  0  0
413  0  66112 72472532 2436624 74034752    0    0  6656 574784 281614 1389360 80 19  0  0  0  0
356  0  66112 72480832 2436624 74034772    0    0  6896 573096 288313 1401950 80 20  1  0  0  0
procs -----------memory---------- ---swap-- -----io---- -system-- -------cpu-------
 r  b   swpd   free   buff  cache   si   so    bi    bo   in   cs us sy id wa st gu
288  0  66112 72478236 2436624 74034788    0    0  4512 574652 283027 1395826 80 19  0  0  0  0
362  0  66112 72483524 2436624 74034796    0    0  7296 573396 279458 1379042 80 20  1  0  0  0
371  0  66112 72486884 2436624 74034816    0    0  6800 574932 285511 1412125 80 19  1  0  0  0
417  0  66112 72480776 2436624 74034828    0    0  6320 572592 285859 1397824 80 20  1  0  0  0
382  0  66112 72466180 2436624 74034844    0    0  6576 574220 282783 1392550 80 19  1  0  0  0
332  0  66112 72481816 2436624 74034860    0    0  5264 570900 285041 1404395 80 19  0  0  0  0
331  0  66112 72493052 2436624 74034872    0    0  7120 574504 286691 1389788 80 20  0  0  0  0
241  0  66112 72480920 2436624 74034884    0    0  7488 576516 282654 1392398 80 19  1  0  0  0
272  0  66112 72485128 2436624 74034900    0    0  6848 581000 282371 1396676 80 19  0  0  0  0
416  0  66112 72505908 2436624 74034916    0    0  6880 575248 280778 1393825 80 19  0  0  0  0
299  0  66112 72489492 2436624 74034936    0    0  6016 573480 283181 1410352 80 19  0  0  0  0
389  0  66112 72482940 2436624 74034948    0    0  6976 577844 282963 1395166 80 20  0  0  0  0
282  0  66112 72489724 2436624 74034964    0    0  6560 576856 287833 1393687 80 20  0  0  0  0
377  0  66112 72484660 2436624 74034980    0    0  6592 577200 292296 1400496 80 19  0  0  0  0
242  0  66112 72501136 2436624 74034992    0    0  7264 574900 283808 1385303 79 20  2  0  0  0
446  0  66112 72477868 2436624 74035012    0    0  5328 575200 292339 1401267 80 19  0  0  0  0
435  0  66112 72477680 2436624 74035020    0    0  7104 575824 286342 1405792 80 19  1  0  0  0
 2  1  66112 74001292 2436624 74035032    0    0 13680 573408 670330 943843 54 22 24  0  0  0
