procs -----------memory---------- ---swap-- -----io---- -system-- -------cpu-------
 r  b   swpd   free   buff  cache   si   so    bi    bo   in   cs us sy id wa st gu
 5  3  70952 136084584 2134128 46891364    0    2 41561 36845 7916    7  4  1 95  1  0  0
34  2  70952 135030704 2134140 46891452    0    0 168208 294060 427822 555122 10 18 70  2  0  0
57  1  70952 131643652 2134140 46891476    0    0 135744 360988 630321 888000 19 54 26  1  0  0
10  0  70952 130771332 2134140 46891528    0    0 160640 199764 340332 1254273 30 45 24  1  0  0
 8  0  70952 130773996 2134140 46891544    0    0 156288 251168 248260 1387471 34 43 23  1  0  0
13  0  70952 130665272 2134140 46891564    0    0 76352 21664 234749 1387661 31 49 20  0  0  0
307  0  70952 130637796 2134148 46891580    0    0 80112 37152 238334 1393321 30 49 20  0  0  0
94 11  70952 130608760 2134148 46891600    0    0 227968 100176 242875 1455941 36 40 23  1  0  0
97  7  70952 130561764 2134148 46891668    0    0 347136 200792 252045 1305092 38 27 34  1  0  0
52  6  70952 130573944 2134148 46891692    0    0 235648 140372 246456 1430648 39 36 24  1  0  0
94  4  70952 130571496 2134148 46891708    0    0 122752 64664 219628 1399977 34 42 24  0  0  0
35  1  70952 130553348 2134148 46891736    0    0 115200 91492 222340 1388472 33 43 23  1  0  0
54  0  70952 130538868 2134148 46891748    0    0 145840 114980 217469 1312573 30 40 28  1  0  0
74  2  70952 130532708 2134148 46891776    0    0 128912 85300 221044 1330541 31 43 26  1  0  0
119  0  70952 130542708 2134148 46891796    0    0 117232 87124 222749 1327340 30 43 26  1  0  0
60  0  70952 130537796 2134148 46891836    0    0 129760 81636 224806 1351338 30 44 26  1  0  0
53  0  70952 130533440 2134148 46891848    0    0 89280 52072 228521 1370267 31 46 23  0  0  0
90  0  70952 130530672 2134148 46891856    0    0 86016 69568 230654 1364398 31 46 23  0  0  0
 5  0  70952 130508796 2134148 46891864    0    0 92480 55592 229736 1387174 31 47 22  0  0  0
432  0  70952 130471612 2134148 46891888    0    0 121408 53784 228207 1385695 31 47 21  1  0  0
49  0  70952 130464924 2134148 46891976    0    0 100544 56196 225917 1379892 32 46 22  0  0  0
procs -----------memory---------- ---swap-- -----io---- -system-- -------cpu-------
 r  b   swpd   free   buff  cache   si   so    bi    bo   in   cs us sy id wa st gu
159  0  70952 130449168 2134148 46891992    0    0 102208 57752 225966 1379052 32 46 22  0  0  0
172  0  70952 130433884 2134148 46892008    0    0 106128 62868 228108 1377791 29 48 22  1  0  0
77  0  70952 130421680 2134148 46892012    0    0 92480 56844 230275 1383413 30 47 22  0  0  0
39  0  70952 130434448 2134148 46892036    0    0 98992 51620 231157 1394096 30 48 22  0  0  0
66  0  70952 130437312 2134148 46892044    0    0 85184 63140 229312 1385316 31 46 22  0  0  0
150  0  70952 130435712 2134148 46892056    0    0 86496 63620 228737 1389842 30 47 23  0  0  0
10  0  70952 130416364 2134156 46892068    0    0 91056 58888 230429 1384054 30 48 22  0  0  0
316  0  70952 130404288 2134156 46892092    0    0 100912 41788 228516 1389316 31 47 21  0  0  0
19  0  70952 130389980 2134156 46892112    0    0 97104 59920 227438 1385797 31 47 22  0  0  0
 3  0  70952 130376816 2134156 46892132    0    0 122624 55740 228095 1391582 31 47 22  1  0  0
233  0  70952 130355760 2134156 46892152    0    0 89536 68848 226303 1362715 30 47 23  0  0  0
69  0  70952 130356596 2134156 46892168    0    0 120928 56652 229080 1384621 30 48 21  1  0  0
31  4  70952 130367068 2134156 46892180    0    0 95104 41232 223255 1377646 30 46 23  0  0  0
18  0  70952 130368452 2134156 46892188    0    0 106624 97844 230195 1392730 32 46 22  1  0  0
121  0  70952 130357856 2134156 46892204    0    0 95600 51260 236841 1402935 30 49 21  0  0  0
80  1  70952 130331236 2134156 46892216    0    0 94704 58936 228273 1387998 30 48 22  0  0  0
216  0  70952 130310056 2134156 46892232    0    0 94944 57620 226711 1384147 31 47 22  0  0  0
35  0  70952 130312052 2134156 46892252    0    0 98192 54628 230271 1395353 31 47 21  0  0  0
12  0  70952 130295652 2134156 46892268    0    0 100144 54980 228411 1387261 30 48 22  1  0  0
185  0  70952 130293496 2134156 46892292    0    0 103296 64876 225577 1374654 30 47 23  0  0  0
69  0  70952 130278732 2134156 46892308    0    0 96448 53824 229458 1398949 30 48 21  0  0  0
procs -----------memory---------- ---swap-- -----io---- -system-- -------cpu-------
 r  b   swpd   free   buff  cache   si   so    bi    bo   in   cs us sy id wa st gu
144  0  70952 130274268 2134156 46892324    0    0 110080 63488 228817 1388447 30 47 22  1  0  0
78  5  70952 130271992 2134156 46892332    0    0 85360 44184 229260 1393740 31 47 22  0  0  0
283  0  70952 130267540 2134156 46892348    0    0 101616 64768 232726 1401600 31 48 21  0  0  0
233  0  70952 130263620 2134156 46892352    0    0 93584 36088 230160 1390832 31 48 21  0  0  0
400  0  70952 130262168 2134156 46892360    0    0 96192 77652 232440 1394086 31 47 21  0  0  0
269  0  70952 130251960 2134156 46892384    0    0 90864 46544 230596 1382535 31 47 21  0  0  0
100  0  70952 130224376 2134156 46892400    0    0 92032 42776 226169 1388827 31 47 22  0  0  0
 8  0  70952 130226028 2134156 46892420    0    0 109472 77404 230109 1385906 30 48 21  1  0  0
 5  0  70952 130213452 2134156 46892448    0    0 92800 56100 227912 1388401 31 48 21  0  0  0
66  0  70952 130205564 2134164 46892452    0    0 94160 42936 227802 1390621 31 48 21  0  0  0
55  2  70952 130204380 2134164 46892492    0    0 93968 74504 227979 1388506 32 46 21  0  0  0
86  2  70952 130206264 2134164 46892496    0    0 99184 49536 230545 1398744 31 48 21  0  0  0
86  0  70952 130203080 2134164 46892496    0    0 96688 24980 227879 1385129 30 48 22  0  0  0
 7  0  70952 130207304 2134164 46892512    0    0 93120 71068 232074 1397197 30 48 21  0  0  0
123  1  70952 130207744 2134164 46892512    0    0 97040 49216 226728 1378289 30 46 23  1  0  0
192  0  70952 130200808 2134172 46892556    0    0 63840 31768 225236 1394989 31 47 22  0  0  0
329  0  70952 130193852 2134172 46892572    0    0 97072 88780 229715 1391625 31 47 21  0  0  0
103  0  70952 130172580 2134172 46892588    0    0 103456 52456 229456 1386451 31 47 21  0  0  0
109  0  70952 130166212 2134172 46892616    0    0 88176 58112 227117 1382468 29 48 22  0  0  0
110  9  70952 130169500 2134172 46892636    0    0 116736 54968 229224 1389017 31 48 21  1  0  0
54  0  70952 130163344 2134180 46892644    0    0 85824 70176 225014 1384347 30 47 23  0  0  0
procs -----------memory---------- ---swap-- -----io---- -system-- -------cpu-------
 r  b   swpd   free   buff  cache   si   so    bi    bo   in   cs us sy id wa st gu
84  2  70952 130138624 2134180 46892676    0    0 110016 34064 225048 1379743 31 47 22  1  0  0
23  0  70952 130148300 2134180 46892676    0    0 71648 39140 224234 1395321 32 46 22  0  0  0
 9  0  70952 130156084 2134180 46892684    0    0 73504 38436 225255 1394203 31 47 22  0  0  0
81  3  70952 130157404 2134180 46892692    0    0 78624 39664 224948 1395571 32 46 22  0  0  0
34  0  70952 130159540 2134180 46892708    0    0 84512 38636 223761 1399451 32 46 22  0  0  0
128  0  70952 130164336 2134180 46892716    0    0 84336 45440 224513 1399031 32 46 23  0  0  0
37  1  70952 130134784 2134180 46892732    0    0 80800 55780 222954 1389051 31 47 22  0  0  0
81  0  70952 130128740 2134180 46892752    0    0 84032 48244 222404 1376845 30 47 22  0  0  0
117  0  70952 130121700 2134180 46892772    0    0 105904 91256 222694 1377722 31 45 23  1  0  0
21  0  70952 130094028 2134180 46892788    0    0 105728 81436 223678 1344999 30 45 24  1  0  0
18  0  70952 130093592 2134180 46892812    0    0 118944 71516 224537 1363665 31 44 24  1  0  0
28  0  70952 130094792 2134180 46892828    0    0 88848 39928 222639 1358508 31 45 23  0  0  0
201  0  70952 130105568 2134180 46892836    0    0 69904 41224 231106 1402938 30 48 22  0  0  0
346  0  70952 130116644 2134180 46892844    0    0 67664 34632 234257 1409460 31 47 22  0  0  0
250  0  70952 130119552 2134180 46892856    0    0 74048 35328 228089 1402999 32 46 22  0  0  0
67  3  70952 130111864 2134180 46892868    0    0 75792 48652 238781 1392978 31 46 22  0  0  0
132  0  70952 130107084 2134180 46892880    0    0 81424 36320 226031 1402869 31 46 22  0  0  0
134  0  70952 130106548 2134180 46892956    0    0 81936 36504 225707 1399457 32 46 22  0  0  0
 7  0  70952 130085664 2134180 46892968    0    0 108240 75376 226088 1378509 32 45 23  1  0  0
220  0  70952 130037304 2134180 46892988    0    0 85760 52964 224399 1365411 31 46 23  0  0  0
101  0  70952 130045400 2134180 46893008    0    0 97424 70680 226948 1392235 30 48 21  0  0  0
procs -----------memory---------- ---swap-- -----io---- -system-- -------cpu-------
 r  b   swpd   free   buff  cache   si   so    bi    bo   in   cs us sy id wa st gu
47  0  70952 130045644 2134180 46893028    0    0 78928 40624 222581 1371193 31 47 23  0  0  0
63  0  70952 130023880 2134180 46893044    0    0 69360 38920 236815 1388112 31 47 22  0  0  0
321  0  70952 130014996 2134180 46893064    0    0 69152 36144 220902 1390129 31 46 22  0  0  0
75  1  70952 130024980 2134180 46893072    0    0 76976 40488 223838 1394118 31 46 22  0  0  0
32  0  70952 130028556 2134180 46893084    0    0 90128 45708 223782 1402771 32 45 22  0  0  0
125  0  70952 130024128 2134180 46893092    0    0 96528 47188 223296 1400958 33 44 23  0  0  0
18  1  70952 130027344 2134180 46893108    0    0 104048 40932 226198 1403488 33 45 22  0  0  0
117  0  70952 130033104 2134180 46893116    0    0 117376 51324 232998 1400249 33 44 23  0  0  0
40  1  70952 130036292 2134180 46893152    0    0 126464 58796 226526 1405706 34 42 24  0  0  0
39  1  70952 130010176 2134180 46893172    0    0 147984 99864 226738 1417672 35 40 24  0  0  0
45  1  70952 130024792 2134180 46893188    0    0 180576 106840 226335 1402346 35 39 25  1  0  0
46  3  70952 130015552 2134180 46893212    0    0 181680 85696 223591 1404470 37 38 25  1  0  0
90  4  70952 130016288 2134184 46893228    0    0 200512 97836 225202 1391273 38 36 25  1  0  0
67  1  70952 130021760 2134184 46893244    0    0 204192 100688 226472 1396410 37 37 25  1  0  0
24  0  70952 130002344 2134184 46893260    0    0 155264 76792 221296 1409099 36 39 25  1  0  0
57  0  70952 129990036 2134184 46893280    0    0 150976 78340 220606 1400609 36 39 25  1  0  0
31  1  70952 129971404 2134184 46893308    0    0 151488 76096 222635 1404771 35 39 25  1  0  0
124  1  70952 129974252 2134184 46893328    0    0 165104 83432 224255 1401318 36 38 25  1  0  0
43  0  70952 129958972 2134184 46893336    0    0 162064 79876 223778 1399097 36 39 24  1  0  0
95  0  70952 129964528 2134184 46893356    0    0 160512 76288 223215 1399911 35 39 25  1  0  0
91  3  70952 129958208 2134184 46893368    0    0 183680 89388 227030 1405119 37 37 25  1  0  0
procs -----------memory---------- ---swap-- -----io---- -system-- -------cpu-------
 r  b   swpd   free   buff  cache   si   so    bi    bo   in   cs us sy id wa st gu
70  7  70952 129952872 2134184 46893376    0    0 167840 82080 225999 1396633 36 39 25  1  0  0
92  0  70952 129953040 2134184 46893380    0    0 146416 72528 225837 1410919 35 39 25  0  0  0
75 10  70952 129944384 2134184 46893388    0    0 140320 68356 226472 1395702 34 41 24  1  0  0
28  0  70952 129910576 2134184 46893412    0    0 115440 60760 220668 1390034 34 41 25  0  0  0
62  3  70952 129908844 2134184 46893436    0    0 119664 68312 221798 1393125 35 41 24  0  0  0
19  0  70952 129910820 2134184 46893456    0    0 134240 73504 221786 1395671 35 40 24  0  0  0
53  2  70952 129900552 2134184 46893472    0    0 137472 67140 222683 1390145 34 41 24  0  0  0
59  1  70952 129904196 2134184 46893496    0    0 157760 122464 222750 1363741 34 39 26  1  0  0
38  0  70952 129908292 2134184 46893508    0    0 277104 145088 216731 1261886 32 32 34  2  0  0
65  2  70952 129897916 2134184 46893520    0    0 337632 197208 232834 1229927 32 28 37  3  0  0
27  5  70952 129870796 2134184 46893536    0    0 358720 166904 241708 1292947 35 28 33  4  0  0
28  8  70952 129841724 2134184 46893552    0    0 177280 77316 223228 1399852 36 38 26  1  0  0
 9  0  70952 129852940 2134184 46893572    0    0 140368 51008 221277 1397602 35 40 25  0  0  0
71  0  70952 129848016 2134184 46893592    0    0 129616 54812 221724 1390182 35 40 24  0  0  0
124  0  70952 129831184 2134184 46893620    0    0 177792 106444 222226 1335750 32 39 28  1  0  0
136  0  70952 129836204 2134184 46893636    0    0 173104 105536 221349 1334850 33 38 28  1  0  0
29  0  70952 129833352 2134184 46893648    0    0 223216 131828 220478 1284503 31 35 32  2  0  0
38  1  70952 129818496 2134184 46893660    0    0 254880 145436 218936 1267742 32 33 34  2  0  0
102  0  70952 129797180 2134184 46893672    0    0 163984 85416 226663 1356390 33 39 27  1  0  0
62  0  70952 129791884 2134184 46893700    0    0 94752 42116 225297 1392985 33 45 22  0  0  0
 8  0  70952 129778816 2134184 46893720    0    0 122608 77952 225095 1370337 31 45 24  1  0  0
procs -----------memory---------- ---swap-- -----io---- -system-- -------cpu-------
 r  b   swpd   free   buff  cache   si   so    bi    bo   in   cs us sy id wa st gu
174  0  70952 129776544 2134184 46893736    0    0 120384 69532 222937 1362578 31 44 25  1  0  0
79 10  70952 129764668 2134184 46893756    0    0 124304 78828 223745 1354696 31 44 25  1  0  0
35  0  70952 129773716 2134184 46893764    0    0 113728 77428 225052 1354552 30 44 26  0  0  0
90 11  70952 129770884 2134184 46893776    0    0 113424 67700 227063 1370510 31 44 25  1  0  0
 9  0  70952 129771776 2134184 46893784    0    0 85648 51872 226152 1388343 31 45 23  0  0  0
85  2  70952 129767288 2134184 46893800    0    0 104048 91620 226105 1371906 31 44 25  0  0  0
114  8  70952 129766140 2134188 46893804    0    0 113344 53344 225157 1380081 31 45 24  1  0  0
 6  0  70952 129767484 2134188 46893820    0    0 83200 36240 227461 1401152 32 46 22  0  0  0
29  0  70952 129762692 2134188 46893824    0    0 81360 34008 227874 1409002 32 46 22  0  0  0
103  2  70952 129739912 2134192 46893836    0    0 84608 40032 226350 1399772 31 48 21  0  0  0
111  1  70952 129718064 2134192 46893856    0    0 123520 68912 222064 1373041 31 44 24  1  0  0
130  9  70952 129690800 2134192 46893876    0    0 112656 71412 234383 1361120 29 45 25  1  0  0
95  0  70952 129697076 2134192 46893912    0    0 110080 91712 220784 1328016 29 43 27  0  0  0
38  1  70952 129671608 2134192 46893924    0    0 128320 68612 220348 1366101 30 45 24  1  0  0
 3  0  70952 129677664 2134192 46894028    0    0 111648 89212 219846 1336395 29 44 27  1  0  0
329  0  70952 129689724 2134192 46894040    0    0 104816 82068 223869 1340123 29 44 27  0  0  0
181  0  70952 129691464 2134192 46894040    0    0 102496 72448 224049 1366606 28 46 26  0  0  0
65  7  70952 129689708 2134196 46894048    0    0 100448 59112 226192 1379445 31 45 24  0  0  0
85  0  70952 129694536 2134196 46894060    0    0 145296 86984 221698 1353945 29 43 27  1  0  0
15  0  70952 129678184 2134200 46894068    0    0 114080 75552 220812 1361313 30 44 25  1  0  0
56  1  70952 129671764 2134200 46894104    0    0 101232 58628 221533 1368152 31 44 25  0  0  0
procs -----------memory---------- ---swap-- -----io---- -system-- -------cpu-------
 r  b   swpd   free   buff  cache   si   so    bi    bo   in   cs us sy id wa st gu
23  0  70952 129651664 2134200 46894120    0    0 106576 64424 220758 1363602 31 44 25  1  0  0
86  0  70952 129645720 2134200 46894140    0    0 114032 64784 223082 1361164 31 44 25  1  0  0
101  0  70952 129649732 2134200 46894156    0    0 106912 71168 221522 1357924 30 44 25  0  0  0
108  1  70952 129659288 2134204 46894172    0    0 131120 77596 218926 1345299 30 44 26  1  0  0
48  9  70952 129660392 2134204 46894192    0    0 105952 71916 223972 1353144 30 44 25  0  0  0
 9  0  70952 129664636 2134204 46894200    0    0 100912 55920 222468 1386263 30 46 23  1  0  0
66  0  70952 129667504 2134204 46894208    0    0 100816 83124 224042 1372685 30 44 25  1  0  0
37  7  70952 129662152 2134204 46894216    0    0 96816 61848 225545 1373742 30 46 24  0  0  0
49  1  70952 129656592 2134204 46894228    0    0 118368 82436 224209 1349661 28 45 26  1  0  0
99  4  70952 129656064 2134204 46894236    0    0 92944 71200 225958 1365540 30 45 25  0  0  0
189  0  70952 129646276 2134204 46894248    0    0 125520 78520 223967 1366714 31 43 25  1  0  0
10  0  70952 129599500 2134208 46894268    0    0 87904 40796 225734 1380103 31 46 23  0  0  0
11  0  70952 129597556 2134208 46894284    0    0 68896 35340 222146 1396886 31 46 22  0  0  0
 8  0  70952 129600716 2134212 46894304    0    0 96720 74792 227954 1394964 31 47 22  0  0  0
110  0  70952 129593020 2134212 46894332    0    0 90576 58228 225416 1390634 30 47 23  0  0  0
62  0  70952 129590408 2134212 46894352    0    0 100016 53560 227800 1394675 31 47 22  0  0  0
218  0  70952 129596908 2134212 46894368    0    0 113392 65072 226883 1391267 31 45 23  1  0  0
68  5  70952 129601328 2134212 46894376    0    0 101664 53884 229081 1398416 30 47 23  1  0  0
77  3  70952 129599956 2134220 46894392    0    0 113936 73724 225799 1383822 31 45 24  1  0  0
104  0  70952 129604236 2134220 46894400    0    0 99008 66040 226945 1386391 32 44 24  0  0  0
69  0  70952 129584436 2134220 46894424    0    0 102752 54444 223612 1364097 30 45 25  0  0  0
procs -----------memory---------- ---swap-- -----io---- -system-- -------cpu-------
 r  b   swpd   free   buff  cache   si   so    bi    bo   in   cs us sy id wa st gu
102  0  70952 129571212 2134220 46894436    0    0 76304 34852 225567 1393746 32 46 21  0  0  0
24  0  70952 129570480 2134220 46894452    0    0 79216 42544 223173 1391436 32 46 22  0  0  0
 9  0  70952 129568976 2134220 46894472    0    0 76368 37852 223460 1394915 32 46 22  0  0  0
217  0  70952 129571704 2134220 46894496    0    0 81040 51892 224439 1392951 31 47 22  0  0  0
20  0  70952 129570912 2134220 46894516    0    0 121296 82088 222997 1358378 31 44 24  1  0  0
60  2  70952 129576816 2134220 46894524    0    0 83712 48480 225442 1383673 32 45 23  0  0  0
131  1  70952 129583952 2134220 46894532    0    0 73968 32876 226109 1398727 31 47 22  0  0  0
 7  0  70952 129588500 2134220 46894536    0    0 75248 42744 226235 1402758 32 45 22  0  0  0
 7  0  70952 129580516 2134220 46894548    0    0 79488 42660 229023 1403026 32 46 22  0  0  0
78  4  70952 129571856 2134220 46894556    0    0 136640 105576 223809 1341961 30 43 26  1  0  0
52  0  70952 129550632 2134220 46894576    0    0 107680 68156 225803 1357747 31 44 24  0  0  0
 9  0  70952 129541864 2134220 46894596    0    0 97776 53024 223873 1378826 32 44 23  0  0  0
117  0  70952 129543648 2134220 46894612    0    0 81328 32808 223925 1397557 31 46 22  0  0  0
246  0  70952 129531952 2134220 46894636    0    0 82144 38712 221587 1397318 32 45 22  0  0  0
84  8  70952 129538548 2134220 46894652    0    0 82688 42996 227740 1411239 32 45 23  0  0  0
217  0  70952 129548036 2134220 46894668    0    0 86048 45780 230997 1417584 31 46 22  0  0  0
 7  0  70952 129549424 2134220 46894676    0    0 87344 49956 233792 1420880 32 45 23  0  0  0
278  0  70952 129552708 2134220 46894684    0    0 101280 65424 236700 1410985 32 45 23  0  0  0
11  0  70952 129550044 2134220 46894696    0    0 86960 44724 235258 1422288 32 45 23  0  0  0
15  0  70952 129526968 2134220 46894708    0    0 103264 69052 232976 1408370 32 44 23  0  0  0
255  0  70952 129521304 2134220 46894728    0    0 98640 68652 231123 1395218 32 44 23  0  0  0
procs -----------memory---------- ---swap-- -----io---- -system-- -------cpu-------
 r  b   swpd   free   buff  cache   si   so    bi    bo   in   cs us sy id wa st gu
17  0  70952 129511656 2134220 46894748    0    0 146208 98624 217641 1321651 31 40 29  1  0  0
26  0  70952 129510556 2134220 46894772    0    0 103376 61260 224265 1400462 33 44 23  0  0  0
76  0  70952 129503368 2134228 46894796    0    0 114608 80168 222944 1386011 33 43 24  0  0  0
27  0  70952 129503684 2134228 46894816    0    0 112432 51132 225595 1401843 34 43 23  0  0  0
99  3  70952 129511492 2134228 46894816    0    0 114272 53968 227360 1408590 34 43 23  0  0  0
32  0  70952 129506552 2134232 46894824    0    0 117920 58632 225518 1407339 34 42 24  0  0  0
56  0  70952 129506712 2134232 46894836    0    0 131216 72088 227403 1410608 35 41 24  0  0  0
50  2  70952 129501208 2134236 46894856    0    0 144816 63924 227208 1409367 35 41 24  0  0  0
88  5  70952 129475144 2134236 46894876    0    0 143632 71536 234045 1398518 34 41 24  0  0  0
85  2  70952 129472620 2134236 46894896    0    0 153744 78036 224400 1402128 35 40 25  1  0  0
59  3  70952 129482020 2134240 46894916    0    0 148464 74488 224088 1401500 35 40 25  0  0  0
93  1  70952 129478312 2134240 46895000    0    0 151808 83600 222106 1381937 35 39 26  1  0  0
76 10  70952 129472832 2134244 46895020    0    0 141120 76216 224518 1399194 35 40 24  0  0  0
71  0  70952 129474780 2134244 46895040    0    0 120672 60292 227310 1398237 34 42 23  0  0  0
55  0  70952 129470260 2134244 46895040    0    0 121968 66644 228550 1401016 35 41 24  0  0  0
85  2  70952 129465788 2134244 46895048    0    0 112880 58176 229442 1398858 34 42 23  0  0  0
29  4  70952 129441408 2134244 46895060    0    0 121056 60468 228061 1394352 34 42 23  0  0  0
33  1  70952 129423156 2134244 46895088    0    0 110560 55436 226333 1390813 33 43 23  0  0  0
110  3  70952 129439632 2134244 46895108    0    0 100560 49748 226214 1388067 33 43 23  0  0  0
75  1  70952 129428720 2134244 46895132    0    0 103728 52872 224740 1388643 34 43 23  0  0  0
92  0  70952 129414504 2134244 46895148    0    0 107968 54304 223890 1388348 34 42 23  0  0  0
procs -----------memory---------- ---swap-- -----io---- -system-- -------cpu-------
 r  b   swpd   free   buff  cache   si   so    bi    bo   in   cs us sy id wa st gu
100  5  70952 129413848 2134244 46895164    0    0 110048 52576 224004 1389770 34 43 23  0  0  0
85  0  70952 129433428 2134244 46895180    0    0 104288 53012 225931 1393977 34 43 23  0  0  0
185  0  70952 129433124 2134244 46895192    0    0 170352 114364 222493 1306877 31 39 29  1  0  0
88  0  70952 129419868 2134244 46895208    0    0 169184 101880 222519 1310032 32 39 29  1  0  0
10  0  70952 129408976 2134244 46895228    0    0 124800 60188 224302 1368813 33 41 25  0  0  0
39  0  70952 129398776 2134244 46895248    0    0 142224 105912 223413 1348644 32 41 26  1  0  0
25  0  70952 129393112 2134244 46895264    0    0 164416 99388 220346 1310714 31 39 29  1  0  0
 8  0  70952 129376868 2134244 46895288    0    0 144208 76580 222066 1346411 31 41 27  1  0  0
126  9  70952 129376688 2134244 46895300    0    0 135232 56888 225494 1364269 32 42 26  1  0  0
181  0  70952 129376656 2134244 46895308    0    0 98960 36068 227878 1405780 33 45 23  0  0  0
59  0  70952 129376120 2134244 46895316    0    0 93296 47876 227814 1405746 33 44 23  0  0  0
189  0  70952 129380116 2134248 46895328    0    0 94560 48920 230855 1396063 32 45 23  0  0  0
86  9  70952 129362336 2134248 46895340    0    0 90496 37948 228104 1395923 32 45 22  0  0  0
23  4  70952 129349200 2134248 46895360    0    0 95696 61632 224410 1390922 32 45 23  0  0  0
100  0  70952 129322184 2134248 46895380    0    0 81120 29492 225281 1396988 32 46 22  0  0  0
26  5  70952 129331068 2134248 46895396    0    0 92816 54828 224226 1382927 32 44 24  0  0  0
195  0  70952 129341416 2134252 46895412    0    0 113104 77120 224642 1364339 32 44 24  1  0  0
60  5  70952 129342236 2134252 46895436    0    0 112576 91592 221616 1329822 28 44 27  1  0  0
 1  3  70952 129347120 2134252 46895448    0    0 117440 78872 222343 1351763 29 44 26  1  0  0
83  1  70952 129358564 2134252 46895456    0    0 108656 78412 222137 1357796 30 43 26  1  0  0
 8  0  70952 129357004 2134252 46895468    0    0 104672 71564 225308 1363489 29 45 26  0  0  0
procs -----------memory---------- ---swap-- -----io---- -system-- -------cpu-------
 r  b   swpd   free   buff  cache   si   so    bi    bo   in   cs us sy id wa st gu
108  0  70952 129352500 2134264 46895464    0    0 94128 64468 225819 1363349 30 46 24  0  0  0
145  0  70952 129334808 2134264 46895496    0    0 120944 79776 220712 1343329 29 44 26  1  0  0
 8  0  70952 129321844 2134264 46895516    0    0 150864 63760 220723 1350492 31 42 26  1  0  0
195  0  70952 129287592 2134264 46895536    0    0 111360 77808 221227 1369503 31 44 24  1  0  0
73  1  70952 129285508 2134264 46895560    0    0 124304 48400 220189 1363683 30 43 26  1  0  0
11  0  70952 129271148 2134264 46895580    0    0 83168 45544 223047 1401684 32 46 22  0  0  0
189  0  70952 129293000 2134264 46895600    0    0 90976 39640 222346 1406406 32 45 23  0  0  0
27  0  70952 129300120 2134264 46895612    0    0 102688 36512 226383 1416531 32 44 23  0  0  0
95  5  70952 129296976 2134264 46895620    0    0 101616 40148 226011 1412250 33 45 22  0  0  0
47  0  70952 129284804 2134264 46895628    0    0 119648 60192 224084 1399960 33 43 24  1  0  0
80  0  70952 129281996 2134268 46895648    0    0 112864 49212 225046 1407588 34 43 23  0  0  0
37  1  70952 129282576 2134268 46895672    0    0 114896 48532 225433 1406359 34 43 22  0  0  0
103  0  70952 129279756 2134268 46895692    0    0 109280 51480 221407 1401820 33 43 23  0  0  0
47  0  70952 129276148 2134268 46895708    0    0 111712 59200 220491 1400332 34 42 24  0  0  0
108  0  70952 129272060 2134268 46895732    0    0 104672 53540 223858 1398888 33 43 23  0  0  0
54  1  70952 129278312 2134268 46895740    0    0 104032 88908 225772 1397341 32 43 24  0  0  0
112  3  70952 129284988 2134268 46895748    0    0 129488 94020 221977 1366866 32 41 26  1  0  0
201  0  70952 129283768 2134268 46895760    0    0 108976 77948 222863 1375155 31 43 25  1  0  0
108  7  70952 129282560 2134268 46895768    0    0 82624 47056 225541 1410817 31 46 22  0  0  0
71  1  70952 129282552 2134268 46895776    0    0 86960 42204 224596 1413248 32 45 23  0  0  0
184  0  70952 129279536 2134272 46895780    0    0 98256 48556 224813 1416293 33 44 23  0  0  0
procs -----------memory---------- ---swap-- -----io---- -system-- -------cpu-------
 r  b   swpd   free   buff  cache   si   so    bi    bo   in   cs us sy id wa st gu
36  2  70952 129264704 2134272 46895800    0    0 108464 85768 222144 1394995 32 44 24  0  0  0
 7  0  70952 129253076 2134272 46895824    0    0 146208 89008 217941 1339818 31 41 28  1  0  0
 6  0  70952 129225820 2134272 46895840    0    0 135888 80360 221160 1353950 32 41 27  1  0  0
46  6  70952 129230064 2134272 46895860    0    0 129232 69196 218550 1351172 31 41 27  0  0  0
14  0  70952 129214156 2134280 46895868    0    0 129088 94048 219238 1320866 30 41 28  1  0  0
95  4  70952 129230208 2134280 46895896    0    0 92768 47876 224942 1404570 32 45 23  0  0  0
 9  0  70952 129229364 2134280 46895908    0    0 95408 46848 226816 1409538 32 45 23  0  0  0
33  2  70952 129228704 2134280 46895924    0    0 108992 73184 226601 1402783 33 44 23  1  0  0
178  1  70952 129233248 2134280 46895992    0    0 108096 61928 224613 1397530 32 44 24  0  0  0
128  0  70952 129238660 2134284 46896004    0    0 118448 52096 223695 1379199 32 43 25  0  0  0
33  0  70952 129227720 2134284 46896008    0    0 123984 68500 224508 1377531 31 43 25  1  0  0
42  6  70952 129205828 2134284 46896040    0    0 90768 32164 226480 1403830 32 45 22  0  0  0
118  0  70952 129177988 2134284 46896056    0    0 105424 66148 222260 1394727 32 45 23  1  0  0
93  8  70952 129163680 2134284 46896076    0    0 106912 97120 224559 1386578 33 44 23  0  0  0
 9  0  70952 129165188 2134292 46896088    0    0 161824 103300 219168 1325654 30 41 28  1  0  0
108  6  70952 129166352 2134292 46896116    0    0 152464 82988 220272 1350101 31 41 27  1  0  0
 6  0  70952 129171496 2134292 46896128    0    0 140544 89932 221413 1342108 30 41 28  1  0  0
81  1  70952 129175268 2134292 46896140    0    0 136800 69620 221776 1349373 31 40 28  1  0  0
26  0  70952 129178092 2134292 46896152    0    0 130096 93344 221115 1367853 32 40 27  1  0  0
11  0  70952 129171680 2134300 46896160    0    0 110096 44300 226502 1409167 33 43 23  0  0  0
39  0  70952 129170164 2134300 46896168    0    0 112864 43992 225925 1415767 33 43 23  0  0  0
procs -----------memory---------- ---swap-- -----io---- -system-- -------cpu-------
 r  b   swpd   free   buff  cache   si   so    bi    bo   in   cs us sy id wa st gu
62  6  70952 129170200 2134300 46896176    0    0 119376 50540 225102 1424648 35 41 24  0  0  0
80  0  70952 129170916 2134300 46896188    0    0 115056 49116 227317 1413276 34 43 23  0  0  0
56  6  70952 129148604 2134300 46896212    0    0 121456 51540 224373 1394301 32 44 23  1  0  0
 6  0  70952 129149708 2134300 46896228    0    0 116128 77012 223787 1381280 33 42 24  0  0  0
64  0  70952 129149920 2134300 46896248    0    0 98976 42908 223626 1400726 33 44 23  0  0  0
164  0  70952 129126604 2134300 46896268    0    0 107520 70312 223698 1384808 32 44 24  0  0  0
68  1  70952 129124812 2134300 46896288    0    0 95168 52176 225251 1402173 33 44 23  0  0  0
 7  0  70952 129133820 2134300 46896300    0    0 93680 64940 225642 1399707 33 44 23  0  0  0
72  1  70952 129136980 2134304 46896304    0    0 105600 75876 226682 1386674 32 44 24  0  0  0
93  1  70952 129134800 2134304 46896316    0    0 106016 61600 224512 1353705 30 44 26  0  0  0
 3  2  70952 129132828 2134304 46896336    0    0 112768 96892 223704 1355782 31 43 25  1  0  0
85  0  70952 129125572 2134304 46896360    0    0 115840 57736 222794 1360903 31 43 26  1  0  0
102  0  70952 129110888 2134304 46896376    0    0 76224 37964 223918 1397936 32 45 23  0  0  0
51  0  70952 129090560 2134308 46896396    0    0 78736 42000 222520 1396651 33 44 23  0  0  0
39  0  70952 129107572 2134308 46896416    0    0 86016 42868 222428 1396127 32 45 22  0  0  0
 6  0  70952 129112580 2134308 46896432    0    0 90064 40972 224356 1402459 32 45 22  0  0  0
62  3  70952 129115632 2134308 46896448    0    0 96816 40996 225496 1405786 33 44 23  0  0  0
48  0  70952 129120056 2134308 46896456    0    0 110352 62152 228203 1400590 32 44 23  0  0  0
 6  0  70952 129121184 2134308 46896472    0    0 130496 74760 224904 1360710 31 42 26  1  0  0
263  0  70952 129119176 2134308 46896484    0    0 137488 78364 222937 1342234 30 41 28  1  0  0
389  0  70952 129117312 2134308 46896496    0    0 141040 98400 222981 1328190 30 41 28  1  0  0
procs -----------memory---------- ---swap-- -----io---- -system-- -------cpu-------
 r  b   swpd   free   buff  cache   si   so    bi    bo   in   cs us sy id wa st gu
 3  0  70952 129094916 2134308 46896508    0    0 100288 61800 225333 1389939 33 43 24  0  0  0
212  0  70952 129074984 2134308 46896536    0    0 87088 44596 225482 1385372 32 45 23  0  0  0
106  2  70952 129070844 2134308 46896556    0    0 99616 96664 224058 1371673 32 43 24  1  0  0
 6  3  70952 129052572 2134308 46896576    0    0 103120 66176 222764 1354893 31 43 26  0  0  0
116  0  70952 129071496 2134308 46896592    0    0 101808 56912 224556 1363369 30 45 24  0  0  0
60  0  70952 129078936 2134308 46896608    0    0 105712 58124 224183 1360005 30 44 25  0  0  0
33  0  70952 129085744 2134308 46896624    0    0 118544 59920 225989 1376447 31 44 24  1  0  0
 5  0  70952 129089508 2134308 46896632    0    0 114448 82864 222127 1352882 30 42 27  1  0  0
51  3  70952 129091884 2134308 46896640    0    0 105120 69496 224199 1375487 30 44 25  0  0  0
127  0  70952 129089516 2134308 46896648    0    0 101408 60404 225890 1372805 31 44 25  0  0  0
43  1  70952 129086164 2134308 46896664    0    0 84064 33084 227342 1413483 31 46 22  0  0  0
18  2  70952 129083616 2134308 46896672    0    0 89888 33908 227180 1408972 31 46 22  0  0  0
15  0  70952 129079540 2134308 46896688    0    0 143696 83840 228149 1373135 30 43 25  1  0  0
89  0  70952 129058812 2134308 46896688    0    0 96672 58236 225674 1373836 31 44 24  0  0  0
95  0  70952 129043816 2134308 46896708    0    0 84480 31008 223770 1400521 31 46 22  0  0  0
18  0  70952 129032696 2134308 46896732    0    0 82416 32940 222994 1396773 32 46 22  0  0  0
226  8  70952 129032152 2134308 46896752    0    0 81792 39448 222065 1401233 33 45 22  0  0  0
 2  0  70952 129029604 2134308 46896772    0    0 88304 63224 223088 1392942 31 46 23  0  0  0
 6  0  70952 129015016 2134308 46896788    0    0 82432 43400 223391 1396007 31 46 22  0  0  0
185  0  70952 129029952 2134308 46896800    0    0 121248 97232 227439 1354008 29 44 27  1  0  0
67  2  70952 129029268 2134308 46896812    0    0 117056 60468 233809 1394278 31 43 25  1  0  0
procs -----------memory---------- ---swap-- -----io---- -system-- -------cpu-------
 r  b   swpd   free   buff  cache   si   so    bi    bo   in   cs us sy id wa st gu
 5  0  70952 129020956 2134308 46896820    0    0 140720 91932 230882 1355435 29 42 28  1  0  0
 8  0  70952 129021688 2134312 46896828    0    0 101696 75856 232843 1362605 29 43 27  0  0  0
49  6  70952 129016240 2134312 46896844    0    0 119056 80172 228158 1362103 30 43 27  1  0  0
317  0  70952 129001744 2134312 46896864    0    0 107088 68416 227508 1362104 30 44 25  1  0  0
53  1  70952 129003012 2134312 46896880    0    0 120832 70712 219911 1356434 30 44 25  1  0  0
48  1  70952 129014796 2134312 46896968    0    0 109952 59776 222144 1357491 30 44 25  1  0  0
101  5  70952 128998312 2134320 46896976    0    0 106320 66268 223333 1369927 31 44 25  1  0  0
78  0  70952 128995800 2134320 46897004    0    0 116688 75220 221973 1369315 30 45 25  1  0  0
288  0  70952 129003036 2134320 46897012    0    0 116800 70636 223479 1378639 30 44 25  1  0  0
27  0  70952 129005920 2134320 46897020    0    0 99488 69936 224580 1376079 29 45 25  0  0  0
46  0  70952 129005592 2134320 46897032    0    0 90304 53248 226593 1389164 30 46 24  0  0  0
39  0  70952 129007144 2134324 46897036    0    0 77488 33172 226369 1412291 31 46 22  0  0  0
73  3  70952 129003872 2134324 46897048    0    0 80848 31952 224965 1411103 31 46 23  0  0  0
10  0  70952 128977036 2134324 46897064    0    0 78256 34780 223336 1405467 31 46 22  0  0  0
37  0  70952 128974460 2134324 46897084    0    0 84752 47068 222104 1397771 32 45 23  0  0  0
27  0  70952 128969396 2134324 46897096    0    0 88912 50456 223051 1391767 31 45 23  0  0  0
 8  0  70952 128979052 2134328 46897116    0    0 94528 67128 223283 1381249 30 46 24  0  0  0
 7  0  70952 128963316 2134328 46897136    0    0 106224 65780 222332 1354079 30 45 25  0  0  0
86  0  70952 128949512 2134328 46897156    0    0 104800 77972 223408 1361434 31 44 25  0  0  0
70  0  70952 128953652 2134328 46897168    0    0 112928 71872 223502 1355317 30 43 26  1  0  0
90  0  70952 128956800 2134328 46897184    0    0 122848 95884 224132 1339861 31 42 27  1  0  0
procs -----------memory---------- ---swap-- -----io---- -system-- -------cpu-------
 r  b   swpd   free   buff  cache   si   so    bi    bo   in   cs us sy id wa st gu
 7  0  70952 128962704 2134336 46897188    0    0 77824 47516 226625 1410327 31 46 22  0  0  0
103  0  70952 128961524 2134336 46897204    0    0 84528 42252 226958 1407050 33 45 23  0  0  0
62  1  70952 128961196 2134336 46897212    0    0 91920 51564 228589 1399935 31 46 23  0  0  0
228  0  70952 128964080 2134336 46897224    0    0 86112 49492 228771 1410793 31 46 22  0  0  0
81  0  70952 128961872 2134336 46897232    0    0 82544 34884 228892 1405126 32 46 22  0  0  0
122  2  70952 128960412 2134340 46897248    0    0 102928 40752 222662 1392862 32 44 23  1  0  0
16  0  70952 128958244 2134340 46897276    0    0 88176 37140 225770 1395811 32 45 22  0  0  0
 6  0  70952 128948708 2134340 46897300    0    0 99280 42452 225284 1397192 33 44 22  0  0  0
157  0  70952 128942664 2134340 46897308    0    0 104928 46244 225345 1401732 33 43 23  0  0  0
101  8  70952 128956404 2134340 46897328    0    0 112784 59376 225268 1400119 34 43 23  0  0  0
55 11  70952 128974688 2134340 46897348    0    0 120352 53624 228312 1408085 33 43 23  0  0  0
19  0  70952 128974092 2134344 46897356    0    0 126208 70208 228684 1412440 34 42 24  0  0  0
55  0  70952 128973576 2134344 46897360    0    0 130240 59360 228879 1411724 34 42 24  0  0  0
26  0  70952 128967052 2134344 46897368    0    0 131968 70952 229931 1409796 34 42 24  0  0  0
150  0  70952 128963532 2134344 46897376    0    0 130864 67984 229427 1406655 34 42 24  0  0  0
44  4  70952 128962124 2134344 46897388    0    0 143680 73072 230789 1410534 35 41 24  0  0  0
18  0  70952 128942840 2134348 46897400    0    0 143040 76564 227222 1401478 35 40 24  0  0  0
58  0  70952 128944704 2134348 46897420    0    0 140144 74664 224329 1394146 35 40 25  0  0  0
89  0  70952 128940868 2134348 46897440    0    0 134976 67272 224645 1390793 35 41 24  0  0  0
75  2  70952 128932904 2134348 46897464    0    0 151104 80940 225489 1381545 35 40 25  1  0  0
33  0  70952 128928348 2134348 46897488    0    0 144688 95132 229296 1394639 35 40 24  0  0  0
procs -----------memory---------- ---swap-- -----io---- -system-- -------cpu-------
 r  b   swpd   free   buff  cache   si   so    bi    bo   in   cs us sy id wa st gu
40  3  70952 128919628 2134352 46897508    0    0 135568 80528 224781 1380286 33 42 25  1  0  0
12  0  70952 128919744 2134352 46897520    0    0 131984 79688 228215 1389523 34 40 25  1  0  0
106  0  70952 128919868 2134352 46897528    0    0 123856 61116 231347 1397989 33 42 24  0  0  0
91  2  70952 128913708 2134352 46897548    0    0 118576 60384 228340 1397673 34 41 24  0  0  0
82  1  70952 128912948 2134352 46897556    0    0 106736 67172 229040 1391761 35 42 23  0  0  0
 9  0  70952 128886636 2134360 46897576    0    0 96736 70352 222848 1368275 32 44 24  0  0  0
88  3  70952 128887248 2134360 46897596    0    0 120880 65632 222278 1342722 31 42 26  1  0  0
13  0  70952 128870348 2134360 46897616    0    0 79360 40016 223895 1395341 31 47 22  0  0  0
24  0  70952 128870628 2134360 46897628    0    0 88528 63704 222779 1382301 32 45 23  0  0  0
12  0  70952 128871956 2134360 46897648    0    0 131392 95860 221652 1346623 31 41 27  1  0  0
11  0  70952 128879564 2134360 46897660    0    0 109280 73676 224609 1379625 32 43 25  0  0  0
161  0  70952 128876008 2134360 46897668    0    0 95824 51456 226212 1408498 32 44 23  0  0  0
109  1  70952 128878820 2134360 46897676    0    0 101936 48560 228184 1408715 33 44 23  0  0  0
26  1  70952 128879368 2134360 46897684    0    0 127136 61804 227582 1407902 33 42 24  1  0  0
51  0  70952 128882704 2134360 46897728    0    0 155504 78968 222437 1348547 32 40 27  1  0  0
 8  0  70952 128872936 2134360 46897748    0    0 126480 57716 226443 1402951 34 41 24  0  0  0
213  0  70952 128879660 2134360 46897768    0    0 123216 74596 223615 1388073 33 43 24  1  0  0
 9  0  70952 128864272 2134360 46897784    0    0 113760 82616 223783 1390701 33 43 24  0  0  0
66  6  70952 128868848 2134360 46897808    0    0 100512 48380 224270 1403208 33 44 23  0  0  0
 2  4  70952 128857428 2134360 46897828    0    0 139824 98704 220508 1346760 31 41 27  1  0  0
47  1  70952 128872892 2134368 46897840    0    0 98944 44036 223616 1374808 31 44 24  0  0  0
procs -----------memory---------- ---swap-- -----io---- -system-- -------cpu-------
 r  b   swpd   free   buff  cache   si   so    bi    bo   in   cs us sy id wa st gu
40  2  70952 128875232 2134368 46897868    0    0 86272 39528 226486 1404919 32 46 23  0  0  0
23  0  70952 128871784 2134368 46897876    0    0 88816 46208 226593 1403092 32 45 23  0  0  0
77  4  70952 128873604 2134368 46897944    0    0 98752 72348 226591 1397090 32 45 23  0  0  0
41  0  70952 128873404 2134368 46897952    0    0 92800 56320 227335 1401213 32 45 23  0  0  0
100 17  70952 128871260 2134372 46897956    0    0 136352 93224 221890 1346634 31 41 28  1  0  0
61  0  70952 128865456 2134372 46897976    0    0 144064 64748 226469 1380575 32 42 25  1  0  0
42  2  70952 128868416 2134372 46897996    0    0 173120 96336 220297 1332103 32 38 29  1  0  0
118  1  70952 128848940 2134372 46898012    0    0 174016 108172 222221 1357517 33 38 28  1  0  0
86  4  70952 128837756 2134372 46898032    0    0 128752 73768 224768 1407102 35 41 24  0  0  0
27  0  70952 128844564 2134372 46898052    0    0 165584 88264 221220 1372158 33 40 26  1  0  0
33  0  70952 128864056 2134372 46898072    0    0 197920 94880 217056 1312725 32 37 30  1  0  0
110  0  70952 128864140 2134372 46898080    0    0 124096 45756 227148 1406851 34 42 23  0  0  0
77  2  70952 128863980 2134372 46898088    0    0 114192 56420 227842 1407318 33 43 23  0  0  0
35 13  70952 128862884 2134372 46898096    0    0 110640 60256 230779 1404803 34 42 24  0  0  0
 7  0  70952 128838148 2134372 46898112    0    0 104176 51016 224803 1396287 33 43 23  0  0  0
43  0  70952 128823228 2134372 46898140    0    0 93968 44256 224782 1395279 33 44 23  0  0  0
156  0  70952 128809048 2134372 46898168    0    0 93520 40016 224483 1393142 33 44 23  0  0  0
95  0  70952 128828504 2134372 46898184    0    0 130112 87492 223106 1362365 32 42 25  1  0  0
49 12  70952 128807880 2134372 46898208    0    0 117168 82748 222763 1343014 30 43 26  1  0  0
 8  0  70952 128791372 2134372 46898232    0    0 109936 55108 223068 1349756 29 44 26  1  0  0
69  0  70952 128788972 2134372 46898236    0    0 83184 41812 227598 1402867 31 45 23  0  0  0
procs -----------memory---------- ---swap-- -----io---- -system-- -------cpu-------
 r  b   swpd   free   buff  cache   si   so    bi    bo   in   cs us sy id wa st gu
 9  0  70952 128787248 2134372 46898240    0    0 91120 46296 225036 1409564 33 44 23  0  0  0
28  1  70952 128782808 2134372 46898252    0    0 94128 45768 228539 1412405 33 45 23  0  0  0
55  0  70952 128779796 2134372 46898260    0    0 100896 53596 226054 1405202 33 44 23  0  0  0
21  0  70952 128771556 2134380 46898264    0    0 101184 43760 226892 1400599 33 43 23  0  0  0
58  0  70952 128794660 2134380 46898292    0    0 108144 40196 224019 1396888 33 43 23  0  0  0
69  2  70952 128802852 2134380 46898312    0    0 95984 52780 224983 1401670 33 43 23  0  0  0
29  1  70952 128794412 2134380 46898332    0    0 144608 97480 220670 1335995 31 41 27  1  0  0
186  0  70952 128781976 2134380 46898348    0    0 119920 85252 221383 1325735 30 42 27  0  0  0
 5  0  70952 128776084 2134380 46898368    0    0 141744 90304 220554 1330240 30 42 27  1  0  0
15  8  70952 128788356 2134380 46898388    0    0 124880 83780 223327 1341168 30 43 27  1  0  0
116  1  70952 128792224 2134380 46898400    0    0 130336 88488 223236 1330412 30 41 27  1  0  0
 8  0  70952 128773264 2134392 46898412    0    0 124880 79372 221914 1338486 30 43 26  1  0  0
137  0  70952 128768048 2134392 46898444    0    0 116240 55828 222936 1367910 30 45 24  1  0  0
17  0  70952 128772876 2134392 46898452    0    0 115872 65004 223089 1352824 31 43 25  1  0  0
 6  0  70952 128752172 2134392 46898484    0    0 117152 69108 222346 1365008 30 45 24  1  0  0
149  0  70952 128771200 2134392 46898492    0    0 113952 65920 220906 1362647 30 44 26  1  0  0
38  0  70952 128781232 2134396 46898504    0    0 109872 61324 224270 1374511 32 43 25  1  0  0
210  0  70952 128781196 2134396 46898520    0    0 105760 62208 225173 1366755 30 45 25  0  0  0
90  1  70952 128781580 2134396 46898520    0    0 107616 60468 225511 1376217 30 45 25  0  0  0
48  6  70952 128785400 2134396 46898532    0    0 99888 61812 224917 1376122 30 45 25  0  0  0
122  0  70952 128769208 2134396 46898552    0    0 102944 63332 223242 1365907 30 45 25  0  0  0
procs -----------memory---------- ---swap-- -----io---- -system-- -------cpu-------
 r  b   swpd   free   buff  cache   si   so    bi    bo   in   cs us sy id wa st gu
36  0  70952 128756448 2134396 46898568    0    0 118176 68856 223165 1371279 29 46 24  1  0  0
123  0  70952 128735416 2134396 46898588    0    0 131872 73632 219955 1373773 31 44 25  1  0  0
68  1  70952 128731308 2134396 46898608    0    0 134480 72408 220047 1365921 30 44 25  1  0  0
129  1  70952 128732280 2134396 46898628    0    0 114192 69300 221378 1364631 30 45 25  1  0  0
152  0  70952 128750076 2134396 46898644    0    0 115856 67856 221300 1370142 30 44 26  1  0  0
64  0  70952 128754852 2134396 46898660    0    0 94528 43424 224708 1390030 30 46 23  0  0  0
25  0  70952 128757800 2134396 46898676    0    0 80560 32856 227253 1414930 32 46 22  0  0  0
62  0  70952 128754692 2134396 46898684    0    0 85056 52160 225351 1416083 32 45 23  0  0  0
61  0  70952 128766088 2134396 46898684    0    0 91168 42436 224382 1404475 32 44 23  0  0  0
22  0  70952 128767756 2134396 46898704    0    0 84176 35048 224668 1418040 32 46 23  0  0  0
 9  0  70952 128741244 2134396 46898704    0    0 86464 36068 222321 1407516 32 45 22  0  0  0
154  0  70952 128727588 2134400 46898724    0    0 96080 59980 221707 1393769 32 45 23  0  0  0
 7  0  70952 128735660 2134400 46898744    0    0 80720 55352 223593 1404014 32 45 23  0  0  0
25  5  70952 128718212 2134400 46898772    0    0 94496 52612 222448 1389846 32 44 23  1  0  0
38  1  70952 128717792 2134400 46898796    0    0 106512 91372 221580 1370740 31 44 25  1  0  0
40  8  70952 128726684 2134400 46898808    0    0 109312 80160 221191 1357281 30 43 26  1  0  0
85  8  70952 128736560 2134400 46898816    0    0 115504 74252 224075 1365011 30 44 25  1  0  0
196  0  70952 128747056 2134400 46898828    0    0 95984 73536 222935 1348426 29 44 26  0  0  0
87  0  70952 128742468 2134400 46898836    0    0 121008 81740 222424 1356081 29 44 27  1  0  0
55  0  70952 128747608 2134400 46898848    0    0 130624 81296 221535 1345115 30 43 27  1  0  0
229  0  70952 128744824 2134400 46898952    0    0 102880 70388 222061 1352952 30 43 27  0  0  0
procs -----------memory---------- ---swap-- -----io---- -system-- -------cpu-------
 r  b   swpd   free   buff  cache   si   so    bi    bo   in   cs us sy id wa st gu
197  0  70952 128746176 2134404 46898956    0    0 104480 62556 224531 1363569 30 44 26  0  0  0
242  0  70952 128730244 2134404 46898996    0    0 109392 56140 221503 1376650 31 45 24  1  0  0
226  0  70952 128719984 2134404 46899004    0    0 107360 62120 223033 1356675 32 43 25  1  0  0
54  0  70952 128712316 2134404 46899028    0    0 113680 75828 221329 1343216 30 43 26  1  0  0
40  2  70952 128699344 2134404 46899044    0    0 111856 68592 222073 1360402 30 45 25  1  0  0
55  0  70952 128692336 2134404 46899064    0    0 98336 57472 222041 1378382 32 44 23  1  0  0
30  0  70952 128707496 2134404 46899084    0    0 118592 81068 222592 1375992 31 44 24  1  0  0
98  0  70952 128713936 2134404 46899096    0    0 104848 67120 222931 1365353 31 44 25  0  0  0
178  0  70952 128713216 2134404 46899108    0    0 81088 35660 226602 1411262 31 47 22  0  0  0
89  0  70952 128710692 2134404 46899116    0    0 87296 35868 227663 1411728 31 47 22  0  0  0
53  1  70952 128708292 2134412 46899164    0    0 96448 37508 226296 1414318 32 44 23  0  0  0
58  5  70952 128717552 2134412 46899172    0    0 100592 45872 228056 1417318 34 43 23  0  0  0
29  1  70952 128724172 2134412 46899180    0    0 118336 45988 224767 1398397 32 44 24  0  0  0
139  0  70952 128724036 2134412 46899200    0    0 105472 47384 223020 1407551 33 44 22  0  0  0
 9  0  70952 128720340 2134412 46899220    0    0 129120 76888 225626 1399780 33 43 23  1  0  0
61  2  70952 128714412 2134412 46899248    0    0 130704 69860 223663 1403103 34 41 25  0  0  0
99  0  70952 128713984 2134412 46899260    0    0 148048 75168 223062 1410403 36 39 24  0  0  0
51  7  70952 128712632 2134412 46899284    0    0 172416 101848 224660 1413711 35 40 25  1  0  0
27  1  70952 128721076 2134412 46899308    0    0 161904 81740 225310 1418109 36 39 25  1  0  0
26  0  70952 128726264 2134412 46899316    0    0 137040 69652 233303 1426043 35 40 24  0  0  0
44  1  70952 128718360 2134412 46899328    0    0 119344 60228 235905 1420956 34 42 23  0  0  0
procs -----------memory---------- ---swap-- -----io---- -system-- -------cpu-------
 r  b   swpd   free   buff  cache   si   so    bi    bo   in   cs us sy id wa st gu
33  1  70952 128721020 2134412 46899336    0    0 118288 66592 235321 1421281 33 43 24  0  0  0
106  1  70952 128716876 2134412 46899344    0    0 125728 65080 226838 1407658 35 41 24  0  0  0
10  0  70952 128714392 2134412 46899356    0    0 144176 93648 225973 1389402 35 40 25  1  0  0
80  0  70952 128694420 2134412 46899380    0    0 155968 113056 224047 1366421 34 40 26  1  0  0
61  7  70952 128692472 2134412 46899400    0    0 136512 69444 224800 1399560 35 41 24  0  0  0
109  5  70952 128694428 2134412 46899424    0    0 162944 77924 224143 1404034 36 39 24  1  0  0
35  0  70952 128686668 2134412 46899436    0    0 210192 129700 223160 1352310 35 36 28  1  0  0
51  3  70952 128698628 2134412 46899460    0    0 254160 129664 219811 1280683 33 33 33  2  0  0
85  0  70952 128703332 2134412 46899472    0    0 187600 107816 222527 1306633 32 37 30  1  0  0
74  0  70952 128694128 2134416 46899476    0    0 108208 55620 227736 1396807 34 42 24  0  0  0
42  1  70952 128692608 2134416 46899492    0    0 102448 55356 228873 1402105 33 44 23  0  0  0
152  0  70952 128695608 2134416 46899500    0    0 99184 42532 228166 1400261 34 43 23  0  0  0
14  0  70952 128690512 2134416 46899508    0    0 121632 61100 228034 1395807 34 42 23  1  0  0
166  0  70952 128680428 2134416 46899528    0    0 119392 66992 223675 1380823 33 42 24  0  0  0
68  0  70952 128661904 2134416 46899548    0    0 102016 39800 225278 1393061 33 44 23  0  0  0
69  0  70952 128646996 2134416 46899564    0    0 140592 89080 225096 1359593 33 42 25  1  0  0
46  7  70952 128657576 2134416 46899584    0    0 158480 84716 221193 1329019 31 39 29  1  0  0
90  9  70952 128665620 2134416 46899604    0    0 118720 57532 228736 1394801 34 43 23  0  0  0
85  1  70952 128674456 2134416 46899632    0    0 132864 64432 229320 1406288 35 41 24  0  0  0
156  0  70952 128673788 2134420 46899628    0    0 151344 70344 231038 1415286 35 40 24  0  0  0
82  0  70952 128669188 2134420 46899644    0    0 173040 90784 231753 1405401 37 38 25  1  0  0
procs -----------memory---------- ---swap-- -----io---- -system-- -------cpu-------
 r  b   swpd   free   buff  cache   si   so    bi    bo   in   cs us sy id wa st gu
31  1  70952 128666220 2134420 46899660    0    0 187136 86892 225514 1393235 36 37 26  1  0  0
140  0  70952 128656464 2134420 46899680    0    0 152256 76344 224828 1393140 35 40 25  0  0  0
47  0  70952 128647472 2134420 46899704    0    0 130016 68700 224526 1395708 34 41 24  0  0  0
146  0  70952 128632804 2134424 46899716    0    0 106464 54808 223272 1393807 33 42 24  0  0  0
62  8  70952 128625384 2134424 46899740    0    0 92560 50344 223445 1394963 33 43 24  0  0  0
24  0  70952 128626644 2134424 46899756    0    0 130880 92424 225083 1343601 31 42 26  1  0  0
264  0  70952 128631616 2134424 46899764    0    0 104656 75784 227956 1344634 31 43 26  0  0  0
23  2  70952 128628820 2134424 46899780    0    0 116048 89768 225275 1336243 30 43 27  1  0  0
329  0  70952 128624248 2134424 46899804    0    0 100576 72500 225363 1342474 30 43 26  0  0  0
173  0  70952 128611840 2134424 46899812    0    0 125664 90516 220296 1324661 30 41 27  1  0  0
 7  3  70952 128619496 2134424 46899836    0    0 118720 72768 221867 1346103 30 44 26  1  0  0
72  0  70952 128606440 2134424 46899848    0    0 114208 70160 220170 1354903 30 43 26  0  0  0
 7  0  70952 128621104 2134424 46899864    0    0 93440 37152 221389 1387243 32 45 23  0  0  0
 8  0  70952 128616304 2134424 46899888    0    0 87104 38728 223643 1406124 32 46 22  0  0  0
165  0  70952 128620112 2134424 46899904    0    0 131296 81704 222545 1365238 31 43 25  1  0  0
 2  2  70952 128628996 2134424 46899912    0    0 120720 65096 223041 1375166 31 43 25  0  0  0
30  1  70952 128634096 2134424 46899920    0    0 129136 77980 224736 1377641 30 44 25  1  0  0
31  0  70952 128638344 2134424 46899996    0    0 138832 79000 222029 1364603 30 43 27  1  0  0
258  0  70952 128635204 2134432 46900008    0    0 79376 50420 226086 1399051 31 46 23  0  0  0
246  0  70952 128636328 2134432 46900016    0    0 103168 85652 225937 1377002 30 45 25  1  0  0
29  1  70952 128615300 2134432 46900024    0    0 110064 75336 222442 1355376 31 43 25  1  0  0
procs -----------memory---------- ---swap-- -----io---- -system-- -------cpu-------
 r  b   swpd   free   buff  cache   si   so    bi    bo   in   cs us sy id wa st gu
15  1  70952 128582960 2134432 46900044    0    0 110192 66180 221379 1360671 30 45 25  1  0  0
124 10  70952 128582056 2134432 46900060    0    0 106000 62892 221844 1370159 29 46 25  0  0  0
135  0  70952 128580264 2134440 46900072    0    0 115312 74524 218727 1335898 30 43 27  1  0  0
39  1  70952 128599724 2134440 46900108    0    0 98944 61156 221470 1365671 31 43 25  0  0  0
 7  0  70952 128599160 2134440 46900116    0    0 109808 71196 223432 1363584 30 44 25  1  0  0
47  5  70952 128606548 2134440 46900140    0    0 105776 69172 223781 1367601 31 43 26  0  0  0
35  1  70952 128606524 2134440 46900148    0    0 102640 61232 225840 1371084 30 45 25  0  0  0
51  0  70952 128611428 2134444 46900160    0    0 104176 65064 225329 1367078 30 45 24  0  0  0
131  0  70952 128616120 2134444 46900172    0    0 104560 61144 225079 1379936 31 44 25  0  0  0
113  0  70952 128615288 2134444 46900180    0    0 111088 67420 224024 1377838 31 44 25  1  0  0
25  0  70952 128596836 2134444 46900196    0    0 101584 70004 223234 1374785 30 45 24  0  0  0
255  0  70952 128569404 2134444 46900216    0    0 98448 73700 221446 1353237 29 45 26  0  0  0
53  1  70952 128566364 2134452 46900232    0    0 104240 68740 221849 1371356 29 46 24  0  0  0
135  1  70952 128519048 2134452 46900256    0    0 92880 58184 230030 1386419 30 46 23  0  0  0
74  2  70952 128534676 2134452 46900276    0    0 153456 87856 224080 1348813 30 44 26  1  0  0
176  0  70952 128489988 2134452 46900296    0    0 120848 64980 219788 1381700 31 44 24  1  0  0
133  0  70952 128488960 2134452 46900304    0    0 77936 37012 225667 1414956 32 45 22  0  0  0
171  0  70952 128499604 2134452 46900316    0    0 100400 38836 224205 1412405 32 44 23  0  0  0
206  0  70952 128517216 2134452 46900324    0    0 122464 45836 229167 1426832 34 44 22  0  0  0
124  0  70952 128518620 2134452 46900336    0    0 135456 56736 226972 1433163 33 43 24  0  0  0
33  8  70952 128523108 2134452 46900344    0    0 162656 62436 230360 1436140 35 40 24  0  0  0
procs -----------memory---------- ---swap-- -----io---- -system-- -------cpu-------
 r  b   swpd   free   buff  cache   si   so    bi    bo   in   cs us sy id wa st gu
52  1  70952 128504388 2134452 46900356    0    0 166864 73440 227763 1424174 36 39 25  1  0  0
131  4  70952 128500512 2134456 46900368    0    0 148880 80640 221539 1416246 35 40 25  1  0  0
59  2  70952 128462720 2134456 46900396    0    0 125872 69556 222479 1406349 34 42 24  0  0  0
62  0  70952 128467084 2134456 46900416    0    0 125648 77428 219063 1386538 33 40 26  1  0  0
94  1  70952 128509728 2134456 46900432    0    0 107824 54636 220535 1402107 33 42 24  0  0  0
43  3  70952 128486696 2134456 46900452    0    0 117536 91168 226509 1394959 33 42 24  0  0  0
95  4  70952 128504848 2134460 46900460    0    0 106816 55220 234069 1426481 33 43 23  0  0  0
88  4  70952 128511916 2134460 46900476    0    0 108352 52444 232751 1422856 34 42 24  0  0  0
47  3  70952 128525984 2134460 46900492    0    0 110112 65684 234007 1421444 33 43 24  0  0  0
14  0  70952 128511000 2134460 46900500    0    0 113200 63200 222636 1402918 34 42 24  0  0  0
27  0  70952 128502588 2134460 46900516    0    0 118016 56152 223637 1394400 34 43 23  0  0  0
14  0  70952 128503248 2134460 46900548    0    0 129584 88984 222859 1386217 33 41 25  1  0  0
88  2  70952 128481192 2134460 46900564    0    0 126288 61440 223812 1399635 35 41 24  0  0  0
115  0  70952 128492512 2134460 46900576    0    0 137856 84232 224314 1385270 34 40 25  1  0  0
44 13  70952 128491232 2134460 46900604    0    0 146208 104468 226914 1391003 34 40 25  1  0  0
27  9  70952 128497764 2134460 46900604    0    0 219936 111856 222101 1294401 31 36 32  1  0  0
117  0  70952 128496480 2134460 46900616    0    0 131888 66288 228473 1403948 35 41 24  0  0  0
57  2  70952 128514080 2134460 46900628    0    0 119840 65460 228520 1401192 33 42 24  0  0  0
132  0  70952 128517860 2134460 46900636    0    0 163216 104680 223645 1348595 33 38 28  1  0  0
33  1  70952 128506192 2134460 46900644    0    0 258240 133044 223247 1294777 31 36 31  3  0  0
79  0  70952 128492280 2134460 46900664    0    0 217680 106548 221216 1311454 33 36 29  2  0  0
procs -----------memory---------- ---swap-- -----io---- -system-- -------cpu-------
 r  b   swpd   free   buff  cache   si   so    bi    bo   in   cs us sy id wa st gu
109  1  70952 128477964 2134460 46900680    0    0 160064 103368 223625 1373480 34 38 27  1  0  0
175  0  70952 128467796 2134460 46900704    0    0 185760 100504 221955 1373734 34 39 26  1  0  0
49  2  70952 128468808 2134460 46900724    0    0 135008 62092 225542 1404094 35 41 23  0  0  0
21  1  70952 128482824 2134460 46900756    0    0 119568 63116 225076 1388306 34 42 24  0  0  0
 6  0  70952 128475572 2134460 46900768    0    0 101088 70332 227837 1388711 32 43 24  0  0  0
51  3  70952 128490420 2134460 46900776    0    0 114704 88364 227624 1372532 31 43 25  1  0  0
78  0  70952 128508708 2134460 46900788    0    0 104160 70608 228073 1373250 31 44 25  0  0  0
470  0  70952 128489036 2134460 46900796    0    0 114080 74812 224783 1344537 30 43 27  0  0  0
96  0  70952 128487552 2134460 46900812    0    0 118800 79512 221138 1344413 31 43 26  1  0  0
15  0  70952 128495484 2134460 46900836    0    0 108688 77640 222211 1333249 30 43 26  1  0  0
314  0  70952 128474636 2134464 46900848    0    0 107008 71500 224208 1349741 29 45 25  0  0  0
91  0  70952 128473888 2134464 46900880    0    0 86624 50444 223779 1371530 30 46 23  0  0  0
 5  0  70952 128454200 2134464 46900900    0    0 79968 66572 222537 1383903 31 46 23  0  0  0
215  0  70952 128469292 2134464 46900916    0    0 152720 81700 222010 1356344 31 42 26  1  0  0
37  1  70952 128479840 2134464 46900988    0    0 118736 60920 226210 1376675 30 45 24  1  0  0
 4  0  70952 128489508 2134468 46900992    0    0 94224 64160 225118 1359811 30 45 25  0  0  0
12  0  70952 128475152 2134468 46901004    0    0 97104 69476 225001 1384979 31 45 23  1  0  0
209  0  70952 128485848 2134468 46901016    0    0 98864 67964 224220 1369928 30 44 26  0  0  0
174  0  70952 128470664 2134468 46901028    0    0 112080 85420 224736 1370308 30 45 25  1  0  0
 6  0  70952 128483808 2134468 46901052    0    0 113392 60320 221006 1377012 30 45 24  1  0  0
68  0  70952 128484684 2134468 46901072    0    0 100112 80936 226259 1387440 30 47 23  1  0  0
procs -----------memory---------- ---swap-- -----io---- -system-- -------cpu-------
 r  b   swpd   free   buff  cache   si   so    bi    bo   in   cs us sy id wa st gu
69  1  70952 128466532 2134468 46901088    0    0 107888 31952 227014 1383378 30 47 22  1  0  0
138  0  70952 128444676 2134468 46901108    0    0 71744 39764 226825 1400469 31 48 21  0  0  0
117  0  70952 128437220 2134468 46901128    0    0 86720 53356 228773 1392801 32 46 22  0  0  0
495  0  70952 128451804 2134468 46901140    0    0 113088 66440 228613 1386948 32 44 23  1  0  0
119  0  70952 128457644 2134472 46901144    0    0 85680 52304 229364 1398047 31 46 23  0  0  0
52  0  70952 128464688 2134472 46901152    0    0 103056 60680 228355 1390860 31 45 23  1  0  0
94  2  70952 128462076 2134472 46901164    0    0 111088 70652 227387 1380962 30 46 24  1  0  0
389  0  70952 128462656 2134472 46901172    0    0 110400 63408 230304 1386097 30 46 23  1  0  0
149  0  70952 128473240 2134472 46901180    0    0 91712 57236 229134 1390289 30 47 23  0  0  0
101  0  70952 128476704 2134472 46901196    0    0 93168 56260 228061 1391709 31 46 22  0  0  0
11  0  70952 128472504 2134472 46901220    0    0 92432 59900 228555 1383064 32 46 22  0  0  0
68  3  70952 128459096 2134472 46901248    0    0 87424 50916 228130 1387190 31 47 22  0  0  0
111  0  70952 128461616 2134472 46901264    0    0 91952 50700 229166 1386043 31 46 22  0  0  0
36 10  70952 128443724 2134472 46901280    0    0 103936 57984 225725 1384445 32 45 23  0  0  0
27  0  70952 128464496 2134472 46901296    0    0 84848 46456 226194 1383010 30 47 23  0  0  0
63  5  70952 128460704 2134472 46901304    0    0 74048 56372 227317 1408831 31 47 22  0  0  0
43  1  70952 128466568 2134472 46901324    0    0 127584 60904 227112 1387977 30 46 23  1  0  0
256  0  70952 128437272 2134472 46901348    0    0 114048 73648 222282 1367786 31 44 24  1  0  0
42  0  70952 128438180 2134472 46901360    0    0 81328 60028 226317 1382590 30 47 23  0  0  0
36  1  70952 128445268 2134476 46901376    0    0 109008 56052 226241 1384040 31 45 24  1  0  0
96  6  70952 128455820 2134476 46901400    0    0 95584 56880 226302 1386324 31 46 23  0  0  0
procs -----------memory---------- ---swap-- -----io---- -system-- -------cpu-------
 r  b   swpd   free   buff  cache   si   so    bi    bo   in   cs us sy id wa st gu
343  0  70952 128463940 2134476 46901424    0    0 102016 58428 225933 1387994 31 45 23  0  0  0
84 15  70952 128473584 2134476 46901432    0    0 102624 67296 226852 1384044 31 45 24  0  0  0
95  0  70952 128479392 2134476 46901456    0    0 97456 44016 226117 1401736 31 45 24  0  0  0
77  5  70952 128481508 2134480 46901452    0    0 110016 49792 233376 1418246 32 44 24  0  0  0
123  0  70952 128482028 2134480 46901464    0    0 135184 56384 226492 1430513 34 42 24  0  0  0
129  1  70952 128449708 2134480 46901476    0    0 170288 70204 226144 1427145 36 40 24  1  0  0
89  0  70952 128472168 2134480 46901500    0    0 191584 92888 225387 1422060 36 39 25  1  0  0
35  5  70952 128473876 2134480 46901520    0    0 183728 87748 224111 1415629 37 38 25  1  0  0
72  3  70952 128448836 2134484 46901532    0    0 164864 83520 224977 1412262 36 38 26  1  0  0
56  0  70952 128430272 2134484 46901556    0    0 181504 90196 222323 1410454 36 39 25  1  0  0
106  4  70952 128432864 2134484 46901576    0    0 177456 95896 223330 1411891 36 38 25  1  0  0
53  1  70952 128444180 2134484 46901592    0    0 155824 83340 221473 1415885 36 38 25  1  0  0
138  1  70952 128444196 2134484 46901608    0    0 130848 79880 220989 1403223 34 40 25  0  0  0
76  5  70952 128458224 2134488 46901624    0    0 126608 82584 220920 1392599 33 41 25  0  0  0
59  0  70952 128446152 2134488 46901644    0    0 113632 58828 221502 1402877 33 42 24  0  0  0
80  0  70952 128434160 2134488 46901664    0    0 121296 67424 223252 1395870 34 42 24  0  0  0
46  1  70952 128429336 2134488 46901684    0    0 110224 56920 223194 1401171 33 43 23  0  0  0
58  1  70952 128458584 2134488 46901708    0    0 112288 57928 224197 1405325 34 42 23  0  0  0
106  2  70952 128468844 2134492 46901712    0    0 109520 52968 225841 1410727 33 43 23  0  0  0
 5  0  70952 128477580 2134492 46901720    0    0 112768 62388 226381 1392320 32 43 24  1  0  0
101  0  70952 128476732 2134492 46901728    0    0 91296 40220 228240 1408017 32 45 22  0  0  0
procs -----------memory---------- ---swap-- -----io---- -system-- -------cpu-------
 r  b   swpd   free   buff  cache   si   so    bi    bo   in   cs us sy id wa st gu
129  1  70952 128472648 2134492 46901744    0    0 88944 55692 226750 1406568 32 46 23  0  0  0
18  0  70952 128466696 2134492 46901752    0    0 94832 51064 225634 1403052 32 45 23  0  0  0
69 13  70952 128473352 2134496 46901756    0    0 95504 47756 227426 1401124 33 44 22  0  0  0
102  0  70952 128450060 2134496 46901776    0    0 117808 88444 223700 1362630 30 44 25  1  0  0
12  0  70952 128440052 2134496 46901800    0    0 141648 91760 219254 1327502 29 43 27  1  0  0
 7  0  70952 128443820 2134496 46901816    0    0 118208 81924 220337 1337471 30 43 27  1  0  0
89  0  70952 128473044 2134496 46901836    0    0 152576 94056 221284 1336115 30 41 27  1  0  0
126  4  70952 128444216 2134500 46901852    0    0 122064 77772 219359 1350031 31 42 27  1  0  0
43  1  70952 128430376 2134500 46901868    0    0 115680 78532 223487 1378704 32 43 25  1  0  0
30  1  70952 128435304 2134500 46901876    0    0 104448 43056 227784 1414183 33 44 23  0  0  0
63  1  70952 128442240 2134500 46901888    0    0 111376 42936 226336 1414940 34 43 23  0  0  0
12  3  70952 128440504 2134500 46901968    0    0 115408 48724 227521 1414303 34 42 23  0  0  0
26  4  70952 128430036 2134500 46901980    0    0 111408 51472 225016 1400724 33 43 23  0  0  0
157  0  70952 128427732 2134500 46902000    0    0 111264 58780 222486 1391340 33 43 23  0  0  0
33  0  70952 128436780 2134500 46902016    0    0 91184 38360 225072 1396087 32 45 23  0  0  0
141  0  70952 128437404 2134500 46902040    0    0 109904 79536 225431 1369532 32 43 24  1  0  0
66  1  70952 128418092 2134500 46902052    0    0 120160 103208 219466 1337788 31 41 27  1  0  0
42  0  70952 128414868 2134504 46902068    0    0 91888 49880 222386 1352222 31 44 25  0  0  0
56  0  70952 128418404 2134504 46902092    0    0 95216 89656 226556 1379980 30 46 24  1  0  0
55 11  70952 128427204 2134504 46902092    0    0 103648 73176 225559 1363031 29 45 25  0  0  0
46  4  70952 128438504 2134504 46902100    0    0 137520 91712 222507 1337513 30 42 27  1  0  0
procs -----------memory---------- ---swap-- -----io---- -system-- -------cpu-------
 r  b   swpd   free   buff  cache   si   so    bi    bo   in   cs us sy id wa st gu
72  2  70952 128430596 2134504 46902116    0    0 112768 58488 221480 1350997 31 44 25  1  0  0
 5  0  70952 128409776 2134508 46902140    0    0 70192 37696 222220 1395136 32 46 22  0  0  0
108  0  70952 128420052 2134508 46902160    0    0 79184 29608 224606 1399449 31 46 22  0  0  0
232  0  70952 128438332 2134508 46902180    0    0 80704 25640 224259 1400781 32 46 22  0  0  0
77  0  70952 128428004 2134508 46902200    0    0 96144 50264 223432 1395485 32 45 23  0  0  0
58  0  70952 128420872 2134508 46902220    0    0 76048 44832 225178 1402275 31 47 22  0  0  0
298  0  70952 128427952 2134508 46902228    0    0 96448 71532 224910 1394941 32 44 23  0  0  0
23  0  70952 128432600 2134508 46902236    0    0 83472 37128 228474 1406103 33 44 22  0  0  0
51  0  70952 128433964 2134508 46902248    0    0 89200 35532 226269 1398249 31 46 23  0  0  0
36  1  70952 128431792 2134508 46902260    0    0 90480 71232 228006 1400646 31 46 23  0  0  0
10  0  70952 128429568 2134508 46902272    0    0 120768 97280 222040 1335090 30 43 27  1  0  0
40  0  70952 128403856 2134508 46902292    0    0 98528 75528 224805 1343131 30 44 26  0  0  0
203  0  70952 128411576 2134508 46902308    0    0 104192 62208 220333 1352463 30 45 25  0  0  0
115  0  70952 128423760 2134508 46902328    0    0 103072 80608 220369 1340550 30 43 26  0  0  0
232  0  70952 128416956 2134508 46902344    0    0 91664 61876 221323 1341804 30 44 26  0  0  0
80  0  70952 128399840 2134508 46902368    0    0 102160 56280 223312 1352891 29 45 25  0  0  0
67  2  70952 128403080 2134512 46902384    0    0 112192 69036 224683 1366792 30 44 25  1  0  0
51  0  70952 128408036 2134512 46902396    0    0 120960 75180 226603 1382443 31 44 24  1  0  0
 7  0  70952 128405520 2134512 46902408    0    0 72096 24412 226715 1412039 31 47 22  0  0  0
68  0  70952 128411108 2134512 46902416    0    0 78672 28844 227361 1417068 31 47 21  0  0  0
93  1  70952 128409216 2134512 46902428    0    0 77728 28364 227349 1412753 31 47 22  0  0  0
procs -----------memory---------- ---swap-- -----io---- -system-- -------cpu-------
 r  b   swpd   free   buff  cache   si   so    bi    bo   in   cs us sy id wa st gu
10  0  70952 128414612 2134512 46902436    0    0 90320 70460 226434 1401133 31 46 23  0  0  0
139  0  70952 128407620 2134512 46902452    0    0 122704 82252 222609 1367020 30 45 24  1  0  0
10  0  70952 128405560 2134512 46902472    0    0 106208 57400 222273 1372059 30 45 25  0  0  0
 7  0  70952 128433412 2134512 46902492    0    0 84896 62452 225742 1386628 30 46 23  0  0  0
145  1  70952 128407012 2134512 46902516    0    0 81056 42908 224525 1403892 32 46 22  0  0  0
 7  0  70952 128408536 2134512 46902532    0    0 131056 97748 219943 1348693 29 44 26  1  0  0
70  5  70952 128392500 2134512 46902548    0    0 116032 68072 225636 1364320 31 44 25  1  0  0
108  0  70952 128412164 2134512 46902556    0    0 105456 67460 227076 1371893 30 45 24  0  0  0
127  0  70952 128414604 2134512 46902560    0    0 110832 54548 229336 1395102 30 45 24  0  0  0
48  6  70952 128414376 2134512 46902572    0    0 112464 60656 227459 1395721 32 44 24  0  0  0
111  3  70952 128395248 2134512 46902584    0    0 109088 77412 228031 1364659 30 44 25  0  0  0
100  0  70952 128397148 2134512 46902600    0    0 84448 44420 222928 1380957 31 45 24  0  0  0
138  0  70952 128424608 2134512 46902616    0    0 78128 32964 224062 1392633 31 47 22  0  0  0
191  0  70952 128415756 2134512 46902636    0    0 74624 29156 226179 1398207 31 47 22  0  0  0
76  2  70952 128390076 2134512 46902652    0    0 96224 87360 226565 1397000 31 46 22  1  0  0
199  0  70952 128387592 2134512 46902676    0    0 128624 76880 222560 1348278 29 45 25  1  0  0
53  4  70952 128404880 2134512 46902696    0    0 90576 71696 227002 1393423 32 45 22  0  0  0
 9  0  70952 128405448 2134512 46902704    0    0 120528 53072 227361 1380266 32 44 24  1  0  0
95  0  70952 128406960 2134512 46902712    0    0 131392 72736 228024 1374363 32 43 25  1  0  0
94 12  70952 128396896 2134512 46902724    0    0 121664 107304 226828 1365897 31 43 26  1  0  0
84  0  70952 128406676 2134512 46902736    0    0 140608 52900 223898 1359760 31 42 26  1  0  0
procs -----------memory---------- ---swap-- -----io---- -system-- -------cpu-------
 r  b   swpd   free   buff  cache   si   so    bi    bo   in   cs us sy id wa st gu
43  0  70952 128430844 2134512 46902756    0    0 109696 45632 226312 1406169 33 44 23  0  0  0
154  0  70952 128412408 2134512 46902772    0    0 127776 57672 228029 1405520 34 43 23  0  0  0
133  1  70952 128398452 2134512 46902792    0    0 132096 54164 227778 1413726 34 42 23  0  0  0
57  7  70952 128385920 2134512 46902808    0    0 134144 56176 235964 1423952 34 42 23  0  0  0
70  3  70952 128403436 2134512 46902828    0    0 138384 59804 234101 1420344 35 41 24  0  0  0
115  2  70952 128419008 2134512 46902840    0    0 129040 58576 227783 1409822 34 42 23  0  0  0
94  4  70952 128423256 2134512 46902848    0    0 123456 63952 229583 1410056 34 42 24  0  0  0
90  0  70952 128431200 2134512 46902856    0    0 120096 62856 226915 1404422 34 42 24  0  0  0
28  0  70952 128413388 2134512 46902936    0    0 128608 67084 225594 1398411 34 41 24  0  0  0
87  0  70952 128403552 2134512 46902960    0    0 124080 61260 223547 1395480 34 42 24  0  0  0
59  3  70952 128391468 2134512 46902976    0    0 123680 66380 225671 1394465 34 41 24  0  0  0
89  1  70952 128406224 2134512 46903000    0    0 124192 65476 227399 1391164 34 41 24  0  0  0
93  0  70952 128378140 2134512 46903020    0    0 121936 62552 225329 1394930 34 42 23  0  0  0
81  0  70952 128387160 2134512 46903044    0    0 120976 60444 226778 1395622 34 41 24  0  0  0
205  0  70952 128401740 2134516 46903064    0    0 134800 66484 229248 1404706 35 40 25  0  0  0
41  2  70952 128402600 2134516 46903080    0    0 153296 79120 230658 1409465 35 40 25  1  0  0
118  3  70952 128411148 2134516 46903092    0    0 141392 74176 229598 1405718 35 40 24  0  0  0
12  0  70952 128399580 2134516 46903104    0    0 130064 62664 228119 1396192 35 42 23  0  0  0
50  1  70952 128393328 2134516 46903124    0    0 116816 79136 225077 1380040 33 42 24  0  0  0
191  0  70952 128394312 2134516 46903148    0    0 138240 100328 224853 1341080 32 41 26  1  0  0
84  2  70952 128392640 2134516 46903168    0    0 181376 111512 219742 1304125 31 38 30  1  0  0
procs -----------memory---------- ---swap-- -----io---- -system-- -------cpu-------
 r  b   swpd   free   buff  cache   si   so    bi    bo   in   cs us sy id wa st gu
34  0  70952 128395216 2134516 46903184    0    0 197072 118768 220291 1293398 31 37 31  1  0  0
51  4  70952 128382100 2134516 46903200    0    0 228800 147388 219851 1277288 32 34 32  2  0  0
130  3  70952 128385100 2134516 46903212    0    0 177440 75408 225626 1351516 33 38 28  1  0  0
37  5  70952 128380200 2134516 46903220    0    0 135072 77120 229427 1396960 34 41 25  1  0  0
41  1  70952 128376480 2134516 46903232    0    0 121216 52248 228654 1402678 34 42 23  0  0  0
43  0  70952 128374152 2134516 46903240    0    0 114400 45804 227448 1405699 33 43 23  0  0  0
 5  0  70952 128376936 2134516 46903252    0    0 116096 70680 226674 1385372 33 43 24  0  0  0
49  0  70952 128390392 2134516 46903272    0    0 99904 42636 225911 1392279 33 44 23  0  0  0
209  0  70952 128399084 2134516 46903292    0    0 147728 89408 222457 1331487 30 42 27  1  0  0
64  0  70952 128380632 2134520 46903316    0    0 122512 78240 223775 1335493 30 43 27  1  0  0
30  1  70952 128368676 2134520 46903332    0    0 96512 54940 224663 1368531 30 46 24  1  0  0
70  5  70952 128354836 2134520 46903352    0    0 66560 38120 223283 1395968 31 47 22  0  0  0
126  0  70952 128365260 2134520 46903368    0    0 73312 35884 226923 1397189 31 47 22  0  0  0
 7  0  70952 128367504 2134520 46903376    0    0 93088 82904 227569 1386458 32 44 24  0  0  0
48  1  70952 128373256 2134524 46903388    0    0 104928 75396 223710 1353735 31 43 26  0  0  0
88  1  70952 128377200 2134524 46903396    0    0 119744 77640 224659 1348393 30 44 26  1  0  0
99  0  70952 128369716 2134524 46903416    0    0 96704 59192 226527 1381643 30 45 24  0  0  0
287  0  70952 128367780 2134528 46903416    0    0 100672 60408 227006 1377091 30 45 24  0  0  0
70  0  70952 128373000 2134528 46903440    0    0 123760 83248 218980 1343357 30 43 27  1  0  0
60  1  70952 128386168 2134528 46903460    0    0 93184 62636 221048 1356395 31 44 25  0  0  0
138  0  70952 128371904 2134528 46903480    0    0 93632 50600 223967 1375733 30 46 23  1  0  0
procs -----------memory---------- ---swap-- -----io---- -system-- -------cpu-------
 r  b   swpd   free   buff  cache   si   so    bi    bo   in   cs us sy id wa st gu
 6  0  70952 128362288 2134528 46903496    0    0 113024 79496 223742 1365266 31 45 24  1  0  0
36  9  70952 128366656 2134528 46903516    0    0 106816 56492 221475 1364300 31 44 24  1  0  0
47  4  70952 128373060 2134528 46903528    0    0 84880 63540 225106 1380941 30 45 24  0  0  0
 6  0  70952 128381428 2134528 46903540    0    0 92624 35296 227489 1376668 31 45 24  0  0  0
40  0  70952 128379164 2134528 46903552    0    0 102848 94632 225557 1375997 31 44 25  1  0  0
234  0  70952 128381252 2134528 46903560    0    0 115840 61732 227885 1382768 30 46 23  1  0  0
64  0  70952 128376188 2134528 46903572    0    0 106768 75776 224956 1362815 30 45 25  1  0  0
360  0  70952 128371428 2134528 46903580    0    0 105936 45464 224774 1368270 29 46 25  1  0  0
204  0  70952 128361832 2134528 46903588    0    0 87744 76308 227466 1389096 30 46 23  0  0  0
13  0  70952 128355520 2134528 46903612    0    0 99120 81188 221744 1360874 30 45 24  1  0  0
335  0  70952 128352412 2134528 46903632    0    0 84160 42588 224141 1369436 31 46 23  0  0  0
58  0  70952 128370840 2134528 46903648    0    0 111968 53472 227756 1379561 30 47 22  1  0  0
 6  0  70952 128362556 2134528 46903668    0    0 61568 25112 224161 1394275 31 48 21  0  0  0
14  0  70952 128361536 2134528 46903684    0    0 102080 90228 227455 1395145 31 47 22  1  0  0
12  0  70952 128353304 2134528 46903700    0    0 83344 49796 230942 1398057 30 48 22  0  0  0
 9  0  70952 128360404 2134528 46903708    0    0 88816 51296 230708 1402759 30 47 22  0  0  0
28  0  70952 128360692 2134528 46903720    0    0 97136 39284 228154 1388058 30 46 24  0  0  0
41  0  70952 128360056 2134528 46903728    0    0 68048 36564 227832 1411512 31 47 22  0  0  0
73  2  70952 128359948 2134528 46903736    0    0 72768 28900 226059 1407766 31 47 22  0  0  0
 9  0  70952 128348128 2134528 46903748    0    0 76160 32664 222409 1396441 31 47 22  0  0  0
 8  0  70952 128355664 2134528 46903768    0    0 77152 41236 223263 1401465 31 46 22  0  0  0
procs -----------memory---------- ---swap-- -----io---- -system-- -------cpu-------
 r  b   swpd   free   buff  cache   si   so    bi    bo   in   cs us sy id wa st gu
42  1  70952 128372724 2134528 46903788    0    0 82960 41032 223734 1403257 32 46 22  0  0  0
54  2  70952 128380916 2134528 46903804    0    0 87888 44560 223576 1399920 32 45 22  0  0  0
68  0  70952 128373152 2134528 46903824    0    0 95056 42808 222602 1399906 32 45 23  0  0  0
168  0  70952 128355464 2134528 46903848    0    0 98368 48396 222946 1399962 33 44 23  0  0  0
15  0  70952 128345860 2134532 46903860    0    0 104928 49996 225771 1412443 33 43 23  0  0  0
83  9  70952 128356452 2134532 46903992    0    0 105408 52780 224560 1407173 33 44 23  0  0  0
56  0  70952 128362612 2134532 46903968    0    0 106960 58616 226880 1411739 33 43 23  0  0  0
224  0  70952 128363972 2134532 46903976    0    0 113680 61360 227122 1412386 33 43 23  0  0  0
170  0  70952 128361692 2134532 46903988    0    0 125712 81484 227930 1400797 33 43 24  0  0  0
44  0  70952 128370484 2134532 46904004    0    0 129424 88960 224503 1388571 32 43 24  1  0  0
43  0  70952 128357516 2134532 46904024    0    0 124752 68644 224771 1403829 34 41 24  0  0  0
44  1  70952 128360164 2134532 46904044    0    0 130704 66128 224898 1400607 34 41 24  0  0  0
160  0  70952 128358536 2134532 46904060    0    0 145744 76592 223872 1387192 34 40 25  1  0  0
75 17  70952 128365632 2134532 46904088    0    0 194816 122260 223730 1292961 32 35 32  1  0  0
73  0  70952 128364632 2134532 46904116    0    0 139744 65332 235853 1426362 35 41 24  0  0  0
111  0  70952 128376160 2134532 46904128    0    0 116784 57988 237842 1422945 34 42 23  0  0  0
31  0  70952 128371692 2134532 46904140    0    0 109008 61512 236943 1417574 33 42 24  0  0  0
84  0  70952 128369924 2134532 46904148    0    0 99136 63604 238786 1413646 32 45 23  0  0  0
73  1  70952 128366160 2134532 46904160    0    0 124080 72316 236379 1378356 31 44 25  1  0  0
 6  5  70952 128363688 2134532 46904168    0    0 120864 62664 234382 1374196 31 42 26  0  0  0
135  0  70952 128353388 2134536 46904180    0    0 102672 61732 234584 1392326 31 45 24  0  0  0
procs -----------memory---------- ---swap-- -----io---- -system-- -------cpu-------
 r  b   swpd   free   buff  cache   si   so    bi    bo   in   cs us sy id wa st gu
32  0  70952 128357952 2134536 46904200    0    0 86064 45668 232802 1411185 32 45 23  0  0  0
90  4  70952 128372240 2134536 46904220    0    0 97984 46800 232096 1416550 33 44 23  0  0  0
13 10  70952 128354796 2134536 46904240    0    0 102624 50376 228532 1408288 33 44 23  0  0  0
47  1  70952 128341368 2134536 46904260    0    0 106976 56980 225381 1393425 33 44 23  0  0  0
150  0  70952 128354216 2134536 46904280    0    0 133808 91704 226535 1385448 32 43 24  1  0  0
11  0  70952 128342428 2134536 46904292    0    0 144400 58724 224009 1360946 32 40 27  1  0  0
72  4  70952 128341776 2134536 46904296    0    0 108368 47572 229097 1405713 33 43 23  0  0  0
82  9  70952 128353212 2134536 46904304    0    0 105184 54396 228908 1404414 34 43 23  0  0  0
86  0  70952 128347424 2134536 46904320    0    0 100032 57620 226034 1397779 33 43 23  0  0  0
176  4  70952 128349644 2134536 46904340    0    0 100448 69660 226635 1382947 33 44 23  0  0  0
41  2  70952 128344952 2134536 46904356    0    0 109728 101232 224823 1357907 31 44 25  1  0  0
203  0  70952 128344616 2134536 46904376    0    0 121168 73732 224683 1331299 31 42 27  1  0  0
154  0  70952 128339900 2134536 46904392    0    0 112752 64280 224740 1352220 31 44 25  0  0  0
453  0  70952 128343184 2134536 46904416    0    0 109616 76128 226517 1344117 30 45 25  1  0  0
 3  0  70952 128354396 2134536 46904424    0    0 107136 72792 225773 1350744 30 43 26  1  0  0
 7  0  70952 128353832 2134536 46904432    0    0 121168 78432 225333 1346367 30 44 26  1  0  0
75  7  70952 128347628 2134536 46904440    0    0 96976 63028 226645 1372632 31 44 24  0  0  0
102  6  70952 128342492 2134536 46904448    0    0 115440 69388 226482 1358960 30 44 25  1  0  0
 7  0  70952 128355008 2134536 46904468    0    0 98912 57532 224428 1360994 31 45 24  0  0  0
92  2  70952 128341700 2134544 46904480    0    0 94032 52972 225486 1369267 32 44 24  0  0  0
49  0  70952 128352440 2134544 46904504    0    0 94736 62756 224937 1378326 31 45 24  0  0  0
procs -----------memory---------- ---swap-- -----io---- -system-- -------cpu-------
 r  b   swpd   free   buff  cache   si   so    bi    bo   in   cs us sy id wa st gu
27  6  70952 128310416 2134544 46904524    0    0 115680 64376 222338 1379930 31 44 24  1  0  0
12  0  70952 128332120 2134544 46904540    0    0 110896 76988 220666 1351714 29 45 26  1  0  0
302  0  70952 128322908 2134544 46904564    0    0 105344 68572 222513 1373487 30 45 25  0  0  0
82  1  70952 128328560 2134544 46904572    0    0 102464 67772 225092 1379927 30 45 24  1  0  0
43  1  70952 128336072 2134544 46904580    0    0 109328 63200 222571 1390885 31 45 24  1  0  0
46  0  70952 128346900 2134544 46904588    0    0 125104 77812 222025 1356315 30 43 26  1  0  0
391  0  70952 128332932 2134544 46904612    0    0 85840 56196 226385 1373754 29 47 23  0  0  0
 7  0  70952 128346952 2134544 46904636    0    0 117920 69144 222865 1378185 32 44 24  1  0  0
93 10  70952 128350208 2134544 46904656    0    0 113392 69080 222302 1384699 29 46 24  1  0  0
146  0  70952 128335368 2134544 46904676    0    0 125648 66408 223405 1379940 30 45 24  1  0  0
44  1  70952 128343696 2134544 46904700    0    0 109600 72040 221821 1369971 30 45 24  1  0  0
61  5  70952 128340212 2134544 46904712    0    0 116688 56228 225254 1383627 32 43 24  1  0  0
234  0  70952 128349192 2134544 46904720    0    0 72048 30700 225625 1403803 30 47 22  0  0  0
 9  0  70952 128348384 2134544 46904732    0    0 80784 43816 226667 1403163 30 47 22  0  0  0
39  0  70952 128346200 2134544 46904740    0    0 93584 95260 230025 1406929 32 46 22  1  0  0
10  0  70952 128345976 2134544 46904748    0    0 93872 29420 224554 1388537 30 46 24  0  0  0
21  0  70952 128342272 2134544 46904756    0    0 92048 82156 228853 1409522 32 46 22  0  0  0
 6  0  70952 128343544 2134544 46904764    0    0 97824 31820 227760 1391057 31 46 23  0  0  0
28  0  70952 128345296 2134548 46904772    0    0 71488 30996 226522 1407295 32 46 22  0  0  0
55  0  70952 128351524 2134548 46904792    0    0 81232 36500 222269 1398081 31 46 22  0  0  0
 7  0  70952 128350860 2134548 46904808    0    0 85312 37024 222336 1405592 32 45 22  0  0  0
procs -----------memory---------- ---swap-- -----io---- -system-- -------cpu-------
 r  b   swpd   free   buff  cache   si   so    bi    bo   in   cs us sy id wa st gu
137  0  70952 128349304 2134548 46904828    0    0 97168 49592 221751 1402362 32 45 23  0  0  0
111  0  70952 128360000 2134548 46904844    0    0 115904 92268 222713 1394467 33 42 24  0  0  0
14  0  70952 128332752 2134548 46904936    0    0 127696 55680 225380 1413171 34 43 23  0  0  0
32  0  70952 128344552 2134548 46904952    0    0 139056 65376 228290 1426805 34 42 24  0  0  0
134  0  70952 128352152 2134548 46904960    0    0 149744 74632 227364 1432694 36 40 24  0  0  0
104  0  70952 128351772 2134548 46904968    0    0 176512 87468 227878 1422379 36 39 25  1  0  0
72  7  70952 128353236 2134548 46904976    0    0 179488 97836 227000 1419087 36 39 25  1  0  0
51  2  70952 128358908 2134552 46904992    0    0 154880 78696 226900 1419485 35 39 25  1  0  0
89  0  70952 128357012 2134552 46905004    0    0 172528 94028 236425 1422251 35 38 25  1  0  0
11  2  70952 128354916 2134552 46905012    0    0 168608 86156 236368 1430864 37 38 24  1  0  0
65  0  70952 128362996 2134552 46905020    0    0 159888 89624 236300 1437235 36 39 25  1  0  0
88  0  70952 128357584 2134552 46905028    0    0 121328 64764 234320 1428228 34 42 24  0  0  0
135  4  70952 128351436 2134552 46905040    0    0 128496 60816 234289 1427309 35 41 24  0  0  0
82  4  70952 128344420 2134552 46905048    0    0 143808 79248 228296 1412182 35 40 24  0  0  0
 7  0  70952 128337648 2134552 46905056    0    0 142896 87460 229046 1399389 34 41 25  1  0  0
120  0  70952 128342188 2134552 46905064    0    0 133408 69120 228833 1407411 34 41 24  0  0  0
12  0  70952 128334036 2134552 46905068    0    0 129280 65144 227310 1400820 34 43 23  0  0  0
40  3  70952 128320808 2134552 46905092    0    0 113728 49396 225377 1394762 33 43 23  0  0  0
92  0  70952 128325332 2134552 46905116    0    0 105008 56748 223166 1395116 33 43 23  0  0  0
172  0  70952 128342828 2134552 46905132    0    0 111632 72060 221258 1373506 33 43 24  0  0  0
34  6  70952 128340004 2134552 46905152    0    0 148432 87588 221958 1338023 31 42 26  1  0  0
procs -----------memory---------- ---swap-- -----io---- -system-- -------cpu-------
 r  b   swpd   free   buff  cache   si   so    bi    bo   in   cs us sy id wa st gu
61  0  70952 128331932 2134552 46905172    0    0 91520 69924 224412 1388800 32 44 23  0  0  0
41  0  70952 128333472 2134556 46905184    0    0 95168 45864 226871 1395988 33 44 23  0  0  0
12  0  70952 128332784 2134556 46905204    0    0 108016 79640 227775 1390496 32 43 24  0  0  0
106  1  70952 128331828 2134556 46905212    0    0 158544 87792 225197 1317378 30 41 28  1  0  0
99  0  70952 128331664 2134556 46905220    0    0 149712 88448 224889 1337802 31 40 28  1  0  0
87  0  70952 128334592 2134556 46905228    0    0 104016 47100 227093 1398129 33 43 24  0  0  0
84  1  70952 128338560 2134556 46905248    0    0 102128 44428 227808 1395053 33 45 22  0  0  0
88  4  70952 128349020 2134556 46905276    0    0 128288 94064 224013 1336632 32 41 27  0  0  0
225  0  70952 128332692 2134556 46905292    0    0 115200 72256 224945 1352375 31 43 25  0  0  0
32  0  70952 128357000 2134556 46905312    0    0 127200 72332 226942 1375089 32 43 24  1  0  0
77  4  70952 128348960 2134556 46905328    0    0 140368 56604 223087 1352295 32 42 26  1  0  0
 5  0  70952 128351924 2134556 46905344    0    0 99248 47292 229482 1397135 32 44 23  0  0  0
58  0  70952 128346168 2134556 46905352    0    0 88640 47864 228661 1396401 33 44 23  0  0  0
100  0  70952 128345016 2134556 46905360    0    0 97024 82388 228315 1394750 31 45 23  0  0  0
108  0  70952 128347372 2134556 46905368    0    0 134560 47792 224859 1365074 32 42 26  1  0  0
21  1  70952 128333924 2134556 46905380    0    0 78768 56188 224452 1390697 31 46 23  0  0  0
131  1  70952 128316888 2134556 46905400    0    0 79088 39224 223275 1393249 32 45 23  0  0  0
31  0  70952 128319308 2134556 46905424    0    0 122320 73484 222246 1359731 31 43 25  1  0  0
19  3  70952 128329992 2134556 46905448    0    0 104592 72708 224072 1344015 30 44 25  0  0  0
233  0  70952 128331784 2134556 46905464    0    0 112208 85756 221777 1328283 30 43 26  1  0  0
136  0  70952 128333680 2134556 46905480    0    0 96848 64548 225414 1381104 32 44 23  1  0  0
procs -----------memory---------- ---swap-- -----io---- -system-- -------cpu-------
 r  b   swpd   free   buff  cache   si   so    bi    bo   in   cs us sy id wa st gu
132  0  70952 128337412 2134556 46905492    0    0 128704 66676 224621 1369164 30 44 25  1  0  0
304  0  70952 128341220 2134556 46905508    0    0 97008 69236 226812 1370501 30 44 25  0  0  0
147  0  70952 128343192 2134556 46905516    0    0 105328 79628 225406 1353788 29 45 25  1  0  0
23 18  70952 128338444 2134556 46905524    0    0 109072 56588 224518 1372476 31 45 24  1  0  0
 8  0  70952 128354704 2134556 46905540    0    0 103776 54844 224771 1364504 30 46 24  1  0  0
 5  0  70952 128337684 2134556 46905560    0    0 96912 54360 223697 1374063 30 46 23  0  0  0
45  3  70952 128344716 2134556 46905580    0    0 124640 83724 222876 1352214 30 44 25  1  0  0
169  0  70952 128318552 2134556 46905596    0    0 98016 64896 223466 1364126 32 43 25  0  0  0
123  1  70952 128306464 2134556 46905620    0    0 89024 39436 222746 1382998 30 47 23  1  0  0
50  1  70952 128306604 2134556 46905636    0    0 100976 83108 224660 1373100 30 45 24  1  0  0
 2  0  70952 128302364 2134560 46905640    0    0 81360 44340 227743 1395550 31 46 22  0  0  0
 6  0  70952 128304652 2134560 46905656    0    0 64080 27496 228688 1407196 30 48 21  0  0  0
129  0  70952 128305872 2134560 46905664    0    0 82912 79328 227816 1400649 31 46 23  0  0  0
237  0  70952 128305168 2134560 46905672    0    0 118704 71152 225899 1374997 30 44 24  1  0  0
95  0  70952 128308104 2134560 46905680    0    0 115648 57272 225161 1370596 30 44 24  1  0  0
348  0  70952 128307616 2134564 46905684    0    0 99072 76180 228352 1403430 31 46 22  1  0  0
27 20  70952 128325736 2134564 46905700    0    0 97872 59716 225845 1389131 31 45 23  0  0  0
51  0  70952 128332916 2134564 46905724    0    0 96656 58272 225025 1379436 31 46 23  0  0  0
110  0  70952 128327832 2134564 46905748    0    0 92272 63288 224332 1370926 30 46 23  0  0  0
124  0  70952 128332412 2134564 46905764    0    0 98640 37200 224379 1371831 31 46 23  0  0  0
 9  0  70952 128316252 2134564 46905844    0    0 69168 27340 224043 1400258 31 48 21  0  0  0
procs -----------memory---------- ---swap-- -----io---- -system-- -------cpu-------
 r  b   swpd   free   buff  cache   si   so    bi    bo   in   cs us sy id wa st gu
 6  0  70952 128327168 2134564 46905864    0    0 94880 78252 229275 1403776 31 47 22  0  0  0
13  0  70952 128333936 2134564 46905880    0    0 103536 56172 228145 1402752 31 46 23  1  0  0
292  0  70952 128340132 2134564 46905888    0    0 95984 58432 228212 1394473 30 46 23  0  0  0
 4  0  70952 128342640 2134564 46905900    0    0 95280 58304 229522 1387413 30 47 23  0  0  0
29  0  70952 128333776 2134564 46905908    0    0 92160 59120 228495 1376013 31 46 23  0  0  0
164  0  70952 128337784 2134564 46905924    0    0 85632 46552 226139 1395155 31 47 22  0  0  0
79  0  70952 128321500 2134564 46905948    0    0 71712 30208 224798 1398426 32 46 22  0  0  0
85  0  70952 128334608 2134564 46905964    0    0 80368 56944 222902 1388497 31 45 23  0  0  0
68  0  70952 128319044 2134564 46905984    0    0 120480 63380 222988 1376754 30 45 25  1  0  0
166  0  70952 128335656 2134568 46906000    0    0 96064 85724 227702 1403834 31 47 22  0  0  0
45  6  70952 128332456 2134568 46906024    0    0 91488 30424 228060 1391994 31 46 22  0  0  0
25  0  70952 128331900 2134568 46906040    0    0 114176 83364 229054 1387111 29 47 23  1  0  0
 8  0  70952 128335596 2134568 46906052    0    0 93456 53544 227652 1386776 31 45 24  0  0  0
256  0  70952 128335604 2134568 46906060    0    0 102672 71340 226370 1375692 31 44 25  0  0  0
166  1  70952 128337584 2134568 46906068    0    0 90608 52776 226191 1370895 31 45 24  0  0  0
356  0  70952 128309520 2134568 46906088    0    0 104080 56028 225569 1385274 31 45 24  0  0  0
12  0  70952 128320208 2134568 46906116    0    0 105184 44064 225932 1376855 31 45 24  1  0  0
143  0  70952 128327188 2134568 46906136    0    0 91376 73768 224919 1401196 32 46 22  0  0  0
13 24  70952 128335744 2134568 46906152    0    0 106528 34872 226677 1398408 30 47 22  0  0  0
31  7  70952 128323928 2134568 46906172    0    0 90608 58120 226101 1381542 29 47 23  0  0  0
20  0  70952 128325392 2134568 46906188    0    0 97200 63072 227628 1398055 31 45 23  0  0  0
procs -----------memory---------- ---swap-- -----io---- -system-- -------cpu-------
 r  b   swpd   free   buff  cache   si   so    bi    bo   in   cs us sy id wa st gu
52  3  70952 128322956 2134568 46906200    0    0 102752 71844 227450 1393643 31 46 23  1  0  0
118  0  70952 128328296 2134568 46906204    0    0 116224 53868 224112 1398833 30 45 24  1  0  0
 9  0  70952 128323812 2134568 46906212    0    0 99584 49100 227364 1411598 32 45 23  0  0  0
134  1  70952 128318316 2134568 46906220    0    0 90288 41996 224693 1409208 32 45 23  0  0  0
17  0  70952 128329220 2134568 46906244    0    0 103024 52140 221665 1410167 33 43 23  0  0  0
110  0  70952 128342624 2134568 46906264    0    0 113216 53024 221630 1415839 33 43 23  0  0  0
50  0  70952 128335636 2134568 46906288    0    0 136496 67708 224877 1419546 34 42 23  0  0  0
55  3  70952 128342844 2134568 46906304    0    0 153616 84376 222067 1409825 33 41 25  1  0  0
79  1  70952 128339688 2134568 46906324    0    0 151024 68764 222775 1423571 35 40 24  0  0  0
34  1  70952 128327228 2134568 46906340    0    0 145680 77280 222882 1427802 34 40 25  0  0  0
29  0  70952 128326124 2134568 46906348    0    0 142064 77916 232763 1435699 34 40 25  0  0  0
67  5  70952 128324096 2134568 46906360    0    0 153440 81708 228127 1428833 35 39 25  1  0  0
108  0  70952 128326192 2134568 46906372    0    0 161600 76452 223557 1419652 36 39 25  1  0  0
26  3  70952 128328248 2134572 46906380    0    0 138448 73392 220825 1408863 35 39 25  0  0  0
30  4  70952 128325048 2134572 46906408    0    0 144912 69804 221169 1404747 35 40 24  0  0  0
81  4  70952 128329976 2134572 46906428    0    0 143824 67576 221473 1404657 36 39 25  0  0  0
164  0  70952 128319860 2134572 46906452    0    0 123264 96464 223483 1387474 33 42 24  1  0  0
47  0  70952 128319140 2134572 46906472    0    0 103616 51624 220773 1395556 33 43 24  0  0  0
74  4  70952 128315708 2134576 46906492    0    0 109392 55900 222267 1399139 33 43 24  0  0  0
48  1  70952 128309220 2134576 46906504    0    0 108944 63000 235146 1407478 34 42 24  0  0  0
96  0  70952 128348820 2134576 46906516    0    0 103168 52652 231914 1400924 33 43 24  0  0  0
procs -----------memory---------- ---swap-- -----io---- -system-- -------cpu-------
 r  b   swpd   free   buff  cache   si   so    bi    bo   in   cs us sy id wa st gu
232  0  70952 128656688 2134576 46906304    0    0 120816 69656 247811 1391896 34 41 24  0  0  0
15  0  70952 131509672 2134576 46906316    0    0 185728 174796 456700 1069622 29 33 37  1  0  0
