procs -----------memory---------- ---swap-- -----io---- -system-- -------cpu-------
 r  b   swpd   free   buff  cache   si   so    bi    bo   in   cs us sy id wa st gu
 4  0  66112 75475960 2424764 73043848    0    1 29190 28747 7112    5  3  1 96  0  0  0
98  0  66112 73905224 2424764 73043932    0    0     0 320184 365657 482580 10 15 75  0  0  0
196  0  66112 72619824 2424764 73043948    0    0     0 274040 763822 929326 52 43  5  0  0  0
241  0  66112 72345380 2424764 73043964    0    0     0 571432 339027 1645732 76 20  4  0  0  0
273  0  66112 72066712 2424764 73043976    0    0     0 467040 329362 1567310 74 20  5  0  0  0
248  0  66112 71875688 2424764 73043996    0    0     0 468064 277418 1599330 74 21  5  0  0  0
139  0  66112 71762580 2424764 73044016    0    0     0 465424 344750 1603147 73 21  6  0  0  0
200  0  66112 71739500 2424764 73044032    0    0     0 466700 272278 1623644 73 20  6  0  0  0
190  0  66112 71713788 2424764 73044048    0    0     0 469948 296601 1625018 73 21  6  0  0  0
148  0  66112 71707472 2424764 73044064    0    0     0 470248 274687 1623006 73 20  7  0  0  0
288  0  66112 71687604 2424764 73044080    0    0     0 469240 272018 1617211 74 20  5  0  0  0
160  0  66112 71682144 2424764 73044108    0    0     0 470136 270652 1620238 74 20  6  0  0  0
236  0  66112 71660216 2424764 73044124    0    0     0 470564 272151 1640755 74 20  6  0  0  0
104  0  66112 71646600 2424764 73044132    0    0     0 475408 277185 1644066 75 20  6  0  0  0
173  0  66112 71654036 2424764 73044144    0    0     0 472248 275692 1626238 74 20  6  0  0  0
165  0  66112 71632952 2424764 73044160    0    0     0 472972 276436 1617489 74 20  6  0  0  0
236  0  66112 71632412 2424764 73044184    0    0     0 468900 271449 1631306 73 20  6  0  0  0
233  0  66112 71635872 2424764 73044200    0    0     0 475156 274701 1628023 74 21  6  0  0  0
142  0  66112 71637744 2424764 73044216    0    0     0 470400 274369 1636288 74 20  6  0  0  0
261  0  66112 71642420 2424764 73044232    0    0     0 470144 268206 1600774 74 20  6  0  0  0
228  0  66112 71656636 2424764 73044248    0    0     0 467640 266942 1600834 73 20  6  0  0  0
procs -----------memory---------- ---swap-- -----io---- -system-- -------cpu-------
 r  b   swpd   free   buff  cache   si   so    bi    bo   in   cs us sy id wa st gu
217  0  66112 71661596 2424764 73044272    0    0     0 468576 269168 1608300 73 20  6  0  0  0
169  0  66112 71647144 2424764 73044292    0    0     0 421184 264356 1600989 74 20  6  0  0  0
238  0  66112 71643340 2424764 73044308    0    0     0 420312 265398 1599539 73 20  6  0  0  0
233  0  66112 71629244 2424764 73044324    0    0     0 418604 264302 1602508 73 21  7  0  0  0
250  0  66112 71628268 2424764 73044340    0    0     0 420620 263192 1627173 73 20  7  0  0  0
162  0  66112 71602192 2424776 73044348    0    0     0 428920 267328 1607465 74 20  6  0  0  0
248  0  66112 71616392 2424776 73044368    0    0     0 421308 262421 1603444 73 20  7  0  0  0
152  0  66112 71615336 2424776 73044388    0    0     0 424652 281986 1577051 74 20  6  0  0  0
240  0  66112 71624936 2424776 73044404    0    0     0 426984 266290 1592853 73 20  6  0  0  0
184  0  66112 71552680 2424776 73044428    0    0     0 424276 263009 1586734 73 20  6  0  0  0
221  0  66112 71545880 2424776 73044448    0    0     0 425012 262580 1599879 73 20  7  0  0  0
229  0  66112 71549796 2424776 73044468    0    0     0 430284 264354 1586020 74 20  6  0  0  0
179  0  66112 71554696 2424776 73044480    0    0     0 419476 276050 1591213 73 20  7  0  0  0
201  1  66112 71552072 2424776 73044500    0    0     0 422388 260103 1605201 73 20  7  0  0  0
172  0  66112 71540776 2424776 73044516    0    0     0 427124 262280 1582324 74 20  6  0  0  0
186  1  66112 71539524 2424776 73044536    0    0     0 431152 277833 1563419 74 20  6  0  0  0
198  1  66112 71536024 2424784 73044552    0    0     0 427464 281967 1575274 73 20  7  0  0  0
230  0  66112 71521928 2424784 73044568    0    0     0 423992 276201 1591838 73 20  7  0  0  0
160  0  66112 71492976 2424784 73044580    0    0     0 428772 272869 1602872 74 20  7  0  0  0
200  0  66112 71522680 2424784 73044596    0    0     0 426192 269338 1587158 73 20  7  0  0  0
289  0  66112 71526920 2424784 73044616    0    0     0 432680 273377 1568257 74 20  6  0  0  0
procs -----------memory---------- ---swap-- -----io---- -system-- -------cpu-------
 r  b   swpd   free   buff  cache   si   so    bi    bo   in   cs us sy id wa st gu
281  0  66112 71527220 2424788 73044636    0    0     0 424428 267965 1572785 73 20  7  0  0  0
272  0  66112 71519088 2424788 73044652    0    0     0 427712 268912 1589023 73 20  7  0  0  0
195  0  66112 71514380 2424788 73044664    0    0     0 427860 266177 1588062 72 20  7  0  0  0
208  0  66112 71507924 2424788 73044680    0    0     0 429316 268739 1596526 73 20  7  0  0  0
201  0  66112 71511196 2424788 73044700    0    0     0 425056 259382 1608455 72 20  8  0  0  0
276  0  66112 71521780 2424788 73044724    0    0     0 430592 277248 1591422 73 20  6  0  0  0
161  0  66112 71472024 2424788 73044744    0    0     0 425660 277751 1584169 73 20  7  0  0  0
220  0  66112 71358808 2424788 73044756    0    0     0 432640 660718 1487658 72 23  5  0  0  0
187  0  66112 71350432 2424788 73044772    0    0     0 425940 547987 1511080 70 23  7  0  0  0
230  0  66112 71358656 2424788 73044792    0    0     0 427316 401623 1563028 70 22  7  0  0  0
204  1  66112 71385812 2424788 73044808    0    0     0 438876 276776 1617110 72 20  8  0  0  0
228  0  66112 71443636 2424788 73044820    0    0     0 436788 265748 1605490 72 20  8  0  0  0
170  0  66112 71466200 2424788 73044828    0    0     0 440432 272890 1608361 72 20  8  0  0  0
154  0  66112 71485192 2424788 73044848    0    0     0 441840 263260 1616163 72 20  8  0  0  0
199  0  66112 71473424 2424788 73044868    0    0     0 445084 262338 1603619 73 20  7  0  0  0
183  0  66112 71489560 2424788 73044892    0    0     0 440128 264255 1605055 71 20  8  0  0  0
293  0  66112 71491952 2424788 73044968    0    0     0 444448 261862 1609964 72 21  8  0  0  0
160  0  66112 71492484 2424788 73044988    0    0     0 447212 258974 1605780 72 20  8  0  0  0
172  0  66112 71486128 2424788 73045004    0    0     0 450584 272988 1597197 72 21  7  0  0  0
203  0  66112 71477876 2424788 73045020    0    0     0 444912 259830 1612824 72 20  8  0  0  0
231  0  66112 71481644 2424788 73045040    0    0     0 447160 259920 1603751 73 20  7  0  0  0
procs -----------memory---------- ---swap-- -----io---- -system-- -------cpu-------
 r  b   swpd   free   buff  cache   si   so    bi    bo   in   cs us sy id wa st gu
209  0  66112 71475528 2424788 73045060    0    0     0 451220 266358 1587825 72 20  7  0  0  0
141  0  66112 71466600 2424788 73045076    0    0     0 446724 258720 1631480 72 20  8  0  0  0
243  0  66112 71443728 2424788 73045088    0    0     0 449492 261152 1636596 73 19  8  0  0  0
281  1  66112 71462300 2424788 73045104    0    0     0 448804 266389 1594355 72 20  7  0  0  0
197  0  66112 71476004 2424788 73045128    0    0     0 451004 268887 1600089 72 20  7  0  0  0
231  1  66112 71475948 2424788 73045148    0    0     0 451800 263800 1612247 73 20  7  0  0  0
156  0  66112 71468972 2424788 73045164    0    0     0 449636 267329 1588144 72 20  7  0  0  0
199  0  66112 71464084 2424788 73045180    0    0     0 446076 263525 1600131 72 20  8  0  0  0
265  0  66112 71463808 2424796 73045188    0    0     0 454672 270421 1571913 73 20  6  0  0  0
155  0  66112 71471400 2424796 73045212    0    0     0 450016 260880 1600606 72 20  7  0  0  0
113  0  66112 71465584 2424796 73045232    0    0     0 450432 261580 1622585 72 20  8  0  0  0
174  1  66112 71441944 2424796 73045248    0    0     0 447048 262897 1604870 72 20  8  0  0  0
268  0  66112 71454516 2424796 73045264    0    0     0 452312 268891 1606473 72 20  7  0  0  0
219  0  66112 71473376 2424796 73045284    0    0     0 453100 265105 1595758 73 20  7  0  0  0
210  0  66112 71454936 2424796 73045304    0    0     0 449972 266682 1612497 72 20  8  0  0  0
100  0  66112 71428224 2424796 73045316    0    0     0 454028 264355 1632590 73 19  7  0  0  0
217  0  66112 71452300 2424796 73045332    0    0     0 452068 262676 1599139 73 20  7  0  0  0
260  0  66112 71464080 2424796 73045348    0    0     0 453368 268501 1590608 73 20  7  0  0  0
268  0  66112 71459548 2424796 73045368    0    0     0 451224 261683 1608538 72 20  7  0  0  0
222  0  66112 71432888 2424796 73045388    0    0     0 457968 267430 1606315 72 21  8  0  0  0
239  0  66112 71435628 2424796 73045408    0    0     0 462624 261918 1595047 73 20  7  0  0  0
procs -----------memory---------- ---swap-- -----io---- -system-- -------cpu-------
 r  b   swpd   free   buff  cache   si   so    bi    bo   in   cs us sy id wa st gu
290  0  66112 71459176 2424796 73045424    0    0     0 462228 268236 1591123 72 20  7  0  0  0
125  0  66112 71462952 2424796 73045448    0    0     0 464600 265521 1597376 73 20  7  0  0  0
89  0  66112 71439352 2424796 73045464    0    0     0 463724 267762 1587360 72 21  7  0  0  0
293  0  66112 71452056 2424796 73045476    0    0     0 461780 261758 1602590 73 20  7  0  0  0
212  0  66112 71450712 2424796 73045492    0    0     0 464108 267942 1591871 73 20  7  0  0  0
222  0  66112 71461144 2424796 73045508    0    0     0 467096 263947 1601825 73 20  7  0  0  0
201  0  66112 71454792 2424796 73045528    0    0     0 495824 261754 1615431 72 20  7  0  0  0
135  0  66112 71405020 2424796 73045540    0    0     0 521128 266089 1613192 74 19  7  0  0  0
169  0  66112 71421156 2424796 73045552    0    0     0 522256 265845 1604853 72 20  8  0  0  0
229  0  66112 71440864 2424796 73045572    0    0     0 522004 265375 1586268 73 20  7  0  0  0
296  0  66112 71442492 2424796 73045596    0    0     0 510924 265188 1600439 72 20  7  0  0  0
81  0  66112 71451312 2424796 73045616    0    0     0 514024 266724 1612723 73 20  7  0  0  0
252  0  66112 71424104 2424796 73045636    0    0     0 505972 267805 1609420 72 20  7  0  0  0
177  0  66112 71442772 2424796 73045656    0    0     0 510712 264298 1619013 72 20  7  0  0  0
214  0  66112 71436696 2424796 73045676    0    0     0 513968 268703 1564684 74 21  5  0  0  0
218  0  66112 71429320 2424796 73045692    0    0     0 511860 274823 1565863 73 21  6  0  0  0
214  0  66112 71434384 2424796 73045712    0    0     0 511328 275871 1556370 73 21  6  0  0  0
272  0  66112 71441112 2424796 73045728    0    0     0 505292 268427 1579771 74 20  6  0  0  0
227  0  66112 71425412 2424796 73045744    0    0     0 505468 274546 1551112 74 21  5  0  0  0
168  0  66112 71428788 2424796 73045760    0    0     0 504728 270362 1576089 73 20  6  0  0  0
194  0  66112 71397824 2424796 73045776    0    0     0 501612 271062 1632966 74 19  6  0  0  0
procs -----------memory---------- ---swap-- -----io---- -system-- -------cpu-------
 r  b   swpd   free   buff  cache   si   so    bi    bo   in   cs us sy id wa st gu
279  0  66112 71397344 2424796 73045788    0    0     0 500620 273751 1598865 74 20  6  0  0  0
299  0  66112 71433644 2424796 73045800    0    0     0 500264 267637 1573912 74 20  6  0  0  0
271  0  66112 71424648 2424796 73045816    0    0     0 500316 280372 1571383 73 21  6  0  0  0
268  0  66112 71425808 2424796 73045832    0    0     0 496696 268208 1598447 74 20  6  0  0  0
238  0  66112 71413120 2424796 73045852    0    0     0 498744 276268 1582978 74 20  6  0  0  0
232  0  66112 71421720 2424796 73045872    0    0     0 501316 267446 1573354 74 20  6  0  0  0
172  0  66112 71431680 2424796 73045884    0    0     0 492884 267127 1585351 74 20  6  0  0  0
216  0  66112 71413916 2424796 73045900    0    0     0 509668 278312 1574423 74 20  6  0  0  0
240  0  66112 71414904 2424796 73045920    0    0     0 509648 275425 1565562 74 20  6  0  0  0
248  0  66112 71436180 2424796 73045940    0    0     0 511880 269795 1577004 73 20  6  0  0  0
166  0  66112 71423396 2424796 73045952    0    0     0 505668 265174 1602737 73 20  6  0  0  0
227  0  66112 71420920 2424796 73045972    0    0     0 503276 269584 1583811 74 20  6  0  0  0
145  0  66112 71420808 2424796 73045988    0    0     0 506272 270492 1585891 74 20  6  0  0  0
343  0  66112 71386484 2424796 73046076    0    0     0 503584 264063 1616802 74 19  6  0  0  0
194  0  66112 71396104 2424796 73046088    0    0     0 503240 265826 1605142 74 20  6  0  0  0
263  0  66112 71405072 2424796 73046108    0    0     0 504576 268686 1586250 74 20  6  0  0  0
289  1  66112 71404272 2424796 73046124    0    0     0 499768 269321 1597572 74 20  6  0  0  0
233  0  66112 71413880 2424796 73046140    0    0     0 500480 269009 1579737 73 20  6  0  0  0
252  1  66112 71433812 2424796 73046152    0    0     0 503184 270265 1578634 74 20  6  0  0  0
221  0  66112 71426088 2424796 73046172    0    0     0 502052 270483 1587403 74 20  6  0  0  0
145  0  66112 71412364 2424796 73046196    0    0     0 498920 268046 1582685 74 20  6  0  0  0
procs -----------memory---------- ---swap-- -----io---- -system-- -------cpu-------
 r  b   swpd   free   buff  cache   si   so    bi    bo   in   cs us sy id wa st gu
121  0  66112 71411900 2424796 73046212    0    0     0 498068 269369 1581910 74 20  6  0  0  0
224  0  66112 71417188 2424796 73046228    0    0     0 496980 271642 1595091 74 20  6  0  0  0
208  0  66112 71427952 2424796 73046240    0    0     0 497840 267155 1590702 73 20  6  0  0  0
256  0  66112 71426376 2424800 73046260    0    0     0 498004 268416 1586814 74 20  6  0  0  0
201  0  66112 71406360 2424800 73046276    0    0     0 492536 267308 1579694 74 20  6  0  0  0
228  0  66112 71388188 2424800 73046296    0    0     0 491716 267275 1589511 74 20  6  0  0  0
178  0  66112 71366312 2424800 73046308    0    0     0 492500 267024 1621944 74 19  6  0  0  0
239  0  66112 71380316 2424800 73046328    0    0     0 492500 265692 1592008 74 20  6  0  0  0
238  0  66112 71413596 2424804 73046344    0    0     0 488992 266724 1588000 74 20  6  0  0  0
262  0  66112 71396508 2424804 73046364    0    0     0 491048 268389 1586304 74 20  6  0  0  0
238  0  66112 71409864 2424804 73046380    0    0     0 488212 265566 1592445 74 20  6  0  0  0
174  0  66112 71406252 2424804 73046396    0    0     0 491448 268209 1578687 74 20  6  0  0  0
270  0  66112 71401600 2424804 73046412    0    0     0 494804 272069 1575881 74 21  6  0  0  0
236  0  66112 71430936 2424804 73046424    0    0     0 488944 268996 1581440 73 21  6  0  0  0
234  0  66112 71397324 2424804 73046444    0    0     0 486356 266835 1593078 74 20  6  0  0  0
224  0  66112 71401276 2424808 73046464    0    0     0 490784 270992 1583845 74 20  6  0  0  0
201  0  66112 71395004 2424808 73046480    0    0     0 495980 267113 1584794 74 20  6  0  0  0
220  0  66112 71371116 2424808 73046492    0    0     0 501956 271621 1586766 74 20  6  0  0  0
263  0  66112 71407872 2424808 73046508    0    0     0 497488 270269 1581624 74 20  6  0  0  0
282  0  66112 71393352 2424808 73046536    0    0     0 494356 265476 1602907 74 20  6  0  0  0
245  0  66112 71353024 2424808 73046552    0    0     0 495936 268845 1620916 74 19  6  0  0  0
procs -----------memory---------- ---swap-- -----io---- -system-- -------cpu-------
 r  b   swpd   free   buff  cache   si   so    bi    bo   in   cs us sy id wa st gu
236  0  66112 71386344 2424808 73046564    0    0     0 494144 266625 1596625 74 20  6  0  0  0
323  1  66112 71410252 2424808 73046580    0    0     0 492552 266410 1591264 73 20  6  0  0  0
218  0  66112 71401292 2424808 73046600    0    0     0 495100 270161 1591767 74 20  6  0  0  0
178  1  66112 71409984 2424808 73046624    0    0     0 494008 269920 1570034 74 20  6  0  0  0
226  0  66112 71398532 2424808 73046644    0    0     0 487420 264966 1597644 74 20  6  0  0  0
275  1  66112 71390844 2424808 73046656    0    0     0 493860 269925 1577095 74 20  6  0  0  0
238  0  66112 71412868 2424808 73046672    0    0     0 493748 270623 1591349 74 20  6  0  0  0
236  1  66112 71396040 2424808 73046688    0    0     0 493316 268487 1580567 74 20  6  0  0  0
147  0  66112 71386924 2424808 73046708    0    0     0 493180 266047 1592264 73 20  6  0  0  0
144  0  66112 71386796 2424808 73046728    0    0     0 492044 265096 1573664 74 20  6  0  0  0
69  0  66112 71387228 2424808 73046744    0    0     0 488672 265472 1582649 74 20  6  0  0  0
252  0  66112 71401680 2424808 73046756    0    0     0 490244 264468 1585924 74 20  6  0  0  0
215  0  66112 71413116 2424812 73046772    0    0     0 488392 267871 1585277 74 20  6  0  0  0
267  0  66112 71385520 2424812 73046796    0    0     0 491948 270598 1600996 74 20  6  0  0  0
157  0  66112 71375504 2424812 73046808    0    0     0 489312 263242 1597748 74 20  6  0  0  0
223  0  66112 71364328 2424812 73046824    0    0     0 490948 264848 1577760 74 20  6  0  0  0
286  0  66112 71369680 2424812 73046848    0    0     0 489244 264953 1583079 74 20  6  0  0  0
313  1  66112 71376472 2424812 73046864    0    0     0 488252 267124 1601248 74 20  6  0  0  0
225  0  66112 71390620 2424812 73046888    0    0     0 492208 267565 1592434 74 20  6  0  0  0
224  0  66112 71403756 2424812 73046900    0    0     0 490660 267283 1573022 74 20  6  0  0  0
189  0  66112 71404012 2424812 73046920    0    0     0 488612 269968 1585195 74 20  6  0  0  0
procs -----------memory---------- ---swap-- -----io---- -system-- -------cpu-------
 r  b   swpd   free   buff  cache   si   so    bi    bo   in   cs us sy id wa st gu
199  1  66112 71406936 2424812 73046936    0    0     0 489476 268432 1590737 73 20  6  0  0  0
254  0  66112 71398904 2424812 73046956    0    0     0 486272 266461 1579976 74 21  6  0  0  0
190  0  66112 71386168 2424812 73046976    0    0     0 482664 263160 1578348 73 20  6  0  0  0
147  0  66112 71381772 2424812 73046992    0    0     0 482804 263971 1580457 74 20  6  0  0  0
219  0  66112 71391136 2424812 73047008    0    0     0 490244 265635 1591681 74 20  6  0  0  0
215  0  66112 71368768 2424812 73047024    0    0     0 492872 267541 1588692 74 20  6  0  0  0
206  0  66112 71351264 2424812 73047036    0    0     0 491664 265990 1619551 74 19  6  0  0  0
260  0  66112 71349984 2424812 73047048    0    0     0 487128 265990 1608911 73 20  7  0  0  0
258  0  66112 71373508 2424812 73047068    0    0     0 493612 266834 1587376 74 20  6  0  0  0
239  0  66112 71364472 2424812 73047084    0    0     0 489296 269981 1589468 74 20  6  0  0  0
246  0  66112 71372024 2424812 73047168    0    0     0 487988 300194 1580895 74 21  6  0  0  0
168  0  66112 71389800 2424812 73047184    0    0     0 484068 268408 1590916 74 20  6  0  0  0
261  1  66112 71379820 2424812 73047204    0    0     0 489152 266273 1586224 74 20  6  0  0  0
228  0  66112 71382128 2424812 73047224    0    0     0 497992 270376 1586229 74 20  6  0  0  0
317  0  66112 71370228 2424812 73047240    0    0     0 500164 269602 1581972 74 20  6  0  0  0
255  0  66112 71365508 2424812 73047252    0    0     0 496980 267372 1584916 74 20  6  0  0  0
248  0  66112 71375128 2424812 73047276    0    0     0 503476 292182 1579894 73 20  6  0  0  0
227  1  66112 71380988 2424812 73047292    0    0     0 501452 270057 1582821 74 20  6  0  0  0
202  0  66112 71365424 2424816 73047300    0    0     0 498240 268169 1591599 73 20  6  0  0  0
152  0  66112 71366036 2424816 73047324    0    0     0 501484 269712 1585870 74 20  6  0  0  0
208  0  66112 71321192 2424816 73047336    0    0     0 497996 270261 1617272 74 19  7  0  0  0
procs -----------memory---------- ---swap-- -----io---- -system-- -------cpu-------
 r  b   swpd   free   buff  cache   si   so    bi    bo   in   cs us sy id wa st gu
134  0  66112 71336648 2424816 73047344    0    0     0 492420 266488 1593017 74 20  6  0  0  0
234  0  66112 71343532 2424816 73047364    0    0     0 496088 268269 1578515 74 20  6  0  0  0
250  0  66112 71353488 2424816 73047384    0    0     0 488064 261954 1587965 74 20  6  0  0  0
201  0  66112 71374784 2424816 73047396    0    0     0 493536 267340 1594052 74 20  6  0  0  0
296  0  66112 71354480 2424816 73047412    0    0     0 487728 287819 1576284 73 20  6  0  0  0
258  0  66112 71359008 2424816 73047424    0    0     0 488780 267147 1592238 74 20  6  0  0  0
181  0  66112 71361336 2424820 73047444    0    0     0 489328 268234 1580414 74 20  6  0  0  0
164  0  66112 71372872 2424820 73047472    0    0     0 489124 266649 1601547 73 20  6  0  0  0
213  1  66112 71350700 2424820 73047496    0    0     0 483592 265693 1579767 73 20  6  0  0  0
257  0  66112 71345072 2424820 73047508    0    0     0 489692 263769 1581008 74 20  6  0  0  0
239  0  66112 71349556 2424820 73047528    0    0     0 486168 265448 1594318 73 20  6  0  0  0
164  0  66112 71355088 2424820 73047548    0    0     0 492296 267299 1580669 74 20  6  0  0  0
120  0  66112 71359376 2424820 73047576    0    0     0 492368 268744 1580098 74 20  6  0  0  0
212  0  66112 71320460 2424820 73047588    0    0     0 491596 266930 1621433 74 19  6  0  0  0
206  0  66112 71323964 2424820 73047596    0    0     0 492116 323247 1574537 74 20  6  0  0  0
249  0  66112 71365148 2424820 73047608    0    0     0 489624 274509 1578149 73 20  6  0  0  0
157  0  66112 71354288 2424820 73047628    0    0     0 490888 263143 1582352 73 20  6  0  0  0
325  0  66112 71351656 2424820 73047656    0    0     0 488896 262524 1584706 74 20  6  0  0  0
236  0  66112 71355884 2424820 73047668    0    0     0 490120 266715 1597471 73 20  6  0  0  0
195  0  66112 71354520 2424820 73047684    0    0     0 488928 266827 1587831 74 20  6  0  0  0
271  0  66112 71359468 2424820 73047700    0    0     0 492120 264194 1581255 74 20  6  0  0  0
procs -----------memory---------- ---swap-- -----io---- -system-- -------cpu-------
 r  b   swpd   free   buff  cache   si   so    bi    bo   in   cs us sy id wa st gu
250  0  66112 71361656 2424820 73047712    0    0     0 495812 268200 1590361 74 20  6  0  0  0
240  0  66112 71351280 2424820 73047728    0    0     0 490004 264472 1588414 74 20  6  0  0  0
239  0  66112 71345332 2424820 73047748    0    0     0 494652 267204 1577126 74 20  6  0  0  0
178  0  66112 71340804 2424820 73047760    0    0     0 492660 267960 1583407 74 20  6  0  0  0
148  0  66112 71346248 2424820 73047776    0    0     0 493504 268078 1585985 74 20  6  0  0  0
179  0  66112 71363652 2424820 73047800    0    0     0 493592 265896 1588006 73 20  6  0  0  0
73  0  66112 71316576 2424824 73047808    0    0     0 494760 264646 1620764 74 19  7  0  0  0
190  0  66112 71330836 2424824 73047828    0    0     0 493364 266546 1599794 74 20  7  0  0  0
206  0  66112 71327356 2424824 73047844    0    0     0 492260 271356 1582090 73 21  6  0  0  0
184  0  66112 71333336 2424824 73047868    0    0     0 493648 264554 1576263 74 20  6  0  0  0
271  0  66112 71349320 2424824 73047884    0    0     0 486812 267658 1569350 73 21  6  0  0  0
192  0  66112 71364860 2424824 73047900    0    0     0 491700 264276 1588857 74 20  6  0  0  0
250  0  66112 71345152 2424824 73047920    0    0     0 498280 269850 1575885 74 20  6  0  0  0
181  0  66112 71309792 2424824 73047936    0    0     0 494380 270932 1577785 73 21  6  0  0  0
99  0  66112 71331176 2424824 73047956    0    0     0 491240 267932 1584424 74 20  6  0  0  0
152  0  66112 71338584 2424824 73047976    0    0     0 493260 266798 1592702 73 20  6  0  0  0
206  0  66112 71335176 2424824 73047992    0    0     0 489248 260612 1587557 74 20  6  0  0  0
131  0  66112 71351000 2424824 73048008    0    0     0 487272 268632 1589366 73 21  7  0  0  0
210  0  66112 71351496 2424824 73048024    0    0     0 490968 266310 1607984 73 20  7  0  0  0
207  0  66112 71342796 2424824 73048036    0    0     0 493476 271744 1573258 73 21  6  0  0  0
195  0  66112 71318500 2424824 73048056    0    0     0 490308 265745 1624040 73 20  7  0  0  0
procs -----------memory---------- ---swap-- -----io---- -system-- -------cpu-------
 r  b   swpd   free   buff  cache   si   so    bi    bo   in   cs us sy id wa st gu
151  0  66112 71313256 2424824 73048064    0    0     0 490476 264721 1588207 73 20  7  0  0  0
306  0  66112 71316580 2424824 73048088    0    0     0 492368 265816 1586419 74 20  6  0  0  0
235  0  66112 71304960 2424824 73048108    0    0     0 501096 271650 1569939 74 20  6  0  0  0
238  0  66112 71334676 2424824 73048124    0    0     0 491196 268409 1576966 73 21  6  0  0  0
194  1  66112 71334340 2424824 73048144    0    0     0 492004 269903 1579672 74 20  6  0  0  0
158  0  66112 71337060 2424824 73048164    0    0     0 491432 300861 1592886 73 21  7  0  0  0
213  0  66112 71344076 2424824 73048184    0    0     0 496856 267543 1582656 73 20  6  0  0  0
199  1  66112 71326824 2424824 73048268    0    0     0 491860 269642 1576764 73 21  6  0  0  0
246  0  66112 71341888 2424824 73048288    0    0     0 498128 266081 1574943 74 20  6  0  0  0
250  0  66112 71323924 2424824 73048304    0    0     0 496704 265647 1585852 74 20  6  0  0  0
225  1  66112 71331972 2424824 73048320    0    0     0 494952 265361 1584530 74 20  6  0  0  0
276  0  66112 71321456 2424824 73048336    0    0     0 495848 267575 1582834 73 20  6  0  0  0
272  0  66112 71336592 2424824 73048360    0    0     0 496960 267721 1599200 73 20  6  0  0  0
165  0  66112 71294740 2424824 73048372    0    0     0 497916 267149 1614286 74 20  6  0  0  0
224  1  66112 71297876 2424824 73048388    0    0     0 497688 267447 1591847 74 20  6  0  0  0
294  1  66112 71299068 2424824 73048400    0    0     0 499488 266566 1579560 74 20  6  0  0  0
231  0  66112 71330780 2424824 73048416    0    0     0 494016 267911 1608716 73 20  6  0  0  0
332  1  66112 71329820 2424824 73048436    0    0     0 492808 263708 1586087 74 20  6  0  0  0
224  0  66112 71336944 2424824 73048452    0    0     0 496660 267437 1585916 74 20  6  0  0  0
229  0  66112 71327344 2424824 73048480    0    0     0 488204 261219 1574952 73 20  7  0  0  0
219  0  66112 71332476 2424824 73048492    0    0     0 497176 265456 1596735 74 20  6  0  0  0
procs -----------memory---------- ---swap-- -----io---- -system-- -------cpu-------
 r  b   swpd   free   buff  cache   si   so    bi    bo   in   cs us sy id wa st gu
223  0  66112 71331560 2424824 73048512    0    0     0 499480 266793 1590909 74 20  6  0  0  0
151  0  66112 71309660 2424824 73048532    0    0     0 493080 266375 1591817 73 20  7  0  0  0
195  0  66112 71326652 2424824 73048552    0    0     0 491308 264934 1578508 73 20  6  0  0  0
129  0  66112 71332288 2424824 73048564    0    0     0 492432 266686 1600969 73 20  6  0  0  0
202  0  66112 71336600 2424828 73048576    0    0     0 491680 266059 1588720 74 20  6  0  0  0
289  0  66112 71317216 2424828 73048596    0    0     0 490880 263691 1587948 73 20  7  0  0  0
271  1  66112 71289260 2424828 73048612    0    0     0 491512 267209 1622344 73 19  7  0  0  0
147  0  66112 71293616 2424828 73048620    0    0     0 487060 262510 1601448 73 20  7  0  0  0
111  0  66112 71315064 2424828 73048640    0    0     0 491620 267286 1585251 73 20  6  0  0  0
160  0  66112 71313160 2424828 73048656    0    0     0 490820 264658 1591005 74 20  6  0  0  0
260  0  66112 71313008 2424828 73048672    0    0     0 493768 265051 1592328 74 20  6  0  0  0
150  0  66112 71314508 2424828 73048692    0    0     0 494844 267833 1588976 74 20  6  0  0  0
192  0  66112 71306248 2424828 73048712    0    0     0 490392 264307 1585745 73 20  7  0  0  0
206  0  66112 71301268 2424828 73048872    0    0     0 491568 266058 1594558 73 20  6  0  0  0
233  1  66112 71312780 2424828 73048892    0    0     0 490760 266030 1583028 74 20  6  0  0  0
160  1  66112 71319368 2424828 73048904    0    0     0 490272 276028 1601856 73 20  6  0  0  0
215  0  66112 71340940 2424828 73048924    0    0     0 495228 270603 1593488 73 20  6  0  0  0
217  0  66112 71321520 2424828 73048944    0    0     0 494988 265252 1574836 74 20  6  0  0  0
249  0  66112 71319720 2424828 73048960    0    0     0 491836 266881 1581334 73 20  6  0  0  0
218  1  66112 71332504 2424828 73048980    0    0     0 491344 260138 1585481 74 20  6  0  0  0
243  1  66112 71293836 2424828 73048996    0    0     0 501932 267095 1615965 74 20  6  0  0  0
procs -----------memory---------- ---swap-- -----io---- -system-- -------cpu-------
 r  b   swpd   free   buff  cache   si   so    bi    bo   in   cs us sy id wa st gu
215  1  66112 71288712 2424828 73049008    0    0     0 501032 267895 1598589 74 20  6  0  0  0
259  0  66112 71285144 2424828 73049024    0    0     0 502208 269297 1580919 74 20  6  0  0  0
277  0  66112 71282752 2424828 73049044    0    0     0 501572 267507 1587656 74 20  6  0  0  0
297  1  66112 71300368 2424828 73049060    0    0     0 492872 263051 1585070 74 20  6  0  0  0
188  0  66112 71293888 2424828 73049076    0    0     0 493788 261633 1585030 73 20  6  0  0  0
223  0  66112 71305468 2424828 73049088    0    0     0 498600 266506 1582968 74 20  6  0  0  0
274  0  66112 71307180 2424828 73049108    0    0     0 491720 264035 1591664 74 20  6  0  0  0
163  0  66112 71296732 2424828 73049128    0    0     0 500468 264519 1581302 74 20  6  0  0  0
278  0  66112 71289576 2424828 73049148    0    0     0 493604 264261 1579781 74 20  6  0  0  0
301  0  66112 71301392 2424828 73049160    0    0     0 499304 266860 1582554 74 20  6  0  0  0
177  0  66112 71304140 2424828 73049176    0    0     0 498112 265463 1577892 74 20  6  0  0  0
225  0  66112 71289876 2424828 73049196    0    0     0 494512 265864 1574084 74 20  6  0  0  0
247  0  66112 71297840 2424828 73049216    0    0     0 493476 266384 1576311 74 20  6  0  0  0
203  1  66112 71264428 2424828 73049228    0    0     0 492172 267306 1611924 74 19  7  0  0  0
196  0  66112 71254004 2424828 73049236    0    0     0 490932 266726 1614172 74 19  7  0  0  0
206  0  66112 71265220 2424828 73049248    0    0     0 496328 267900 1576106 74 20  6  0  0  0
245  0  66112 71284740 2424828 73049276    0    0     0 485660 262304 1585593 74 20  6  0  0  0
158  0  66112 71284040 2424828 73049292    0    0     0 489436 261159 1589370 73 20  7  0  0  0
265  0  66112 71303192 2424828 73049312    0    0     0 489244 264089 1585318 74 20  6  0  0  0
227  0  66112 71272476 2424828 73049328    0    0     0 488172 263838 1585056 74 20  6  0  0  0
256  0  66112 71287488 2424828 73049344    0    0     0 494352 266703 1587743 73 20  6  0  0  0
procs -----------memory---------- ---swap-- -----io---- -system-- -------cpu-------
 r  b   swpd   free   buff  cache   si   so    bi    bo   in   cs us sy id wa st gu
208  0  66112 71284180 2424828 73049368    0    0     0 492484 265686 1587331 73 20  6  0  0  0
205  0  66112 71303740 2424828 73049384    0    0     0 487876 262343 1589643 73 20  7  0  0  0
250  0  66112 71278492 2424828 73049400    0    0     0 485212 259379 1593443 73 20  7  0  0  0
204  0  66112 71273468 2424828 73049416    0    0     0 493688 267821 1601738 73 20  7  0  0  0
155  0  66112 71294924 2424828 73049520    0    0     0 489580 264109 1591744 73 20  6  0  0  0
229  0  66112 71278816 2424828 73049548    0    0     0 485364 264286 1573799 74 20  6  0  0  0
205  1  66112 71254196 2424828 73049564    0    0     0 487560 265652 1630797 73 19  7  0  0  0
219  0  66112 71243744 2424828 73049572    0    0     0 489468 265523 1614365 74 19  7  0  0  0
219  0  66112 71261400 2424828 73049584    0    0     0 490876 266068 1610356 73 20  6  0  0  0
253  0  66112 71261120 2424828 73049600    0    0     0 491988 266904 1603897 73 20  6  0  0  0
263  0  66112 71280036 2424828 73049624    0    0     0 490616 267062 1596389 73 20  6  0  0  0
182  1  66112 71289784 2424832 73049636    0    0     0 489524 261838 1586231 73 20  7  0  0  0
74  0  66112 71285140 2424832 73049656    0    0     0 488460 263494 1590735 73 20  7  0  0  0
208  0  66112 71271456 2424832 73049672    0    0     0 488144 264605 1611679 73 20  7  0  0  0
190  0  66112 71263900 2424832 73049692    0    0     0 490664 262648 1572169 74 20  6  0  0  0
145  1  66112 71274744 2424832 73049708    0    0     0 493040 263878 1587905 74 20  6  0  0  0
251  1  66112 71272088 2424836 73049728    0    0     0 494764 267629 1582062 74 20  6  0  0  0
217  1  66112 71271444 2424836 73049752    0    0     0 492436 263531 1581212 73 20  6  0  0  0
142  0  66112 71269708 2424836 73049768    0    0     0 489280 265431 1595876 72 21  7  0  0  0
235  0  66112 71271936 2424836 73049780    0    0     0 498176 267396 1590301 74 20  6  0  0  0
250  0  66112 71242776 2424836 73049800    0    0     0 495024 268152 1634452 74 19  7  0  0  0
procs -----------memory---------- ---swap-- -----io---- -system-- -------cpu-------
 r  b   swpd   free   buff  cache   si   so    bi    bo   in   cs us sy id wa st gu
206  0  66112 71258948 2424836 73049812    0    0     0 488484 263816 1597342 74 19  7  0  0  0
254  0  66112 71257584 2424836 73049828    0    0     0 488440 263147 1597845 73 20  7  0  0  0
228  0  66112 71269064 2424836 73049844    0    0     0 489884 260871 1591520 73 20  7  0  0  0
229  0  66112 71258700 2424836 73049864    0    0     0 485240 260841 1602603 73 20  7  0  0  0
273  1  66112 71255864 2424836 73049880    0    0     0 487464 263476 1582555 74 20  6  0  0  0
270  0  66112 71246508 2424836 73049904    0    0     0 489920 263545 1589810 73 20  7  0  0  0
179  1  66112 71252988 2424836 73049920    0    0     0 491776 264998 1588222 73 20  6  0  0  0
262  0  66112 71279868 2424836 73049936    0    0     0 494348 268891 1595086 74 20  6  0  0  0
257  0  66112 71269564 2424836 73049952    0    0     0 488432 264907 1609329 73 20  7  0  0  0
207  0  66112 71264016 2424836 73049972    0    0     0 489156 263972 1584915 74 20  6  0  0  0
223  0  66112 71266260 2424840 73049988    0    0     0 489456 264087 1599601 73 20  7  0  0  0
280  0  66112 71273812 2424840 73050004    0    0     0 491188 264427 1598610 73 20  6  0  0  0
232  0  66112 71283784 2424840 73050020    0    0     0 487504 268432 1605415 72 20  7  0  0  0
273  1  66112 71244488 2424840 73050044    0    0     0 494456 266517 1626686 75 19  6  0  0  0
250  1  66112 71246476 2424840 73050052    0    0     0 492520 264832 1577048 74 20  6  0  0  0
162  0  66112 71252072 2424844 73050064    0    0     0 493748 263252 1579154 74 20  6  0  0  0
267  0  66112 71250664 2424844 73050088    0    0     0 496212 266209 1576993 74 20  6  0  0  0
238  1  66112 71267216 2424844 73050108    0    0     0 494080 266024 1591864 73 20  6  0  0  0
203  0  66112 71275016 2424844 73050124    0    0     0 494600 264085 1594406 74 20  6  0  0  0
293  0  66112 71265128 2424844 73050144    0    0     0 488920 265660 1609840 73 20  7  0  0  0
265  0  66112 71250092 2424844 73050164    0    0     0 496608 267042 1585718 73 21  6  0  0  0
procs -----------memory---------- ---swap-- -----io---- -system-- -------cpu-------
 r  b   swpd   free   buff  cache   si   so    bi    bo   in   cs us sy id wa st gu
246  0  66112 71232352 2424844 73050176    0    0     0 492068 264490 1585200 74 20  6  0  0  0
237  0  66112 71239992 2424844 73050196    0    0     0 490124 261999 1602921 73 20  7  0  0  0
163  0  66112 71257928 2424844 73050220    0    0     0 495584 263691 1584694 74 20  6  0  0  0
290  0  66112 71265432 2424844 73050232    0    0     0 490456 265709 1593686 74 20  6  0  0  0
250  1  66112 71271948 2424844 73050252    0    0     0 492364 262568 1581331 73 20  6  0  0  0
162  0  66112 71247804 2424844 73050268    0    0     0 489944 263095 1586953 73 20  7  0  0  0
168  0  66112 71205952 2424844 73050280    0    0     0 491204 266045 1624590 74 19  7  0  0  0
160  0  66112 71235968 2424844 73050296    0    0     0 497092 267301 1604416 74 20  6  0  0  0
150  0  66112 71250388 2424844 73050316    0    0     0 491960 266269 1598338 72 20  7  0  0  0
231  0  66112 71251052 2424844 73050332    0    0     0 493752 264561 1605424 73 20  7  0  0  0
276  0  66112 71253312 2424844 73050356    0    0     0 490324 265156 1594066 73 20  6  0  0  0
262  0  66112 71243048 2424844 73050372    0    0     0 485464 262345 1606981 73 20  7  0  0  0
226  1  66112 71242444 2424844 73050388    0    0     0 490692 263035 1612333 73 20  7  0  0  0
213  0  66112 71258620 2424844 73050408    0    0     0 487580 261705 1576131 73 20  6  0  0  0
218  0  66112 71271536 2424844 73050420    0    0     0 488048 264251 1581088 74 20  6  0  0  0
246  0  66112 71253352 2424844 73050444    0    0     0 497596 269158 1585446 73 20  6  0  0  0
181  0  66112 71233976 2424844 73050460    0    0     0 494128 265429 1580285 73 20  7  0  0  0
148  0  66112 71240896 2424844 73050480    0    0     0 487276 265735 1595400 73 20  7  0  0  0
207  0  66112 71237860 2424844 73050500    0    0     0 485196 268286 1603449 73 20  7  0  0  0
166  0  66112 71216240 2424844 73050516    0    0     0 489020 268465 1620294 73 20  7  0  0  0
180  0  66112 71207820 2424844 73050536    0    0     0 495504 269428 1592945 74 20  6  0  0  0
procs -----------memory---------- ---swap-- -----io---- -system-- -------cpu-------
 r  b   swpd   free   buff  cache   si   so    bi    bo   in   cs us sy id wa st gu
266  0  66112 71224452 2424844 73050544    0    0     0 487860 272088 1563583 74 21  6  0  0  0
191  0  66112 71211320 2424844 73050628    0    0     0 488312 265026 1581085 74 20  6  0  0  0
246  0  66112 71230888 2424844 73050648    0    0    16 487932 264601 1585774 74 20  6  0  0  0
228  0  66112 71231928 2424844 73050664    0    0     0 490488 262747 1606568 73 20  7  0  0  0
185  0  66112 71237604 2424844 73050688    0    0     0 492996 268401 1589277 73 21  6  0  0  0
166  0  66112 71227904 2424844 73050704    0    0     0 495372 271045 1575433 73 21  6  0  0  0
240  0  66112 71222604 2424844 73050724    0    0     0 496756 270623 1590030 73 20  6  0  0  0
199  0  66112 71211616 2424844 73050736    0    0     0 496612 269580 1590198 73 20  6  0  0  0
188  0  66112 71221456 2424844 73050752    0    0     0 495796 263956 1593860 73 21  7  0  0  0
181  0  66112 71241256 2424844 73050776    0    0     0 496028 263737 1594394 73 20  7  0  0  0
209  0  66112 71248148 2424844 73050792    0    0     0 493812 268551 1593009 73 20  6  0  0  0
164  0  66112 71253648 2424844 73050808    0    0     0 491492 263435 1575018 74 20  6  0  0  0
134  0  66112 71233136 2424844 73050828    0    0     0 485764 266538 1619736 73 20  7  0  0  0
259  0  66112 71209624 2424844 73050836    0    0     0 494008 264632 1601149 74 20  7  0  0  0
217  0  66112 71217972 2424844 73050852    0    0     0 493884 268318 1592268 73 21  6  0  0  0
276  0  66112 71228784 2424844 73050868    0    0     0 497284 268608 1575676 73 21  6  0  0  0
223  0  66112 71243172 2424844 73050888    0    0     0 490772 263354 1598898 73 20  7  0  0  0
227  0  66112 71249984 2424844 73050912    0    0     0 493264 263334 1601563 73 20  6  0  0  0
69  0  66112 71232212 2424844 73050928    0    0     0 492784 263725 1593000 73 20  7  0  0  0
276  0  66112 71251188 2424844 73050940    0    0     0 491312 261811 1592669 74 20  6  0  0  0
191  0  66112 71251460 2424844 73050960    0    0     0 494808 264966 1584310 74 20  6  0  0  0
procs -----------memory---------- ---swap-- -----io---- -system-- -------cpu-------
 r  b   swpd   free   buff  cache   si   so    bi    bo   in   cs us sy id wa st gu
207  1  66112 71248384 2424844 73050976    0    0     0 486224 268822 1588232 73 20  6  0  0  0
242  0  66112 71244332 2424844 73050996    0    0     0 487284 261732 1610535 73 20  7  0  0  0
246  0  66112 71245596 2424844 73051012    0    0     0 486936 267332 1594468 73 20  7  0  0  0
283  0  66112 71242156 2424844 73051028    0    0     0 489036 263380 1585997 73 20  6  0  0  0
194  0  66112 71227636 2424844 73051048    0    0     0 486920 267072 1593235 73 20  7  0  0  0
208  0  66112 71201632 2424844 73051072    0    0     0 490808 265603 1610285 74 20  6  0  0  0
257  0  66112 71212864 2424844 73051080    0    0     0 492964 265722 1594351 74 19  6  0  0  0
160  0  66112 71222212 2424844 73051092    0    0     0 488504 266779 1573130 73 20  6  0  0  0
253  0  66112 71224336 2424844 73051108    0    0     0 487772 264811 1602247 73 20  6  0  0  0
179  1  66112 71232152 2424844 73051128    0    0     0 485148 267141 1587258 73 20  6  0  0  0
235  0  66112 71229980 2424844 73051144    0    0     0 493228 268314 1574722 74 20  6  0  0  0
289  0  66112 71215036 2424844 73051164    0    0     0 484920 264518 1581870 73 20  6  0  0  0
141  0  66112 71236984 2424844 73051180    0    0     0 487308 261840 1599260 73 20  6  0  0  0
232  0  66112 71235892 2424844 73051196    0    0     0 490596 267906 1579212 74 20  6  0  0  0
212  0  66112 71239672 2424844 73051220    0    0     0 489504 262574 1583289 74 20  6  0  0  0
211  0  66112 71247332 2424844 73051240    0    0     0 485248 269904 1594267 73 21  7  0  0  0
201  0  66112 71235212 2424844 73051264    0    0     0 487176 266115 1585582 74 20  6  0  0  0
182  0  66112 71237284 2424844 73051276    0    0     0 484512 265958 1589576 73 20  6  0  0  0
120  0  66112 71238864 2424844 73051292    0    0     0 487208 265177 1592981 74 20  6  0  0  0
259  0  66112 71206336 2424844 73051312    0    0     0 485796 262185 1603309 73 20  7  0  0  0
154  0  66112 71202400 2424844 73051332    0    0     0 482236 260339 1625168 74 19  7  0  0  0
procs -----------memory---------- ---swap-- -----io---- -system-- -------cpu-------
 r  b   swpd   free   buff  cache   si   so    bi    bo   in   cs us sy id wa st gu
214  0  66112 71219176 2424844 73051336    0    0     0 493616 263915 1585513 74 20  6  0  0  0
229  0  66112 71230984 2424848 73051348    0    0     0 484636 261164 1597813 73 20  7  0  0  0
230  1  66112 71220544 2424848 73051368    0    0     0 482972 265661 1593488 73 20  7  0  0  0
151  0  66112 71215588 2424848 73051392    0    0     0 487252 262284 1591845 73 20  7  0  0  0
213  0  66112 71241824 2424848 73051408    0    0     0 491980 267389 1590137 74 20  6  0  0  0
191  0  66112 71256828 2424848 73051428    0    0     0 488960 264819 1576216 74 20  6  0  0  0
221  0  66112 71254648 2424848 73051448    0    0     0 492368 263929 1584590 73 20  6  0  0  0
171  0  66112 71239100 2424848 73051460    0    0     0 485412 265212 1602241 73 20  7  0  0  0
272  0  66112 71212620 2424848 73051480    0    0     0 487900 266501 1601748 73 20  7  0  0  0
226  0  66112 71214980 2424848 73051500    0    0     0 492740 266847 1578891 74 20  6  0  0  0
233  0  66112 71217552 2424848 73051512    0    0     0 489368 266521 1595459 73 20  6  0  0  0
266  0  66112 71231960 2424848 73051536    0    0     0 487456 262418 1589333 74 20  6  0  0  0
218  0  66112 71206304 2424848 73051552    0    0     0 493076 263926 1603161 74 20  6  0  0  0
266  0  66112 71195048 2424848 73051564    0    0     0 486292 263522 1620169 73 19  7  0  0  0
186  0  66112 71211176 2424848 73051580    0    0     0 492016 264101 1595292 73 20  6  0  0  0
157  0  66112 71229792 2424848 73051596    0    0     0 491716 263904 1575496 74 20  6  0  0  0
228  0  66112 71235780 2424848 73051612    0    0     0 488204 260241 1588159 73 20  6  0  0  0
227  0  66112 71216212 2424848 73051628    0    0     0 492356 263432 1591729 73 20  6  0  0  0
166  0  66112 71210392 2424848 73051640    0    0     0 490104 262868 1590321 74 20  6  0  0  0
197  0  66112 71206920 2424848 73051728    0    0     0 489184 263092 1594250 73 20  6  0  0  0
253  0  66112 71211576 2424848 73051744    0    0     0 493220 264224 1598036 74 20  6  0  0  0
procs -----------memory---------- ---swap-- -----io---- -system-- -------cpu-------
 r  b   swpd   free   buff  cache   si   so    bi    bo   in   cs us sy id wa st gu
248  0  66112 71227368 2424848 73051764    0    0     0 496400 266292 1589356 74 20  6  0  0  0
283  0  66112 71238020 2424848 73051780    0    0     0 494600 266929 1591068 74 20  6  0  0  0
219  0  66112 71229552 2424848 73051792    0    0     0 496436 266731 1582531 74 20  6  0  0  0
213  1  66112 71223432 2424848 73051816    0    0     0 491076 263382 1588236 74 20  6  0  0  0
256  0  66112 71214704 2424848 73051832    0    0     0 490848 264790 1572641 74 20  6  0  0  0
259  1  66112 71206740 2424848 73051848    0    0     0 495872 266990 1611444 74 19  6  0  0  0
270  0  66112 71212312 2424848 73051864    0    0     0 491416 265587 1608418 73 20  7  0  0  0
178  1  66112 71219420 2424848 73051868    0    0     0 486984 262557 1597110 73 20  7  0  0  0
166  0  66112 71212280 2424848 73051892    0    0     0 488704 262038 1599841 72 20  7  0  0  0
123  0  66112 71215524 2424848 73051908    0    0     0 488912 261637 1595935 74 20  6  0  0  0
129  0  66112 71226544 2424848 73051928    0    0     0 490860 263418 1583773 74 20  6  0  0  0
247  0  66112 71226164 2424848 73051948    0    0     0 494436 268219 1584876 74 20  6  0  0  0
233  0  66112 71228056 2424848 73051960    0    0     0 487820 264178 1604569 73 20  7  0  0  0
196  0  66112 71202028 2424848 73051984    0    0     0 487240 262483 1594221 73 20  6  0  0  0
206  0  66112 71210724 2424848 73052000    0    0     0 489984 261217 1602190 73 20  7  0  0  0
132  0  66112 71216472 2424848 73052020    0    0     0 489428 267316 1591770 73 20  6  0  0  0
220  0  66112 71242308 2424848 73052036    0    0     0 488240 265196 1587307 73 20  7  0  0  0
148  0  66112 71226244 2424848 73052072    0    0     0 484312 262532 1605062 73 20  7  0  0  0
252  1  66112 71198512 2424848 73052084    0    0     0 483840 261101 1592015 73 20  7  0  0  0
228  0  66112 71177744 2424848 73052104    0    0     0 489028 264340 1624497 74 19  7  0  0  0
241  0  66112 71196984 2424848 73052116    0    0     0 493364 273313 1586713 74 20  6  0  0  0
procs -----------memory---------- ---swap-- -----io---- -system-- -------cpu-------
 r  b   swpd   free   buff  cache   si   so    bi    bo   in   cs us sy id wa st gu
176  1  66112 71205296 2424848 73052128    0    0     0 494028 268636 1587371 73 20  6  0  0  0
258  0  66112 71225968 2424848 73052148    0    0     0 493372 265086 1591918 74 20  6  0  0  0
281  0  66112 71242488 2424848 73052172    0    0     0 496108 268611 1600284 73 20  6  0  0  0
268  0  66112 71218728 2424848 73052188    0    0     0 489528 261708 1620134 73 20  7  0  0  0
139  0  66112 71205148 2424848 73052204    0    0     0 492208 265333 1595321 74 20  6  0  0  0
284  0  66112 71212316 2424848 73052220    0    0     0 493700 268921 1605914 73 20  6  0  0  0
214  0  66112 71194900 2424848 73052240    0    0     0 494784 266625 1605925 73 20  7  0  0  0
155  0  66112 71205320 2424848 73052256    0    0     0 490872 266214 1604038 73 20  7  0  0  0
163  0  66112 71215460 2424848 73052276    0    0     0 492264 268103 1600841 73 20  7  0  0  0
244  0  66112 71222468 2424848 73052292    0    0     0 493316 289070 1616303 73 20  7  0  0  0
259  0  66112 71206976 2424852 73052304    0    0     0 498868 269840 1606795 72 21  7  0  0  0
271  1  66112 71185424 2424852 73052364    0    0     0 498572 273355 1612755 72 20  8  0  0  0
255  0  66112 71176324 2424852 73052380    0    0     0 501472 269682 1619449 74 19  7  0  0  0
283  0  66112 71210188 2424852 73052396    0    0     0 496508 268396 1598251 73 20  7  0  0  0
227  0  66112 71218120 2424852 73052408    0    0     0 498712 272559 1604316 72 21  7  0  0  0
187  0  66112 71209016 2424852 73052424    0    0     0 498488 266315 1608460 72 20  7  0  0  0
266  0  66112 71212248 2424852 73052448    0    0     0 487688 261097 1614721 72 20  8  0  0  0
240  0  66112 71202032 2424852 73052464    0    0     0 491316 261939 1616563 73 20  7  0  0  0
147  0  66112 71207596 2424852 73052484    0    0     0 493540 266556 1593223 73 20  7  0  0  0
196  0  66112 71201576 2424852 73052504    0    0     0 490500 265523 1624890 72 20  8  0  0  0
216  0  66112 71197660 2424852 73052520    0    0     0 500136 278285 1567790 74 21  6  0  0  0
procs -----------memory---------- ---swap-- -----io---- -system-- -------cpu-------
 r  b   swpd   free   buff  cache   si   so    bi    bo   in   cs us sy id wa st gu
182  0  66112 71206412 2424852 73052544    0    0     0 491704 268630 1575546 74 20  6  0  0  0
219  0  66112 71204340 2424852 73052560    0    0     0 493268 264271 1596063 73 20  6  0  0  0
287  0  66112 71201472 2424852 73052572    0    0     0 491744 264899 1588577 73 20  6  0  0  0
225  1  66112 71191944 2424852 73052600    0    0     0 493160 262712 1598336 73 20  6  0  0  0
164  0  66112 71178924 2424852 73052612    0    0     0 493012 265090 1628099 74 19  7  0  0  0
230  0  66112 71194576 2424852 73052628    0    0     0 495984 267879 1599947 74 20  6  0  0  0
174  0  66112 71192732 2424852 73052640    0    0     0 486780 260103 1592541 73 20  7  0  0  0
112  0  66112 71223880 2424852 73052660    0    0     0 490864 263438 1589920 73 20  6  0  0  0
213  1  66112 71207976 2424852 73052684    0    0     0 492532 261959 1581684 74 20  6  0  0  0
268  1  66112 71192996 2424852 73052692    0    0     0 491640 261007 1594750 73 20  7  0  0  0
213  0  66112 71172288 2424852 73052716    0    0     0 490104 260903 1595595 73 20  7  0  0  0
218  0  66112 71184228 2424852 73052736    0    0     0 489784 261676 1589127 73 20  7  0  0  0
260  0  66112 71185016 2424852 73052756    0    0     0 489808 262129 1586999 74 20  6  0  0  0
250  0  66112 71192616 2424852 73052764    0    0     0 491056 262485 1578361 74 20  6  0  0  0
233  0  66112 71206748 2424856 73052792    0    0     0 492084 265639 1580755 74 20  6  0  0  0
273  0  66112 71186152 2424856 73052884    0    0     0 486172 263115 1599705 73 20  6  0  0  0
231  0  66112 71190376 2424856 73052888    0    0     0 492896 267552 1568969 74 20  6  0  0  0
241  0  66112 71193880 2424856 73052912    0    0     0 489544 263124 1586172 73 20  6  0  0  0
214  0  66112 71173900 2424856 73052928    0    0     0 492992 265630 1623650 73 20  7  0  0  0
183  0  66112 71177168 2424856 73052932    0    0     0 490580 264453 1585401 74 20  6  0  0  0
232  0  66112 71171268 2424856 73052960    0    0     0 495140 264839 1585463 74 20  6  0  0  0
procs -----------memory---------- ---swap-- -----io---- -system-- -------cpu-------
 r  b   swpd   free   buff  cache   si   so    bi    bo   in   cs us sy id wa st gu
235  1  66112 71176732 2424856 73052960    0    0     0 493580 264669 1596315 73 20  6  0  0  0
200  0  66112 71195776 2424856 73052988    0    0     0 490428 263616 1602446 74 20  6  0  0  0
218  0  66112 71185908 2424856 73053012    0    0     0 489516 262358 1582601 73 20  6  0  0  0
186  0  66112 71207944 2424856 73053012    0    0     0 487256 266288 1590562 73 20  7  0  0  0
267  0  66112 71228288 2424856 73053028    0    0     0 486796 262364 1586265 73 20  6  0  0  0
132  0  66112 71208744 2424856 73053044    0    0     0 484356 260822 1593244 73 20  7  0  0  0
165  0  66112 71196968 2424856 73053072    0    0     0 484888 260566 1603331 73 20  7  0  0  0
224  0  66112 71180516 2424856 73053088    0    0     0 490736 262997 1590015 74 20  6  0  0  0
259  0  66112 71169192 2424856 73053100    0    0     0 491128 263996 1601648 73 20  7  0  0  0
186  0  66112 71192276 2424856 73053132    0    0     0 490224 268726 1602333 73 20  7  0  0  0
284  0  66112 71207036 2424856 73053144    0    0     0 495416 268012 1582653 73 20  6  0  0  0
254  0  66112 71159252 2424856 73053168    0    0     0 493136 264161 1605456 74 19  6  0  0  0
289  0  66112 71170912 2424856 73053168    0    0     0 491232 267169 1579699 73 20  6  0  0  0
225  0  66112 71175920 2424856 73053200    0    0     0 492860 261273 1580141 74 20  6  0  0  0
263  0  66112 71201756 2424856 73053220    0    0     0 488828 261832 1587919 74 20  6  0  0  0
214  0  66112 71197652 2424856 73053236    0    0     0 489284 262245 1585632 73 20  6  0  0  0
256  0  66112 71189312 2424856 73053256    0    0     0 487208 262783 1599594 73 20  7  0  0  0
240  1  66112 71187472 2424856 73053272    0    0     0 491256 265972 1582682 73 21  6  0  0  0
278  0  66112 71184020 2424860 73053276    0    0     0 489152 263625 1598499 73 20  6  0  0  0
199  0  66112 71207168 2424860 73053304    0    0     0 495032 264624 1585014 74 20  6  0  0  0
235  0  66112 71194472 2424860 73053324    0    0     0 487044 265250 1585059 73 20  6  0  0  0
procs -----------memory---------- ---swap-- -----io---- -system-- -------cpu-------
 r  b   swpd   free   buff  cache   si   so    bi    bo   in   cs us sy id wa st gu
171  0  66112 71201928 2424860 73053332    0    0     0 491980 264354 1580197 74 20  6  0  0  0
244  0  66112 71199524 2424860 73053352    0    0     0 491552 264762 1582302 74 20  6  0  0  0
123  0  66112 71196536 2424860 73053364    0    0     0 496416 271303 1576700 73 21  6  0  0  0
189  0  66112 71196324 2424860 73053388    0    0     0 489624 264233 1593905 74 20  6  0  0  0
212  0  66112 71160452 2424860 73053400    0    0     0 484948 267145 1626570 74 19  7  0  0  0
223  0  66112 71158548 2424860 73053412    0    0     0 487980 261804 1598720 74 20  6  0  0  0
233  0  66112 71163592 2424860 73053440    0    0     0 495140 268647 1575447 74 20  6  0  0  0
226  0  66112 71193652 2424860 73053444    0    0     0 493740 270637 1575491 73 21  6  0  0  0
167  0  66112 71204076 2424860 73053472    0    0     0 484208 264913 1580241 73 20  6  0  0  0
135  1  66112 71199168 2424860 73053492    0    0     0 492844 268412 1585349 73 20  6  0  0  0
206  0  66112 71182852 2424860 73053504    0    0     0 485240 260755 1573878 73 20  6  0  0  0
210  0  66112 71168192 2424860 73053528    0    0     0 497472 269139 1589214 73 20  6  0  0  0
284  0  66112 71156348 2424864 73053548    0    0     0 486568 261981 1586386 74 20  6  0  0  0
253  0  66112 71171900 2424864 73053568    0    0     0 489896 263166 1576176 74 20  6  0  0  0
186  0  66112 71197364 2424864 73053572    0    0     0 495848 263832 1563432 74 20  6  0  0  0
228  0  66112 71189944 2424864 73053584    0    0     0 489828 266535 1583456 74 20  6  0  0  0
224  0  66112 71191124 2424864 73053600    0    0     0 486352 264890 1588302 73 20  6  0  0  0
206  0  66112 71180776 2424864 73053620    0    0     0 487992 260534 1577743 74 20  6  0  0  0
212  0  66112 71157184 2424864 73053644    0    0     0 489228 263633 1615901 74 19  6  0  0  0
300  0  66112 71172352 2424864 73053652    0    0     0 490992 265125 1604826 74 19  6  0  0  0
264  0  66112 71189832 2424864 73053676    0    0     0 491812 265894 1587030 74 20  6  0  0  0
procs -----------memory---------- ---swap-- -----io---- -system-- -------cpu-------
 r  b   swpd   free   buff  cache   si   so    bi    bo   in   cs us sy id wa st gu
242  0  66112 71166900 2424864 73053684    0    0     0 486436 263367 1587303 73 20  7  0  0  0
164  0  66112 71192228 2424864 73053700    0    0     0 490772 263612 1588388 74 20  6  0  0  0
282  0  66112 71169556 2424864 73053728    0    0     0 493048 265040 1574695 74 20  6  0  0  0
276  0  66112 71194812 2424864 73053744    0    0     0 490152 264701 1580264 74 20  6  0  0  0
147  1  66112 71197568 2424864 73053756    0    0     0 489632 261856 1578927 74 20  6  0  0  0
202  0  66112 71182876 2424864 73053772    0    0     0 496260 265650 1588671 74 20  6  0  0  0
166  0  66112 71184812 2424864 73053804    0    0     0 494912 264953 1574953 74 20  6  0  0  0
187  1  66112 71172088 2424864 73053820    0    0     0 491944 264995 1577886 74 20  6  0  0  0
221  0  66112 71176008 2424864 73053832    0    0     0 497816 266667 1589374 74 20  6  0  0  0
240  0  66112 71184244 2424864 73053844    0    0     0 491628 265619 1581684 73 20  6  0  0  0
213  0  66112 71192444 2424864 73053880    0    0     0 496676 266511 1585425 74 20  6  0  0  0
158  0  66112 71174160 2424864 73053888    0    0     0 500320 269251 1598781 74 20  6  0  0  0
249  0  66112 71173720 2424864 73053900    0    0     0 488132 261422 1603156 74 19  7  0  0  0
279  0  66112 71168220 2424864 73053984    0    0     0 494100 266087 1589981 74 20  6  0  0  0
261  0  66112 71185480 2424864 73053992    0    0     0 491112 264352 1584803 74 20  6  0  0  0
230  0  66112 71176656 2424864 73054016    0    0     0 494308 265198 1576536 74 20  6  0  0  0
227  0  66112 71161368 2424868 73054040    0    0     0 501164 269248 1584709 74 20  6  0  0  0
157  0  66112 71191216 2424868 73054056    0    0     0 497060 265852 1591623 73 20  6  0  0  0
321  0  66112 71182764 2424868 73054076    0    0     0 489524 263573 1593331 73 20  7  0  0  0
240  0  66112 71171556 2424868 73054096    0    0     0 490628 261957 1595100 73 20  7  0  0  0
237  0  66112 71179424 2424868 73054108    0    0     0 496488 267313 1592089 74 20  6  0  0  0
procs -----------memory---------- ---swap-- -----io---- -system-- -------cpu-------
 r  b   swpd   free   buff  cache   si   so    bi    bo   in   cs us sy id wa st gu
230  0  66112 71170896 2424868 73054132    0    0     0 492460 264496 1597766 73 20  6  0  0  0
235  0  66112 71166224 2424868 73054152    0    0     0 491148 261593 1602719 73 20  7  0  0  0
189  0  66112 71182152 2424868 73054164    0    0     0 489544 259940 1596095 73 20  7  0  0  0
263  0  66112 71177760 2424868 73054184    0    0     0 491252 262447 1597856 73 20  6  0  0  0
295  0  66112 71125924 2424868 73054188    0    0     0 489820 264496 1611228 74 19  6  0  0  0
252  1  66112 71128604 2424868 73054208    0    0     0 488744 262782 1615971 73 20  7  0  0  0
188  1  66112 71163064 2424868 73054236    0    0     0 489820 263617 1605393 73 20  7  0  0  0
173  0  66112 71173016 2424868 73054236    0    0     0 488356 261119 1588733 73 20  6  0  0  0
153  0  66112 71169552 2424868 73054260    0    0     0 484264 261129 1601067 73 20  7  0  0  0
236  0  66112 71154640 2424868 73054280    0    0     0 486844 261347 1600006 73 20  7  0  0  0
214  0  66112 71184704 2424868 73054304    0    0     0 488488 262772 1602119 73 20  7  0  0  0
193  0  66112 71183076 2424868 73054324    0    0     0 490616 263763 1587722 73 20  6  0  0  0
242  0  66112 71180676 2424868 73054344    0    0     0 492148 264959 1596251 73 20  6  0  0  0
180  0  66112 71185952 2424868 73054364    0    0     0 492348 264257 1607017 73 20  6  0  0  0
214  0  66112 71160092 2424868 73054380    0    0     0 492772 263786 1585087 74 20  6  0  0  0
121  0  66112 71159380 2424868 73054404    0    0     0 492916 262381 1590842 74 20  6  0  0  0
179  1  66112 71177676 2424868 73054420    0    0     0 493012 263322 1589509 73 20  6  0  0  0
252  0  66112 71170904 2424868 73054440    0    0     0 493724 264037 1579808 74 20  6  0  0  0
210  0  66112 71149284 2424868 73054452    0    0     0 493120 262955 1621954 74 20  7  0  0  0
190  0  66112 71169340 2424868 73054452    0    0     0 491880 259056 1592343 73 20  7  0  0  0
197  0  66112 71158028 2424868 73054488    0    0     0 487392 264624 1596260 73 20  7  0  0  0
procs -----------memory---------- ---swap-- -----io---- -system-- -------cpu-------
 r  b   swpd   free   buff  cache   si   so    bi    bo   in   cs us sy id wa st gu
277  0  66112 71160108 2424868 73054492    0    0     0 491344 265579 1589168 74 20  6  0  0  0
199  0  66112 71168088 2424868 73054520    0    0     0 486868 260776 1589221 73 20  6  0  0  0
250  0  66112 71172728 2424868 73054536    0    0     0 489424 263866 1580437 74 20  6  0  0  0
235  0  66112 71177188 2424868 73054556    0    0     0 491256 267023 1590732 74 20  6  0  0  0
217  0  66112 71185468 2424868 73054576    0    0     0 485628 261418 1591928 74 20  6  0  0  0
251  0  66112 71188988 2424868 73054592    0    0     0 485152 264729 1602339 73 20  7  0  0  0
171  0  66112 71184928 2424868 73054604    0    0     0 490160 263512 1585881 74 20  6  0  0  0
238  1  66112 71164496 2424868 73054632    0    0     0 488504 262366 1587930 73 20  6  0  0  0
235  0  66112 71161012 2424872 73054640    0    0     0 492948 266249 1572715 73 21  6  0  0  0
266  0  66112 71167552 2424872 73054664    0    0     0 487552 263221 1589580 73 20  6  0  0  0
135  0  66112 71172764 2424872 73054680    0    0     0 486904 263558 1598398 73 20  6  0  0  0
232  1  66112 71153860 2424872 73054696    0    0     0 490636 269898 1610672 74 20  6  0  0  0
294  0  66112 71147324 2424872 73054708    0    0     0 486756 260021 1603611 74 20  7  0  0  0
194  0  66112 71150376 2424872 73054732    0    0     0 489624 261539 1578119 73 20  7  0  0  0
206  0  66112 71164932 2424872 73054748    0    0     0 486068 260941 1601834 73 20  7  0  0  0
197  1  66112 71174816 2424872 73054768    0    0     0 487448 261968 1584853 74 20  6  0  0  0
234  0  66112 71160220 2424872 73054780    0    0     0 490016 264953 1599240 73 20  6  0  0  0
169  0  66112 71145512 2424872 73054788    0    0     0 485452 264851 1583635 73 20  6  0  0  0
242  0  66112 71145028 2424872 73054812    0    0     0 490464 264021 1582676 74 20  6  0  0  0
159  0  66112 71157864 2424872 73054832    0    0     0 493624 265500 1582784 74 20  6  0  0  0
179  0  66112 71184920 2424872 73054856    0    0     0 486936 263810 1576182 73 20  7  0  0  0
procs -----------memory---------- ---swap-- -----io---- -system-- -------cpu-------
 r  b   swpd   free   buff  cache   si   so    bi    bo   in   cs us sy id wa st gu
210  0  66112 71178744 2424872 73054868    0    0     0 487104 263090 1579308 74 20  6  0  0  0
140  0  66112 71171932 2424872 73054884    0    0     0 486224 263515 1585387 73 20  6  0  0  0
180  0  66112 71173860 2424872 73054904    0    0     0 489632 261149 1590880 73 20  7  0  0  0
244  0  66112 71148756 2424872 73054928    0    0     0 488044 262238 1613492 73 20  7  0  0  0
172  0  66112 71109032 2424872 73054940    0    0     0 491572 265448 1624711 74 19  7  0  0  0
175  0  66112 71140856 2424872 73054952    0    0     0 489248 263810 1578780 74 20  6  0  0  0
229  0  66112 71157100 2424872 73054968    0    0     0 484688 262253 1593000 73 20  7  0  0  0
249  0  66112 71164244 2424872 73054988    0    0     0 490164 266090 1579305 74 20  6  0  0  0
261  0  66112 71174800 2424872 73055008    0    0     0 489384 263348 1587634 73 20  7  0  0  0
273  0  66112 71180364 2424872 73055116    0    0     0 484024 259844 1598939 73 20  7  0  0  0
266  0  66112 71182348 2424872 73055128    0    0     0 495144 265843 1595770 74 20  6  0  0  0
159  0  66112 71165784 2424872 73055144    0    0     0 485168 261881 1610871 73 20  7  0  0  0
227  0  66112 71147092 2424876 73055160    0    0     0 486676 260547 1590059 73 20  6  0  0  0
242  1  66112 71175276 2424876 73055184    0    0     0 489808 261877 1599065 73 20  6  0  0  0
234  0  66112 71166500 2424876 73055204    0    0     0 490020 261804 1605009 73 20  7  0  0  0
285  0  66112 71160060 2424876 73055216    0    0    16 491740 263294 1593591 73 20  6  0  0  0
130  0  66112 71147152 2424876 73055236    0    0     0 486292 262843 1600010 73 20  7  0  0  0
246  0  66112 71120148 2424876 73055248    0    0     0 487664 261625 1608950 74 19  7  0  0  0
168  0  66112 71141148 2424876 73055256    0    0     0 491732 264304 1600254 74 20  7  0  0  0
201  0  66112 71143028 2424876 73055280    0    0     0 491280 265605 1574802 74 20  6  0  0  0
214  0  66112 71123312 2424876 73055292    0    0     0 490500 263125 1582471 74 20  6  0  0  0
procs -----------memory---------- ---swap-- -----io---- -system-- -------cpu-------
 r  b   swpd   free   buff  cache   si   so    bi    bo   in   cs us sy id wa st gu
284  0  66112 71133088 2424876 73055308    0    0     0 490648 261863 1573361 74 20  6  0  0  0
154  0  66112 71157384 2424876 73055324    0    0     0 487604 261105 1595147 73 20  7  0  0  0
242  0  66112 71177192 2424876 73055344    0    0     0 492372 264290 1581161 74 20  6  0  0  0
148  0  66112 71177488 2424876 73055364    0    0     0 488232 266050 1598949 73 20  6  0  0  0
230  0  66112 71167044 2424876 73055380    0    0     0 487932 260422 1591929 74 20  6  0  0  0
157  0  66112 71143376 2424876 73055400    0    0     0 492216 261722 1578688 74 20  6  0  0  0
271  1  66112 71158276 2424876 73055416    0    0     0 495308 268134 1584388 74 20  6  0  0  0
209  0  66112 71150948 2424876 73055432    0    0     0 489760 264138 1586735 73 20  6  0  0  0
213  0  66112 71147040 2424876 73055448    0    0     0 486120 264339 1579616 74 20  6  0  0  0
189  0  66112 71159532 2424876 73055468    0    0     0 489624 261756 1580434 74 20  6  0  0  0
280  0  66112 71137728 2424876 73055480    0    0     0 487704 263757 1614249 74 20  6  0  0  0
236  0  66112 71121848 2424876 73055488    0    0     0 488068 265579 1617680 74 20  7  0  0  0
229  0  66112 71157416 2424876 73055512    0    0     0 489696 263938 1577864 74 20  6  0  0  0
233  0  66112 71148124 2424876 73055528    0    0     0 489852 263751 1593840 74 20  6  0  0  0
218  0  66112 71137724 2424876 73055548    0    0     0 485864 261294 1597435 73 20  7  0  0  0
237  0  66112 71132644 2424876 73055564    0    0     0 486896 262985 1587150 73 20  7  0  0  0
224  0  66112 71148008 2424876 73055584    0    0     0 493784 263966 1569534 74 20  6  0  0  0
223  0  66112 71152372 2424876 73055600    0    0     0 493764 263556 1593374 73 20  6  0  0  0
113  0  66112 71159424 2424876 73055612    0    0     0 488268 261183 1587096 74 20  6  0  0  0
172  0  66112 71139200 2424876 73055632    0    0     0 491576 263755 1595617 73 20  6  0  0  0
193  0  66112 71139972 2424876 73055652    0    0     0 492244 264674 1584112 74 20  6  0  0  0
procs -----------memory---------- ---swap-- -----io---- -system-- -------cpu-------
 r  b   swpd   free   buff  cache   si   so    bi    bo   in   cs us sy id wa st gu
229  0  66112 71153904 2424876 73055672    0    0     0 488508 263387 1609625 72 20  7  0  0  0
253  1  66112 71130940 2424876 73055688    0    0     0 491336 263462 1592999 74 20  6  0  0  0
147  0  66112 71167104 2424876 73055712    0    0     0 490732 266761 1597283 73 20  6  0  0  0
205  0  66112 71145192 2424876 73055728    0    0     0 487860 262073 1607598 74 20  7  0  0  0
70  0  66112 71140216 2424876 73055736    0    0     0 488848 260806 1612099 74 19  7  0  0  0
225  0  66112 71169032 2424876 73055764    0    0     0 488164 263915 1589252 73 20  6  0  0  0
263  0  66112 71160864 2424876 73055780    0    0     0 489688 262480 1585655 74 20  6  0  0  0
253  0  66112 71183616 2424876 73055800    0    0     0 487912 260993 1574807 74 20  6  0  0  0
143  0  66112 71179460 2424876 73055824    0    0     0 488156 262430 1593124 74 20  6  0  0  0
168  0  66112 71160384 2424876 73055840    0    0     0 492236 263031 1587461 73 20  6  0  0  0
271  0  66112 71172720 2424876 73055856    0    0     0 490548 264081 1594820 74 20  6  0  0  0
203  0  66112 71161988 2424876 73055868    0    0     0 488492 263442 1590038 74 20  6  0  0  0
204  0  66112 71164524 2424876 73055888    0    0     0 493716 263786 1589005 74 20  6  0  0  0
256  1  66112 71150788 2424876 73055908    0    0     0 489636 262971 1568807 74 20  6  0  0  0
180  0  66112 71142932 2424876 73055920    0    0    16 486504 261965 1592795 73 20  6  0  0  0
195  0  66112 71159176 2424876 73055940    0    0    16 488552 265088 1588210 74 20  6  0  0  0
244  0  66112 71180908 2424876 73055960    0    0     0 489316 261816 1604280 73 20  7  0  0  0
248  1  66112 71131488 2424876 73055972    0    0     0 488216 263645 1618752 74 19  7  0  0  0
271  0  66112 71131340 2424876 73055980    0    0     0 494164 264336 1605782 74 19  6  0  0  0
232  0  66112 71135304 2424876 73056000    0    0     0 492108 264227 1577772 74 20  6  0  0  0
200  2  66112 71147132 2424876 73056020    0    0     0 499752 262528 1590740 73 21  6  0  0  0
procs -----------memory---------- ---swap-- -----io---- -system-- -------cpu-------
 r  b   swpd   free   buff  cache   si   so    bi    bo   in   cs us sy id wa st gu
108  2  66112 71154512 2424876 73056040    0    0     0 510168 268240 1584501 74 20  6  0  0  0
196  2  66112 71166296 2424876 73056060    0    0     0 484172 262709 1601377 73 20  7  0  0  0
255  0  66112 71168876 2424876 73056076    0    0     0 495912 262926 1602832 72 20  7  0  0  0
161  2  66112 71151148 2424876 73056092    0    0     0 491000 262660 1581600 74 20  6  0  0  0
228  0  66112 71139188 2424876 73056108    0    0     0 485324 262753 1599802 74 20  6  0  0  0
314  0  66112 71148096 2424876 73056128    0    0     0 483084 265284 1588005 74 20  6  0  0  0
236  0  66112 71148492 2424876 73056216    0    0     0 494292 260321 1598160 74 20  6  0  0  0
207  0  66112 71150240 2424876 73056224    0    0     0 508980 263954 1577567 74 20  6  0  0  0
241  2  66112 71158156 2424876 73056244    0    0     0 477592 261868 1578706 74 20  6  0  0  0
204  1  66112 71157136 2424876 73056268    0    0     0 508120 266073 1582039 74 20  6  0  0  0
281  1  66112 71143508 2424876 73056284    0    0     0 490448 261042 1617276 74 19  7  0  0  0
115  2  66112 71132604 2424876 73056296    0    0     0 480780 263533 1589913 74 19  6  0  0  0
148  3  66112 71162752 2424876 73056312    0    0     0 501996 263962 1578099 74 20  6  0  0  0
228  0  66112 71150504 2424876 73056332    0    0     0 496780 264341 1589847 73 20  7  0  0  0
286  2  66112 71155100 2424876 73056344    0    0     0 461544 258773 1587551 73 20  6  0  0  0
246  0  66112 71151400 2424876 73056368    0    0     0 490620 262981 1580009 74 20  6  0  0  0
269  1  66112 71152432 2424876 73056380    0    0     0 516396 264124 1593459 73 20  6  0  0  0
263  2  66112 71152416 2424876 73056396    0    0     0 463996 264846 1570053 73 20  6  0  0  0
250  0  66112 71146216 2424876 73056420    0    0     0 515196 264407 1584958 74 20  6  0  0  0
161  3  66112 71131132 2424880 73056448    0    0     0 493396 259982 1589624 73 20  6  0  0  0
295  0  66112 71134424 2424880 73056464    0    0     0 463016 262738 1580480 73 20  6  0  0  0
procs -----------memory---------- ---swap-- -----io---- -system-- -------cpu-------
 r  b   swpd   free   buff  cache   si   so    bi    bo   in   cs us sy id wa st gu
265  1  66112 71137744 2424880 73056476    0    0     0 495468 261417 1605364 73 20  7  0  0  0
145  5  66112 71146012 2424880 73056492    0    0     0 519208 264351 1583588 74 20  6  0  0  0
256  1  66112 71140492 2424880 73056512    0    0     0 467884 261911 1583688 74 20  6  0  0  0
234  3  66112 71108668 2424880 73056524    0    0     0 514596 265184 1619308 74 19  7  0  0  0
246  2  66112 71109712 2424880 73056532    0    0     0 474120 262964 1603871 74 20  6  0  0  0
247  2  66112 71152024 2424880 73056548    0    0     0 510876 263645 1586912 74 20  6  0  0  0
235  1  66112 71148668 2424880 73056564    0    0     0 490756 264988 1583787 74 20  6  0  0  0
208  1  66112 71153300 2424880 73056588    0    0     0 495292 263537 1570854 74 20  6  0  0  0
246  2  66112 71140768 2424880 73056608    0    0     0 481920 267023 1581745 74 20  6  0  0  0
267  1  66112 71166504 2424880 73056624    0    0     0 481948 264127 1583435 73 20  6  0  0  0
247  1  66112 71157788 2424880 73056640    0    0     0 497488 261342 1591360 74 20  6  0  0  0
195  2  66112 71134164 2424880 73056660    0    0     0 508780 265405 1584537 74 20  6  0  0  0
250  3  66112 71140044 2424880 73056676    0    0     0 485624 265006 1589003 74 20  6  0  0  0
243  1  66112 71147012 2424880 73056696    0    0     0 474688 264685 1593767 73 20  7  0  0  0
195  1  66112 71135448 2424880 73056712    0    0     0 476600 261554 1611518 73 20  7  0  0  0
172  1  66112 71145416 2424880 73056728    0    0     0 520220 264429 1590726 73 20  7  0  0  0
267  3  66112 71130236 2424880 73056752    0    0     0 506412 265947 1585372 74 20  6  0  0  0
268  0  66112 71104236 2424880 73056760    0    0     0 478580 264510 1611345 73 20  7  0  0  0
195  2  66112 71122416 2424880 73056780    0    0     0 490236 263571 1597692 74 20  7  0  0  0
208  3  66112 71127432 2424880 73056796    0    0     0 484220 264253 1591849 74 20  6  0  0  0
189  1  66112 71133992 2424880 73056808    0    0     0 481116 261465 1597864 73 20  6  0  0  0
procs -----------memory---------- ---swap-- -----io---- -system-- -------cpu-------
 r  b   swpd   free   buff  cache   si   so    bi    bo   in   cs us sy id wa st gu
190  2  66112 71116024 2424880 73056820    0    0     0 509692 264176 1585922 74 20  6  0  0  0
226  1  66112 71142996 2424880 73056840    0    0     0 491692 266217 1575021 74 20  6  0  0  0
174  2  66112 71155172 2424880 73056868    0    0     0 538008 271791 1593803 74 20  6  0  0  0
197  3  66112 71156260 2424880 73056884    0    0     0 480716 263226 1580079 74 20  6  0  0  0
227  1  66112 71151524 2424880 73056904    0    0     0 485232 263702 1577248 74 20  6  0  0  0
232  0  66112 71162088 2424880 73056920    0    0     0 485720 266615 1593711 74 20  6  0  0  0
195  2  66112 71154708 2424880 73056940    0    0     0 522536 266518 1596366 74 20  6  0  0  0
144  2  66112 71143640 2424880 73056960    0    0     0 470728 264347 1590660 73 20  6  0  0  0
159  3  66112 71145396 2424880 73056972    0    0     0 489244 260847 1598413 73 20  6  0  0  0
224  1  66112 71132092 2424880 73056992    0    0     0 475968 263298 1590582 74 20  7  0  0  0
297  1  66112 71116748 2424880 73057000    0    0     0 509832 263874 1615098 74 19  7  0  0  0
135  3  66112 71125748 2424880 73057012    0    0     0 491332 265186 1595044 74 20  6  0  0  0
278  0  66112 71123180 2424880 73057032    0    0     0 470088 267266 1589390 73 20  6  0  0  0
225  2  66112 71126200 2424880 73057048    0    0     0 516836 263108 1595156 73 20  6  0  0  0
237  1  66112 71150948 2424880 73057068    0    0     0 500140 267974 1585581 74 20  6  0  0  0
198  1  66112 71148368 2424880 73057084    0    0     0 481196 263105 1602127 73 20  6  0  0  0
185  2  66112 71134684 2424880 73057104    0    0     0 507380 267876 1574855 74 20  6  0  0  0
216  1  66112 71134008 2424880 73057120    0    0     0 478276 265311 1591365 73 20  6  0  0  0
204  1  66112 71135276 2424880 73057136    0    0     0 492220 263863 1586909 74 20  6  0  0  0
203  3  66112 71146512 2424880 73057152    0    0     0 481612 262474 1572865 74 20  6  0  0  0
224  1  66112 71148916 2424880 73057168    0    0     0 527900 264355 1586143 73 20  6  0  0  0
procs -----------memory---------- ---swap-- -----io---- -system-- -------cpu-------
 r  b   swpd   free   buff  cache   si   so    bi    bo   in   cs us sy id wa st gu
166  2  66112 71144784 2424880 73057188    0    0     0 475608 267470 1587202 73 20  6  0  0  0
297  2  66112 71154920 2424880 73057204    0    0     0 523000 265919 1605873 73 20  6  0  0  0
286  2  66112 71130456 2424880 73057228    0    0     0 507280 261937 1581804 74 20  6  0  0  0
274  1  66112 71108628 2424880 73057308    0    0     0 477688 267237 1602409 74 20  6  0  0  0
276  0  66112 71116184 2424880 73057316    0    0     0 477384 263949 1605078 74 20  7  0  0  0
165  3  66112 71140784 2424880 73057336    0    0     0 499340 267855 1600928 74 20  6  0  0  0
198  0  66112 71158116 2424880 73057352    0    0     0 479504 286181 1579177 73 20  6  0  0  0
214  0  66112 71134184 2424880 73057372    0    0     0 506884 265234 1594409 74 20  6  0  0  0
165  0  66112 71119496 2424880 73057388    0    0     0 499280 264538 1593673 74 20  6  0  0  0
219  1  66112 71122640 2424880 73057404    0    0     0 499260 267717 1595599 74 20  6  0  0  0
243  1  66112 71129836 2424880 73057416    0    0     0 501592 264110 1596290 73 20  6  0  0  0
186  1  66112 71139028 2424880 73057440    0    0     0 484792 265767 1593103 73 20  6  0  0  0
212  3  66112 71135484 2424880 73057460    0    0     0 497400 268640 1581300 74 20  6  0  0  0
241  0  66112 71137816 2424880 73057472    0    0     0 516608 269337 1594937 73 20  6  0  0  0
231  0  66112 71165448 2424880 73057492    0    0     0 471968 267049 1586984 74 20  6  0  0  0
178  2  66112 71147684 2424880 73057508    0    0     0 519784 263173 1588981 73 20  7  0  0  0
205  0  66112 71141204 2424880 73057532    0    0     0 462888 266443 1576378 74 20  6  0  0  0
173  2  66112 71113628 2424880 73057548    0    0     0 541596 268420 1615513 74 20  6  0  0  0
192  2  66112 71106924 2424880 73057556    0    0     0 487644 267267 1611188 74 20  6  0  0  0
215  1  66112 71136216 2424880 73057572    0    0     0 503712 266882 1591862 73 21  6  0  0  0
149  3  66112 71157048 2424880 73057596    0    0     0 502460 267338 1584567 74 20  6  0  0  0
procs -----------memory---------- ---swap-- -----io---- -system-- -------cpu-------
 r  b   swpd   free   buff  cache   si   so    bi    bo   in   cs us sy id wa st gu
289  1  66112 71154260 2424880 73057612    0    0     0 442132 260485 1578270 73 20  6  0  0  0
188  3  66112 71153640 2424880 73057628    0    0     0 549776 267686 1591119 74 20  6  0  0  0
166  0  66112 71142292 2424880 73057648    0    0     0 458376 265627 1578268 74 20  6  0  0  0
217  2  66112 71144984 2424880 73057664    0    0     0 521276 266317 1600137 73 20  7  0  0  0
227  2  66112 71130436 2424880 73057680    0    0     0 474184 267482 1587784 74 20  6  0  0  0
191  3  66112 71138576 2424880 73057704    0    0     0 480872 268152 1576810 74 20  6  0  0  0
231  3  66112 71149828 2424880 73057720    0    0     0 509400 280272 1604826 73 20  6  0  0  0
157  2  66112 71136648 2424880 73057736    0    0     0 497084 265002 1586725 74 20  6  0  0  0
201  2  66112 71134016 2424880 73057756    0    0     0 493916 269878 1579672 74 20  6  0  0  0
202  4  66112 71116344 2424880 73057776    0    0     0 487264 266722 1581889 73 20  6  0  0  0
249  0  66112 71110692 2424884 73057792    0    0     0 500416 267335 1624148 74 20  7  0  0  0
184  0  66112 71115284 2424884 73057804    0    0     0 516808 266606 1618969 74 19  7  0  0  0
187  0  66112 71124152 2424884 73057820    0    0     0 477432 264796 1588083 73 20  6  0  0  0
176  1  66112 71121404 2424884 73057840    0    0     0 515196 265969 1591675 73 21  7  0  0  0
231  1  66112 71124052 2424884 73057856    0    0     0 454800 264999 1593973 73 20  6  0  0  0
215  2  66112 71122016 2424884 73057876    0    0     0 501220 267037 1604989 73 20  6  0  0  0
123  4  66112 71121236 2424884 73057892    0    0     0 544652 266399 1584424 74 20  6  0  0  0
235  1  66112 71130664 2424884 73057908    0    0     0 466888 267066 1577865 74 20  6  0  0  0
187  3  66112 71148412 2424884 73057928    0    0     0 492308 265155 1581614 74 20  6  0  0  0
218  0  66112 71148452 2424884 73057948    0    0     0 520344 266093 1592608 73 20  6  0  0  0
263  1  66112 71130612 2424888 73057956    0    0     0 508524 265499 1596230 73 20  6  0  0  0
procs -----------memory---------- ---swap-- -----io---- -system-- -------cpu-------
 r  b   swpd   free   buff  cache   si   so    bi    bo   in   cs us sy id wa st gu
138  2  66112 71137580 2424888 73057976    0    0     0 484204 265891 1591208 73 20  6  0  0  0
202  0  66112 71140376 2424888 73057996    0    0     0 441000 268176 1583053 74 20  6  0  0  0
272  0  66112 71146276 2424888 73058012    0    0     0 519512 263902 1599566 73 20  6  0  0  0
193  2  66112 71117560 2424888 73058028    0    0     0 486020 267871 1616662 74 20  6  0  0  0
222  1  66112 71110792 2424892 73058032    0    0     0 525196 265649 1606026 74 19  7  0  0  0
116  3  66112 71128984 2424892 73058056    0    0     0 429696 260557 1581287 74 20  6  0  0  0
220  2  66112 71125096 2424892 73058080    0    0     0 534252 268387 1602996 73 20  6  0  0  0
209  2  66112 71136720 2424892 73058096    0    0     0 471612 265705 1576866 74 20  6  0  0  0
214  2  66112 71133876 2424892 73058116    0    0     0 501732 266282 1588973 73 20  6  0  0  0
175  3  66112 71110692 2424896 73058124    0    0     0 501376 264819 1588493 74 20  6  0  0  0
208  2  66112 71109756 2424896 73058144    0    0     0 488284 266339 1585980 74 20  6  0  0  0
153  1  66112 71120376 2424896 73058164    0    0     0 526616 264708 1594084 73 20  6  0  0  0
198  2  66112 71122428 2424896 73058176    0    0     0 452920 264726 1601869 73 20  7  0  0  0
257  2  66112 71118944 2424896 73058196    0    0     0 465504 264186 1602192 73 20  7  0  0  0
236  1  66112 71125764 2424896 73058212    0    0     0 504124 264276 1599313 73 20  7  0  0  0
215  2  66112 71132200 2424896 73058232    0    0     0 504400 267162 1579011 74 20  6  0  0  0
174  3  66112 71148284 2424896 73058252    0    0     0 500320 264878 1584945 74 20  6  0  0  0
171  1  66112 71125156 2424896 73058264    0    0     0 478620 267218 1618286 74 19  6  0  0  0
217  5  66112 71115244 2424896 73058276    0    0     0 488952 267248 1590022 73 20  7  0  0  0
208  2  66112 71123240 2424896 73058296    0    0     0 544164 266088 1585684 73 20  6  0  0  0
234  0  66112 71114216 2424896 73058320    0    0     0 449476 264405 1585117 73 20  6  0  0  0
procs -----------memory---------- ---swap-- -----io---- -system-- -------cpu-------
 r  b   swpd   free   buff  cache   si   so    bi    bo   in   cs us sy id wa st gu
177  1  66112 71126072 2424896 73058404    0    0     0 498988 265340 1589212 74 20  6  0  0  0
229  2  66112 71114840 2424896 73058420    0    0     0 523072 265691 1600303 73 20  7  0  0  0
232  0  66112 71105392 2424896 73058432    0    0     0 445624 262444 1595541 73 20  7  0  0  0
159  0  66112 71122020 2424896 73058448    0    0     0 517128 266787 1589108 74 20  6  0  0  0
200  0  66112 71124504 2424896 73058472    0    0     0 493672 265599 1598696 73 20  7  0  0  0
154  2  66112 71149048 2424896 73058488    0    0     0 512720 268118 1596420 73 20  6  0  0  0
191  3  66112 71136428 2424896 73058508    0    0     0 448232 261899 1595894 73 20  7  0  0  0
231  0  66112 71143620 2424896 73058524    0    0     0 530664 266615 1605714 73 20  7  0  0  0
194  1  66112 71153340 2424896 73058540    0    0     0 473708 264925 1599009 73 20  7  0  0  0
232  1  66112 71140112 2424896 73058560    0    0     0 501288 266380 1582442 74 20  6  0  0  0
307  0  66112 71102108 2424896 73058572    0    0     0 501900 268297 1629537 74 20  6  0  0  0
187  2  66112 71119164 2424896 73058588    0    0     0 526608 267471 1604048 74 20  7  0  0  0
195  3  66112 71124956 2424896 73058608    0    0     0 450772 261743 1601974 73 20  7  0  0  0
218  1  66112 71132408 2424896 73058628    0    0     0 495388 267650 1586943 74 20  6  0  0  0
270  2  66112 71134052 2424896 73058644    0    0     0 518804 264950 1603640 74 20  6  0  0  0
173  4  66112 71111220 2424896 73058660    0    0     0 496404 264262 1586568 74 20  6  0  0  0
199  3  66112 71109800 2424896 73058680    0    0     0 515772 265795 1594749 73 20  6  0  0  0
171  4  66112 71104880 2424896 73058704    0    0     0 483056 268088 1594043 73 20  6  0  0  0
247  1  66112 71119900 2424896 73058716    0    0     0 449552 265188 1585885 74 20  6  0  0  0
159  1  66112 71123364 2424896 73058728    0    0     0 550212 272225 1598465 73 21  6  0  0  0
268  0  66112 71138852 2424896 73058744    0    0     0 468276 261387 1607841 73 20  7  0  0  0
procs -----------memory---------- ---swap-- -----io---- -system-- -------cpu-------
 r  b   swpd   free   buff  cache   si   so    bi    bo   in   cs us sy id wa st gu
177  2  66112 71125028 2424896 73058764    0    0     0 502416 267891 1590762 74 20  6  0  0  0
202  1  66112 71125292 2424896 73058784    0    0     0 486244 265323 1604685 73 20  7  0  0  0
201  0  66112 71102332 2424896 73058800    0    0     0 512656 265235 1618293 73 20  7  0  0  0
219  0  66112 71085868 2424896 73058808    0    0     0 487036 262384 1631713 74 19  7  0  0  0
234  2  66112 71099736 2424896 73058820    0    0     0 471796 264682 1600953 73 20  7  0  0  0
258  1  66112 71116680 2424896 73058844    0    0     0 472680 266493 1584327 74 20  6  0  0  0
271  0  66112 71132160 2424896 73058860    0    0     0 502376 265785 1603918 73 20  7  0  0  0
184  1  66112 71108772 2424896 73058876    0    0     0 527520 264334 1597085 73 21  6  0  0  0
194  3  66112 71126604 2424896 73058892    0    0     0 460740 262507 1598319 74 20  6  0  0  0
229  3  66112 71132824 2424896 73058912    0    0     0 492828 266096 1582347 73 20  6  0  0  0
156  5  66112 71131004 2424896 73058940    0    0     0 532940 265399 1593196 74 20  6  0  0  0
79  2  66112 71151448 2424896 73058956    0    0     0 415740 263536 1598677 72 20  8  0  0  0
160  3  66112 71147700 2424896 73058976    0    0     0 529544 267145 1592168 74 20  6  0  0  0
171  4  66112 71140276 2424896 73058988    0    0     0 494092 264759 1584833 74 20  6  0  0  0
191  0  66112 71136320 2424896 73059004    0    0     0 503116 265628 1593558 74 20  6  0  0  0
218  0  66112 71128880 2424896 73059016    0    0     0 470304 264949 1592038 74 20  6  0  0  0
214  2  66112 71115984 2424896 73059036    0    0     0 536852 265183 1611239 73 20  7  0  0  0
297  0  66112 71076996 2424896 73059044    0    0     0 468652 264833 1628895 73 19  7  0  0  0
114  1  66112 71092712 2424896 73059056    0    0     0 506692 265329 1576738 74 20  6  0  0  0
286  2  66112 71115108 2424896 73059072    0    0     0 515644 265414 1605028 73 20  7  0  0  0
202  1  66112 71116072 2424896 73059096    0    0     0 453280 264393 1581596 74 20  6  0  0  0
procs -----------memory---------- ---swap-- -----io---- -system-- -------cpu-------
 r  b   swpd   free   buff  cache   si   so    bi    bo   in   cs us sy id wa st gu
268  4  66112 71127696 2424896 73059120    0    0     0 539148 266820 1594532 73 20  7  0  0  0
138  3  66112 71114352 2424896 73059140    0    0     0 485476 265181 1588573 74 20  6  0  0  0
152  0  66112 71138652 2424896 73059156    0    0     0 445484 262037 1597856 73 20  7  0  0  0
154  1  66112 71132468 2424896 73059172    0    0     0 521328 263896 1598579 73 20  7  0  0  0
280  1  66112 71133772 2424896 73059184    0    0     0 420848 261066 1586799 73 20  6  0  0  0
243  2  66112 71142340 2424896 73059208    0    0     0 552452 266429 1613173 73 20  7  0  0  0
135  3  66112 71105664 2424896 73059228    0    0     0 506560 265034 1594237 73 20  6  0  0  0
158  1  66112 71103740 2424896 73059244    0    0     0 476452 262737 1588534 74 20  6  0  0  0
205  2  66112 71130588 2424896 73059272    0    0     0 501168 267479 1596915 74 20  6  0  0  0
112  2  66112 71105828 2424896 73059288    0    0     0 450924 265775 1621486 74 20  7  0  0  0
216  3  66112 71096028 2424896 73059300    0    0     0 507936 269091 1618688 74 19  7  0  0  0
250  1  66112 71106876 2424896 73059312    0    0     0 488484 268435 1601780 74 20  6  0  0  0
323  2  66112 71118184 2424896 73059328    0    0     0 506764 264723 1591941 74 20  6  0  0  0
157  3  66112 71129256 2424896 73059344    0    0     0 548448 265858 1591040 73 20  6  0  0  0
205  1  66112 71132244 2424896 73059364    0    0     0 473488 263344 1598008 73 20  7  0  0  0
226  1  66112 71122176 2424896 73059384    0    0     0 476440 263140 1608751 73 20  7  0  0  0
167  1  66112 71128500 2424896 73059400    0    0     0 466768 265292 1582785 74 20  6  0  0  0
183  1  66112 71128824 2424896 73059424    0    0     0 488300 269890 1589191 74 20  6  0  0  0
217  1  66112 71104668 2424896 73059508    0    0     0 527460 266710 1578830 74 20  6  0  0  0
247  0  66112 71116396 2424896 73059532    0    0     0 456348 260981 1598889 73 20  7  0  0  0
181  2  66112 71119092 2424896 73059548    0    0     0 511372 265686 1600241 73 20  6  0  0  0
procs -----------memory---------- ---swap-- -----io---- -system-- -------cpu-------
 r  b   swpd   free   buff  cache   si   so    bi    bo   in   cs us sy id wa st gu
233  3  66112 71099184 2424896 73059564    0    0     0 497812 268653 1586682 73 20  7  0  0  0
230  0  66112 71106004 2424896 73059592    0    0     0 439044 263928 1589307 74 20  6  0  0  0
192  4  66112 71089472 2424896 73059604    0    0     0 591244 268930 1636621 73 20  7  0  0  0
171  3  66112 71099968 2424896 73059620    0    0     0 390520 263059 1612679 74 19  7  0  0  0
143  2  66112 71105280 2424896 73059640    0    0     0 540192 270063 1587672 74 20  6  0  0  0
217  1  66112 71087264 2424896 73059656    0    0     0 494300 264750 1579549 74 20  6  0  0  0
258  0  66112 71113904 2424896 73059676    0    0     0 501788 266700 1584888 74 20  6  0  0  0
99  3  66112 71121144 2424896 73059692    0    0     0 485416 264846 1575584 74 20  6  0  0  0
315  2  66112 71107768 2424896 73059704    0    0     0 480840 275863 1596457 73 21  6  0  0  0
246  1  66112 71109628 2424896 73059720    0    0     0 473056 266322 1589410 74 20  6  0  0  0
254  3  66112 71116596 2424896 73059740    0    0     0 552616 269567 1600877 73 20  6  0  0  0
192  5  66112 71127680 2424896 73059756    0    0     0 518972 273706 1586936 73 21  6  0  0  0
254  3  66112 71124240 2424896 73059772    0    0     0 467668 266087 1594726 73 20  6  0  0  0
218  0  66112 71116904 2424896 73059788    0    0     0 475288 269853 1579600 74 20  6  0  0  0
209  3  66112 71120056 2424896 73059804    0    0     0 569048 266902 1582875 73 20  6  0  0  0
275  0  66112 71112232 2424896 73059828    0    0     0 408540 267184 1569143 74 20  6  0  0  0
260  2  66112 71092528 2424896 73059840    0    0     0 503960 270681 1617044 74 20  6  0  0  0
180  1  66112 71099496 2424896 73059848    0    0     0 521712 268150 1593764 74 20  6  0  0  0
230  4  66112 71104176 2424896 73059864    0    0     0 468004 267994 1574724 73 20  6  0  0  0
148  1  66112 71115520 2424896 73059884    0    0     0 486896 270187 1584208 74 20  6  0  0  0
185  3  66112 71113448 2424896 73059908    0    0     0 507200 264528 1598030 73 20  7  0  0  0
procs -----------memory---------- ---swap-- -----io---- -system-- -------cpu-------
 r  b   swpd   free   buff  cache   si   so    bi    bo   in   cs us sy id wa st gu
172  3  66112 71116572 2424896 73059924    0    0     0 447832 268110 1583362 73 21  6  0  0  0
225  0  66112 71133044 2424896 73059940    0    0     0 548292 265611 1597059 73 20  6  0  0  0
134  2  66112 71127528 2424896 73059956    0    0     0 446296 264226 1589801 73 20  6  0  0  0
216  1  66112 71129048 2424896 73059984    0    0     0 503288 269137 1589905 73 20  6  0  0  0
195  1  66112 71111564 2424896 73060000    0    0     0 515500 267982 1592149 74 20  6  0  0  0
187  4  66112 71106812 2424896 73060016    0    0     0 479812 265553 1587356 74 20  6  0  0  0
243  0  66112 71117508 2424896 73060036    0    0     0 465660 270700 1582651 74 21  6  0  0  0
248  4  66112 71133840 2424896 73060056    0    0     0 503896 266515 1608596 73 20  7  0  0  0
221  0  66112 71127904 2424896 73060076    0    0     0 571988 267208 1605035 73 20  6  0  0  0
245  4  66112 71099272 2424896 73060092    0    0     0 488068 268253 1608146 74 20  6  0  0  0
299  2  66112 71101780 2424896 73060100    0    0     0 466352 264152 1600829 74 20  6  0  0  0
194  4  66112 71107712 2424896 73060116    0    0     0 476376 265016 1573304 74 20  6  0  0  0
257  0  66112 71119648 2424896 73060140    0    0     0 514312 270631 1579085 73 21  6  0  0  0
217  0  66112 71105764 2424896 73060152    0    0     0 504732 263368 1583526 73 20  6  0  0  0
215  0  66112 71101780 2424896 73060176    0    0     0 458116 264727 1579674 74 20  6  0  0  0
203  2  66112 71106760 2424896 73060188    0    0     0 577232 271908 1598836 73 21  7  0  0  0
273  1  66112 71117936 2424896 73060204    0    0     0 476588 264721 1586272 74 20  6  0  0  0
189  2  66112 71126552 2424896 73060224    0    0     0 456768 265729 1583029 73 20  6  0  0  0
218  0  66112 71119988 2424896 73060240    0    0     0 485680 266743 1578664 74 20  6  0  0  0
103  1  66112 71119412 2424896 73060256    0    0     0 504712 265459 1590547 73 21  6  0  0  0
190  0  66112 71122524 2424896 73060272    0    0     0 480540 264186 1599223 73 20  6  0  0  0
procs -----------memory---------- ---swap-- -----io---- -system-- -------cpu-------
 r  b   swpd   free   buff  cache   si   so    bi    bo   in   cs us sy id wa st gu
159  4  66112 71118260 2424896 73060284    0    0     0 509912 267449 1574207 73 20  6  0  0  0
304  2  66112 71124324 2424896 73060304    0    0     0 442508 266837 1587160 74 20  6  0  0  0
269  0  66112 71104208 2424896 73060320    0    0     0 592404 267765 1614265 74 20  7  0  0  0
207  4  66112 71084352 2424896 73060332    0    0     0 476596 268238 1599404 74 20  6  0  0  0
190  3  66112 71079780 2424896 73060352    0    0     0 473804 266900 1585710 74 20  6  0  0  0
208  2  66112 71088152 2424896 73060368    0    0     0 499276 264453 1591676 73 20  6  0  0  0
220  5  66112 71116340 2424896 73060384    0    0     0 451788 264841 1567002 74 20  5  0  0  0
218  2  66112 71121940 2424896 73060400    0    0     0 532392 272759 1586732 73 21  6  0  0  0
201  0  66112 71104152 2424896 73060416    0    0     0 506460 273477 1591931 74 20  6  0  0  0
186  1  66112 71107384 2424896 73060436    0    0     0 532036 271224 1590279 73 21  6  0  0  0
163  0  66112 71114272 2424896 73060456    0    0     0 440604 265887 1569080 74 20  6  0  0  0
142  2  66112 71107652 2424896 73060476    0    0     0 484128 264273 1589243 73 20  6  0  0  0
184  3  66112 71111688 2424896 73060492    0    0     0 502128 264759 1593472 73 20  6  0  0  0
187  0  66112 71109840 2424896 73060508    0    0     0 486768 266816 1586965 74 20  6  0  0  0
254  0  66112 71112396 2424896 73060524    0    0     0 532832 267408 1587782 74 20  6  0  0  0
251  0  66112 71101240 2424896 73060624    0    0     0 417216 263641 1576596 74 20  6  0  0  0
256  2  66112 71082916 2424896 73060644    0    0     0 576616 269626 1628863 74 20  7  0  0  0
140  5  66112 71081320 2424896 73060652    0    0     0 456288 265663 1606090 74 19  6  0  0  0
264  1  66112 71097452 2424896 73060664    0    0     0 462424 264298 1600575 73 20  6  0  0  0
