procs -----------memory---------- ---swap-- -----io---- -system-- -------cpu-------
 r  b   swpd   free   buff  cache   si   so    bi    bo   in   cs us sy id wa st gu
 6  1  70952 141898480 2098076 45361012    0    2 40560 36208 7355    7  4  1 95  1  0  0
32 10  70952 141455524 2098076 45361104    0    0 290640 233660 280099 620658 16 14 67  2  0  0
45  3  70952 141481712 2098076 45361116    0    0 522976 99764 292117 1431225 46 29 23  2  0  0
60  4  70952 141463708 2098076 45361136    0    0 437120 199152 278873 1301477 41 27 31  2  0  0
33 10  70952 141450004 2098076 45361156    0    0 403888 242176 265023 1261127 37 26 35  2  0  0
75  1  70952 141426568 2098076 45361172    0    0 432240 243880 278412 1313651 39 26 33  2  0  0
47  2  70952 141421772 2098080 45361200    0    0 422048 257972 269175 1290709 38 26 33  2  0  0
63 11  70952 141399004 2098080 45361208    0    0 431872 261104 276370 1293666 38 25 34  2  0  0
 5  0  70952 141376324 2098080 45361224    0    0 427664 255784 274188 1290228 39 26 33  2  0  0
24  1  70952 141359660 2098080 45361244    0    0 416304 258024 269219 1294183 38 27 33  2  0  0
 5  0  70952 141351384 2098080 45361268    0    0 416304 271136 271711 1310581 39 27 33  2  0  0
36  0  70952 141330512 2098080 45361360    0    0 427104 257772 267963 1293106 39 26 33  2  0  0
95  9  70952 141331268 2098080 45361384    0    0 425232 252816 275256 1316122 39 27 32  2  0  0
47  0  70952 141313500 2098080 45361404    0    0 419472 256212 268207 1300150 39 26 33  2  0  0
80  4  70952 141306356 2098080 45361412    0    0 425776 256304 274408 1321508 38 27 32  2  0  0
 5  1  70952 141302224 2098080 45361428    0    0 423520 257432 268718 1293486 39 26 33  2  0  0
82  4  70952 141292580 2098084 45361448    0    0 417408 253752 271980 1313022 39 26 33  2  0  0
 9  0  70952 141292900 2098084 45361472    0    0 430816 256700 270367 1298301 39 26 33  2  0  0
40 14  70952 141282204 2098084 45361488    0    0 432016 256852 273182 1292714 38 26 33  2  0  0
47  4  70952 141279072 2098084 45361504    0    0 429712 266300 269566 1293741 38 26 34  2  0  0
71  3  70952 141277852 2098084 45361524    0    0 413168 251988 269279 1308779 39 26 33  2  0  0
procs -----------memory---------- ---swap-- -----io---- -system-- -------cpu-------
 r  b   swpd   free   buff  cache   si   so    bi    bo   in   cs us sy id wa st gu
43 10  70952 141262060 2098088 45361540    0    0 424528 256156 274259 1311584 39 26 33  2  0  0
 6  0  70952 141260888 2098088 45361556    0    0 427312 262652 276693 1302216 38 26 33  2  0  0
 5  1  70952 141271816 2098088 45361580    0    0 419888 256724 274164 1303128 38 27 33  2  0  0
10  0  70952 141269252 2098088 45361596    0    0 421328 254876 269955 1298622 38 27 33  2  0  0
 6  0  70952 141263932 2098088 45361616    0    0 417056 256412 271613 1306895 39 26 33  2  0  0
 2  1  70952 141249184 2098088 45361636    0    0 413440 253816 264963 1293203 38 26 34  2  0  0
20 10  70952 141257632 2098088 45361656    0    0 422064 266828 273131 1322271 39 26 33  2  0  0
66 12  70952 141246116 2098088 45361668    0    0 405520 252836 270309 1308978 38 27 33  2  0  0
62  1  70952 141248584 2098088 45361684    0    0 420960 252648 271702 1312181 38 27 33  2  0  0
30  0  70952 141255164 2098088 45361704    0    0 422080 248628 272076 1316662 39 27 32  2  0  0
28  5  70952 141246272 2098092 45361724    0    0 410688 255064 265643 1300243 38 26 34  2  0  0
61  2  70952 141250332 2098092 45361752    0    0 421136 256264 269491 1300404 38 26 34  2  0  0
49 14  70952 141253584 2098092 45361772    0    0 417360 257532 268899 1308383 38 27 33  2  0  0
40  6  70952 141246968 2098092 45361788    0    0 416224 258996 267546 1297425 38 26 34  2  0  0
66 17  70952 141230584 2098092 45361800    0    0 432816 257224 271626 1308178 39 26 33  2  0  0
33  5  70952 141250056 2098092 45361816    0    0 423072 256416 269260 1307031 38 27 33  2  0  0
118  4  70952 141250536 2098092 45361840    0    0 434288 266552 275977 1292700 38 27 33  2  0  0
83  2  70952 141240152 2098092 45361860    0    0 421872 261364 270283 1288327 38 26 34  2  0  0
77 13  70952 141236816 2098092 45361884    0    0 406688 252012 269919 1298602 38 25 34  2  0  0
53  4  70952 141243628 2098092 45361908    0    0 433024 258800 272644 1314337 39 26 33  2  0  0
50 10  70952 141245888 2098092 45361928    0    0 411888 249520 267393 1298321 39 26 33  2  0  0
procs -----------memory---------- ---swap-- -----io---- -system-- -------cpu-------
 r  b   swpd   free   buff  cache   si   so    bi    bo   in   cs us sy id wa st gu
37  7  70952 141234304 2098092 45361944    0    0 419696 260692 273605 1310560 38 26 34  2  0  0
30  0  70952 141233144 2098092 45361964    0    0 412800 255724 267989 1314077 38 27 33  2  0  0
47  3  70952 141246968 2098092 45361984    0    0 434320 251376 271261 1313026 39 26 33  2  0  0
74  3  70952 141241388 2098092 45362000    0    0 421712 278704 267151 1294075 39 26 33  2  0  0
123  2  70952 141244776 2098092 45362020    0    0 423328 251388 273509 1317836 39 27 33  2  0  0
72  1  70952 141232632 2098092 45362048    0    0 434032 264224 271185 1292633 39 25 34  2  0  0
23  6  70952 141238168 2098092 45362064    0    0 411392 252652 267422 1300463 38 26 34  2  0  0
75  1  70952 141233976 2098092 45362076    0    0 425824 257080 272231 1309106 38 26 34  2  0  0
 4  0  70952 141250508 2098092 45362096    0    0 424848 262016 266960 1294323 38 26 34  2  0  0
 5  0  70952 141234816 2098096 45362120    0    0 415680 245936 272347 1318908 38 28 32  2  0  0
 5  0  70952 141237932 2098096 45362144    0    0 431040 260136 268937 1291839 38 26 34  2  0  0
74 13  70952 141236984 2098096 45362168    0    0 420800 259624 268513 1292355 38 27 33  2  0  0
26  1  70952 141241260 2098096 45362184    0    0 424640 255256 269007 1309586 38 27 33  2  0  0
64 18  70952 141240836 2098096 45362200    0    0 424144 256308 269364 1300342 39 26 33  2  0  0
27  8  70952 141221720 2098100 45362204    0    0 406784 242552 267671 1304152 38 27 33  2  0  0
72  8  70952 141238968 2098100 45362232    0    0 400096 252360 265581 1306596 38 27 34  2  0  0
 5  0  70952 141233900 2098100 45362252    0    0 415536 252328 268291 1305652 39 27 33  2  0  0
120  9  70952 141241368 2098100 45362272    0    0 426800 254368 271756 1310764 38 28 33  2  0  0
67  7  70952 141228804 2098100 45362292    0    0 421888 253572 274002 1319108 39 27 33  2  0  0
50  4  70952 141229352 2098100 45362308    0    0 415280 260876 268225 1295430 38 27 33  2  0  0
64  3  70952 141225092 2098100 45362332    0    0 422832 249328 272551 1313453 39 26 33  2  0  0
procs -----------memory---------- ---swap-- -----io---- -system-- -------cpu-------
 r  b   swpd   free   buff  cache   si   so    bi    bo   in   cs us sy id wa st gu
112  7  70952 141228720 2098100 45362344    0    0 419024 270348 268645 1298018 38 26 34  2  0  0
115 16  70952 141233680 2098100 45362368    0    0 424160 258592 272209 1311015 39 26 33  2  0  0
55  6  70952 141231376 2098100 45362388    0    0 425424 255584 271188 1305982 38 27 33  2  0  0
55  9  70952 141227872 2098100 45362404    0    0 419728 259300 274307 1304252 38 26 34  2  0  0
24  4  70952 141223092 2098100 45362436    0    0 423248 253048 269478 1304388 39 26 33  2  0  0
86  1  70952 141234460 2098100 45362448    0    0 410928 250112 272605 1305933 38 27 33  2  0  0
89  8  70952 141232584 2098100 45362464    0    0 419856 260068 272631 1309179 39 26 33  2  0  0
81  6  70952 141231680 2098100 45362476    0    0 427024 250592 270700 1305818 39 26 34  2  0  0
35  5  70952 141232096 2098100 45362564    0    0 425664 265636 271961 1289347 38 25 34  2  0  0
15  0  70952 141227472 2098100 45362588    0    0 421072 257928 267771 1290574 38 26 34  2  0  0
95  6  70952 141227980 2098100 45362612    0    0 428160 255732 275292 1309705 39 27 33  2  0  0
46  9  70952 141226440 2098100 45362632    0    0 409152 252480 271664 1305261 39 27 33  2  0  0
54  2  70952 141225412 2098100 45362648    0    0 415616 245128 277859 1331455 39 26 33  2  0  0
31 11  70952 141232924 2098100 45362664    0    0 426288 263100 272586 1301006 38 26 34  2  0  0
85  2  70952 141221316 2098100 45362676    0    0 412592 246888 269918 1317895 38 27 33  2  0  0
59  2  70952 141226952 2098100 45362708    0    0 419760 250164 277481 1314909 39 26 33  2  0  0
52  3  70952 141221728 2098100 45362728    0    0 424800 255896 267178 1289565 38 26 33  2  0  0
96  2  70952 141221176 2098100 45362748    0    0 422688 272196 270564 1288031 38 27 33  2  0  0
31  1  70952 141220444 2098104 45362760    0    0 426384 264128 269102 1295000 39 26 33  2  0  0
49  0  70952 141218520 2098104 45362784    0    0 431760 252416 270611 1309629 39 26 32  2  0  0
55  1  70952 141221172 2098104 45362804    0    0 427760 261744 270125 1301861 38 26 34  2  0  0
procs -----------memory---------- ---swap-- -----io---- -system-- -------cpu-------
 r  b   swpd   free   buff  cache   si   so    bi    bo   in   cs us sy id wa st gu
68  4  70952 141220160 2098104 45362820    0    0 440160 268524 268540 1294734 39 25 33  2  0  0
49  0  70952 141229464 2098104 45362840    0    0 435872 266396 269856 1289743 38 26 34  2  0  0
29  2  70952 141219236 2098104 45362860    0    0 431488 259456 268234 1296810 38 26 33  2  0  0
90  9  70952 141214624 2098104 45362880    0    0 438704 266704 269597 1286537 38 26 34  2  0  0
11  1  70952 141212556 2098104 45362900    0    0 437024 265956 269768 1299615 38 27 33  2  0  0
 5  0  70952 141227376 2098104 45362916    0    0 420000 262468 269940 1301509 38 27 33  2  0  0
102  3  70952 141223224 2098104 45362932    0    0 426400 252616 272910 1312967 39 26 33  2  0  0
48  2  70952 141217996 2098104 45362948    0    0 422288 259564 268280 1297085 39 26 33  2  0  0
44  5  70952 141209812 2098104 45362964    0    0 421104 256456 267477 1297786 38 27 33  2  0  0
 5  0  70952 141203248 2098104 45362988    0    0 428656 260536 275188 1301179 38 26 33  2  0  0
40  4  70952 141211104 2098104 45363012    0    0 421456 252860 271977 1309532 39 26 33  2  0  0
11 11  70952 141211992 2098104 45363032    0    0 416944 253608 265896 1296498 38 27 33  2  0  0
 6  0  70952 141216984 2098108 45363052    0    0 409776 263676 278799 1331665 39 27 32  2  0  0
22  1  70952 141209888 2098108 45363072    0    0 424832 260568 273211 1303104 39 25 34  2  0  0
46 12  70952 141207280 2098108 45363092    0    0 429808 260016 270270 1310610 39 26 33  2  0  0
 4  2  70952 141207412 2098108 45363108    0    0 413712 249356 267903 1304195 39 26 33  2  0  0
74  4  70952 141212452 2098108 45363128    0    0 429392 256672 267196 1295164 38 26 34  2  0  0
36  0  70952 141208872 2098108 45363148    0    0 438864 266184 289650 1295378 38 27 33  2  0  0
27  1  70952 141208200 2098108 45363172    0    0 408512 254640 266400 1292716 38 27 34  2  0  0
104  5  70952 141204648 2098108 45363196    0    0 413808 247192 272719 1313983 39 27 32  2  0  0
103  9  70952 141191244 2098108 45363212    0    0 427984 263972 273079 1304348 38 26 34  2  0  0
procs -----------memory---------- ---swap-- -----io---- -system-- -------cpu-------
 r  b   swpd   free   buff  cache   si   so    bi    bo   in   cs us sy id wa st gu
54  1  70952 141187072 2098108 45363224    0    0 419728 247136 269364 1308970 39 27 33  2  0  0
40 15  70952 141193052 2098108 45363240    0    0 421648 258128 269361 1291544 38 26 34  2  0  0
23  7  70952 141180608 2098108 45363264    0    0 422224 257452 267609 1290422 38 27 33  2  0  0
 4  0  70952 141189480 2098108 45363288    0    0 425616 256632 268839 1295202 38 25 35  2  0  0
36  0  70952 141194652 2098108 45363312    0    0 427632 259052 268005 1308769 39 26 33  2  0  0
38  0  70952 141198372 2098108 45363328    0    0 410448 252816 264356 1303616 38 27 33  2  0  0
130 12  70952 141198364 2098112 45363336    0    0 424528 258836 269810 1310694 38 27 33  2  0  0
19 12  70952 141195004 2098112 45363352    0    0 438976 261752 276379 1305319 38 26 34  2  0  0
74  2  70952 141195440 2098112 45363376    0    0 424144 258552 273544 1290051 38 26 34  2  0  0
42  1  70952 141200400 2098112 45363396    0    0 410368 266552 266651 1302515 38 27 33  2  0  0
 4  1  70952 141198248 2098112 45363416    0    0 415200 250996 267482 1312386 39 26 33  2  0  0
47  4  70952 141180292 2098112 45363436    0    0 447136 270828 268358 1298409 38 26 33  2  0  0
53  2  70952 141192604 2098112 45363460    0    0 412000 251956 268951 1310131 38 27 33  2  0  0
 7  0  70952 141191248 2098112 45363476    0    0 429824 263052 276712 1307915 38 26 34  2  0  0
23  1  70952 141197264 2098112 45363492    0    0 426784 255412 270791 1311621 39 27 33  2  0  0
96 19  70952 141195212 2098112 45363512    0    0 423824 258812 270469 1292737 38 26 34  2  0  0
18  5  70952 141197280 2098112 45363532    0    0 441440 266788 271006 1305731 38 27 33  2  0  0
36  0  70952 141203208 2098112 45363548    0    0 417264 254152 268680 1302663 38 27 33  2  0  0
52  3  70952 141194744 2098112 45363568    0    0 423856 260272 267556 1294923 38 26 33  2  0  0
59  1  70952 141194292 2098112 45363588    0    0 433296 259288 274594 1319425 39 27 32  2  0  0
81 11  70952 141185956 2098112 45363600    0    0 417824 257084 270741 1305356 38 27 34  2  0  0
procs -----------memory---------- ---swap-- -----io---- -system-- -------cpu-------
 r  b   swpd   free   buff  cache   si   so    bi    bo   in   cs us sy id wa st gu
64  6  70952 141186652 2098112 45363616    0    0 410864 258012 266689 1291537 37 26 34  2  0  0
52  4  70952 141191096 2098112 45363636    0    0 425344 257284 268483 1294480 39 26 33  2  0  0
86  1  70952 141196072 2098112 45363656    0    0 414176 248520 268170 1313935 38 27 32  2  0  0
91  5  70952 141184632 2098112 45363680    0    0 427536 257600 269096 1315218 39 26 32  2  0  0
33  0  70952 141194576 2098120 45363704    0    0 420080 259316 270225 1307882 39 27 33  2  0  0
34  5  70952 141200792 2098120 45363812    0    0 417360 276212 268511 1294737 38 26 34  2  0  0
38  0  70952 141191256 2098120 45363828    0    0 417184 256312 278050 1309924 38 26 33  2  0  0
59 25  70952 141186928 2098120 45363840    0    0 435456 259016 270074 1299189 39 26 33  2  0  0
92  4  70952 141189964 2098120 45363868    0    0 423648 258256 268501 1303290 38 27 33  2  0  0
 7  2  70952 141194552 2098124 45363888    0    0 420944 255384 269004 1298039 38 27 33  2  0  0
 6  0  70952 141194012 2098124 45363904    0    0 439040 259708 266643 1293886 38 25 34  2  0  0
110 11  70952 141194324 2098124 45363928    0    0 423392 258252 265777 1289299 38 26 34  2  0  0
51 14  70952 141189988 2098124 45363944    0    0 426288 257956 277090 1307489 39 27 32  2  0  0
77  6  70952 141189948 2098124 45363960    0    0 427616 260932 271253 1311831 39 26 34  2  0  0
26  2  70952 141185232 2098132 45363972    0    0 420112 258420 276149 1306983 38 26 34  2  0  0
24  8  70952 141173576 2098132 45363992    0    0 401728 250836 265273 1293872 38 26 34  2  0  0
 5  0  70952 141191272 2098132 45364012    0    0 416576 249756 267864 1315464 39 27 33  2  0  0
44  2  70952 141183668 2098132 45364032    0    0 418992 256332 271969 1312940 39 26 33  2  0  0
82  7  70952 141193032 2098132 45364056    0    0 433904 261936 269353 1301831 38 27 33  2  0  0
52  3  70952 141186592 2098136 45364076    0    0 426736 254276 275960 1322509 39 27 33  2  0  0
15  0  70952 141192708 2098136 45364096    0    0 417440 255816 270262 1308375 38 26 34  2  0  0
procs -----------memory---------- ---swap-- -----io---- -system-- -------cpu-------
 r  b   swpd   free   buff  cache   si   so    bi    bo   in   cs us sy id wa st gu
11  3  70952 141180964 2098136 45364112    0    0 415872 259464 270356 1308081 38 26 34  2  0  0
40  4  70952 141181900 2098136 45364132    0    0 417232 248368 269764 1316260 39 27 32  2  0  0
92  8  70952 141183160 2098136 45364148    0    0 424992 276580 271604 1308064 39 27 33  2  0  0
41  5  70952 141186128 2098136 45364172    0    0 423696 258192 268705 1301312 39 26 33  2  0  0
33  0  70952 141182960 2098136 45364192    0    0 412176 254752 269628 1306476 38 27 33  2  0  0
104 13  70952 141186048 2098136 45364212    0    0 425696 255384 273026 1298424 39 26 33  2  0  0
27  2  70952 141177928 2098136 45364224    0    0 416000 253468 274926 1319533 38 27 33  2  0  0
 5  1  70952 141175464 2098136 45364236    0    0 425712 259444 274871 1303931 39 26 34  2  0  0
59  2  70952 141182380 2098144 45364260    0    0 415440 251016 267891 1304372 38 26 33  2  0  0
43  3  70952 141187192 2098144 45364288    0    0 427344 257880 269471 1306624 39 26 33  2  0  0
77  3  70952 141180428 2098144 45364304    0    0 450416 271052 269700 1293121 38 26 33  3  0  0
 4  3  70952 141185140 2098144 45364324    0    0 423280 261528 277646 1317864 38 26 33  2  0  0
44  0  70952 141179788 2098144 45364344    0    0 424000 263792 270663 1297317 38 26 33  2  0  0
40  2  70952 141169316 2098144 45364360    0    0 429680 261576 270803 1303154 39 26 34  2  0  0
 6  0  70952 141170332 2098144 45364376    0    0 430608 255840 274763 1316755 38 27 33  2  0  0
85  8  70952 141175836 2098144 45364392    0    0 409328 251212 267633 1298851 38 27 33  2  0  0
 5  0  70952 141182144 2098144 45364416    0    0 420736 257380 275948 1317477 39 26 33  2  0  0
 6  0  70952 141178188 2098144 45364436    0    0 411888 255740 266052 1283702 38 26 34  2  0  0
 7  0  70952 141179268 2098148 45364460    0    0 421344 251336 271923 1303298 39 26 33  2  0  0
18  2  70952 141181956 2098148 45364480    0    0 433712 278280 270186 1293650 38 26 33  3  0  0
59  2  70952 141174912 2098148 45364488    0    0 411392 255552 274413 1310029 38 26 34  2  0  0
procs -----------memory---------- ---swap-- -----io---- -system-- -------cpu-------
 r  b   swpd   free   buff  cache   si   so    bi    bo   in   cs us sy id wa st gu
63  6  70952 141176456 2098148 45364512    0    0 418784 252864 271237 1307094 38 27 33  2  0  0
83  3  70952 141186560 2098148 45364532    0    0 414592 256128 269789 1295120 38 26 34  2  0  0
78  5  70952 141180932 2098148 45364552    0    0 422624 253220 274492 1321036 39 26 33  2  0  0
 5  1  70952 141182624 2098148 45364572    0    0 417024 253460 268479 1295368 38 26 34  2  0  0
 6  0  70952 141173556 2098148 45364588    0    0 430576 256508 268432 1290360 38 27 33  2  0  0
68  1  70952 141182136 2098148 45364608    0    0 417520 251320 269319 1296372 38 27 33  2  0  0
66  2  70952 141176936 2098148 45364620    0    0 417424 253584 273562 1304955 39 25 34  2  0  0
43  6  70952 141175272 2098152 45364640    0    0 431920 261260 271445 1303751 39 26 33  2  0  0
 5  0  70952 141180488 2098152 45364660    0    0 428672 262064 271166 1301657 38 27 33  2  0  0
83  6  70952 141180056 2098152 45364676    0    0 418064 258352 270647 1303181 38 27 33  2  0  0
52  2  70952 141179828 2098152 45364700    0    0 424320 255724 268819 1300617 38 27 33  2  0  0
71  5  70952 141181376 2098152 45364728    0    0 425984 254992 274700 1310611 39 26 33  2  0  0
14  0  70952 141178560 2098156 45364740    0    0 424976 260080 266938 1286893 38 25 34  2  0  0
 5  1  70952 141178068 2098156 45364756    0    0 425440 263592 271543 1308885 39 26 33  2  0  0
60  1  70952 141172404 2098156 45364772    0    0 419760 256480 268976 1301097 39 27 33  2  0  0
65 14  70952 141162916 2098156 45364792    0    0 428064 254908 271407 1305221 39 26 33  2  0  0
64  2  70952 141147132 2098156 45364812    0    0 414624 278948 268905 1290506 39 25 34  2  0  0
93  1  70952 141129876 2098156 45364832    0    0 415792 251752 270219 1312992 38 27 33  2  0  0
55  0  70952 141113296 2098156 45364856    0    0 433440 264192 283374 1305916 39 26 33  2  0  0
40  1  70952 141122236 2098156 45364872    0    0 427520 254188 273330 1311696 39 27 33  2  0  0
90  3  70952 141081012 2098156 45364880    0    0 437088 264124 275532 1310850 39 26 33  2  0  0
procs -----------memory---------- ---swap-- -----io---- -system-- -------cpu-------
 r  b   swpd   free   buff  cache   si   so    bi    bo   in   cs us sy id wa st gu
60  3  70952 141126588 2098156 45364908    0    0 422736 264976 267438 1285084 38 26 34  2  0  0
 5  0  70952 141153168 2098164 45364916    0    0 429024 256276 270748 1299630 39 27 33  2  0  0
40  6  70952 141139220 2098164 45365020    0    0 421040 262860 268247 1298429 38 26 34  2  0  0
97  7  70952 141161196 2098164 45365036    0    0 419840 251040 268361 1311730 38 27 33  2  0  0
50 11  70952 141154960 2098164 45365056    0    0 422608 261388 267695 1282383 38 26 34  2  0  0
25  0  70952 141159164 2098164 45365084    0    0 422128 255628 271334 1301589 39 26 33  2  0  0
34  2  70952 141150944 2098168 45365096    0    0 420064 259388 275465 1313154 39 26 34  2  0  0
77 10  70952 141164732 2098168 45365116    0    0 423056 255612 266992 1296129 38 26 34  2  0  0
 4  1  70952 141168756 2098168 45365136    0    0 418448 253904 275657 1320511 38 26 34  2  0  0
49  6  70952 141168976 2098168 45365156    0    0 413552 254092 268130 1305208 38 27 33  2  0  0
15  0  70952 141164460 2098168 45365176    0    0 420560 255732 267146 1304172 38 26 33  2  0  0
101  3  70952 141174060 2098172 45365196    0    0 421776 258008 268922 1311431 39 27 32  2  0  0
59  4  70952 141166292 2098172 45365224    0    0 414048 267080 270313 1314549 38 27 33  2  0  0
111  2  70952 141171184 2098172 45365236    0    0 428640 257132 276288 1334447 39 26 33  2  0  0
62  8  70952 141164656 2098172 45365252    0    0 402336 255020 266943 1295181 38 26 33  2  0  0
 6  0  70952 141167100 2098172 45365272    0    0 431408 257000 274342 1314166 39 26 33  2  0  0
113 14  70952 141167828 2098172 45365288    0    0 421664 259628 271101 1298434 38 26 34  2  0  0
 5  0  70952 141175876 2098172 45365316    0    0 413440 254200 269731 1310967 38 27 33  2  0  0
43  2  70952 141164972 2098172 45365332    0    0 425648 250632 268860 1303329 39 27 33  2  0  0
107  6  70952 141164220 2098172 45365352    0    0 409072 254432 268391 1313686 38 27 33  2  0  0
111 10  70952 141167384 2098172 45365356    0    0 429408 259644 273186 1307068 39 26 33  2  0  0
procs -----------memory---------- ---swap-- -----io---- -system-- -------cpu-------
 r  b   swpd   free   buff  cache   si   so    bi    bo   in   cs us sy id wa st gu
 6  2  70952 141163012 2098172 45365376    0    0 411040 256396 268467 1294929 38 27 33  2  0  0
22  4  70952 141168880 2098172 45365400    0    0 422864 252132 275507 1323034 39 26 33  2  0  0
27  0  70952 141164560 2098172 45365424    0    0 413488 257372 267830 1293817 38 26 34  2  0  0
 6  0  70952 141159148 2098172 45365440    0    0 415824 249804 272858 1309259 38 28 32  2  0  0
82 16  70952 141167988 2098172 45365468    0    0 418512 254528 270043 1303205 39 27 33  2  0  0
121  8  70952 141159708 2098172 45365484    0    0 427728 264120 273447 1306474 38 26 33  2  0  0
17  0  70952 141152844 2098172 45365492    0    0 421648 258468 277711 1308966 39 25 34  2  0  0
26  2  70952 141153784 2098172 45365516    0    0 422208 257620 269348 1296862 38 27 33  2  0  0
 6  0  70952 141156384 2098172 45365540    0    0 424416 254896 275068 1318306 38 27 33  2  0  0
83  6  70952 141161700 2098172 45365556    0    0 417824 270072 269922 1303656 38 27 33  2  0  0
46  2  70952 141159364 2098176 45365576    0    0 415008 254716 274350 1305273 38 27 33  2  0  0
 6  1  70952 141169268 2098176 45365604    0    0 432144 264904 273017 1291978 38 26 34  2  0  0
105  1  70952 141171868 2098176 45365628    0    0 417760 250888 271854 1314684 39 27 33  2  0  0
94 10  70952 141168304 2098176 45365636    0    0 433552 264492 273847 1301776 39 26 33  2  0  0
85  4  70952 141158492 2098176 45365656    0    0 413376 253032 269796 1299327 39 27 33  2  0  0
33  3  70952 141157536 2098176 45365676    0    0 429904 263592 270151 1288510 38 26 34  2  0  0
25  9  70952 141162488 2098176 45365696    0    0 432496 258708 271114 1301864 39 26 33  2  0  0
21  0  70952 141174108 2098176 45365716    0    0 421984 259132 271021 1290405 37 26 35  2  0  0
37  5  70952 141162308 2098176 45365732    0    0 417568 255972 268996 1303951 38 26 33  2  0  0
42 13  70952 141154340 2098176 45365756    0    0 416128 250516 271529 1314604 39 27 32  2  0  0
 5  0  70952 141150584 2098176 45365764    0    0 433872 261108 272893 1302441 39 26 33  2  0  0
procs -----------memory---------- ---swap-- -----io---- -system-- -------cpu-------
 r  b   swpd   free   buff  cache   si   so    bi    bo   in   cs us sy id wa st gu
101  3  70952 141156668 2098176 45365784    0    0 416432 255208 270325 1301925 39 27 33  2  0  0
118  9  70952 141154304 2098176 45365808    0    0 424896 255476 276920 1315315 38 27 33  2  0  0
59  1  70952 141160344 2098176 45365836    0    0 421328 259300 269950 1298531 39 26 33  2  0  0
35 11  70952 141157356 2098176 45365852    0    0 417904 257532 271807 1301897 38 27 34  2  0  0
26  1  70952 141157488 2098180 45365868    0    0 417296 261968 268772 1293131 38 26 33  2  0  0
36  1  70952 141166728 2098180 45365892    0    0 422688 249160 271126 1306739 38 27 32  2  0  0
71  1  70952 141158616 2098180 45365904    0    0 426880 275428 270782 1317439 39 25 33  2  0  0
 5  1  70952 141162052 2098180 45365924    0    0 415760 257880 266857 1324291 38 27 33  2  0  0
52  3  70952 141156740 2098180 45365940    0    0 419312 253668 266899 1311827 38 26 33  2  0  0
59  2  70952 141152284 2098184 45365960    0    0 416224 254312 264529 1306148 38 27 33  2  0  0
51 12  70952 141167412 2098184 45365992    0    0 427280 251488 267081 1308618 38 27 32  2  0  0
 6  0  70952 141151056 2098184 45366012    0    0 416560 257856 264008 1308495 38 26 33  2  0  0
79  0  70952 141161328 2098184 45366032    0    0 423776 252644 271627 1330835 38 27 33  2  0  0
60  4  70952 141155376 2098184 45366036    0    0 411104 256380 267785 1314486 38 27 32  2  0  0
64  1  70952 141149372 2098188 45366056    0    0 423696 253684 270641 1312298 38 27 33  2  0  0
33  4  70952 141157964 2098188 45366084    0    0 412352 245200 266188 1306602 39 27 32  2  0  0
39  1  70952 141156332 2098188 45366104    0    0 402176 243620 265689 1318847 38 28 33  2  0  0
51  6  70952 141157752 2098188 45366124    0    0 419808 249604 269806 1318209 39 26 33  2  0  0
67  4  70952 141154244 2098188 45366140    0    0 422768 266152 266710 1292901 38 26 34  2  0  0
25  9  70952 141164956 2098188 45366164    0    0 429744 253224 276316 1340128 39 26 32  2  0  0
28  2  70952 141152676 2098188 45366244    0    0 441456 267876 271292 1307452 38 26 33  3  0  0
procs -----------memory---------- ---swap-- -----io---- -system-- -------cpu-------
 r  b   swpd   free   buff  cache   si   so    bi    bo   in   cs us sy id wa st gu
 4  0  70952 141157344 2098188 45366260    0    0 412768 252392 271258 1308126 38 27 33  2  0  0
 8  0  70952 141160756 2098188 45366280    0    0 425760 261844 267364 1303120 38 26 34  2  0  0
79  8  70952 141158000 2098188 45366300    0    0 427072 271904 268583 1312814 39 26 33  2  0  0
40  1  70952 141156108 2098188 45366324    0    0 422752 258980 266850 1287740 38 26 34  2  0  0
81 13  70952 141158896 2098188 45366348    0    0 428912 255160 269009 1304978 39 27 33  2  0  0
13  2  70952 141165596 2098188 45366368    0    0 410576 251788 268089 1318769 39 26 33  2  0  0
47  1  70952 141152944 2098188 45366380    0    0 439344 264308 270869 1297295 39 25 34  2  0  0
11  0  70952 141151376 2098188 45366396    0    0 403632 256092 265480 1293733 38 26 34  2  0  0
69  6  70952 141148396 2098188 45366416    0    0 426736 248388 270679 1324075 40 26 32  2  0  0
 6  4  70952 141137576 2098188 45366436    0    0 405488 256400 266553 1300760 39 26 33  2  0  0
80  7  70952 141149504 2098188 45366460    0    0 426416 246636 267494 1313015 39 27 32  2  0  0
67  6  70952 141161940 2098188 45366484    0    0 414240 255540 266335 1305195 38 27 33  2  0  0
39  0  70952 141166232 2098188 45366500    0    0 428832 260332 275948 1325006 39 27 32  2  0  0
49  2  70952 141153036 2098192 45366504    0    0 421728 257128 270859 1305687 38 27 33  2  0  0
104 10  70952 141152696 2098192 45366528    0    0 426080 260360 268824 1302216 39 26 34  2  0  0
 3  1  70952 141157724 2098192 45366552    0    0 420208 251144 268881 1315579 39 27 32  2  0  0
60  1  70952 141164588 2098192 45366572    0    0 425008 259320 272766 1307108 38 26 34  2  0  0
80  0  70952 141159028 2098192 45366592    0    0 420992 252616 270457 1314897 39 26 33  2  0  0
73  6  70952 141153308 2098192 45366612    0    0 416688 261404 273664 1308452 38 27 33  2  0  0
77  2  70952 141165324 2098192 45366636    0    0 430080 258672 277788 1325378 39 26 33  2  0  0
128  6  70952 141154792 2098192 45366648    0    0 421104 274120 271680 1305149 39 25 34  2  0  0
procs -----------memory---------- ---swap-- -----io---- -system-- -------cpu-------
 r  b   swpd   free   buff  cache   si   so    bi    bo   in   cs us sy id wa st gu
52  1  70952 141152900 2098192 45366672    0    0 408880 247116 270769 1320173 39 27 33  2  0  0
82  7  70952 141148400 2098192 45366692    0    0 432256 267472 269052 1294287 38 27 33  2  0  0
52  7  70952 141157428 2098192 45366708    0    0 423216 258920 268973 1299609 38 27 33  2  0  0
21  3  70952 141155932 2098192 45366728    0    0 427920 256636 269392 1299619 39 26 33  2  0  0
52 13  70952 141157904 2098192 45366748    0    0 409616 254224 274629 1309880 38 27 33  2  0  0
92  5  70952 141154704 2098192 45366768    0    0 418128 250332 273006 1309457 38 26 34  2  0  0
33  3  70952 141155064 2098192 45366776    0    0 415536 254556 270931 1316273 38 26 33  2  0  0
63  4  70952 141158568 2098192 45366796    0    0 422672 257404 274289 1309425 38 27 33  2  0  0
87  5  70952 141158520 2098192 45366812    0    0 429120 262148 268672 1303785 38 26 33  2  0  0
54  1  70952 141150496 2098192 45366832    0    0 426368 257844 274377 1309906 38 26 33  2  0  0
27 33  70952 141161224 2098192 45366864    0    0 425200 264756 271754 1297632 39 26 34  2  0  0
55  3  70952 141152632 2098192 45366880    0    0 417248 257220 269630 1311367 39 27 32  2  0  0
74 13  70952 141150036 2098192 45366896    0    0 417936 249508 276286 1328774 39 27 33  2  0  0
27  0  70952 141148260 2098192 45366912    0    0 422240 261244 269655 1310227 39 26 33  2  0  0
34 31  70952 141159260 2098192 45366928    0    0 419760 250436 270143 1314462 39 28 32  2  0  0
85  4  70952 141157820 2098192 45366952    0    0 440064 264572 270455 1294057 39 26 33  2  0  0
54  3  70952 141144916 2098192 45366976    0    0 406800 244420 266888 1316705 39 26 32  2  0  0
62  1  70952 141137556 2098192 45367000    0    0 415200 266272 267652 1308649 39 26 33  2  0  0
36  8  70952 141151052 2098192 45367024    0    0 425664 264980 268953 1287427 38 26 34  2  0  0
61  0  70952 141164120 2098192 45367048    0    0 424912 251488 276897 1318240 38 27 33  2  0  0
38  3  70952 141155464 2098192 45367056    0    0 420272 257236 270479 1308921 38 26 33  2  0  0
procs -----------memory---------- ---swap-- -----io---- -system-- -------cpu-------
 r  b   swpd   free   buff  cache   si   so    bi    bo   in   cs us sy id wa st gu
93  3  70952 141147644 2098192 45367084    0    0 419520 258056 269970 1305297 39 26 33  2  0  0
46  7  70952 141150728 2098192 45367104    0    0 426208 253052 270844 1307547 39 26 34  2  0  0
98  3  70952 141149448 2098192 45367120    0    0 422000 255492 268408 1297311 38 27 33  2  0  0
76  0  70952 141152324 2098192 45367140    0    0 419536 257204 269969 1304081 38 27 33  2  0  0
31 25  70952 141145796 2098192 45367156    0    0 414016 257336 269336 1298916 38 26 34  2  0  0
53  5  70952 141157688 2098192 45367180    0    0 421520 253120 272458 1317204 39 26 33  2  0  0
53  7  70952 141152044 2098192 45367192    0    0 419584 262436 280562 1309431 39 26 33  2  0  0
77  9  70952 141141128 2098192 45367208    0    0 416384 253020 269046 1315814 39 27 33  2  0  0
27 26  70952 141145872 2098192 45367232    0    0 430672 257912 279383 1324838 38 27 33  2  0  0
57  2  70952 141146876 2098192 45367252    0    0 415328 258600 267522 1291197 38 27 34  2  0  0
54  2  70952 141151204 2098192 45367272    0    0 435584 255448 275386 1311860 39 27 32  2  0  0
106  7  70952 141152480 2098192 45367288    0    0 415904 265912 269388 1296651 38 25 34  2  0  0
79  2  70952 141159776 2098192 45367312    0    0 419680 267176 268930 1306027 39 26 33  2  0  0
27  0  70952 141148208 2098192 45367320    0    0 420224 254608 276415 1323515 39 26 33  2  0  0
43 13  70952 141143816 2098192 45367340    0    0 404320 252636 268745 1304799 39 27 33  2  0  0
37  3  70952 141161592 2098192 45367360    0    0 441344 257680 272407 1299248 39 26 33  2  0  0
70  2  70952 141153292 2098196 45367380    0    0 438544 271996 267962 1295755 38 26 34  2  0  0
78  4  70952 141148096 2098196 45367464    0    0 418112 251836 271339 1304637 38 27 33  2  0  0
47  1  70952 141140872 2098196 45367492    0    0 427568 266004 268676 1290271 37 27 34  2  0  0
26  7  70952 141156284 2098196 45367508    0    0 437392 259556 273967 1317759 38 26 34  2  0  0
61  5  70952 141159064 2098196 45367520    0    0 412832 258864 269063 1298937 38 26 34  2  0  0
procs -----------memory---------- ---swap-- -----io---- -system-- -------cpu-------
 r  b   swpd   free   buff  cache   si   so    bi    bo   in   cs us sy id wa st gu
83  3  70952 141154128 2098200 45367532    0    0 426896 258056 272591 1315601 39 27 33  2  0  0
69  0  70952 141144104 2098200 45367556    0    0 417344 254500 275084 1295470 38 27 33  2  0  0
66  4  70952 141153672 2098200 45367584    0    0 421904 257252 267811 1304496 39 26 33  2  0  0
70  3  70952 141145952 2098200 45367600    0    0 429008 255808 276625 1323063 38 26 33  2  0  0
96 12  70952 141146316 2098200 45367624    0    0 410656 257052 269390 1299164 38 26 34  2  0  0
64  4  70952 141156176 2098200 45367644    0    0 415792 252576 272723 1312001 38 27 33  2  0  0
 4  0  70952 141146352 2098200 45367652    0    0 425648 264664 274233 1303277 39 25 34  2  0  0
73  4  70952 141155120 2098200 45367672    0    0 424704 251036 270015 1308562 39 27 33  2  0  0
64  0  70952 141156708 2098200 45367700    0    0 416928 270696 274033 1308440 38 27 33  2  0  0
82  2  70952 141150276 2098200 45367716    0    0 402352 247852 267654 1307483 38 27 33  2  0  0
82  3  70952 141146112 2098200 45367744    0    0 415040 254272 270059 1302174 39 27 33  2  0  0
76  3  70952 141139788 2098200 45367764    0    0 428704 260468 271661 1301805 39 26 33  2  0  0
44  0  70952 141149088 2098200 45367784    0    0 428000 254216 274526 1315653 39 26 33  2  0  0
91 11  70952 141148504 2098200 45367796    0    0 418512 254672 269589 1300479 39 26 33  2  0  0
65  6  70952 141146408 2098200 45367812    0    0 418528 256072 270068 1301056 39 26 33  2  0  0
65  2  70952 141152548 2098200 45367832    0    0 427424 260632 271778 1293709 39 26 33  2  0  0
64  1  70952 141151272 2098200 45367852    0    0 425584 260168 269426 1300009 38 26 34  2  0  0
123  7  70952 141145596 2098200 45367868    0    0 427296 256472 273839 1306094 38 27 33  2  0  0
89  0  70952 141149512 2098200 45367892    0    0 424384 259488 268807 1288876 37 27 34  2  0  0
108  3  70952 141150704 2098200 45367912    0    0 426496 258652 270225 1292310 38 26 34  2  0  0
30  0  70952 141140320 2098200 45367924    0    0 413792 256116 269842 1302381 38 26 33  2  0  0
procs -----------memory---------- ---swap-- -----io---- -system-- -------cpu-------
 r  b   swpd   free   buff  cache   si   so    bi    bo   in   cs us sy id wa st gu
101 25  70952 141141816 2098200 45367944    0    0 414400 252280 271723 1304684 39 26 33  2  0  0
88  2  70952 141143412 2098200 45367964    0    0 429760 259068 267962 1294935 39 26 33  2  0  0
55  3  70952 141146256 2098200 45367984    0    0 405280 255296 271159 1307087 38 27 33  2  0  0
71  5  70952 141139224 2098200 45368008    0    0 431712 251620 271203 1315640 39 26 33  2  0  0
26  4  70952 141149620 2098204 45368024    0    0 424352 260936 270715 1305562 38 27 33  2  0  0
21  1  70952 141151088 2098204 45368048    0    0 426080 275176 276478 1310696 39 26 33  2  0  0
60  0  70952 141136912 2098204 45368056    0    0 409952 254708 269226 1317789 39 26 33  2  0  0
79  5  70952 141145448 2098204 45368080    0    0 419376 250320 273122 1323692 39 27 32  2  0  0
61  1  70952 141151176 2098204 45368104    0    0 409184 252012 268587 1306590 39 27 32  2  0  0
16  0  70952 141138796 2098204 45368128    0    0 435024 260060 272274 1307737 38 26 33  2  0  0
26 22  70952 141141264 2098204 45368148    0    0 417200 258832 268619 1298089 38 27 33  2  0  0
78  7  70952 141139672 2098204 45368168    0    0 414704 250724 276106 1321281 39 27 32  2  0  0
44  0  70952 141145588 2098204 45368180    0    0 424608 257348 270035 1296975 38 26 34  2  0  0
88  2  70952 141142960 2098204 45368192    0    0 438768 266516 273080 1291542 38 25 34  2  0  0
29 28  70952 141147168 2098204 45368216    0    0 417392 262468 269309 1301361 38 26 34  2  0  0
24  3  70952 141135536 2098204 45368240    0    0 419888 255080 272564 1315005 39 27 33  2  0  0
45 21  70952 141136448 2098204 45368260    0    0 414848 254444 269705 1301237 39 27 33  2  0  0
81  8  70952 141145008 2098204 45368276    0    0 435600 264128 272361 1296884 38 26 34  2  0  0
21  1  70952 141148216 2098204 45368296    0    0 418352 249188 275404 1313719 39 26 33  2  0  0
31  7  70952 141157260 2098204 45368324    0    0 410688 257064 271928 1317037 39 26 33  2  0  0
64  5  70952 141139220 2098204 45368332    0    0 422160 241552 267952 1296161 39 26 34  2  0  0
procs -----------memory---------- ---swap-- -----io---- -system-- -------cpu-------
 r  b   swpd   free   buff  cache   si   so    bi    bo   in   cs us sy id wa st gu
42 20  70952 141128792 2098204 45368352    0    0 417680 266244 269402 1305138 38 26 33  2  0  0
61 13  70952 141145924 2098204 45368372    0    0 420704 257252 274007 1310815 39 27 32  2  0  0
58  6  70952 141140112 2098204 45368388    0    0 427680 269444 268058 1304612 38 26 33  2  0  0
50  0  70952 141132860 2098204 45368412    0    0 438048 267904 274867 1298807 38 26 33  2  0  0
77  4  70952 141137572 2098204 45368436    0    0 414688 245444 269534 1312950 39 27 33  2  0  0
52  2  70952 141145524 2098204 45368448    0    0 410768 266600 270918 1323493 39 27 32  2  0  0
46  8  70952 141139552 2098204 45368464    0    0 436464 263268 273643 1307148 39 26 33  2  0  0
61  6  70952 141144468 2098204 45368484    0    0 407744 248964 264351 1303330 38 27 33  2  0  0
104  7  70952 141132304 2098208 45368500    0    0 417200 228960 265077 1300967 38 27 34  2  0  0
50  1  70952 141141276 2098208 45368528    0    0 415872 261908 267614 1304705 38 26 33  2  0  0
65  1  70952 141144088 2098208 45368548    0    0 435104 269956 276439 1315364 39 27 32  2  0  0
83 12  70952 141138420 2098208 45368564    0    0 411040 245780 266007 1305074 38 27 33  2  0  0
29 26  70952 141147820 2098208 45368580    0    0 428368 271944 273703 1328147 39 26 32  2  0  0
34 18  70952 141140384 2098208 45368588    0    0 433600 258424 269735 1299986 39 26 34  2  0  0
72  6  70952 141130904 2098208 45368684    0    0 411392 245472 267004 1302078 38 27 33  2  0  0
65  5  70952 141138832 2098208 45368704    0    0 423264 267992 270530 1302965 39 26 33  2  0  0
22  3  70952 141136488 2098208 45368724    0    0 405728 245336 268261 1313431 38 27 33  2  0  0
88 13  70952 141138864 2098208 45368744    0    0 437680 254888 270544 1303238 39 26 33  2  0  0
69  3  70952 141133644 2098208 45368764    0    0 429072 278528 268725 1286537 38 26 33  2  0  0
50 12  70952 141145276 2098208 45368792    0    0 426304 274580 276510 1306444 38 27 33  2  0  0
70 11  70952 141142396 2098208 45368804    0    0 415040 258556 269770 1309775 38 26 33  2  0  0
procs -----------memory---------- ---swap-- -----io---- -system-- -------cpu-------
 r  b   swpd   free   buff  cache   si   so    bi    bo   in   cs us sy id wa st gu
44  6  70952 141133748 2098208 45368824    0    0 432336 252040 281607 1315497 39 26 33  2  0  0
59  3  70952 141135044 2098208 45368840    0    0 423968 248144 266482 1286583 38 26 34  2  0  0
64  2  70952 141138112 2098208 45368860    0    0 421952 268276 271323 1309496 38 27 33  2  0  0
42 12  70952 141137608 2098208 45368884    0    0 421232 235320 267919 1293616 38 26 33  2  0  0
46  4  70952 141133532 2098208 45368896    0    0 415440 276488 273257 1309637 39 26 33  2  0  0
24  2  70952 141142756 2098208 45368916    0    0 417056 252840 274973 1322437 39 27 33  2  0  0
55  0  70952 141124688 2098208 45368928    0    0 426432 252992 271697 1315216 39 27 33  2  0  0
56  9  70952 141126116 2098208 45368952    0    0 425424 260944 270448 1299197 39 26 33  2  0  0
64  5  70952 141137248 2098208 45368976    0    0 423760 258944 269865 1303293 38 27 33  2  0  0
48  0  70952 141134584 2098208 45368996    0    0 429488 243060 268326 1292830 38 26 34  2  0  0
58  8  70952 141137816 2098208 45369016    0    0 420576 275620 270275 1298171 39 26 33  2  0  0
37  1  70952 141127088 2098208 45369036    0    0 430400 244000 269891 1293686 38 26 34  2  0  0
31  6  70952 141130320 2098208 45369056    0    0 432880 281636 274406 1299210 38 26 33  2  0  0
44  7  70952 141135556 2098208 45369072    0    0 424288 266736 271519 1295326 38 26 33  2  0  0
35 10  70952 141137168 2098208 45369088    0    0 427568 262104 269978 1288951 38 26 34  2  0  0
96  2  70952 141145260 2098208 45369112    0    0 420080 251148 270332 1308420 39 27 33  2  0  0
112 15  70952 141130416 2098208 45369136    0    0 432432 267424 268260 1284754 38 26 33  2  0  0
93  5  70952 141132196 2098208 45369160    0    0 427392 262056 270145 1298102 39 25 34  2  0  0
81  6  70952 141131892 2098208 45369176    0    0 425376 277008 270534 1302299 39 26 33  2  0  0
50  6  70952 141136408 2098208 45369196    0    0 428288 254788 274686 1308377 38 27 33  2  0  0
56  6  70952 141139560 2098208 45369208    0    0 435856 258860 278014 1313551 39 26 33  2  0  0
procs -----------memory---------- ---swap-- -----io---- -system-- -------cpu-------
 r  b   swpd   free   buff  cache   si   so    bi    bo   in   cs us sy id wa st gu
92 16  70952 141125580 2098208 45369232    0    0 408624 266740 268657 1298569 38 26 34  2  0  0
34  7  70952 141118788 2098208 45369256    0    0 428288 250556 271390 1312756 39 26 33  2  0  0
113  9  70952 141134532 2098208 45369272    0    0 426704 264296 275512 1312317 39 27 33  2  0  0
64  2  70952 141131348 2098208 45369296    0    0 413328 248956 268214 1301307 38 27 33  2  0  0
17 14  70952 141126488 2098208 45369316    0    0 422848 250040 280597 1314192 39 26 33  2  0  0
36 12  70952 141130860 2098208 45369328    0    0 430320 257092 272945 1300364 39 26 33  2  0  0
80  5  70952 141126584 2098208 45369344    0    0 438224 251372 276908 1305491 38 26 33  2  0  0
49  7  70952 141132180 2098208 45369368    0    0 410384 263500 268957 1300387 39 25 34  2  0  0
71  6  70952 141133584 2098208 45369392    0    0 429824 264004 273928 1321950 40 26 32  2  0  0
50  9  70952 141131104 2098208 45369408    0    0 414784 242900 269782 1298216 38 26 34  2  0  0
31  6  70952 141135860 2098208 45369428    0    0 427040 266860 270123 1312246 38 26 33  2  0  0
62  3  70952 141130692 2098212 45369444    0    0 424480 261140 270712 1304632 38 26 34  2  0  0
63  2  70952 141136576 2098212 45369460    0    0 419776 275396 272365 1309690 38 26 33  2  0  0
101  6  70952 141126736 2098212 45369480    0    0 430832 253964 273639 1308704 39 26 33  2  0  0
47  6  70952 141131492 2098212 45369496    0    0 420064 274060 271600 1311166 38 27 33  2  0  0
34  2  70952 141126080 2098212 45369516    0    0 419536 240880 271547 1303186 38 27 33  2  0  0
74  2  70952 141122772 2098216 45369528    0    0 423232 261244 272709 1311640 39 26 33  2  0  0
62  1  70952 141130996 2098216 45369568    0    0 418480 254672 270585 1299507 38 27 33  2  0  0
36 12  70952 141129796 2098216 45369588    0    0 422864 258252 274015 1302350 39 26 33  2  0  0
80  1  70952 141132100 2098216 45369600    0    0 420672 251436 272135 1304492 38 27 33  2  0  0
45  4  70952 141122524 2098216 45369616    0    0 412832 230536 272680 1314675 39 27 33  2  0  0
procs -----------memory---------- ---swap-- -----io---- -system-- -------cpu-------
 r  b   swpd   free   buff  cache   si   so    bi    bo   in   cs us sy id wa st gu
45  7  70952 141134360 2098216 45369636    0    0 416112 247416 269204 1302192 38 27 34  2  0  0
25  2  70952 141130820 2098216 45369664    0    0 437968 272604 272283 1295650 38 27 32  2  0  0
43 14  70952 141126684 2098216 45369688    0    0 440032 263076 270170 1290378 37 26 34  2  0  0
78  6  70952 141137564 2098216 45369704    0    0 419216 239928 265290 1282417 37 27 34  2  0  0
57  8  70952 141138428 2098216 45369724    0    0 414480 251424 267035 1292188 38 27 34  2  0  0
83  7  70952 141127720 2098216 45369736    0    0 417648 270752 273183 1310171 39 26 33  2  0  0
77 13  70952 141126432 2098216 45369748    0    0 430576 250500 274260 1309440 39 27 32  2  0  0
59  2  70952 141124872 2098216 45369780    0    0 418640 255020 272929 1312431 39 27 32  2  0  0
19  1  70952 141126952 2098216 45369800    0    0 410144 261780 274294 1319423 39 27 33  2  0  0
27 14  70952 141130292 2098216 45369820    0    0 412560 265832 268168 1310549 39 26 33  2  0  0
67  6  70952 141129992 2098224 45369844    0    0 430224 253164 274981 1311092 39 27 32  2  0  0
43  1  70952 141140004 2098224 45369944    0    0 440848 251528 272453 1294256 39 25 34  2  0  0
98  6  70952 141131400 2098224 45369960    0    0 426912 269720 275335 1304204 38 27 33  2  0  0
29  0  70952 141134444 2098224 45369976    0    0 434128 244532 270425 1290386 38 26 34  2  0  0
78  3  70952 141128744 2098224 45369992    0    0 409520 265000 269200 1303743 39 26 33  2  0  0
44  3  70952 141119180 2098232 45370012    0    0 438208 262340 273038 1298892 38 26 33  2  0  0
36  0  70952 141128520 2098232 45370032    0    0 404080 244428 266442 1300128 38 27 33  2  0  0
100  6  70952 141136000 2098232 45370056    0    0 435520 262064 269813 1298973 38 26 34  2  0  0
43 13  70952 141134652 2098232 45370084    0    0 417328 265548 267374 1300063 38 27 33  2  0  0
29  6  70952 141129980 2098232 45370092    0    0 421328 259824 278658 1322033 39 27 32  2  0  0
36  8  70952 141122208 2098232 45370108    0    0 423328 238108 269654 1300259 38 26 34  2  0  0
procs -----------memory---------- ---swap-- -----io---- -system-- -------cpu-------
 r  b   swpd   free   buff  cache   si   so    bi    bo   in   cs us sy id wa st gu
44  1  70952 141137336 2098232 45370124    0    0 418080 257608 269409 1302710 39 26 33  2  0  0
58  0  70952 141129940 2098232 45370148    0    0 421824 244492 269105 1293200 39 26 33  2  0  0
40  2  70952 141125456 2098232 45370172    0    0 418304 265588 267747 1292674 38 26 34  2  0  0
40 11  70952 141114536 2098232 45370192    0    0 425664 254704 273315 1310057 39 26 33  2  0  0
32 11  70952 141124596 2098236 45370216    0    0 419136 253272 270255 1294172 38 26 33  2  0  0
53  3  70952 141115580 2098236 45370232    0    0 422000 259264 267941 1287720 38 25 34  2  0  0
55  5  70952 141115084 2098236 45370248    0    0 411024 237108 268576 1308905 39 27 33  2  0  0
60  5  70952 141121896 2098236 45370272    0    0 427472 260236 270578 1299475 38 27 33  2  0  0
54  2  70952 141126016 2098236 45370296    0    0 427744 261756 269289 1295993 38 26 33  2  0  0
58  4  70952 141131000 2098236 45370320    0    0 419152 255636 271972 1307015 38 26 34  2  0  0
65  3  70952 141132408 2098236 45370376    0    0 430384 260408 270593 1297962 39 27 33  2  0  0
42  3  70952 141136136 2098236 45370396    0    0 414832 256728 269099 1300394 38 26 34  2  0  0
58  4  70952 141128364 2098236 45370408    0    0 433264 254748 273905 1304510 39 26 34  2  0  0
66  7  70952 141125788 2098236 45370424    0    0 434880 261740 280008 1313386 39 26 33  2  0  0
65  4  70952 141126084 2098244 45370448    0    0 430656 259180 271376 1293354 38 26 33  2  0  0
87  1  70952 141132124 2098244 45370468    0    0 418944 260920 270380 1298423 38 26 33  2  0  0
56  1  70952 141119868 2098244 45370492    0    0 430800 254932 268762 1302996 39 26 33  2  0  0
66  5  70952 141129032 2098244 45370516    0    0 415744 265284 271783 1301889 38 26 33  2  0  0
93 14  70952 141134620 2098244 45370536    0    0 423344 235644 268544 1305441 38 26 33  2  0  0
41  1  70952 141122396 2098244 45370552    0    0 421840 270316 271858 1305393 39 26 34  2  0  0
63 14  70952 141118068 2098244 45370568    0    0 414512 258736 270492 1306020 39 27 32  2  0  0
procs -----------memory---------- ---swap-- -----io---- -system-- -------cpu-------
 r  b   swpd   free   buff  cache   si   so    bi    bo   in   cs us sy id wa st gu
116  6  70952 141121056 2098244 45370584    0    0 429248 243704 270346 1291458 38 26 33  2  0  0
88  5  70952 141121628 2098244 45370604    0    0 414752 273656 268814 1304840 39 27 33  2  0  0
34 10  70952 141122652 2098244 45370628    0    0 418752 256412 270988 1305628 39 26 33  2  0  0
62  7  70952 141119240 2098248 45370648    0    0 426896 264184 269132 1302834 39 26 34  2  0  0
18 10  70952 141140916 2098248 45370668    0    0 417568 251800 269451 1308715 38 27 33  2  0  0
68  4  70952 141136872 2098248 45370688    0    0 431024 257212 276643 1307853 39 26 33  2  0  0
61  7  70952 141113276 2098248 45370696    0    0 416912 258776 273933 1314354 39 26 33  2  0  0
73 16  70952 141114036 2098248 45370720    0    0 426080 256508 274898 1312651 39 27 33  2  0  0
41  8  70952 141124092 2098248 45370740    0    0 419696 255216 269987 1295715 39 27 33  2  0  0
103 11  70952 141125256 2098248 45370760    0    0 428976 239880 270315 1298987 38 27 33  2  0  0
46  6  70952 141127932 2098248 45370780    0    0 421392 280408 270274 1307569 38 27 33  2  0  0
52  0  70952 141132612 2098248 45370800    0    0 429984 234664 267049 1298083 38 26 34  2  0  0
79  4  70952 141128240 2098248 45370816    0    0 426080 255208 270820 1294766 39 25 34  2  0  0
63  1  70952 141126448 2098252 45370828    0    0 414816 259880 274600 1307172 38 27 33  2  0  0
51  1  70952 141118552 2098252 45370852    0    0 424544 248216 267377 1302763 38 26 34  2  0  0
57  8  70952 141118052 2098252 45370872    0    0 423328 257176 270051 1311809 39 27 32  2  0  0
82  3  70952 141124216 2098252 45370892    0    0 428768 267052 270471 1289586 38 27 33  2  0  0
73  3  70952 141112436 2098252 45370916    0    0 420032 257620 274802 1317052 38 27 33  2  0  0
59  9  70952 141121756 2098260 45370928    0    0 422000 248272 272760 1305098 38 27 33  2  0  0
110 13  70952 141118672 2098260 45370956    0    0 421024 265084 270889 1304428 39 26 33  2  0  0
89  3  70952 141124152 2098260 45370968    0    0 435776 277040 273414 1298210 39 26 33  2  0  0
procs -----------memory---------- ---swap-- -----io---- -system-- -------cpu-------
 r  b   swpd   free   buff  cache   si   so    bi    bo   in   cs us sy id wa st gu
43  1  70952 141114720 2098260 45370992    0    0 416256 238044 269275 1309780 39 27 32  2  0  0
114  7  70952 141125752 2098260 45371012    0    0 425024 260564 269942 1307135 39 27 32  2  0  0
75  7  70952 141118072 2098260 45371032    0    0 423232 263884 276261 1290538 39 26 34  2  0  0
30  1  70952 141121140 2098260 45371052    0    0 423424 241988 278068 1316357 39 26 33  2  0  0
89 18  70952 141140600 2098260 45371068    0    0 419712 260812 270430 1295101 39 26 33  2  0  0
44  1  70952 141131928 2098260 45371088    0    0 425552 260368 274692 1315952 38 27 33  2  0  0
66  3  70952 141125268 2098260 45371108    0    0 418464 252996 274937 1310391 39 27 33  2  0  0
45  0  70952 141117136 2098268 45371116    0    0 422576 254244 268690 1296375 39 26 33  2  0  0
65 14  70952 141115220 2098268 45371220    0    0 423232 258968 275586 1309102 38 27 33  2  0  0
87  9  70952 141121048 2098268 45371236    0    0 429200 267024 267673 1297804 38 26 33  2  0  0
104  5  70952 141125728 2098268 45371260    0    0 421840 259712 274784 1318725 39 26 33  2  0  0
75  6  70952 141127756 2098268 45371284    0    0 422672 253560 269443 1297180 38 27 33  2  0  0
92  1  70952 141129740 2098268 45371292    0    0 425568 260080 277768 1324352 39 27 32  2  0  0
50  3  70952 141119852 2098268 45371308    0    0 421024 260848 273816 1301693 39 26 33  2  0  0
104 19  70952 141126196 2098268 45371324    0    0 420560 247064 270343 1300067 39 26 33  2  0  0
14  1  70952 141119904 2098268 45371352    0    0 420336 252344 275013 1309656 38 26 34  2  0  0
100  3  70952 141118700 2098268 45371368    0    0 428656 280208 271682 1290036 39 27 33  2  0  0
57  0  70952 141121592 2098268 45371392    0    0 427488 259784 275207 1302324 39 26 33  2  0  0
75  1  70952 141122732 2098268 45371412    0    0 419024 265716 272698 1304650 38 27 33  2  0  0
 3  6  70952 141120452 2098268 45371424    0    0 418400 236900 272761 1322907 39 27 32  2  0  0
 5  0  70952 141123840 2098268 45371436    0    0 423744 257784 272046 1301498 38 26 33  2  0  0
procs -----------memory---------- ---swap-- -----io---- -system-- -------cpu-------
 r  b   swpd   free   buff  cache   si   so    bi    bo   in   cs us sy id wa st gu
122  8  70952 141121676 2098268 45371452    0    0 407664 254468 266268 1289837 38 26 33  2  0  0
52  2  70952 141115328 2098268 45371476    0    0 431168 255660 273313 1310435 40 26 33  2  0  0
 5  1  70952 141122460 2098268 45371500    0    0 407232 257000 266504 1296443 38 26 34  2  0  0
12  2  70952 141121348 2098268 45371516    0    0 426288 256868 269989 1296415 38 26 34  2  0  0
34  1  70952 141126020 2098268 45371536    0    0 416928 252260 270281 1316206 39 26 33  2  0  0
92  8  70952 141131268 2098268 45371556    0    0 422816 258504 272105 1312155 39 26 33  2  0  0
31 15  70952 141113140 2098272 45371572    0    0 415888 256328 268179 1288985 38 26 34  2  0  0
 7  1  70952 141121196 2098272 45371600    0    0 418160 256868 273235 1287908 38 26 34  2  0  0
79  6  70952 141123228 2098272 45371624    0    0 426320 254388 274081 1306102 39 26 33  2  0  0
44  5  70952 141112112 2098272 45371640    0    0 415792 247360 266924 1296829 38 27 33  2  0  0
32 15  70952 141121756 2098272 45371664    0    0 438176 264516 271763 1303796 39 26 33  2  0  0
101  1  70952 141128464 2098272 45371684    0    0 422752 264484 270929 1294460 39 26 33  2  0  0
110 11  70952 141122956 2098272 45371696    0    0 439680 279092 272972 1289683 38 26 33  3  0  0
103  9  70952 141121336 2098272 45371712    0    0 444672 264876 270711 1299096 38 26 33  2  0  0
 4  0  70952 141121472 2098272 45371728    0    0 420320 258848 268233 1294211 38 27 33  2  0  0
84  1  70952 141122108 2098272 45371752    0    0 412928 256780 276604 1313934 39 26 34  2  0  0
117 11  70952 141129872 2098272 45371772    0    0 420272 253564 267969 1303648 38 27 33  2  0  0
45 20  70952 141119200 2098272 45371792    0    0 428704 261020 270699 1304680 39 26 33  2  0  0
13 25  70952 141128764 2098272 45371812    0    0 430688 258372 269314 1316550 39 26 33  2  0  0
23 22  70952 141115092 2098272 45371812    0    0 430112 262916 273232 1320564 38 26 33  2  0  0
 3  0  70952 141121976 2098272 45371828    0    0 417440 262112 269693 1299913 38 26 34  2  0  0
procs -----------memory---------- ---swap-- -----io---- -system-- -------cpu-------
 r  b   swpd   free   buff  cache   si   so    bi    bo   in   cs us sy id wa st gu
104 10  70952 141118224 2098272 45371852    0    0 418416 249168 268387 1305725 39 26 33  2  0  0
98 21  70952 141114164 2098272 45371876    0    0 416480 253448 270598 1317773 38 27 33  2  0  0
101 15  70952 141121004 2098272 45371896    0    0 404048 252864 266628 1315212 38 27 33  2  0  0
43  0  70952 141119884 2098272 45371912    0    0 425200 255132 274960 1323408 38 27 33  2  0  0
36  2  70952 141137204 2098272 45371932    0    0 424608 259200 270251 1302943 39 26 33  2  0  0
71  0  70952 141123880 2098272 45371948    0    0 425408 255956 275731 1323362 39 27 33  2  0  0
57  1  70952 141114616 2098272 45371964    0    0 422320 260008 268728 1298886 39 26 33  2  0  0
10 15  70952 141112160 2098272 45371992    0    0 410672 265116 268571 1313760 39 26 33  2  0  0
55  7  70952 141114376 2098272 45372012    0    0 428208 262588 273776 1307733 39 26 33  2  0  0
78 14  70952 141122492 2098272 45372028    0    0 421088 260892 269188 1301967 38 27 33  2  0  0
22  0  70952 141122496 2098272 45372044    0    0 435584 257192 276895 1313787 39 26 32  2  0  0
71  4  70952 141131816 2098272 45372068    0    0 415568 256260 269027 1302811 39 26 33  2  0  0
91  2  70952 141120476 2098272 45372080    0    0 431056 258164 278194 1312136 38 27 33  2  0  0
119  6  70952 141122180 2098272 45372092    0    0 423920 257284 273983 1308599 39 27 33  2  0  0
34  3  70952 141117692 2098272 45372112    0    0 409968 253032 268500 1307542 38 27 33  2  0  0
 5  1  70952 141111600 2098272 45372136    0    0 420848 251596 267538 1299698 38 27 33  2  0  0
 4  0  70952 141115920 2098272 45372160    0    0 406784 258376 267133 1301491 38 26 33  2  0  0
 7  0  70952 141116204 2098272 45372176    0    0 416352 245368 276287 1321707 39 27 32  2  0  0
52  3  70952 141117972 2098272 45372200    0    0 414816 250720 268348 1298354 39 26 34  2  0  0
 6  0  70952 141120800 2098272 45372216    0    0 437200 267604 275546 1308076 39 26 33  2  0  0
99  8  70952 141120840 2098272 45372232    0    0 424496 254856 275818 1312052 38 26 34  2  0  0
procs -----------memory---------- ---swap-- -----io---- -system-- -------cpu-------
 r  b   swpd   free   buff  cache   si   so    bi    bo   in   cs us sy id wa st gu
50  0  70952 141119816 2098272 45372260    0    0 413824 247332 268961 1307151 39 27 33  2  0  0
36  1  70952 141104252 2098272 45372280    0    0 415552 258092 269077 1301911 39 27 32  2  0  0
 4  0  70952 141111036 2098272 45372300    0    0 411312 256168 269171 1313005 39 26 33  2  0  0
30  6  70952 141110200 2098272 45372320    0    0 427264 251296 276054 1317939 39 27 32  2  0  0
 6  1  70952 141118616 2098272 45372336    0    0 422624 272936 277725 1320253 39 27 33  2  0  0
22 21  70952 141110140 2098272 45372420    0    0 428272 260872 270314 1301285 38 26 34  2  0  0
 7  0  70952 141120172 2098272 45372436    0    0 418448 254640 269524 1303318 38 26 34  2  0  0
67  2  70952 141118572 2098272 45372456    0    0 419408 260468 269330 1296412 38 26 33  2  0  0
59  7  70952 141116592 2098272 45372472    0    0 416864 249532 274796 1322021 39 27 32  2  0  0
53  2  70952 141124268 2098272 45372496    0    0 426672 261644 271625 1298789 39 26 33  2  0  0
65  3  70952 141115324 2098272 45372520    0    0 422336 259200 268704 1309180 38 26 33  2  0  0
 4  0  70952 141123316 2098272 45372540    0    0 442128 270520 272815 1292347 38 25 34  2  0  0
101  5  70952 141108684 2098272 45372548    0    0 417792 259520 269725 1295935 38 26 34  2  0  0
25  8  70952 141113068 2098272 45372572    0    0 426464 249840 271260 1319285 40 26 32  2  0  0
 7  5  70952 141109732 2098272 45372592    0    0 420000 263212 266480 1302228 38 26 34  2  0  0
43  1  70952 141111332 2098272 45372616    0    0 422624 251832 271626 1308283 39 27 32  2  0  0
33  4  70952 141116820 2098272 45372636    0    0 416864 259324 266951 1298699 38 27 33  2  0  0
 5  1  70952 141117992 2098272 45372652    0    0 429952 255432 270302 1310585 39 26 33  2  0  0
 2  0  70952 141120556 2098272 45372672    0    0 417600 265060 269351 1295542 38 26 34  2  0  0
136  7  70952 141118372 2098272 45372684    0    0 422608 251740 270526 1313557 38 27 33  2  0  0
64  9  70952 141124684 2098272 45372704    0    0 422928 256488 269162 1302995 38 27 33  2  0  0
procs -----------memory---------- ---swap-- -----io---- -system-- -------cpu-------
 r  b   swpd   free   buff  cache   si   so    bi    bo   in   cs us sy id wa st gu
62  4  70952 141123900 2098272 45372728    0    0 428608 268540 274370 1291100 38 27 34  2  0  0
85  3  70952 141118008 2098272 45372744    0    0 417744 271156 269183 1313755 39 27 33  2  0  0
55  3  70952 141118016 2098272 45372764    0    0 418656 251012 273118 1310214 39 26 33  2  0  0
86  7  70952 141117224 2098276 45372780    0    0 425328 259276 270400 1307882 38 26 33  2  0  0
24  0  70952 141128668 2098276 45372804    0    0 425920 265380 272502 1299143 38 26 33  2  0  0
60  0  70952 141110900 2098276 45372812    0    0 422528 254520 272889 1319491 39 26 33  2  0  0
75  9  70952 141112804 2098276 45372832    0    0 413104 256436 265981 1294998 38 26 33  2  0  0
85  7  70952 141107684 2098276 45372852    0    0 431328 254836 271198 1307748 39 27 33  2  0  0
134 18  70952 141108776 2098276 45372872    0    0 407248 260432 267143 1295027 38 26 34  2  0  0
 5  0  70952 141118656 2098276 45372896    0    0 424272 254076 270811 1307342 39 27 32  2  0  0
48 10  70952 141120056 2098276 45372920    0    0 421776 262132 268429 1291582 38 26 34  2  0  0
81  6  70952 141117008 2098276 45372936    0    0 424176 257440 270356 1305733 39 26 33  2  0  0
63 13  70952 141116164 2098276 45372944    0    0 431840 253608 273668 1312639 39 27 32  2  0  0
49  3  70952 141111196 2098280 45372960    0    0 424880 260632 276602 1307236 38 26 33  2  0  0
75  7  70952 141112708 2098280 45372988    0    0 419024 254584 269012 1292748 38 27 33  2  0  0
46  6  70952 141109216 2098280 45373016    0    0 418096 252332 271827 1312874 38 27 33  2  0  0
52  1  70952 141119716 2098280 45373036    0    0 425616 262364 270895 1303152 38 26 34  2  0  0
32  2  70952 141122124 2098280 45373052    0    0 420016 252604 271770 1315401 39 26 33  2  0  0
68 12  70952 141124656 2098284 45373068    0    0 420752 280164 273485 1304788 38 26 34  2  0  0
 7  0  70952 141115376 2098284 45373080    0    0 426016 252716 271697 1306954 39 26 33  2  0  0
 4  2  70952 141118952 2098284 45373108    0    0 417536 258220 272153 1296485 38 26 34  2  0  0
procs -----------memory---------- ---swap-- -----io---- -system-- -------cpu-------
 r  b   swpd   free   buff  cache   si   so    bi    bo   in   cs us sy id wa st gu
78  3  70952 141117020 2098284 45373128    0    0 424368 255660 269625 1301977 38 27 33  2  0  0
35  1  70952 141113184 2098284 45373140    0    0 417712 252540 269086 1299664 38 27 33  2  0  0
 6  0  70952 141113032 2098284 45373164    0    0 417184 262468 269397 1294290 38 27 34  2  0  0
31  2  70952 141107764 2098284 45373180    0    0 422864 254456 268473 1293560 38 26 34  2  0  0
35  0  70952 141122740 2098284 45373212    0    0 416768 247620 273809 1324365 39 26 33  2  0  0
95  7  70952 141112644 2098284 45373220    0    0 431680 267008 278487 1303779 38 26 34  2  0  0
33  2  70952 141113184 2098284 45373236    0    0 440336 266504 277677 1300173 38 26 34  2  0  0
28  0  70952 141112124 2098284 45373256    0    0 420624 258840 270017 1297145 39 26 33  2  0  0
87  2  70952 141104008 2098284 45373272    0    0 422736 253760 271047 1304012 39 26 33  2  0  0
25  3  70952 141113712 2098284 45373296    0    0 410288 252756 268641 1293250 38 27 33  2  0  0
81  2  70952 141115232 2098284 45373320    0    0 418704 248876 273456 1313971 39 27 32  2  0  0
56  1  70952 141121764 2098284 45373336    0    0 424912 262288 274379 1312010 39 26 33  2  0  0
32  1  70952 141115368 2098284 45373344    0    0 425312 257368 270636 1302780 38 26 34  2  0  0
 5  0  70952 141120172 2098284 45373360    0    0 421280 259504 268232 1293068 38 26 34  2  0  0
74  8  70952 141125164 2098284 45373384    0    0 425360 254224 270706 1310404 39 26 33  2  0  0
 5  1  70952 141111820 2098284 45373412    0    0 422432 280404 277157 1304311 38 26 33  2  0  0
54  4  70952 141112968 2098284 45373436    0    0 428416 265424 270911 1293378 38 27 33  2  0  0
90  3  70952 141118472 2098288 45373448    0    0 414352 239168 271828 1322293 39 27 32  2  0  0
18  0  70952 141127308 2098288 45373476    0    0 430320 272560 275012 1293135 38 26 34  2  0  0
36  2  70952 141113444 2098288 45373480    0    0 435360 258764 272761 1304877 39 26 33  2  0  0
74  4  70952 141107240 2098288 45373516    0    0 432016 253668 274354 1303699 39 27 33  2  0  0
procs -----------memory---------- ---swap-- -----io---- -system-- -------cpu-------
 r  b   swpd   free   buff  cache   si   so    bi    bo   in   cs us sy id wa st gu
53  7  70952 141116180 2098288 45373532    0    0 402656 257260 264732 1283354 38 26 34  2  0  0
 7  2  70952 141112880 2098288 45373548    0    0 427728 258636 269439 1291676 39 26 34  2  0  0
79  4  70952 141115680 2098288 45373644    0    0 411456 244796 268262 1315035 39 27 32  2  0  0
48  4  70952 141114564 2098288 45373664    0    0 419216 260636 267665 1285291 37 27 34  2  0  0
 5  0  70952 141126708 2098288 45373688    0    0 431312 255428 275447 1317889 39 26 33  2  0  0
15  0  70952 141115824 2098288 45373700    0    0 410048 259940 270497 1301134 38 26 34  2  0  0
56  2  70952 141113108 2098288 45373720    0    0 442624 260060 274721 1304414 38 26 33  2  0  0
83  0  70952 141121784 2098288 45373740    0    0 420000 256792 271039 1296210 39 26 33  2  0  0
33  2  70952 141107596 2098288 45373760    0    0 418768 247128 274253 1319418 38 26 33  2  0  0
 5  1  70952 141112160 2098288 45373784    0    0 413152 256148 268050 1291426 38 26 34  2  0  0
89  0  70952 141111368 2098288 45373804    0    0 423872 253688 270502 1311611 39 27 33  2  0  0
84 10  70952 141127228 2098288 45373820    0    0 410736 269840 269124 1297613 38 26 34  2  0  0
41  3  70952 141094792 2098288 45373828    0    0 421312 248592 284628 1306517 38 26 33  2  0  0
72  1  70952 141110088 2098288 45373852    0    0 418544 266684 269079 1298084 38 26 34  2  0  0
62  0  70952 141112460 2098288 45373872    0    0 430736 254464 271164 1310793 39 26 33  2  0  0
58  1  70952 141103328 2098288 45373904    0    0 424688 263084 270392 1294425 39 26 33  2  0  0
73  2  70952 141113532 2098288 45373924    0    0 419040 255640 268862 1300373 38 26 34  2  0  0
54  4  70952 141112692 2098292 45373944    0    0 430928 256256 269603 1302345 39 26 33  2  0  0
50 14  70952 141128020 2098292 45373960    0    0 418048 257272 271775 1301208 39 26 33  2  0  0
69  8  70952 141109432 2098292 45373972    0    0 414192 245744 276308 1321802 38 27 33  2  0  0
32  5  70952 141109416 2098292 45373992    0    0 425184 268552 273684 1286427 38 26 34  2  0  0
procs -----------memory---------- ---swap-- -----io---- -system-- -------cpu-------
 r  b   swpd   free   buff  cache   si   so    bi    bo   in   cs us sy id wa st gu
 6  1  70952 141115008 2098292 45374016    0    0 422256 261352 268455 1292593 38 27 33  2  0  0
29  0  70952 141120824 2098292 45374036    0    0 429424 249308 274373 1319932 39 27 32  2  0  0
62  0  70952 141109048 2098292 45374052    0    0 416592 250328 270818 1306177 38 27 32  2  0  0
80  4  70952 141109588 2098292 45374076    0    0 414656 257940 278737 1323268 38 27 33  2  0  0
111 12  70952 141116636 2098292 45374096    0    0 425600 259372 272567 1301469 39 26 33  2  0  0
 6  0  70952 141102712 2098292 45374104    0    0 422560 261004 275415 1312030 38 26 33  2  0  0
 5  0  70952 141101672 2098292 45374124    0    0 409456 247376 271869 1314635 39 26 33  2  0  0
56  1  70952 141104240 2098292 45374144    0    0 419472 257180 269117 1299010 39 27 33  2  0  0
58  4  70952 141110272 2098292 45374168    0    0 431536 279088 271891 1299050 39 27 33  2  0  0
 4  0  70952 141108724 2098292 45374188    0    0 411184 255340 267223 1284340 38 27 33  2  0  0
126  4  70952 141113332 2098292 45374212    0    0 426640 246412 271985 1311660 39 27 32  2  0  0
 4  0  70952 141111472 2098292 45374232    0    0 422448 267676 272896 1299036 38 26 34  2  0  0
 5  1  70952 141104332 2098292 45374240    0    0 428976 257780 272463 1304649 39 26 33  2  0  0
 6  1  70952 141109976 2098292 45374256    0    0 422736 257800 272042 1300588 38 26 34  2  0  0
 5  2  70952 141104148 2098292 45374280    0    0 428000 264632 270217 1313262 38 27 33  2  0  0
83  1  70952 141115108 2098292 45374304    0    0 435984 261220 275857 1306311 39 26 33  2  0  0
120 12  70952 141109772 2098292 45374320    0    0 424528 264136 267425 1286251 38 26 34  2  0  0
51  2  70952 141109212 2098292 45374344    0    0 433120 260720 277076 1311960 38 26 33  2  0  0
29 18  70952 141118952 2098292 45374360    0    0 422704 252456 272298 1304225 38 27 33  2  0  0
13  0  70952 141113744 2098292 45374372    0    0 418880 259148 272297 1296860 38 27 33  2  0  0
 5  0  70952 141105052 2098292 45374388    0    0 428400 251896 274681 1307227 39 27 32  2  0  0
procs -----------memory---------- ---swap-- -----io---- -system-- -------cpu-------
 r  b   swpd   free   buff  cache   si   so    bi    bo   in   cs us sy id wa st gu
32  2  70952 141109492 2098292 45374412    0    0 423264 269128 266667 1281908 38 26 34  2  0  0
54  7  70952 141108044 2098292 45374436    0    0 421424 252944 272744 1310883 38 27 33  2  0  0
47  6  70952 141109808 2098292 45374456    0    0 414368 256888 267790 1288673 38 27 33  2  0  0
67  1  70952 141104396 2098292 45374480    0    0 419216 247120 269893 1314914 39 26 33  2  0  0
81 13  70952 141111464 2098292 45374500    0    0 416672 269344 270430 1293221 38 27 33  2  0  0
39  4  70952 141102548 2098292 45374508    0    0 417728 257104 273625 1316694 39 27 33  2  0  0
98  0  70952 141106212 2098292 45374524    0    0 422096 249360 268607 1317270 39 26 33  2  0  0
45 15  70952 141115380 2098292 45374548    0    0 420944 265028 267064 1291505 38 26 35  2  0  0
58  0  70952 141107216 2098292 45374568    0    0 421824 252848 271693 1313383 38 27 33  2  0  0
74  3  70952 141109952 2098292 45374584    0    0 426160 254584 268592 1304249 39 27 33  2  0  0
64  4  70952 141118244 2098292 45374604    0    0 421520 258860 267014 1303995 38 27 33  2  0  0
93  6  70952 141121808 2098292 45374624    0    0 419520 255308 269720 1305978 39 26 33  2  0  0
114  7  70952 141106960 2098292 45374636    0    0 428528 257020 276330 1325489 38 27 33  2  0  0
121 21  70952 141106332 2098292 45374660    0    0 413760 252812 267394 1296965 39 26 33  2  0  0
 6  0  70952 141096020 2098292 45374680    0    0 416128 252440 272127 1317467 38 27 32  2  0  0
33  6  70952 141102332 2098292 45374700    0    0 427120 262372 270950 1304753 39 26 34  2  0  0
74  3  70952 141101600 2098292 45374716    0    0 427472 259736 270092 1294471 39 26 33  2  0  0
66 13  70952 141101636 2098292 45374736    0    0 430624 257200 271431 1302808 39 26 33  2  0  0
 4  0  70952 141107380 2098292 45374760    0    0 411008 261312 270294 1297943 38 27 33  2  0  0
48  2  70952 141102092 2098292 45374772    0    0 425728 256144 273218 1315905 38 27 33  2  0  0
38  3  70952 141110576 2098292 45374856    0    0 415440 252388 270261 1305800 38 27 32  2  0  0
procs -----------memory---------- ---swap-- -----io---- -system-- -------cpu-------
 r  b   swpd   free   buff  cache   si   so    bi    bo   in   cs us sy id wa st gu
47  5  70952 141106304 2098292 45374876    0    0 423488 256764 275533 1306700 38 26 33  2  0  0
22  4  70952 141111052 2098292 45374896    0    0 405920 270224 267369 1298939 38 26 33  2  0  0
112  2  70952 141106660 2098292 45374928    0    0 428928 256564 277587 1317032 39 26 33  2  0  0
50  4  70952 141104592 2098292 45374944    0    0 435792 263700 275522 1310496 39 26 33  2  0  0
50  5  70952 141111804 2098292 45374964    0    0 428960 264356 272832 1307409 39 26 33  2  0  0
 7  0  70952 141107296 2098292 45374976    0    0 427136 264084 270482 1295945 38 26 34  2  0  0
96  5  70952 141113456 2098292 45374992    0    0 424560 253360 271625 1309605 38 27 33  2  0  0
65  2  70952 141107276 2098292 45375012    0    0 422656 253376 282260 1326411 39 26 32  2  0  0
28  3  70952 141112128 2098292 45375040    0    0 420928 258420 268193 1292394 38 26 34  2  0  0
46  5  70952 141109552 2098292 45375056    0    0 409072 255544 268772 1305391 38 27 33  2  0  0
38  7  70952 141106492 2098292 45375072    0    0 430176 257936 271795 1308873 39 27 33  2  0  0
76  1  70952 141113668 2098292 45375092    0    0 421360 256660 270848 1301476 39 26 34  2  0  0
34  3  70952 141105132 2098292 45375100    0    0 426656 258540 278841 1323551 39 26 33  2  0  0
30 13  70952 141096496 2098292 45375128    0    0 423984 256860 270001 1300157 38 27 33  2  0  0
 6  0  70952 141110472 2098292 45375148    0    0 415040 253064 268110 1309408 39 26 34  2  0  0
50 13  70952 141095580 2098292 45375172    0    0 424608 262644 270089 1306662 38 27 33  2  0  0
42  6  70952 141107208 2098292 45375192    0    0 415216 249816 268834 1302644 39 26 33  2  0  0
52  2  70952 141105040 2098292 45375216    0    0 426944 255576 272216 1308412 39 27 33  2  0  0
39  9  70952 141108656 2098292 45375236    0    0 433616 281720 273799 1299811 39 26 33  2  0  0
68  4  70952 141101328 2098300 45375240    0    0 439072 264364 273175 1305194 39 26 33  2  0  0
35  0  70952 141104016 2098300 45375264    0    0 439760 267344 270954 1298966 39 26 33  2  0  0
procs -----------memory---------- ---swap-- -----io---- -system-- -------cpu-------
 r  b   swpd   free   buff  cache   si   so    bi    bo   in   cs us sy id wa st gu
 6  1  70952 141114140 2098300 45375284    0    0 433760 269844 270739 1302879 39 26 33  2  0  0
44  0  70952 141107180 2098300 45375304    0    0 425904 264416 269407 1295293 38 26 33  2  0  0
 5  0  70952 141102944 2098300 45375328    0    0 420528 259624 269713 1299601 38 27 33  2  0  0
68 14  70952 141115264 2098304 45375348    0    0 424864 261560 269415 1301192 39 26 33  2  0  0
43  0  70952 141114092 2098304 45375368    0    0 418752 250724 272129 1318462 39 26 33  2  0  0
86 13  70952 141095364 2098304 45375376    0    0 429472 268920 271281 1287502 38 26 34  2  0  0
 6  0  70952 141099816 2098304 45375428    0    0 441152 264872 268273 1283528 39 25 34  2  0  0
75  6  70952 141111624 2098304 45375420    0    0 431712 261556 270313 1298597 38 26 33  2  0  0
 5  0  70952 141107064 2098304 45375448    0    0 421216 259572 270471 1302203 39 26 33  2  0  0
29  2  70952 141110768 2098304 45375476    0    0 414736 251224 268889 1303482 39 27 32  2  0  0
85  1  70952 141104592 2098304 45375496    0    0 413600 250756 268519 1305990 38 27 33  2  0  0
132 11  70952 141117896 2098304 45375516    0    0 416224 256892 272948 1307974 39 26 33  2  0  0
45  0  70952 141114012 2098304 45375528    0    0 432304 256800 274468 1317155 39 26 33  2  0  0
54  3  70952 141105232 2098308 45375548    0    0 426496 257704 267757 1300344 38 27 33  2  0  0
 5  1  70952 141110056 2098308 45375572    0    0 422720 274856 270232 1294660 39 26 33  2  0  0
88  8  70952 141113916 2098308 45375592    0    0 424896 259648 268076 1292646 39 26 33  2  0  0
48  1  70952 141116280 2098308 45375608    0    0 425936 258368 267532 1296623 38 27 33  2  0  0
62  1  70952 141114676 2098308 45375624    0    0 420880 256564 269407 1306922 38 27 33  2  0  0
36  1  70952 141114892 2098316 45375636    0    0 427264 260160 272580 1311224 39 27 33  2  0  0
 6  0  70952 141102596 2098316 45375652    0    0 430304 260488 271909 1302790 38 27 33  2  0  0
70 10  70952 141099792 2098316 45375672    0    0 417280 258636 272117 1299184 39 26 33  2  0  0
procs -----------memory---------- ---swap-- -----io---- -system-- -------cpu-------
 r  b   swpd   free   buff  cache   si   so    bi    bo   in   cs us sy id wa st gu
53  8  70952 141096000 2098316 45375692    0    0 412368 254628 267653 1305514 38 27 33  2  0  0
64  5  70952 141098992 2098316 45375712    0    0 414720 253200 271678 1312028 39 27 33  2  0  0
53  4  70952 141094700 2098316 45375740    0    0 431648 260844 270221 1294932 39 26 33  2  0  0
44  4  70952 141100340 2098316 45375756    0    0 417312 252604 272451 1310698 39 26 33  2  0  0
 4  0  70952 141109440 2098316 45375784    0    0 430752 255312 271438 1316380 39 26 33  2  0  0
20 12  70952 141095076 2098316 45375792    0    0 412160 254092 275865 1316484 39 27 33  2  0  0
40 11  70952 141105000 2098316 45375812    0    0 420144 256008 272803 1305890 39 26 33  2  0  0
26  7  70952 141092184 2098316 45375836    0    0 412704 248536 267585 1310634 39 26 33  2  0  0
 5  0  70952 141101844 2098316 45375852    0    0 427248 256932 273858 1313158 39 26 33  2  0  0
66  0  70952 141099424 2098316 45375876    0    0 410640 255584 267662 1299402 38 26 33  2  0  0
 7  0  70952 141098736 2098316 45375896    0    0 412192 250012 274894 1314294 38 27 33  2  0  0
55  3  70952 141106868 2098316 45375916    0    0 423152 274488 271754 1307048 39 26 33  2  0  0
 7  1  70952 141097172 2098316 45375928    0    0 424080 257836 272889 1318598 39 26 33  2  0  0
62  2  70952 141100844 2098316 45375948    0    0 417744 255228 267794 1291346 38 26 34  2  0  0
60 13  70952 141105328 2098316 45375960    0    0 421328 257232 271067 1317807 39 27 32  2  0  0
13  0  70952 141108108 2098316 45375984    0    0 423344 259560 273229 1308715 38 26 34  2  0  0
 6  0  70952 141106264 2098316 45376000    0    0 413808 255392 269183 1304900 39 26 33  2  0  0
88  8  70952 141112556 2098316 45376116    0    0 439456 258896 276557 1321723 39 26 32  2  0  0
114  3  70952 141112052 2098316 45376136    0    0 422416 261204 270514 1301858 38 26 34  2  0  0
 6  0  70952 141103656 2098316 45376144    0    0 419744 256024 273349 1306773 39 26 34  2  0  0
123  6  70952 141101864 2098316 45376168    0    0 429280 263628 268423 1291321 38 26 34  2  0  0
procs -----------memory---------- ---swap-- -----io---- -system-- -------cpu-------
 r  b   swpd   free   buff  cache   si   so    bi    bo   in   cs us sy id wa st gu
76 10  70952 141100916 2098320 45376192    0    0 430672 256820 277126 1318192 38 27 33  2  0  0
 3  0  70952 141100232 2098320 45376220    0    0 427424 269300 273881 1296463 39 26 34  2  0  0
 9  0  70952 141098048 2098320 45376244    0    0 415664 251996 269153 1305750 38 27 33  2  0  0
87  2  70952 141097924 2098320 45376268    0    0 413456 252148 275657 1316117 38 27 33  2  0  0
78  0  70952 141106508 2098320 45376284    0    0 424912 253200 273167 1302502 39 26 33  2  0  0
110  5  70952 141098052 2098320 45376300    0    0 436656 264420 286927 1311687 39 25 33  2  0  0
25  0  70952 141104080 2098320 45376320    0    0 430144 265036 273165 1299509 39 27 33  2  0  0
57  8  70952 141098592 2098320 45376336    0    0 414128 277568 268302 1284856 38 26 34  2  0  0
57  8  70952 141101960 2098320 45376360    0    0 437504 260928 270547 1296589 38 27 33  2  0  0
61  3  70952 141105776 2098320 45376376    0    0 422528 256296 269658 1300794 38 27 33  2  0  0
18  1  70952 141096704 2098320 45376396    0    0 420528 250620 269640 1304802 39 27 33  2  0  0
60  4  70952 141113764 2098320 45376416    0    0 402832 256532 266507 1300651 38 27 34  2  0  0
53  1  70952 141108472 2098320 45376432    0    0 434272 259392 275943 1316451 39 27 33  2  0  0
61  4  70952 141096124 2098320 45376452    0    0 417072 253736 269387 1300993 39 26 33  2  0  0
40  1  70952 141101604 2098320 45376468    0    0 417328 251976 268982 1318628 39 27 33  2  0  0
 5  0  70952 141104660 2098324 45376484    0    0 412560 254752 269675 1310375 39 27 33  2  0  0
42 14  70952 141105768 2098324 45376512    0    0 429808 255724 271068 1305500 39 26 33  2  0  0
35  0  70952 141116116 2098324 45376532    0    0 415440 255904 268379 1300041 37 27 33  2  0  0
100  0  70952 141115648 2098324 45376552    0    0 423968 261780 274195 1306961 39 26 33  2  0  0
40 13  70952 141109716 2098324 45376560    0    0 415408 253792 265774 1289520 38 27 34  2  0  0
10  0  70952 141107012 2098324 45376580    0    0 427792 255580 271840 1308201 39 26 33  2  0  0
procs -----------memory---------- ---swap-- -----io---- -system-- -------cpu-------
 r  b   swpd   free   buff  cache   si   so    bi    bo   in   cs us sy id wa st gu
61  3  70952 141112000 2098324 45376600    0    0 433568 266012 269416 1297131 38 26 34  2  0  0
43  0  70952 141102588 2098324 45376620    0    0 415568 256200 270000 1292551 38 26 33  2  0  0
 6  0  70952 141110996 2098324 45376644    0    0 426240 256736 272982 1301660 39 27 32  2  0  0
 5  0  70952 141096448 2098324 45376664    0    0 415712 272004 267806 1288430 39 26 33  2  0  0
41  1  70952 141105500 2098324 45376684    0    0 426848 251164 270860 1308353 39 25 33  2  0  0
81 15  70952 141101192 2098324 45376696    0    0 414208 257548 268598 1301101 39 26 34  2  0  0
48  1  70952 141106568 2098324 45376712    0    0 424912 259556 269366 1297892 38 26 34  2  0  0
58  1  70952 141102180 2098324 45376736    0    0 412448 251440 268995 1300084 38 27 33  2  0  0
52  4  70952 141102764 2098324 45376752    0    0 411840 247176 275094 1317818 39 27 33  2  0  0
20  0  70952 141099580 2098324 45376772    0    0 425280 259768 270811 1304159 39 26 33  2  0  0
41  4  70952 141096168 2098324 45376796    0    0 413248 256092 270763 1305907 38 27 33  2  0  0
 6  0  70952 141100172 2098324 45376828    0    0 414128 250056 270330 1301661 38 27 33  2  0  0
116 14  70952 141099632 2098324 45376840    0    0 416880 252016 272295 1317197 38 27 33  2  0  0
74  2  70952 141101496 2098324 45376856    0    0 426896 253604 271607 1304794 39 26 33  2  0  0
71  2  70952 141108436 2098324 45376876    0    0 415904 258212 268590 1291532 38 27 33  2  0  0
31  5  70952 141101944 2098324 45376896    0    0 431728 253912 276845 1311470 39 27 32  2  0  0
28  2  70952 141103232 2098324 45376920    0    0 423552 257532 268839 1294342 38 27 33  2  0  0
45  2  70952 141099516 2098324 45376944    0    0 424752 256768 269440 1292092 38 27 33  2  0  0
32 16  70952 141111488 2098324 45376960    0    0 412912 257900 271897 1289354 38 26 33  2  0  0
39  8  70952 141109228 2098324 45376968    0    0 433616 252880 279700 1321817 39 27 32  2  0  0
133  7  70952 141097196 2098324 45376984    0    0 427936 258204 271020 1296026 39 26 33  2  0  0
procs -----------memory---------- ---swap-- -----io---- -system-- -------cpu-------
 r  b   swpd   free   buff  cache   si   so    bi    bo   in   cs us sy id wa st gu
65 11  70952 141100740 2098324 45377008    0    0 419952 277900 268691 1281777 38 26 34  2  0  0
50  9  70952 141111940 2098324 45377032    0    0 424704 250208 270936 1302325 38 26 33  2  0  0
75  1  70952 141104160 2098324 45377056    0    0 414672 257140 274226 1302445 39 26 33  2  0  0
83 11  70952 141097116 2098328 45377064    0    0 431216 260952 272131 1288461 38 26 34  2  0  0
 5  1  70952 141114776 2098328 45377088    0    0 404496 251584 270194 1304636 38 27 33  2  0  0
 7  0  70952 141108736 2098328 45377096    0    0 425472 248712 276533 1316407 38 27 33  2  0  0
14  0  70952 141112000 2098328 45377116    0    0 422256 258124 268138 1296050 38 26 34  2  0  0
 4  1  70952 141109332 2098328 45377140    0    0 425008 261096 270397 1289939 38 26 34  2  0  0
40  3  70952 141111848 2098328 45377160    0    0 427232 253344 268381 1295068 38 26 34  2  0  0
30  8  70952 141108560 2098328 45377176    0    0 432544 256492 274372 1318058 39 26 33  2  0  0
50  2  70952 141103536 2098328 45377196    0    0 426896 258400 271334 1295939 39 27 32  2  0  0
 7  3  70952 141110828 2098328 45377224    0    0 414496 259408 270737 1293695 37 27 34  2  0  0
79  2  70952 141104096 2098328 45377236    0    0 435920 257840 270993 1305709 39 25 34  2  0  0
73  3  70952 141094172 2098328 45377252    0    0 418688 261244 269061 1285964 38 26 34  2  0  0
45 17  70952 141098820 2098328 45377336    0    0 418192 253472 268959 1289408 38 25 34  2  0  0
87  8  70952 141103636 2098328 45377352    0    0 406400 253192 268946 1309411 38 27 33  2  0  0
33  1  70952 141098800 2098328 45377376    0    0 431600 260860 272482 1299029 39 25 34  2  0  0
37 17  70952 141098496 2098328 45377392    0    0 421024 270828 270618 1305056 38 27 33  2  0  0
37  1  70952 141109776 2098328 45377416    0    0 428320 257776 271495 1288969 39 25 34  2  0  0
104  6  70952 141099220 2098328 45377428    0    0 425376 260584 271064 1295009 39 26 33  2  0  0
 5  0  70952 141106140 2098328 45377444    0    0 417808 248328 270392 1307015 39 27 32  2  0  0
procs -----------memory---------- ---swap-- -----io---- -system-- -------cpu-------
 r  b   swpd   free   buff  cache   si   so    bi    bo   in   cs us sy id wa st gu
61  7  70952 141110216 2098328 45377464    0    0 417232 261052 269126 1294242 39 26 33  2  0  0
72  6  70952 141108736 2098328 45377492    0    0 428400 249852 274717 1306095 38 26 33  2  0  0
51 14  70952 141104860 2098332 45377512    0    0 419664 259828 269995 1292567 39 26 33  2  0  0
45  1  70952 141099016 2098332 45377536    0    0 425056 250876 270882 1306598 39 26 33  2  0  0
44  1  70952 141112000 2098332 45377552    0    0 415728 261256 270485 1300639 37 27 34  2  0  0
59  9  70952 141106456 2098332 45377568    0    0 420400 255348 270977 1304018 39 26 33  2  0  0
50  3  70952 141097092 2098332 45377588    0    0 442112 267288 271521 1294984 39 25 34  2  0  0
 5  0  70952 141098116 2098332 45377608    0    0 436064 263040 271116 1289444 39 27 33  2  0  0
75  4  70952 141100860 2098332 45377632    0    0 429200 250996 270445 1300208 39 25 34  2  0  0
71  1  70952 141100176 2098332 45377648    0    0 412112 255344 266671 1290424 39 26 34  2  0  0
72  2  70952 141100580 2098332 45377676    0    0 432896 260128 271433 1302547 38 26 33  2  0  0
73  3  70952 141111700 2098332 45377696    0    0 420784 258288 273069 1307669 38 26 34  2  0  0
72  2  70952 141102644 2098332 45377704    0    0 415936 258456 269314 1297246 39 26 34  2  0  0
39  0  70952 141097964 2098332 45377728    0    0 421632 250244 268424 1298623 38 27 33  2  0  0
31  7  70952 141104316 2098332 45377752    0    0 412848 266064 269431 1311675 39 27 33  2  0  0
 6  0  70952 141099788 2098332 45377776    0    0 413424 256556 269313 1291058 38 27 33  2  0  0
 3  1  70952 141103884 2098332 45377788    0    0 417664 249848 270902 1310346 39 27 33  2  0  0
73  8  70952 141106660 2098332 45377808    0    0 423728 264556 267860 1277843 37 26 34  2  0  0
43  2  70952 141114876 2098332 45377824    0    0 418592 245180 270672 1299131 38 27 33  2  0  0
48  5  70952 141095284 2098332 45377836    0    0 417744 253156 276617 1316983 39 27 33  2  0  0
42  0  70952 141097556 2098332 45377856    0    0 420976 258432 268411 1301184 39 26 33  2  0  0
procs -----------memory---------- ---swap-- -----io---- -system-- -------cpu-------
 r  b   swpd   free   buff  cache   si   so    bi    bo   in   cs us sy id wa st gu
 6  0  70952 141098664 2098332 45377884    0    0 432160 263724 271181 1305913 39 26 33  2  0  0
35  2  70952 141101480 2098332 45377904    0    0 421840 255284 270382 1299091 38 26 34  2  0  0
89 12  70952 141101596 2098332 45377920    0    0 414480 250960 270323 1309584 39 27 33  2  0  0
47  1  70952 141102384 2098332 45377944    0    0 418768 254252 273011 1313833 39 26 33  2  0  0
51  3  70952 141111152 2098332 45377964    0    0 436688 261776 273499 1308582 39 26 33  2  0  0
74  1  70952 141101908 2098332 45377976    0    0 441376 265936 272961 1294069 39 25 34  2  0  0
34  1  70952 141100984 2098332 45377992    0    0 412784 259580 269466 1301146 38 26 33  2  0  0
 6  0  70952 141094840 2098332 45378012    0    0 421056 249856 270117 1307845 39 26 33  2  0  0
33  6  70952 141103396 2098332 45378028    0    0 425520 259880 265773 1283888 38 26 34  2  0  0
57  4  70952 141099452 2098332 45378052    0    0 421120 253400 269826 1305846 38 27 33  2  0  0
 3  0  70952 141101336 2098332 45378080    0    0 421840 276676 269203 1286304 38 26 34  2  0  0
92  7  70952 141106048 2098332 45378100    0    0 425824 253464 272843 1315594 38 27 32  2  0  0
46  3  70952 141096944 2098332 45378104    0    0 435040 265092 272890 1296644 39 26 33  2  0  0
61  7  70952 141097708 2098332 45378124    0    0 419488 257964 271716 1294625 38 27 33  2  0  0
72  0  70952 141098104 2098332 45378148    0    0 433840 257104 276146 1309438 38 26 33  2  0  0
97  7  70952 141102644 2098332 45378176    0    0 423840 260348 271750 1296453 38 27 33  2  0  0
39  7  70952 141108476 2098332 45378196    0    0 424448 253080 273788 1305945 39 26 33  2  0  0
97 22  70952 141099264 2098332 45378216    0    0 413056 258108 267740 1295536 38 27 33  2  0  0
106 15  70952 141113516 2098332 45378236    0    0 418432 252628 274371 1312638 38 27 33  2  0  0
68 12  70952 141091908 2098332 45378248    0    0 429312 259708 272420 1305184 39 26 33  2  0  0
43 10  70952 141100660 2098332 45378276    0    0 431008 251840 274207 1305383 38 27 33  2  0  0
procs -----------memory---------- ---swap-- -----io---- -system-- -------cpu-------
 r  b   swpd   free   buff  cache   si   so    bi    bo   in   cs us sy id wa st gu
84  7  70952 141100060 2098336 45378288    0    0 418880 258344 268453 1287749 38 26 34  2  0  0
 6  0  70952 141102264 2098336 45378312    0    0 411952 254692 269979 1288058 38 27 33  2  0  0
61  4  70952 141098860 2098336 45378328    0    0 422256 255052 272651 1300696 38 26 34  2  0  0
112 10  70952 141102996 2098336 45378352    0    0 432832 257972 269775 1297293 38 26 33  2  0  0
65  2  70952 141104852 2098336 45378376    0    0 430912 256632 280548 1318794 39 27 33  2  0  0
63  4  70952 141084856 2098336 45378388    0    0 414000 256920 269609 1302342 38 26 33  2  0  0
76  0  70952 141112716 2098336 45378404    0    0 422112 255136 278807 1316666 38 27 33  2  0  0
17  0  70952 141111156 2098336 45378424    0    0 426416 272868 271725 1308074 39 26 33  2  0  0
45  4  70952 141100920 2098336 45378444    0    0 410768 251136 268085 1290278 38 28 33  2  0  0
115  7  70952 141104792 2098336 45378468    0    0 419248 251872 271922 1302779 39 27 33  2  0  0
87  8  70952 141102472 2098336 45378496    0    0 420928 262312 270195 1293586 39 26 33  2  0  0
98 11  70952 141110012 2098336 45378584    0    0 424240 254844 277481 1323298 39 26 33  2  0  0
60  2  70952 141099584 2098336 45378592    0    0 410640 250996 269923 1311522 39 27 32  2  0  0
29  0  70952 141106480 2098336 45378608    0    0 423264 251508 271431 1310123 39 26 33  2  0  0
41  3  70952 141098960 2098336 45378628    0    0 430592 268032 269211 1286662 38 26 34  2  0  0
28  6  70952 141098636 2098336 45378656    0    0 426768 258456 273901 1302239 38 26 34  2  0  0
34  1  70952 141101292 2098336 45378672    0    0 441280 268248 271896 1284019 38 26 33  2  0  0
 7  4  70952 141111800 2098336 45378692    0    0 425248 256368 272785 1300203 38 26 33  2  0  0
41 10  70952 141110104 2098336 45378712    0    0 429904 263428 273645 1296039 38 27 33  2  0  0
44  2  70952 141093372 2098336 45378720    0    0 418352 256976 271044 1291961 39 26 33  2  0  0
48  1  70952 141095484 2098336 45378748    0    0 424336 255112 272589 1304099 39 26 33  2  0  0
procs -----------memory---------- ---swap-- -----io---- -system-- -------cpu-------
 r  b   swpd   free   buff  cache   si   so    bi    bo   in   cs us sy id wa st gu
 3  4  70952 141096380 2098336 45378772    0    0 420288 253960 270644 1299980 39 26 33  2  0  0
81  2  70952 141100196 2098336 45378788    0    0 426432 263972 276418 1303974 39 26 33  2  0  0
72 11  70952 141098648 2098336 45378808    0    0 424160 255856 268669 1292222 38 27 33  2  0  0
81  1  70952 141095340 2098336 45378828    0    0 431568 273180 275402 1304104 38 26 33  2  0  0
23  5  70952 141102460 2098336 45378856    0    0 409840 252736 268970 1306304 38 26 34  2  0  0
89  5  70952 141100272 2098336 45378868    0    0 440592 260620 274402 1299491 38 25 34  2  0  0
86  4  70952 141097140 2098336 45378888    0    0 416416 261316 267180 1276971 37 27 34  2  0  0
26  4  70952 141092620 2098336 45378904    0    0 424320 256844 271941 1306080 39 27 32  2  0  0
60  1  70952 141099076 2098336 45378924    0    0 422496 257496 270125 1292699 38 26 33  2  0  0
84  6  70952 141088208 2098336 45378948    0    0 412624 249068 269328 1308413 38 27 32  2  0  0
 6  1  70952 141094400 2098336 45378976    0    0 431024 256260 277274 1321115 39 27 32  2  0  0
119 13  70952 141097556 2098336 45378992    0    0 426784 262564 272750 1311567 38 26 34  2  0  0
73  4  70952 141090388 2098336 45379000    0    0 420640 255856 270704 1307516 39 26 33  2  0  0
 7  0  70952 141099840 2098336 45379016    0    0 414960 253688 269684 1302224 39 26 33  2  0  0
32 20  70952 141102316 2098336 45379040    0    0 432320 255084 270599 1308519 39 27 32  2  0  0
62  2  70952 141100392 2098336 45379060    0    0 429440 261160 272476 1296081 39 27 33  2  0  0
85  3  70952 141101136 2098336 45379084    0    0 411056 251648 268104 1304991 38 27 33  2  0  0
73  6  70952 141098900 2098336 45379100    0    0 424368 255764 280711 1314127 39 26 33  2  0  0
63  3  70952 141104268 2098336 45379116    0    0 421344 256284 273129 1301325 39 26 33  2  0  0
42  5  70952 141090836 2098336 45379132    0    0 421904 250340 275213 1324559 39 27 32  2  0  0
18 12  70952 141092616 2098336 45379152    0    0 432608 259880 274044 1305532 39 26 33  2  0  0
procs -----------memory---------- ---swap-- -----io---- -system-- -------cpu-------
 r  b   swpd   free   buff  cache   si   so    bi    bo   in   cs us sy id wa st gu
33  3  70952 141089756 2098336 45379172    0    0 416640 277352 267749 1285042 38 26 34  2  0  0
45 12  70952 141094876 2098336 45379188    0    0 420656 248780 274766 1316597 39 26 33  2  0  0
36  1  70952 141089844 2098336 45379204    0    0 425040 263164 271169 1295584 38 26 33  2  0  0
46  5  70952 141094560 2098336 45379228    0    0 416560 249260 274695 1313289 39 27 33  2  0  0
97  2  70952 141106840 2098336 45379252    0    0 423456 251976 274231 1316797 39 27 32  2  0  0
36  0  70952 141091596 2098336 45379260    0    0 412528 256148 271812 1309200 39 26 33  2  0  0
38  2  70952 141094108 2098336 45379280    0    0 427776 257260 271918 1296407 38 27 33  2  0  0
 6  0  70952 141103164 2098336 45379296    0    0 413664 260672 272490 1308655 39 26 33  2  0  0
83 15  70952 141098912 2098336 45379316    0    0 424784 257444 272484 1300247 38 26 33  2  0  0
66  6  70952 141099720 2098336 45379348    0    0 420960 251820 270386 1300482 38 27 33  2  0  0
39  0  70952 141092916 2098336 45379368    0    0 427360 256288 271199 1294570 38 26 34  2  0  0
63  3  70952 141102232 2098336 45379392    0    0 407728 252984 269865 1316361 39 26 33  2  0  0
105 13  70952 141091632 2098336 45379400    0    0 424496 255780 274352 1310242 39 26 33  2  0  0
90  5  70952 141095576 2098340 45379412    0    0 416960 254040 269153 1300190 38 27 33  2  0  0
46  3  70952 141094832 2098340 45379440    0    0 439312 255032 270323 1292889 39 26 33  2  0  0
91 17  70952 141089432 2098340 45379468    0    0 431936 271132 279674 1274342 38 26 34  2  0  0
42  9  70952 141092368 2098340 45379484    0    0 410608 248776 270821 1314098 38 27 33  2  0  0
100  4  70952 141096636 2098340 45379508    0    0 431568 275220 273735 1301271 38 27 33  2  0  0
78 18  70952 141103412 2098340 45379528    0    0 436640 268508 273309 1286418 39 25 34  2  0  0
