procs -----------memory---------- ---swap-- -----io---- -system-- -------cpu-------
 r  b   swpd   free   buff  cache   si   so    bi    bo   in   cs us sy id wa st gu
 6  0  66112 75260724 2420632 72922528    0    1 29191 28659 7072    5  3  1 96  0  0  0
95  0  66112 74534988 2420632 72922592    0    0 23664 328324 363768 533467 12 14 74  0  0  0
303  0  66112 73840448 2420632 72922720    0    0 12672 256092 629700 264898 72 26  2  0  0  0
363  0  66112 73688980 2420632 72922896    0    0  5984 279864 175251 75664 99  1  0  0  0  0
330  0  66112 71156572 2420632 72922972    0    0 16448 440068 1020629 757387 29 57 14  0  0  0
552  0  66112 70635340 2420900 72922916    0    0  4528 247380 273266 959865 86 14  1  0  0  0
1298  0  66112 70264056 2420900 72923052    0    0  2880 188692 299179 1118297 81 18  0  0  0  0
414  0  66112 69985040 2420900 72923128    0    0  1936 551152 252478 1113000 81 19  0  0  0  0
834  0  66112 69723920 2420900 72923136    0    0  1600 513328 253385 1131244 81 19  0  0  0  0
1257  0  66112 69511072 2420900 72923148    0    0  1904 536024 259527 1286965 81 19  0  0  0  0
1090  0  66112 69291300 2420900 72923160    0    0   384 505772 249934 1198445 81 19  1  0  0  0
594  0  66112 69131776 2420900 72923180    0    0  1712 514012 341824 1160738 81 19  0  0  0  0
1091  0  66112 68999192 2420900 72923196    0    0  2032 521240 345395 1206572 81 19  0  0  0  0
876  0  66112 68871944 2420900 72923212    0    0  1504 516280 363064 1207621 80 19  1  0  0  0
1078  0  66112 68875696 2420900 72923260    0    0  3808 515352 422814 1157796 80 20  0  0  0  0
868  0  66112 68784260 2420900 72923272    0    0  1440 513576 382503 1176516 80 19  0  0  0  0
642  0  66112 68770396 2420900 72923284    0    0  2480 535000 479867 1368017 80 20  0  0  0  0
799  0  66112 68746560 2420900 72923300    0    0  1168 515300 532527 1213971 78 22  0  0  0  0
1343  0  66112 68766848 2420900 72923308    0    0  1312 500720 471192 1210253 78 22  0  0  0  0
840  0  66112 68773336 2420900 72923316    0    0   896 518752 501682 1260494 78 22  0  0  0  0
518  0  66112 68779892 2420900 72923328    0    0   640 514468 383385 1216896 79 21  0  0  0  0
procs -----------memory---------- ---swap-- -----io---- -system-- -------cpu-------
 r  b   swpd   free   buff  cache   si   so    bi    bo   in   cs us sy id wa st gu
684  0  66112 68789140 2420900 72923340    0    0  1408 514308 274403 1239024 79 20  0  0  0  0
659  0  66112 68818068 2420900 72923356    0    0  1776 530932 263319 1337866 80 20  1  0  0  0
1225  0  66112 68848592 2420900 72923368    0    0   736 428916 207691 1177034 81 19  0  0  0  0
315  0  66112 68855544 2420900 72923380    0    0  3408 445480 218170 1255120 81 19  1  0  0  0
24  1  66112 68857256 2420900 72923404    0    0  3680 449180 275559 1363551 79 20  1  0  0  0
399  0  66112 68851444 2420900 72923420    0    0  2768 462684 278356 1335833 80 20  0  0  0  0
868  0  66112 68862120 2420900 72923428    0    0   944 434344 226347 1227152 81 19  0  0  0  0
656  0  66112 68840896 2420900 72923436    0    0   944 446428 220008 1303989 80 19  1  0  0  0
894  0  66112 68832760 2420900 72923480    0    0  2320 447064 214332 1207861 81 18  0  0  0  0
981  0  66112 68830496 2420904 72923492    0    0  3168 465592 215981 1358413 79 19  1  0  0  0
846  0  66112 68829644 2420904 72923504    0    0  1424 428936 226320 1229764 80 20  0  0  0  0
408  0  66112 68823052 2420904 72923516    0    0  1872 451260 228229 1331524 80 19  1  0  0  0
901  0  66112 68830420 2420904 72923532    0    0  1072 445336 237008 1261103 80 19  0  0  0  0
786  0  66112 68819736 2420904 72923548    0    0  1328 448788 206532 1222938 81 19  0  0  0  0
730  0  66112 68816592 2420904 72923560    0    0  1456 448248 205716 1206794 81 19  1  0  0  0
1002  0  66112 68826224 2420904 72923572    0    0  1328 451800 212649 1205678 81 19  0  0  0  0
575  0  66112 68817712 2420904 72923584    0    0  2064 447844 204486 1183992 81 19  1  0  0  0
579  0  66112 68826204 2420904 72923600    0    0  1424 447864 224378 1214056 81 19  0  0  0  0
532  0  66112 68815508 2420904 72923608    0    0   752 448156 207610 1204678 81 19  0  0  0  0
377  0  66112 68815452 2420904 72923628    0    0  4496 450960 222125 1392232 80 19  1  0  0  0
1093  0  66112 68812452 2420904 72923648    0    0  1200 455808 222356 1266149 80 19  1  0  0  0
procs -----------memory---------- ---swap-- -----io---- -system-- -------cpu-------
 r  b   swpd   free   buff  cache   si   so    bi    bo   in   cs us sy id wa st gu
870  2  66112 68820804 2420904 72923668    0    0  1536 447908 232337 1214102 81 19  0  0  0  0
644  0  66112 68810636 2420904 72923680    0    0   688 459088 258829 1373290 80 20  1  0  0  0
1086  0  66112 68818988 2420904 72923692    0    0  1232 451568 262448 1219645 80 20  0  0  0  0
721  0  66112 68819884 2420904 72923700    0    0  1344 452576 245874 1248133 80 19  0  0  0  0
1163  0  66112 68818948 2420904 72923712    0    0  1552 450564 209834 1189555 80 19  1  0  0  0
1308  0  66112 68806772 2420904 72923736    0    0  1968 427616 215304 1206943 81 19  1  0  0  0
490  0  66112 68794144 2420904 72923748    0    0  1600 482160 260315 1420914 80 20  1  0  0  0
1178  0  66112 68797984 2420904 72923764    0    0  1184 449404 257007 1228270 80 19  0  0  0  0
719  0  66112 68806772 2420904 72923776    0    0  1088 434096 246020 1196526 80 19  0  0  0  0
833  0  66112 68800396 2420904 72923820    0    0  3024 471076 250391 1377926 80 19  1  0  0  0
729  1  66112 68796644 2420904 72923836    0    0  2384 456616 246244 1242775 80 19  1  0  0  0
492  0  66112 68792060 2420904 72923880    0    0   752 468100 238562 1274800 81 19  0  0  0  0
982  0  66112 68785884 2420904 72923888    0    0   944 454312 203138 1187222 81 19  0  0  0  0
1159  0  66112 68775080 2420904 72923900    0    0  1408 465592 225404 1226471 81 19  0  0  0  0
542  0  66112 68781076 2420904 72923908    0    0  1984 465140 215026 1231244 81 19  0  0  0  0
655  1  66112 68777212 2420904 72923924    0    0  3072 483568 211375 1334256 80 19  1  0  0  0
1049  0  66112 68783936 2420904 72923940    0    0  1632 448328 220831 1205279 81 19  0  0  0  0
1151  0  66112 68790448 2420904 72923952    0    0  2064 464800 222214 1204865 80 19  1  0  0  0
851  0  66112 68778936 2420904 72923968    0    0  2928 465784 210011 1197251 81 19  1  0  0  0
156  0  66112 68789088 2420904 72923984    0    0   960 493524 246657 1353084 80 19  1  0  0  0
688  0  66112 68772956 2420904 72923996    0    0  2720 472072 204136 1230974 81 19  1  0  0  0
procs -----------memory---------- ---swap-- -----io---- -system-- -------cpu-------
 r  b   swpd   free   buff  cache   si   so    bi    bo   in   cs us sy id wa st gu
1034  0  66112 68781600 2420904 72924012    0    0  1040 453356 212116 1247024 80 19  1  0  0  0
897  0  66112 68781888 2420904 72924024    0    0  1120 469520 200314 1199358 81 19  0  0  0  0
1265  0  66112 68775260 2420908 72924040    0    0  1984 488264 204022 1298773 81 19  1  0  0  0
789  0  66112 68770444 2420908 72924048    0    0  1488 470020 202525 1226269 81 18  1  0  0  0
968  0  66112 68782076 2420908 72924136    0    0  1632 461752 206493 1204826 81 18  1  0  0  0
837  1  66112 68781892 2420908 72924148    0    0  1840 478540 214070 1174555 81 19  0  0  0  0
1292  0  66112 68783908 2420908 72924160    0    0  4608 478816 209929 1380221 79 19  2  0  0  0
1135  0  66112 68775000 2420908 72924176    0    0   944 431052 200832 1169711 81 18  0  0  0  0
144  0  66112 68800284 2420908 72924180    0    0  1568 521100 217608 1237598 80 19  1  0  0  0
881  0  66112 68800800 2420908 72924192    0    0  1520 436908 260447 1300788 80 19  1  0  0  0
744  1  66112 68805752 2420908 72924212    0    0   640 495020 204318 1230381 80 19  1  0  0  0
1180  0  66112 68800560 2420908 72924224    0    0  2176 485964 202664 1237301 81 19  0  0  0  0
1171  0  66112 68797468 2420908 72924236    0    0  1392 390000 199490 1142808 81 18  0  0  0  0
1132  0  66112 68783200 2420908 72924248    0    0  2784 565144 220532 1341487 80 19  1  0  0  0
1151  0  66112 68770060 2420908 72924260    0    0  1936 455616 208766 1250165 81 19  0  0  0  0
1118  0  66112 68776992 2420908 72924276    0    0  2656 479704 207642 1186441 80 19  1  0  0  0
819  0  66112 68779744 2420908 72924296    0    0   752 478332 228800 1241337 81 19  1  0  0  0
1274  0  66112 68774880 2420908 72924308    0    0  1568 443108 210950 1198913 80 19  0  0  0  0
1243  0  66112 68776256 2420908 72924316    0    0  1936 389588 208398 1181207 81 19  0  0  0  0
1007  0  66112 68782980 2420908 72924328    0    0   896 556840 209050 1207558 81 19  0  0  0  0
399  0  66112 68781496 2420908 72924376    0    0  3024 520360 219756 1311042 80 19  1  0  0  0
procs -----------memory---------- ---swap-- -----io---- -system-- -------cpu-------
 r  b   swpd   free   buff  cache   si   so    bi    bo   in   cs us sy id wa st gu
773  0  66112 68775928 2420908 72924388    0    0  1408 442176 215998 1312070 81 19  0  0  0  0
1039  0  66112 68780344 2420908 72924404    0    0  1376 531400 211169 1242865 81 19  0  0  0  0
635  0  66112 68771500 2420908 72924412    0    0  1440 458052 222432 1222606 81 19  0  0  0  0
1236  0  66112 68778800 2420908 72924424    0    0  2672 501080 220275 1229100 80 19  0  0  0  0
1176  0  66112 68778016 2420908 72924440    0    0  2224 479704 214913 1308005 81 19  0  0  0  0
872  0  66112 68789144 2420908 72924452    0    0   624 444148 215243 1192919 81 18  0  0  0  0
555  0  66112 68779504 2420908 72924460    0    0  1664 527412 211058 1287288 76 18  6  0  0  0
1231  0  66112 68788212 2420908 72924472    0    0   912 447756 260282 1247197 80 19  0  0  0  0
1311  0  66112 68779692 2420908 72924484    0    0  2128 514704 200903 1202777 81 18  1  0  0  0
998  0  66112 68778868 2420908 72924496    0    0  2176 480004 214979 1236836 81 18  1  0  0  0
141  0  66112 68775860 2420908 72924504    0    0  5296 495448 215445 1266463 80 19  1  0  0  0
997  0  66112 68773080 2420908 72924524    0    0  1792 486452 224223 1335696 80 20  0  0  0  0
1155  0  66112 68778872 2420908 72924536    0    0  1216 465632 212748 1188924 81 19  0  0  0  0
882  0  66112 68771080 2420908 72924548    0    0  1776 487056 218235 1198955 81 19  0  0  0  0
226  0  66112 68759072 2420908 72924568    0    0  1232 573448 220812 1245396 80 19  1  0  0  0
1060  0  66112 68757852 2420912 72924576    0    0  1648 442208 201853 1199344 81 19  1  0  0  0
881  0  66112 68761956 2420912 72924596    0    0  1856 499988 211552 1213366 81 19  0  0  0  0
1020  0  66112 68769512 2420912 72924604    0    0  1024 609524 213441 1292222 80 19  1  0  0  0
1082  0  66112 68773548 2420912 72924620    0    0  1024 393428 203804 1190793 81 18  0  0  0  0
1243  0  66112 68773692 2420912 72924636    0    0  2240 446464 214603 1201066 81 19  0  0  0  0
924  0  66112 68773196 2420916 72924644    0    0  1952 459652 208992 1177663 81 19  0  0  0  0
procs -----------memory---------- ---swap-- -----io---- -system-- -------cpu-------
 r  b   swpd   free   buff  cache   si   so    bi    bo   in   cs us sy id wa st gu
1341  0  66112 68768116 2420916 72924660    0    0  2208 671776 208780 1194018 81 19  1  0  0  0
657  1  66112 68769416 2420916 72924672    0    0  1104 428516 208891 1185604 81 19  0  0  0  0
651  0  66112 68776124 2420916 72924684    0    0  3552 705008 226911 1399413 80 19  1  0  0  0
625  0  66112 68774988 2420916 72924696    0    0   736 413952 209379 1207612 81 19  0  0  0  0
502  1  66112 68766604 2420916 72924704    0    0  2304 682852 236991 1450713 80 19  1  0  0  0
1294  0  66112 68756728 2420916 72924728    0    0  1728 421396 202177 1201720 81 19  1  0  0  0
281  1  66112 68757028 2420916 72924736    0    0  2544 493756 217796 1222307 81 19  0  0  0  0
160  0  66112 68755704 2420916 72924744    0    0  1280 487428 216595 1249681 80 19  1  0  0  0
884  0  66112 68758032 2420916 72924764    0    0  3088 362176 204432 1356672 81 19  0  0  0  0
377  1  66112 68759388 2420916 72924772    0    0  1296 457564 210696 1174659 81 18  0  0  0  0
942  0  66112 68765872 2420916 72924792    0    0  1888 489068 290445 1206717 80 19  1  0  0  0
578  1  66112 68767088 2420916 72924804    0    0  1888 544588 323440 1328775 80 19  0  0  0  0
485  0  66112 68758880 2420916 72924816    0    0  2384 529124 263302 1215934 80 20  1  0  0  0
923  0  66112 68751100 2420916 72924840    0    0  2496 553704 234062 1465944 80 19  1  0  0  0
1010  0  66112 68766100 2420916 72924856    0    0  1376 541276 234956 1358399 78 19  3  0  0  0
179  0  66112 68764012 2420916 72924868    0    0  2000 686440 250860 1325043 80 19  1  0  0  0
687  0  66112 68757396 2420916 72924888    0    0  2960 378480 218672 1257514 81 19  0  0  0  0
423  0  66112 68755584 2420916 72924896    0    0   720 583724 217985 1210777 81 19  0  0  0  0
1269  0  66112 68753112 2420916 72924912    0    0  1456 463328 220219 1228838 81 18  0  0  0  0
818  0  66112 68753336 2420916 72924924    0    0  1536 543760 234446 1242048 81 18  0  0  0  0
639  0  66112 68758248 2420916 72924932    0    0  2896 510580 213928 1217676 82 18  0  0  0  0
procs -----------memory---------- ---swap-- -----io---- -system-- -------cpu-------
 r  b   swpd   free   buff  cache   si   so    bi    bo   in   cs us sy id wa st gu
354  0  66112 68770956 2420916 72925016    0    0  2496 528176 225891 1241338 80 19  1  0  0  0
183  0  66112 68779556 2420916 72925020    0    0  1696 573788 209734 1345760 80 19  1  0  0  0
1087  0  66112 68782680 2420916 72925044    0    0  1408 489672 197126 1203790 81 18  0  0  0  0
1338  0  66112 68777624 2420916 72925060    0    0  1648 542080 224175 1233419 81 19  1  0  0  0
797  0  66112 68779852 2420916 72925072    0    0  2720 508848 201699 1188053 81 19  1  0  0  0
526  0  66112 68780136 2420916 72925080    0    0  1664 528872 217333 1231099 81 19  0  0  0  0
749  0  66112 68772088 2420916 72925092    0    0  1184 520000 207049 1239821 81 19  0  0  0  0
980  0  66112 68753836 2420916 72925104    0    0  1536 500400 221344 1191615 81 19  1  0  0  0
122  0  66112 68749220 2420916 72925124    0    0  1920 517480 217387 1226690 80 19  1  0  0  0
812  0  66112 68743656 2420916 72925128    0    0  2576 520748 213974 1380518 80 19  1  0  0  0
574  0  66112 68734636 2420916 72925148    0    0   992 509496 217193 1202133 81 19  0  0  0  0
933  0  66112 68738012 2420916 72925156    0    0  2928 506016 220560 1192611 80 19  1  0  0  0
658  0  66112 68746452 2420916 72925168    0    0  2128 536500 218099 1278136 81 19  0  0  0  0
1144  0  66112 68740680 2420916 72925176    0    0  1360 434080 205838 1177798 80 19  1  0  0  0
345  0  66112 68747504 2420916 72925196    0    0  3200 581784 217870 1314656 80 19  1  0  0  0
1179  0  66112 68740520 2420916 72925204    0    0  2000 449464 226361 1270060 80 19  1  0  0  0
388  0  66112 68742648 2420916 72925212    0    0  3664 590872 215884 1364096 80 19  1  0  0  0
851  0  66112 68740456 2420916 72925224    0    0  1152 394164 205011 1221425 81 19  0  0  0  0
958  0  66112 68751168 2420916 72925248    0    0  1696 532696 218692 1195959 81 19  0  0  0  0
954  0  66112 68750208 2420916 72925256    0    0  1888 467060 208764 1175796 81 19  0  0  0  0
856  0  66112 68747520 2420916 72925284    0    0  2624 502588 205641 1187488 81 19  0  0  0  0
procs -----------memory---------- ---swap-- -----io---- -system-- -------cpu-------
 r  b   swpd   free   buff  cache   si   so    bi    bo   in   cs us sy id wa st gu
1052  0  66112 68744920 2420916 72925292    0    0   624 574460 220698 1236253 80 19  0  0  0  0
763  0  66112 68745444 2420916 72925304    0    0  1120 468172 204453 1190764 81 19  0  0  0  0
489  0  66112 68727236 2420916 72925312    0    0  1824 579188 213194 1215097 80 19  1  0  0  0
1017  0  66112 68733684 2420916 72925332    0    0  2176 353236 216343 1201797 80 19  1  0  0  0
677  0  66112 68742696 2420916 72925340    0    0   752 500668 218649 1205439 81 19  0  0  0  0
828  0  66112 68737656 2420916 72925356    0    0  1712 494008 206948 1201637 81 19  1  0  0  0
748  1  66112 68743232 2420916 72925364    0    0  1504 336632 211832 1182537 81 19  0  0  0  0
358  0  66112 68734600 2420916 72925380    0    0   816 557960 208915 1242129 81 19  0  0  0  0
738  0  66112 68743948 2420916 72925396    0    0  1600 541688 215565 1217256 81 19  0  0  0  0
960  0  66112 68745536 2420916 72925408    0    0  1728 459972 205367 1164081 81 19  0  0  0  0
1032  0  66112 68739208 2420916 72925416    0    0  3312 535572 193061 1168170 81 18  0  0  0  0
933  0  66112 68737592 2420916 72925432    0    0  3008 503528 234044 1364842 80 19  1  0  0  0
799  0  66112 68744408 2420916 72925448    0    0  1776 514320 221380 1233945 80 19  1  0  0  0
687  0  66112 68742348 2420916 72925464    0    0  2080 512768 207565 1202703 80 19  1  0  0  0
495  0  66112 68741884 2420916 72925476    0    0  1200 512456 217844 1275835 80 19  1  0  0  0
856  0  66112 68748216 2420916 72925484    0    0  1920 512132 209225 1221511 80 19  1  0  0  0
1264  0  66112 68737924 2420916 72925496    0    0  1968 462400 203073 1157065 81 19  0  0  0  0
592  0  66112 68736476 2420920 72925512    0    0  2864 570788 219545 1293644 77 19  4  0  0  0
393  0  66112 68721876 2420920 72925528    0    0  1664 498084 213324 1180235 81 19  1  0  0  0
797  0  66112 68721220 2420920 72925540    0    0  1744 508820 208515 1201915 81 19  0  0  0  0
882  0  66112 68724912 2420920 72925548    0    0  2000 518720 212549 1202431 81 19  1  0  0  0
procs -----------memory---------- ---swap-- -----io---- -system-- -------cpu-------
 r  b   swpd   free   buff  cache   si   so    bi    bo   in   cs us sy id wa st gu
723  0  66112 68718464 2420920 72925564    0    0  2000 522528 213536 1254696 81 19  1  0  0  0
201  0  66112 68714668 2420920 72925572    0    0  2864 508188 203114 1252098 81 18  1  0  0  0
726  0  66112 68714760 2420920 72925596    0    0  2496 519916 227709 1335528 81 19  1  0  0  0
1302  0  66112 68722752 2420920 72925608    0    0  2256 426428 215164 1217736 80 19  1  0  0  0
941  0  66112 68723436 2420920 72925620    0    0  1408 580364 227460 1326524 81 19  0  0  0  0
942  0  66112 68725720 2420920 72925632    0    0  1376 503296 203538 1261133 81 19  1  0  0  0
616  0  66112 68732812 2420924 72925644    0    0  1248 501512 208568 1210490 81 19  0  0  0  0
1198  0  66112 68740224 2420924 72925652    0    0   768 502172 202019 1183944 81 19  0  0  0  0
407  0  66112 68735000 2420924 72925668    0    0  2096 542256 213045 1361057 81 19  0  0  0  0
954  0  66112 68726088 2420924 72925680    0    0  1744 398200 213162 1214824 81 19  1  0  0  0
641  0  66112 68718028 2420924 72925692    0    0  2720 630804 219508 1368183 81 19  1  0  0  0
1084  0  66112 68726340 2420924 72925704    0    0  1584 371852 201049 1182681 81 18  0  0  0  0
333  1  66112 68737708 2420924 72925712    0    0  1376 607644 203641 1204995 81 18  1  0  0  0
676  0  66112 68736280 2420924 72925732    0    0  2784 542272 215762 1391486 78 18  4  0  0  0
848  0  66112 68734264 2420924 72925744    0    0  2608 498968 207884 1211157 80 19  1  0  0  0
1083  0  66112 68735752 2420924 72925760    0    0  1456 467348 214045 1205149 81 19  0  0  0  0
865  1  66112 68726096 2420924 72925768    0    0  1696 535332 207180 1192518 81 19  0  0  0  0
787  0  66112 68739688 2420924 72925780    0    0  1600 532212 201903 1202114 81 19  1  0  0  0
1036  0  66112 68732024 2420924 72925872    0    0  1872 469240 207655 1189718 81 18  0  0  0  0
457  0  66112 68743028 2420924 72925884    0    0  2064 567632 206127 1273395 80 19  1  0  0  0
1076  0  66112 68741052 2420924 72925892    0    0  1792 448528 214177 1266235 81 18  1  0  0  0
procs -----------memory---------- ---swap-- -----io---- -system-- -------cpu-------
 r  b   swpd   free   buff  cache   si   so    bi    bo   in   cs us sy id wa st gu
469  0  66112 68746416 2420928 72925900    0    0  3744 550564 207099 1245222 81 18  1  0  0  0
298  0  66112 68747388 2420928 72925912    0    0  2688 512052 217286 1297842 80 19  1  0  0  0
515  0  66112 68742236 2420928 72925928    0    0  2960 518752 205082 1322483 81 19  1  0  0  0
1139  0  66112 68740284 2420928 72925936    0    0  2272 433864 210121 1206108 81 19  1  0  0  0
1312  2  66112 68753356 2420928 72925952    0    0  2752 540120 207559 1223399 80 19  1  0  0  0
636  0  66112 68754956 2420932 72925964    0    0  1552 530788 209661 1215156 81 19  1  0  0  0
977  0  66112 68753668 2420932 72925984    0    0  2384 481652 212114 1223471 81 19  1  0  0  0
797  1  66112 68758528 2420932 72926008    0    0  2416 507620 208493 1192603 81 18  1  0  0  0
1298  0  66112 68757044 2420932 72926020    0    0  2080 540996 213644 1208520 81 19  1  0  0  0
933  0  66112 68761108 2420932 72926036    0    0  1344 429652 204306 1185722 81 18  0  0  0  0
544  0  66112 68760016 2420936 72926044    0    0  1776 542968 208302 1198306 81 19  1  0  0  0
1144  0  66112 68764940 2420936 72926056    0    0  2736 504660 216470 1327620 80 19  1  0  0  0
1080  0  66112 68759060 2420936 72926072    0    0  1664 447944 202324 1180291 81 18  0  0  0  0
139  1  66112 68761896 2420936 72926080    0    0  2208 586796 209850 1240056 79 19  2  0  0  0
1293  0  66112 68761608 2420936 72926092    0    0  2288 490688 204394 1284134 81 19  0  0  0  0
1284  1  66112 68762036 2420936 72926108    0    0  1680 502024 216690 1237908 81 19  0  0  0  0
538  0  66112 68762620 2420936 72926120    0    0  1296 416256 198708 1197807 81 18  0  0  0  0
1247  0  66112 68761116 2420936 72926136    0    0   656 589740 217505 1232374 81 19  0  0  0  0
368  0  66112 68762172 2420936 72926148    0    0  3984 474048 201128 1180175 81 19  1  0  0  0
621  0  66112 68760288 2420936 72926152    0    0  1968 530248 224957 1354593 80 19  1  0  0  0
861  0  66112 68763024 2420936 72926168    0    0   928 467196 215587 1220758 81 18  0  0  0  0
procs -----------memory---------- ---swap-- -----io---- -system-- -------cpu-------
 r  b   swpd   free   buff  cache   si   so    bi    bo   in   cs us sy id wa st gu
305  0  66112 68761504 2420936 72926188    0    0  1504 488064 211632 1192825 81 18  0  0  0  0
846  0  66112 68766824 2420936 72926200    0    0   960 414280 208087 1356837 81 19  0  0  0  0
735  0  66112 68769188 2420936 72926216    0    0  1824 555368 206096 1195035 80 19  1  0  0  0
763  0  66112 68759912 2420936 72926232    0    0  1904 407132 193205 1170389 81 18  1  0  0  0
936  1  66112 68762088 2420936 72926244    0    0  2080 453512 207971 1198307 81 19  0  0  0  0
1327  0  66112 68757368 2420936 72926264    0    0  1312 481008 207201 1232999 80 19  1  0  0  0
803  0  66112 68755140 2420936 72926280    0    0  2000 548360 215222 1223047 80 19  1  0  0  0
413  1  66112 68756280 2420936 72926296    0    0  1952 473216 204370 1162725 81 19  0  0  0  0
153  3  66112 68752312 2420936 72926304    0    0   416 630456 207072 1254867 81 18  0  0  0  0
561  0  66112 68758572 2420936 72926312    0    0  2064 321860 200315 1207720 81 18  0  0  0  0
930  1  66112 68755120 2420936 72926320    0    0  3216 619396 204773 1312493 81 19  1  0  0  0
1075  3  66112 68754328 2420936 72926340    0    0  1088 516868 205473 1246762 81 19  0  0  0  0
500  0  66112 68759460 2420936 72926356    0    0  2272 620652 216319 1351951 81 19  1  0  0  0
915  0  66112 68763780 2420936 72926360    0    0  1984 340840 202125 1202563 81 19  0  0  0  0
976  0  66112 68769416 2420936 72926380    0    0  1392 450528 200144 1186648 81 18  0  0  0  0
1162  0  66112 68768068 2420936 72926392    0    0  3744 483896 214745 1202192 80 19  1  0  0  0
590  0  66112 68763340 2420936 72926400    0    0  3568 538976 213962 1351385 80 19  1  0  0  0
1048  0  66112 68761216 2420936 72926416    0    0  1600 443804 200202 1198793 81 18  0  0  0  0
1198  0  66112 68754940 2420936 72926428    0    0  3168 547756 215033 1346194 81 19  1  0  0  0
1080  1  66112 68760392 2420936 72926440    0    0  1328 542252 215115 1199102 81 19  0  0  0  0
627  0  66112 68766240 2420936 72926444    0    0  1856 424188 198729 1188103 82 18  0  0  0  0
procs -----------memory---------- ---swap-- -----io---- -system-- -------cpu-------
 r  b   swpd   free   buff  cache   si   so    bi    bo   in   cs us sy id wa st gu
1266  0  66112 68763684 2420936 72926452    0    0  1120 605100 206177 1193840 81 18  1  0  0  0
920  0  66112 68760576 2420936 72926480    0    0  2576 429764 210688 1177889 81 18  1  0  0  0
1027  0  66112 68771964 2420936 72926492    0    0  2224 423104 223992 1396378 81 19  1  0  0  0
445  0  66112 68769740 2420936 72926504    0    0  1824 522368 211723 1218236 81 19  0  0  0  0
1189  0  66112 68761736 2420936 72926520    0    0  1856 497500 191143 1150115 81 18  0  0  0  0
1249  0  66112 68764320 2420936 72926536    0    0  2000 511104 217899 1211213 81 19  1  0  0  0
667  0  66112 68751124 2420936 72926548    0    0  2688 510320 218798 1384531 81 19  1  0  0  0
526  0  66112 68759440 2420936 72926560    0    0  2176 507888 216931 1235358 81 18  1  0  0  0
1336  0  66112 68747508 2420936 72926576    0    0  3120 511920 227923 1241767 81 19  1  0  0  0
783  0  66112 68752008 2420936 72926588    0    0  1408 495212 197100 1196668 81 19  1  0  0  0
877  0  66112 68746488 2420936 72926600    0    0  3872 525960 229510 1363932 80 19  1  0  0  0
774  0  66112 68742004 2420936 72926612    0    0  1600 491832 207678 1231506 81 19  1  0  0  0
752  0  66112 68742892 2420936 72926624    0    0  2032 527912 235231 1320203 80 19  1  0  0  0
348  1  66112 68739900 2420936 72926648    0    0  1344 503328 209420 1206884 81 19  1  0  0  0
871  0  66112 68732936 2420936 72926656    0    0  2480 498636 218021 1277928 80 19  1  0  0  0
362  0  66112 68722740 2420936 72926752    0    0  1472 502828 211329 1191764 80 19  1  0  0  0
954  0  66112 68712976 2420936 72926768    0    0  1760 512784 210971 1222973 81 18  0  0  0  0
707  0  66112 68703052 2420936 72926780    0    0   512 521368 218470 1220378 81 19  0  0  0  0
1012  0  66112 68690880 2420936 72926792    0    0  1856 515936 219293 1238527 81 19  0  0  0  0
649  0  66112 68696316 2420936 72926804    0    0  1392 521080 206351 1203436 81 18  1  0  0  0
272  0  66112 68690740 2420936 72926812    0    0  3344 484744 196667 1217776 81 19  1  0  0  0
procs -----------memory---------- ---swap-- -----io---- -system-- -------cpu-------
 r  b   swpd   free   buff  cache   si   so    bi    bo   in   cs us sy id wa st gu
1260  0  66112 68690904 2420936 72926820    0    0  2352 481908 210338 1204414 81 19  1  0  0  0
1114  0  66112 68696304 2420936 72926836    0    0  1024 522148 214174 1225610 81 19  0  0  0  0
711  0  66112 68697728 2420936 72926852    0    0   896 464252 224391 1260021 80 19  1  0  0  0
336  0  66112 68706836 2420936 72926868    0    0   480 510772 213182 1248792 81 19  0  0  0  0
786  0  66112 68710600 2420936 72926880    0    0  2832 440724 201440 1169619 81 19  0  0  0  0
1242  0  66112 68709156 2420936 72926892    0    0   896 673940 262625 1323714 80 19  1  0  0  0
974  0  66112 68707628 2420936 72926908    0    0  3472 410060 209892 1177629 80 19  1  0  0  0
689  0  66112 68705176 2420936 72926920    0    0   608 494080 205211 1215522 81 18  0  0  0  0
892  0  66112 68697472 2420936 72926936    0    0   480 624504 204024 1266364 81 19  1  0  0  0
623  0  66112 68712444 2420936 72926948    0    0  2912 407676 200978 1188951 81 19  1  0  0  0
381  0  66112 68715376 2420936 72926956    0    0  1008 618648 224226 1267176 81 19  1  0  0  0
892  0  66112 68705964 2420936 72926972    0    0  2544 457060 216084 1215830 81 18  0  0  0  0
881  0  66112 68701964 2420936 72926984    0    0  3328 430560 200790 1205029 81 18  0  0  0  0
917  0  66112 68695808 2420936 72926996    0    0   848 581060 198156 1168438 81 19  1  0  0  0
884  0  66112 68699088 2420936 72927004    0    0   416 527180 209381 1222090 81 18  0  0  0  0
1075  0  66112 68701784 2420936 72927024    0    0  1168 561904 210257 1307205 80 19  1  0  0  0
1223  0  66112 68708504 2420936 72927044    0    0   704 516816 203547 1217709 81 18  1  0  0  0
844  0  66112 68713236 2420936 72927056    0    0   912 468328 208724 1295806 81 18  1  0  0  0
790  0  66112 68714128 2420936 72927068    0    0  1248 519548 210864 1229412 81 19  0  0  0  0
1128  0  66112 68707104 2420936 72927080    0    0  1280 533764 217550 1238903 80 19  1  0  0  0
240  2  66112 68713552 2420936 72927092    0    0  1376 509904 219993 1233559 81 18  1  0  0  0
procs -----------memory---------- ---swap-- -----io---- -system-- -------cpu-------
 r  b   swpd   free   buff  cache   si   so    bi    bo   in   cs us sy id wa st gu
1263  0  66112 68714132 2420936 72927112    0    0  1504 538360 216037 1298559 80 19  1  0  0  0
785  0  66112 68711300 2420936 72927128    0    0   512 499144 206762 1258246 81 19  1  0  0  0
796  0  66112 68716112 2420936 72927136    0    0  1024 499988 214340 1294574 81 19  1  0  0  0
896  0  66112 68715080 2420936 72927152    0    0  2288 313852 192204 1147315 81 18  0  0  0  0
222  0  66112 68722032 2420936 72927168    0    0   848 618480 208033 1227898 81 19  1  0  0  0
589  1  66112 68714100 2420936 72927176    0    0   688 433028 230086 1302910 81 19  1  0  0  0
909  0  66112 68709608 2420936 72927188    0    0   672 472736 199712 1212626 81 19  0  0  0  0
188  0  66112 68712636 2420936 72927208    0    0  2192 573600 198835 1208092 81 18  1  0  0  0
720  0  66112 68707364 2420936 72927220    0    0   368 494956 211755 1324833 81 19  1  0  0  0
911  0  66112 68698572 2420936 72927232    0    0   512 467444 211433 1275624 81 18  1  0  0  0
792  1  66112 68695636 2420936 72927240    0    0  2176 578396 205781 1213371 81 18  1  0  0  0
721  0  66112 68690140 2420936 72927252    0    0  3520 468656 198049 1202787 81 18  0  0  0  0
719  0  66112 68703556 2420936 72927264    0    0  2000 524328 198691 1207603 81 19  0  0  0  0
877  0  66112 68708336 2420936 72927276    0    0   816 504900 210830 1187471 81 18  0  0  0  0
1132  0  66112 68720596 2420936 72927284    0    0  1888 474248 205166 1194081 81 18  1  0  0  0
440  0  66112 68714900 2420936 72927296    0    0  2384 580760 208891 1228596 81 19  1  0  0  0
666  0  66112 68725280 2420936 72927320    0    0  1088 405908 205808 1209375 80 19  1  0  0  0
1010  0  66112 68726184 2420936 72927332    0    0  1152 565836 214290 1354479 80 19  1  0  0  0
1273  0  66112 68727708 2420936 72927348    0    0  1664 478868 197904 1163315 81 18  1  0  0  0
1109  0  66112 68739916 2420936 72927364    0    0   368 793012 215606 1362294 80 19  1  0  0  0
615  0  66112 68727824 2420936 72927392    0    0  1792 321824 192693 1199060 81 18  0  0  0  0
procs -----------memory---------- ---swap-- -----io---- -system-- -------cpu-------
 r  b   swpd   free   buff  cache   si   so    bi    bo   in   cs us sy id wa st gu
899  0  66112 68732304 2420936 72927408    0    0  2256 441040 209244 1172301 81 18  1  0  0  0
775  0  66112 68740036 2420936 72927420    0    0   496 539348 204475 1224065 81 19  1  0  0  0
256  0  66112 68738824 2420940 72927428    0    0  1616 509468 214383 1215350 81 19  1  0  0  0
816  0  66112 68732076 2420940 72927436    0    0   128 471744 209484 1274946 81 19  0  0  0  0
769  0  66112 68722004 2420940 72927444    0    0  1632 354372 192731 1158863 81 18  0  0  0  0
342  1  66112 68716556 2420940 72927468    0    0   464 623696 209532 1229167 81 18  0  0  0  0
1115  0  66112 68720004 2420940 72927476    0    0  2592 425600 219986 1205295 80 19  1  0  0  0
997  0  66112 68724096 2420940 72927484    0    0   880 524556 217501 1192166 80 19  1  0  0  0
914  0  66112 68722840 2420940 72927500    0    0   976 506852 222848 1233276 81 19  1  0  0  0
84  2  66112 68723064 2420940 72927508    0    0  2336 658548 215187 1221226 77 18  4  0  0  0
1306  0  66112 68716576 2420940 72927536    0    0   768 397440 206846 1276223 81 19  0  0  0  0
1149  0  66112 68701652 2420940 72927612    0    0   288 462796 203373 1198876 81 18  0  0  0  0
1296  0  66112 68707708 2420940 72927624    0    0  1888 530456 200615 1186318 81 18  1  0  0  0
688  0  66112 68707332 2420940 72927636    0    0   400 535332 196112 1255540 81 18  1  0  0  0
1103  0  66112 68702508 2420944 72927648    0    0  1968 504588 205629 1200136 81 19  1  0  0  0
645  0  66112 68692660 2420944 72927668    0    0  2144 497544 224077 1293236 80 19  1  0  0  0
908  0  66112 68681220 2420944 72927680    0    0  3392 452216 205222 1197927 81 19  1  0  0  0
990  0  66112 68669440 2420944 72927692    0    0   704 506252 209846 1200928 81 18  1  0  0  0
1110  0  66112 68671540 2420944 72927704    0    0   736 504088 212051 1215039 81 19  1  0  0  0
596  0  66112 68676580 2420944 72927720    0    0   128 534264 216604 1393689 80 19  1  0  0  0
842  0  66112 68674332 2420944 72927740    0    0  1328 502308 215508 1198470 81 18  0  0  0  0
procs -----------memory---------- ---swap-- -----io---- -system-- -------cpu-------
 r  b   swpd   free   buff  cache   si   so    bi    bo   in   cs us sy id wa st gu
905  0  66112 68675012 2420944 72927744    0    0  1648 493056 213635 1261367 80 19  1  0  0  0
944  0  66112 68665836 2420944 72927760    0    0  2896 547604 201112 1222975 80 18  1  0  0  0
638  0  66112 68653160 2420944 72927768    0    0  1392 522644 223669 1383738 80 19  1  0  0  0
841  1  66112 68650988 2420944 72927776    0    0   992 508840 215114 1273556 80 19  1  0  0  0
609  0  66112 68644864 2420944 72927804    0    0   960 475288 209897 1237856 81 19  0  0  0  0
1055  0  66112 68647060 2420944 72927816    0    0  1952 509120 223901 1240283 80 19  2  0  0  0
581  1  66112 68652396 2420944 72927828    0    0   512 510160 210522 1170320 81 19  0  0  0  0
947  0  66112 68651072 2420944 72927832    0    0  1664 485192 195817 1152634 81 19  0  0  0  0
1006  0  66112 68662180 2420944 72927844    0    0   656 516508 201474 1267625 81 18  1  0  0  0
1158  0  66112 68665652 2420944 72927856    0    0  2080 416992 204641 1148399 81 18  0  0  0  0
1236  0  66112 68661936 2420944 72927868    0    0  1680 560460 206969 1202345 81 19  1  0  0  0
1232  0  66112 68657632 2420944 72927880    0    0   208 546332 205836 1310671 81 19  1  0  0  0
1167  0  66112 68655664 2420944 72927900    0    0  1840 375832 200156 1196667 81 19  1  0  0  0
906  0  66112 68661596 2420944 72927904    0    0  1440 559276 226628 1235507 81 19  1  0  0  0
642  0  66112 68662100 2420944 72927912    0    0   832 503344 214751 1190539 81 18  0  0  0  0
738  0  66112 68663796 2420944 72927932    0    0  2064 531588 204341 1198056 80 19  1  0  0  0
1241  0  66112 68679568 2420944 72927944    0    0  1520 540664 206595 1278135 81 19  1  0  0  0
1072  0  66112 68680132 2420944 72927952    0    0  2704 508012 214960 1262250 80 19  1  0  0  0
325  0  66112 68675960 2420944 72927964    0    0  1712 503884 222817 1257578 81 19  0  0  0  0
832  0  66112 68685016 2420944 72927984    0    0  1632 495288 197747 1196866 81 19  0  0  0  0
554  0  66112 68693944 2420944 72928000    0    0   960 516544 212171 1235844 81 18  0  0  0  0
procs -----------memory---------- ---swap-- -----io---- -system-- -------cpu-------
 r  b   swpd   free   buff  cache   si   so    bi    bo   in   cs us sy id wa st gu
590  0  66112 68686512 2420944 72928012    0    0  1584 488332 213017 1201265 81 18  1  0  0  0
1058  0  66112 68681292 2420944 72928016    0    0  2000 516728 204033 1196860 80 19  1  0  0  0
1153  0  66112 68680372 2420944 72928032    0    0  1872 508956 216198 1214585 81 19  0  0  0  0
689  0  66112 68700248 2420944 72928044    0    0  2304 496092 213654 1192558 81 19  1  0  0  0
1165  0  66112 68698780 2420944 72928056    0    0   576 522148 218356 1218876 81 18  0  0  0  0
644  0  66112 68703004 2420944 72928076    0    0  3008 484960 202705 1193616 81 19  1  0  0  0
974  0  66112 68702524 2420944 72928092    0    0  1760 505064 211126 1217361 80 19  1  0  0  0
847  0  66112 68701868 2420944 72928100    0    0  1776 509172 206164 1213214 81 19  1  0  0  0
320  0  66112 68701124 2420944 72928112    0    0  1712 477820 205184 1209916 80 19  1  0  0  0
716  0  66112 68700064 2420944 72928124    0    0  2032 499692 222813 1214605 81 19  0  0  0  0
213  2  66112 68703480 2420944 72928140    0    0  2256 535384 208087 1188034 81 19  1  0  0  0
1223  0  66112 68705060 2420944 72928152    0    0  2256 508352 203650 1227340 81 19  1  0  0  0
722  0  66112 68700144 2420944 72928160    0    0  2112 485332 197211 1201459 81 18  1  0  0  0
971  0  66112 68698076 2420944 72928164    0    0  4720 495092 192874 1201685 81 19  1  0  0  0
1180  0  66112 68700228 2420944 72928180    0    0   784 532048 229990 1401368 80 19  1  0  0  0
938  0  66112 68705216 2420944 72928196    0    0  1120 507680 218174 1281869 81 18  1  0  0  0
642  0  66112 68694572 2420944 72928208    0    0  1296 503972 200620 1167063 81 19  1  0  0  0
588  0  66112 68691112 2420944 72928224    0    0  1696 489552 197690 1187766 81 18  1  0  0  0
893  0  66112 68693008 2420944 72928244    0    0  1968 522660 224707 1303345 81 19  0  0  0  0
218  0  66112 68703080 2420944 72928252    0    0  2112 510076 208084 1248880 81 18  1  0  0  0
1036  0  66112 68691272 2420944 72928268    0    0  2416 508552 207461 1302973 80 19  1  0  0  0
procs -----------memory---------- ---swap-- -----io---- -system-- -------cpu-------
 r  b   swpd   free   buff  cache   si   so    bi    bo   in   cs us sy id wa st gu
1271  0  66112 68687992 2420948 72928276    0    0  2736 422752 204425 1155795 81 18  1  0  0  0
467  0  66112 68693620 2420948 72928292    0    0  2528 591436 211404 1329517 81 18  1  0  0  0
942  0  66112 68690688 2420948 72928300    0    0  1344 518492 197115 1171821 81 19  0  0  0  0
1189  0  66112 68685680 2420948 72928316    0    0  1360 514000 203557 1256990 81 18  1  0  0  0
1247  0  66112 68682248 2420948 72928332    0    0  2208 463388 208046 1195303 81 19  1  0  0  0
1134  0  66112 68682876 2420948 72928344    0    0  1488 550176 197284 1217493 81 19  1  0  0  0
702  0  66112 68691388 2420948 72928356    0    0  2144 514624 221405 1382284 80 19  1  0  0  0
1288  0  66112 68690144 2420948 72928368    0    0   704 499128 208893 1226525 81 19  1  0  0  0
845  0  66112 68701960 2420948 72928444    0    0  2096 513132 210178 1198731 80 19  1  0  0  0
397  0  66112 68695180 2420948 72928460    0    0  4960 492160 213064 1226087 80 19  1  0  0  0
1159  0  66112 68696280 2420948 72928472    0    0  1904 531944 215813 1314357 77 18  5  0  0  0
1017  0  66112 68694032 2420948 72928488    0    0  1872 492296 214076 1232023 80 19  1  0  0  0
1017  0  66112 68697552 2420948 72928500    0    0  1616 530048 224644 1316497 80 19  1  0  0  0
705  0  66112 68705788 2420948 72928516    0    0   128 489128 206136 1244304 81 18  0  0  0  0
1283  0  66112 68701120 2420948 72928532    0    0  1232 499624 192703 1158010 81 19  0  0  0  0
979  0  66112 68707600 2420948 72928544    0    0  2512 537964 220770 1397377 81 19  1  0  0  0
626  0  66112 68698464 2420948 72928556    0    0  1904 483636 203534 1182727 81 19  1  0  0  0
662  0  66112 68697904 2420948 72928568    0    0  3728 480444 212910 1192135 81 19  1  0  0  0
1056  0  66112 68691004 2420948 72928576    0    0   800 518760 205265 1198619 81 19  0  0  0  0
877  0  66112 68699348 2420948 72928592    0    0   944 484504 204187 1188172 81 18  0  0  0  0
676  0  66112 68695196 2420948 72928612    0    0  1440 553124 218394 1255993 80 19  1  0  0  0
procs -----------memory---------- ---swap-- -----io---- -system-- -------cpu-------
 r  b   swpd   free   buff  cache   si   so    bi    bo   in   cs us sy id wa st gu
248  0  66112 68691664 2420948 72928624    0    0  2256 524768 237619 1292933 81 19  1  0  0  0
333  0  66112 68683332 2420948 72928632    0    0  3200 494520 204968 1234962 81 18  1  0  0  0
780  0  66112 68684696 2420948 72928640    0    0  2640 461380 215103 1189001 81 18  1  0  0  0
841  0  66112 68688968 2420948 72928656    0    0  1504 538388 237497 1231413 80 19  1  0  0  0
545  0  66112 68673568 2420948 72928672    0    0  2464 524232 287347 1249411 81 19  1  0  0  0
786  0  66112 68658684 2420948 72928676    0    0  2544 478324 210060 1196947 81 19  1  0  0  0
905  0  66112 68655284 2420948 72928688    0    0  2192 534412 234876 1351139 80 19  1  0  0  0
438  0  66112 68651264 2420948 72928704    0    0  1600 515020 211083 1274063 81 19  1  0  0  0
715  0  66112 68645512 2420948 72928716    0    0  2320 466768 241121 1353015 80 19  1  0  0  0
1233  1  66112 68644964 2420948 72928728    0    0  2368 547508 219723 1247817 80 19  1  0  0  0
713  1  66112 68639544 2420948 72928748    0    0  1056 508112 210471 1236701 81 19  1  0  0  0
1068  0  66112 68655088 2420948 72928760    0    0  1840 504152 219055 1234155 81 19  1  0  0  0
166  0  66112 68659724 2420948 72928776    0    0  4784 499516 220708 1306116 80 19  1  0  0  0
1028  0  66112 68651552 2420948 72928796    0    0   384 383432 220541 1244638 81 19  0  0  0  0
666  0  66112 68647344 2420948 72928812    0    0  1136 559704 225865 1243547 80 19  1  0  0  0
928  0  66112 68641500 2420948 72928836    0    0  1152 523580 223168 1238461 81 19  1  0  0  0
814  1  66112 68632916 2420948 72928848    0    0  1616 424876 211039 1206601 81 18  0  0  0  0
254  2  66112 68648332 2420948 72928860    0    0  1808 685548 222221 1276100 81 18  1  0  0  0
1099  0  66112 68650112 2420948 72928876    0    0  3744 382392 226924 1347360 80 19  1  0  0  0
989  0  66112 68648340 2420948 72928892    0    0  4144 585212 218645 1349900 81 19  0  0  0  0
756  0  66112 68651992 2420948 72928904    0    0  1104 444316 198911 1195525 81 19  0  0  0  0
procs -----------memory---------- ---swap-- -----io---- -system-- -------cpu-------
 r  b   swpd   free   buff  cache   si   so    bi    bo   in   cs us sy id wa st gu
936  0  66112 68650140 2420948 72928924    0    0  1568 615992 221661 1375696 80 19  1  0  0  0
592  0  66112 68651696 2420948 72928932    0    0  2288 387404 195990 1217407 81 18  1  0  0  0
990  0  66112 68661644 2420948 72928944    0    0  2080 435440 204039 1210730 80 19  1  0  0  0
1323  0  66112 68660272 2420948 72928964    0    0  2192 555400 211518 1219253 80 19  1  0  0  0
757  0  66112 68667492 2420948 72928972    0    0  2464 498016 217020 1224868 81 19  1  0  0  0
1217  0  66112 68673284 2420948 72928988    0    0  2016 479820 220536 1249605 81 19  0  0  0  0
1214  0  66112 68669168 2420948 72929000    0    0  3296 539700 216515 1184482 81 19  1  0  0  0
1086  0  66112 68668628 2420948 72929008    0    0  1136 567132 207409 1192584 81 19  1  0  0  0
1052  0  66112 68684380 2420948 72929024    0    0  1440 618580 210916 1373728 81 19  1  0  0  0
809  0  66112 68675668 2420948 72929036    0    0  1536 340116 189670 1164182 81 18  0  0  0  0
1183  0  66112 68675520 2420952 72929052    0    0  2016 494172 218461 1284340 81 19  1  0  0  0
810  0  66112 68670396 2420952 72929060    0    0  3376 538936 194537 1210095 81 18  1  0  0  0
728  1  66112 68689992 2420952 72929068    0    0  4848 580504 227215 1343436 80 19  1  0  0  0
1004  0  66112 68689612 2420952 72929080    0    0  1872 370848 197562 1192214 81 18  0  0  0  0
44  1  66112 68683836 2420952 72929096    0    0  1168 604132 222169 1220947 81 19  0  0  0  0
940  0  66112 68677788 2420952 72929108    0    0  2864 548432 220455 1378337 80 19  1  0  0  0
1112  0  66112 68678184 2420952 72929124    0    0  2080 377016 198616 1188593 81 18  1  0  0  0
770  0  66112 68680872 2420952 72929136    0    0  1968 503240 203842 1192007 81 19  1  0  0  0
717  1  66112 68679128 2420952 72929148    0    0  1344 387232 210080 1189660 81 19  0  0  0  0
1016  1  66112 68681724 2420952 72929160    0    0  1552 532520 209113 1192849 81 18  1  0  0  0
39  3  66112 68682548 2420952 72929168    0    0  1472 610724 225660 1308663 77 18  4  0  0  0
procs -----------memory---------- ---swap-- -----io---- -system-- -------cpu-------
 r  b   swpd   free   buff  cache   si   so    bi    bo   in   cs us sy id wa st gu
681  1  66112 68680952 2420952 72929188    0    0  2304 364856 210854 1263296 81 19  1  0  0  0
1063  0  66112 68674372 2420952 72929200    0    0  1408 364404 199531 1168325 82 18  0  0  0  0
481  0  66112 68671612 2420952 72929208    0    0  1056 583380 215906 1230845 81 19  1  0  0  0
763  0  66112 68677180 2420956 72929220    0    0  1760 499288 214589 1241669 81 19  1  0  0  0
458  0  66112 68670060 2420956 72929236    0    0  1536 556588 218607 1239699 81 19  1  0  0  0
504  1  66112 68662864 2420956 72929312    0    0   992 433544 206885 1205082 81 19  0  0  0  0
751  0  66112 68657624 2420956 72929328    0    0  2320 596900 218582 1283013 81 18  1  0  0  0
632  0  66112 68662164 2420956 72929344    0    0  1872 510920 220440 1235671 81 18  1  0  0  0
901  0  66112 68670076 2420956 72929364    0    0  2400 450176 212163 1198792 80 19  1  0  0  0
352  1  66112 68663008 2420956 72929368    0    0  1776 589920 205188 1322135 80 19  1  0  0  0
854  0  66112 68661188 2420956 72929380    0    0  3328 324744 202266 1220618 81 19  0  0  0  0
483  0  66112 68651556 2420956 72929400    0    0  2144 514752 211514 1253919 81 19  1  0  0  0
1076  0  66112 68648124 2420956 72929420    0    0  2832 461676 208970 1198936 81 19  0  0  0  0
733  0  66112 68650092 2420956 72929432    0    0  1104 552844 212708 1228280 81 19  1  0  0  0
1136  0  66112 68640280 2420956 72929444    0    0  1488 480760 208714 1175739 81 19  0  0  0  0
879  0  66112 68640404 2420956 72929452    0    0  1696 528872 213272 1233017 81 19  0  0  0  0
1058  0  66112 68628564 2420956 72929460    0    0  2480 479720 209247 1205021 81 19  1  0  0  0
174  0  66112 68635352 2420956 72929476    0    0  1296 550136 216720 1269574 80 19  1  0  0  0
1319  0  66112 68631492 2420956 72929496    0    0  1872 515120 209972 1234717 80 19  1  0  0  0
1312  0  66112 68619912 2420956 72929504    0    0  1184 459440 212244 1219133 80 19  1  0  0  0
1175  0  66112 68615948 2420956 72929528    0    0  3216 563028 208997 1307522 79 19  2  0  0  0
procs -----------memory---------- ---swap-- -----io---- -system-- -------cpu-------
 r  b   swpd   free   buff  cache   si   so    bi    bo   in   cs us sy id wa st gu
832  0  66112 68603268 2420956 72929536    0    0  1616 450324 208896 1201953 81 18  0  0  0  0
953  0  66112 68598348 2420956 72929544    0    0  3904 548656 219332 1264233 81 18  1  0  0  0
639  0  66112 68594672 2420956 72929556    0    0  1952 544564 209277 1233611 80 19  1  0  0  0
358  0  66112 68593180 2420956 72929572    0    0  2016 435620 202800 1178628 81 18  0  0  0  0
1151  0  66112 68590676 2420956 72929588    0    0  3248 604232 229209 1372322 80 19  1  0  0  0
1100  0  66112 68590628 2420956 72929596    0    0   496 481292 215617 1261994 81 19  1  0  0  0
1033  0  66112 68585768 2420956 72929612    0    0  1440 490888 220085 1230186 81 19  0  0  0  0
1030  0  66112 68587100 2420956 72929704    0    0  1120 508540 211157 1219570 81 19  0  0  0  0
780  1  66112 68592336 2420956 72929716    0    0  1584 463684 206934 1200031 81 19  0  0  0  0
1059  0  66112 68589148 2420956 72929728    0    0  1184 564100 211812 1222868 81 18  0  0  0  0
1174  0  66112 68591224 2420956 72929752    0    0  1280 524456 213639 1255291 80 19  1  0  0  0
169  0  66112 68588044 2420956 72929760    0    0  3712 510736 211614 1228899 80 19  1  0  0  0
923  0  66112 68593244 2420956 72929768    0    0  4256 523332 227294 1376674 80 19  1  0  0  0
730  0  66112 68591084 2420956 72929792    0    0  2464 509784 217748 1297468 81 19  0  0  0  0
143  0  66112 68589848 2420956 72929804    0    0    64 507664 202335 1196640 81 18  0  0  0  0
903  0  66112 68597756 2420956 72929812    0    0  2432 487160 245507 1428039 79 19  1  0  0  0
1138  0  66112 68596756 2420956 72929828    0    0  2384 490464 214945 1218267 80 19  1  0  0  0
1264  0  66112 68603968 2420956 72929844    0    0  1632 564176 214816 1389025 80 19  1  0  0  0
596  0  66112 68587684 2420956 72929860    0    0  2176 496116 216725 1204157 81 19  1  0  0  0
1004  0  66112 68579728 2420956 72929876    0    0  1744 463216 203266 1207613 81 19  1  0  0  0
677  0  66112 68577792 2420956 72929880    0    0  2336 506136 222525 1185691 81 19  0  0  0  0
procs -----------memory---------- ---swap-- -----io---- -system-- -------cpu-------
 r  b   swpd   free   buff  cache   si   so    bi    bo   in   cs us sy id wa st gu
811  0  66112 68584940 2420956 72929896    0    0  2992 577568 225503 1372706 80 19  1  0  0  0
1148  0  66112 68591136 2420956 72929916    0    0  1552 405988 202243 1188325 81 19  1  0  0  0
1212  0  66112 68595564 2420956 72929932    0    0  1344 454812 196129 1156193 81 18  0  0  0  0
907  0  66112 68597856 2420956 72929940    0    0   512 452580 200439 1199443 81 19  0  0  0  0
688  0  66112 68600652 2420956 72929956    0    0  3312 717480 222923 1378634 80 19  1  0  0  0
319  0  66112 68607352 2420956 72929968    0    0  1808 481144 198204 1181627 81 18  1  0  0  0
544  0  66112 68601088 2420956 72929984    0    0  3088 518624 212664 1392528 80 19  1  0  0  0
1230  1  66112 68603620 2420956 72929992    0    0  2320 462172 200666 1190058 81 19  1  0  0  0
819  0  66112 68607612 2420956 72930000    0    0  2544 512184 211484 1234787 81 18  0  0  0  0
701  1  66112 68605708 2420956 72930016    0    0   304 619200 195253 1195059 81 18  0  0  0  0
405  0  66112 68607136 2420956 72930024    0    0  1536 298900 203281 1182478 82 18  1  0  0  0
955  0  66112 68613104 2420956 72930040    0    0  3040 542052 199067 1237370 81 18  1  0  0  0
257  0  66112 68615764 2420956 72930056    0    0  2992 643680 222229 1278181 80 19  1  0  0  0
1013  1  66112 68619660 2420956 72930068    0    0  2032 394312 202692 1294250 81 18  0  0  0  0
700  0  66112 68613236 2420956 72930080    0    0  2064 601204 212082 1232496 81 18  0  0  0  0
635  1  66112 68619932 2420956 72930088    0    0  1296 361792 198591 1197233 81 18  1  0  0  0
800  0  66112 68620696 2420956 72930108    0    0  4752 670276 216863 1330081 80 19  1  0  0  0
795  0  66112 68626828 2420956 72930116    0    0  1648 409388 209174 1216750 81 18  1  0  0  0
574  0  66112 68624908 2420956 72930132    0    0  1104 581096 220425 1276658 81 19  1  0  0  0
725  0  66112 68633920 2420956 72930144    0    0  2576 544120 204698 1257850 80 19  1  0  0  0
1298  0  66112 68639364 2420960 72930156    0    0  2048 462064 197747 1176449 81 18  1  0  0  0
procs -----------memory---------- ---swap-- -----io---- -system-- -------cpu-------
 r  b   swpd   free   buff  cache   si   so    bi    bo   in   cs us sy id wa st gu
700  0  66112 68638296 2420960 72930168    0    0  2576 622704 215537 1369048 80 19  1  0  0  0
692  0  66112 68648972 2420960 72930252    0    0  1440 462084 211060 1293381 80 19  1  0  0  0
794  0  66112 68643112 2420960 72930276    0    0  1968 412544 197722 1222291 81 19  1  0  0  0
1284  0  66112 68641804 2420960 72930284    0    0   592 517092 215117 1246246 81 18  0  0  0  0
400  0  66112 68648472 2420960 72930292    0    0   752 635904 218946 1256209 81 19  1  0  0  0
1207  1  66112 68654292 2420960 72930308    0    0  4272 459468 210538 1325944 80 19  1  0  0  0
423  0  66112 68646460 2420960 72930328    0    0  1424 463208 200326 1182816 81 18  0  0  0  0
1169  0  66112 68655728 2420960 72930344    0    0  3728 692320 222983 1346180 79 19  1  0  0  0
904  0  66112 68649704 2420960 72930356    0    0  1376 291812 198314 1186435 81 18  0  0  0  0
435  1  66112 68648140 2420964 72930368    0    0  1024 578196 207254 1249712 80 19  1  0  0  0
1101  0  66112 68642680 2420964 72930376    0    0  2192 539956 205764 1219160 80 19  1  0  0  0
442  0  66112 68640308 2420964 72930392    0    0  2048 626784 216323 1312330 81 19  1  0  0  0
598  0  66112 68651560 2420964 72930412    0    0  3296 451292 208456 1441919 80 19  1  0  0  0
1185  0  66112 68649484 2420964 72930424    0    0  1440 454488 204515 1202439 81 18  0  0  0  0
1258  0  66112 68651104 2420964 72930440    0    0  2512 481624 214789 1245507 81 19  1  0  0  0
1121  0  66112 68654604 2420964 72930448    0    0  2752 511320 213240 1209177 81 19  1  0  0  0
1169  0  66112 68652628 2420964 72930460    0    0  1216 493036 202188 1220442 81 19  0  0  0  0
473  1  66112 68648900 2420964 72930476    0    0  3072 476556 201871 1193598 81 19  1  0  0  0
500  0  66112 68645572 2420964 72930492    0    0  1392 698164 207298 1311305 81 19  1  0  0  0
1255  0  66112 68638840 2420964 72930504    0    0   384 309596 207847 1338746 81 18  0  0  0  0
1268  0  66112 68637736 2420964 72930512    0    0  2928 625648 202292 1239348 81 18  1  0  0  0
procs -----------memory---------- ---swap-- -----io---- -system-- -------cpu-------
 r  b   swpd   free   buff  cache   si   so    bi    bo   in   cs us sy id wa st gu
478  0  66112 68634976 2420964 72930520    0    0  1856 486060 217725 1224814 81 19  1  0  0  0
1072  0  66112 68637872 2420964 72930532    0    0  2032 426700 205552 1196869 81 18  0  0  0  0
981  0  66112 68642220 2420964 72930548    0    0  1328 563248 201813 1204142 81 19  1  0  0  0
1028  0  66112 68639164 2420964 72930560    0    0  2560 579644 223891 1427342 79 19  1  0  0  0
542  0  66112 68627628 2420964 72930572    0    0  1504 365500 199253 1191601 82 18  0  0  0  0
1324  0  66112 68621480 2420964 72930588    0    0  2640 550160 219716 1217067 81 19  1  0  0  0
1042  0  66112 68633600 2420964 72930608    0    0  2784 748340 213773 1306100 80 19  1  0  0  0
704  0  66112 68625592 2420964 72930660    0    0   768 274848 188407 1192324 80 19  0  0  0  0
768  0  66112 68630264 2420964 72930648    0    0  2480 605240 208587 1324559 80 19  1  0  0  0
1104  0  66112 68629328 2420968 72930664    0    0  1072 420728 201969 1197473 81 18  0  0  0  0
1031  0  66112 68622408 2420968 72930676    0    0  2608 429240 195044 1171196 80 19  1  0  0  0
920  0  66112 68628540 2420968 72930688    0    0  2752 505404 195519 1152186 81 18  0  0  0  0
1043  0  66112 68621268 2420968 72930704    0    0  3680 692020 219164 1365236 80 19  1  0  0  0
1098  0  66112 68619788 2420968 72930712    0    0  1632 393508 201471 1183559 81 18  0  0  0  0
109  2  66112 68623056 2420972 72930728    0    0  1872 565736 211265 1239544 80 19  1  0  0  0
711  2  66112 68616984 2420972 72930740    0    0  1920 443080 209869 1265748 81 19  1  0  0  0
1082  0  66112 68610092 2420972 72930760    0    0  1408 576392 208008 1226629 81 18  0  0  0  0
925  0  66112 68611896 2420972 72930772    0    0  1088 471076 218118 1218601 80 19  1  0  0  0
1031  0  66112 68620404 2420972 72930784    0    0  1536 575548 219794 1254673 81 19  1  0  0  0
1150  0  66112 68617468 2420972 72930792    0    0  4464 590280 229160 1356926 80 19  1  0  0  0
279  0  66112 68623272 2420972 72930808    0    0  5504 597832 214255 1319778 77 18  4  0  0  0
procs -----------memory---------- ---swap-- -----io---- -system-- -------cpu-------
 r  b   swpd   free   buff  cache   si   so    bi    bo   in   cs us sy id wa st gu
749  0  66112 68553980 2420972 72930820    0    0   992 381088 204364 1225623 81 19  1  0  0  0
1050  0  66112 68558840 2420972 72930836    0    0  1568 456392 202297 1213699 81 18  1  0  0  0
460  0  66112 68556508 2420972 72930848    0    0  1232 507528 218830 1209684 81 18  0  0  0  0
1318  0  66112 68558260 2420976 72930860    0    0  1616 549912 217982 1237055 81 18  0  0  0  0
1001  0  66112 68553660 2420976 72930872    0    0   784 459312 200758 1212710 81 19  0  0  0  0
258  2  66112 68552612 2420976 72930884    0    0  2416 479344 199831 1194276 81 18  1  0  0  0
1040  0  66112 68566664 2420976 72930904    0    0  1472 534092 238426 1381477 77 19  5  0  0  0
811  1  66112 68565744 2420976 72930920    0    0  1072 479852 198210 1227943 82 18  0  0  0  0
1081  0  66112 68556240 2420976 72930936    0    0  4672 506364 209812 1272726 81 18  1  0  0  0
1153  0  66112 68556196 2420976 72930944    0    0  1648 509960 208602 1234398 81 18  1  0  0  0
104  2  66112 68570816 2420976 72930956    0    0  2304 634776 210127 1223294 80 19  1  0  0  0
976  0  66112 68566256 2420976 72930972    0    0  1968 422088 223243 1290398 77 18  4  0  0  0
1248  0  66112 68567216 2420976 72930984    0    0  1616 518636 206141 1236028 80 19  1  0  0  0
1162  0  66112 68557196 2420976 72931000    0    0  2384 465508 205013 1192757 80 19  1  0  0  0
372  0  66112 68553900 2420976 72931008    0    0  1808 491984 207099 1163731 81 18  1  0  0  0
236  0  66112 68554304 2420976 72931020    0    0  3984 825956 210582 1342568 80 19  1  0  0  0
1251  0  66112 68555908 2420976 72931048    0    0  2192 205788 205634 1275464 81 18  0  0  0  0
630  0  66112 68563744 2420976 72931056    0    0  2032 564012 221780 1212308 80 19  1  0  0  0
877  0  66112 68565936 2420976 72931068    0    0  1904 478252 214261 1218750 80 19  1  0  0  0
474  0  66112 68561180 2420976 72931168    0    0  4800 710228 226184 1334026 78 19  3  0  0  0
555  0  66112 68554192 2420976 72931184    0    0  1824 273388 204899 1231287 81 19  0  0  0  0
procs -----------memory---------- ---swap-- -----io---- -system-- -------cpu-------
 r  b   swpd   free   buff  cache   si   so    bi    bo   in   cs us sy id wa st gu
333  1  66112 68554000 2420976 72931196    0    0  2288 546716 207403 1205238 80 19  1  0  0  0
1186  0  66112 68562276 2420976 72931212    0    0  1232 553056 219147 1401125 81 19  1  0  0  0
712  0  66112 68557480 2420980 72931224    0    0   336 430096 200035 1181061 81 19  0  0  0  0
858  0  66112 68551064 2420980 72931236    0    0  2768 610796 209263 1218766 80 19  1  0  0  0
782  0  66112 68552036 2420980 72931248    0    0  1504 403312 197160 1176200 81 18  0  0  0  0
508  0  66112 68546376 2420980 72931264    0    0  2288 583584 222483 1231016 80 19  1  0  0  0
1027  0  66112 68549640 2420980 72931284    0    0  1520 467096 202531 1191022 81 18  1  0  0  0
512  0  66112 68545164 2420980 72931284    0    0  1840 529112 207481 1203901 81 19  0  0  0  0
130  3  66112 68553348 2420980 72931304    0    0  2992 656220 218547 1342254 79 19  2  0  0  0
1041  0  66112 68556892 2420980 72931308    0    0  2768 355712 198109 1203686 81 18  0  0  0  0
1024  0  66112 68562220 2420980 72931328    0    0  2288 525312 207548 1190378 81 19  1  0  0  0
292  1  66112 68569804 2420980 72931340    0    0  2064 701592 216230 1280358 81 19  1  0  0  0
1273  0  66112 68561732 2420984 72931356    0    0  3024 294148 210384 1239914 81 18  0  0  0  0
784  0  66112 68556776 2420984 72931364    0    0  1968 520432 206677 1211457 81 19  1  0  0  0
263  0  66112 68565760 2420984 72931376    0    0  1408 745800 212347 1375472 80 19  1  0  0  0
302  0  66112 68564836 2420984 72931388    0    0  4928 295744 210397 1331148 81 19  1  0  0  0
322  0  66112 68559840 2420984 72931404    0    0  2624 755224 227579 1312768 80 18  1  0  0  0
817  0  66112 68557528 2420984 72931416    0    0  1712 315952 187517 1242504 81 18  1  0  0  0
579  0  66112 68567076 2420984 72931424    0    0   784 524940 205660 1181507 81 19  1  0  0  0
353  0  66112 68564596 2420984 72931436    0    0  2352 695092 218573 1305852 78 18  4  0  0  0
957  0  66112 68560124 2420984 72931448    0    0  2832 277112 207552 1209530 81 19  1  0  0  0
procs -----------memory---------- ---swap-- -----io---- -system-- -------cpu-------
 r  b   swpd   free   buff  cache   si   so    bi    bo   in   cs us sy id wa st gu
183  3  66112 68566276 2420984 72931464    0    0  2096 713516 208295 1225397 80 18  2  0  0  0
1266  0  66112 68557168 2420984 72931480    0    0  1552 308556 213043 1255172 81 19  1  0  0  0
748  0  66112 68551524 2420984 72931496    0    0  3920 533612 201698 1183940 81 18  0  0  0  0
310  0  66112 68558988 2420984 72931508    0    0  2624 664608 219873 1369380 79 19  2  0  0  0
981  1  66112 68557772 2420984 72931520    0    0   960 386360 201739 1236616 81 18  0  0  0  0
634  0  66112 68558604 2420984 72931536    0    0  1488 488508 207090 1247446 81 19  0  0  0  0
1109  1  66112 68560328 2420984 72931544    0    0  1632 482372 216075 1245102 81 19  1  0  0  0
1030  0  66112 68555048 2420984 72931556    0    0  1984 472480 200939 1188186 81 19  0  0  0  0
591  0  66112 68560636 2420984 72931568    0    0  2288 490824 208120 1225478 80 19  1  0  0  0
588  0  66112 68559516 2420984 72931580    0    0   864 555292 208069 1290504 81 18  0  0  0  0
540  0  66112 68557280 2420984 72931592    0    0  3632 537932 209335 1245591 81 18  1  0  0  0
690  0  66112 68547292 2420984 72931604    0    0  1152 437440 202987 1204281 81 19  1  0  0  0
1175  0  66112 68547656 2420984 72931624    0    0  1152 461608 192673 1225359 81 18  0  0  0  0
1092  0  66112 68543732 2420984 72931636    0    0  1328 637452 220004 1269745 81 19  1  0  0  0
1070  1  66112 68544544 2420984 72931656    0    0   880 439776 202586 1249517 82 18  0  0  0  0
363  0  66112 68546776 2420984 72931664    0    0  2416 713620 229082 1337862 79 19  2  0  0  0
367  2  66112 68540556 2420984 72931684    0    0  2304 337180 202575 1216418 81 18  1  0  0  0
470  0  66112 68542208 2420984 72931696    0    0   736 516096 196434 1207504 81 19  0  0  0  0
295  0  66112 68538196 2420984 72931704    0    0  1200 678508 220155 1294565 80 18  2  0  0  0
799  0  66112 68542488 2420984 72931720    0    0   736 359040 198951 1237110 81 19  0  0  0  0
673  0  66112 68541532 2420984 72931736    0    0  2208 440592 204728 1219544 81 19  1  0  0  0
procs -----------memory---------- ---swap-- -----io---- -system-- -------cpu-------
 r  b   swpd   free   buff  cache   si   so    bi    bo   in   cs us sy id wa st gu
783  1  66112 68546808 2420984 72931752    0    0  2416 573732 209166 1211937 81 19  1  0  0  0
675  0  66112 68550852 2420984 72931764    0    0  1264 609720 233733 1480740 80 19  1  0  0  0
1302  0  66112 68552204 2420984 72931780    0    0  1024 447516 202640 1179425 81 19  0  0  0  0
894  0  66112 68547864 2420984 72931800    0    0   736 483008 202223 1245733 81 18  1  0  0  0
423  1  66112 68552488 2420984 72931812    0    0    80 565184 210903 1288669 81 18  1  0  0  0
1049  0  66112 68551720 2420984 72931824    0    0  2928 664376 225679 1407873 80 19  1  0  0  0
1008  1  66112 68548756 2420984 72931840    0    0  3088 317448 181858 1185194 82 18  0  0  0  0
1116  0  66112 68547860 2420984 72931844    0    0  2080 480192 208868 1210326 81 19  1  0  0  0
665  0  66112 68556876 2420984 72931856    0    0  2432 499040 209984 1211406 81 18  0  0  0  0
1028  0  66112 68558844 2420984 72931876    0    0  1168 554560 221634 1238788 81 19  0  0  0  0
591  0  66112 68558368 2420984 72931892    0    0  1520 627056 236836 1363058 80 19  1  0  0  0
1134  0  66112 68550112 2420984 72931912    0    0   704 438952 209764 1287639 81 18  1  0  0  0
373  0  66112 68549812 2420984 72931916    0    0  2528 534568 195948 1198137 81 18  0  0  0  0
153  2  66112 68548464 2420984 72931924    0    0  2368 569488 222441 1331806 81 19  1  0  0  0
1143  0  66112 68542516 2420984 72931940    0    0  1648 362500 207442 1227177 81 18  1  0  0  0
1247  0  66112 68547768 2420984 72931964    0    0  1488 529456 198726 1213868 81 19  0  0  0  0
1094  0  66112 68554836 2420984 72932048    0    0  1984 512360 212191 1232763 81 19  1  0  0  0
519  0  66112 68560272 2420984 72932048    0    0  3728 687980 237149 1377781 79 19  1  0  0  0
1017  1  66112 68554568 2420984 72932072    0    0  1088 365012 207037 1237537 81 18  0  0  0  0
920  0  66112 68556172 2420984 72932084    0    0  1776 610956 210535 1275772 81 19  0  0  0  0
939  2  66112 68546656 2420984 72932096    0    0  1904 403784 210998 1173143 81 18  1  0  0  0
procs -----------memory---------- ---swap-- -----io---- -system-- -------cpu-------
 r  b   swpd   free   buff  cache   si   so    bi    bo   in   cs us sy id wa st gu
1037  0  66112 68536848 2420984 72932104    0    0  1824 464760 209183 1316455 81 19  1  0  0  0
518  0  66112 68535340 2420984 72932108    0    0  2544 499968 209705 1204911 80 18  1  0  0  0
1138  0  66112 68530648 2420984 72932132    0    0  2768 512152 205417 1193811 81 19  1  0  0  0
1157  0  66112 68535808 2420984 72932148    0    0  1712 511484 207356 1166635 81 19  1  0  0  0
1064  0  66112 68535152 2420984 72932164    0    0  2272 516196 216359 1203809 81 19  0  0  0  0
1026  0  66112 68530004 2420984 72932180    0    0  2160 512108 202447 1200567 81 18  1  0  0  0
836  0  66112 68537548 2420984 72932196    0    0  1024 506848 202283 1200505 81 19  1  0  0  0
1266  0  66112 68531104 2420984 72932204    0    0  1264 519904 216343 1246981 81 19  1  0  0  0
377  0  66112 68538252 2420988 72932220    0    0  2768 532792 214415 1300442 81 18  0  0  0  0
730  0  66112 68537860 2420988 72932236    0    0  1280 494772 208921 1266482 81 19  0  0  0  0
612  0  66112 68531432 2420988 72932240    0    0  2544 530076 205726 1277015 81 19  1  0  0  0
1024  0  66112 68532068 2420988 72932252    0    0   896 502792 217414 1259694 81 19  0  0  0  0
409  0  66112 68529136 2420988 72932268    0    0  2288 520696 207063 1296813 81 19  1  0  0  0
525  0  66112 68523660 2420988 72932284    0    0  2432 515204 219582 1246030 81 19  1  0  0  0
1161  0  66112 68524976 2420988 72932300    0    0  1136 508800 226072 1259250 81 19  1  0  0  0
701  0  66112 68522812 2420988 72932308    0    0  1392 510032 217433 1222728 81 18  1  0  0  0
668  0  66112 68519740 2420988 72932316    0    0  2544 513628 203368 1258897 81 18  1  0  0  0
1177  0  66112 68516064 2420988 72932328    0    0  2304 512248 210930 1211359 80 19  1  0  0  0
586  0  66112 68523384 2420988 72932344    0    0  3152 508116 205685 1288208 80 18  2  0  0  0
1127  0  66112 68532872 2420988 72932356    0    0  1888 310788 209175 1307740 81 19  1  0  0  0
699  0  66112 68525444 2420988 72932376    0    0  3760 443300 204519 1205234 81 18  1  0  0  0
procs -----------memory---------- ---swap-- -----io---- -system-- -------cpu-------
 r  b   swpd   free   buff  cache   si   so    bi    bo   in   cs us sy id wa st gu
1067  0  66112 68526112 2420988 72932388    0    0  1024 529556 222590 1196389 81 19  0  0  0  0
295  2  66112 68526496 2420988 72932404    0    0  1856 550572 223843 1235682 80 19  1  0  0  0
960  0  66112 68510704 2420988 72932416    0    0  2992 490432 208694 1203969 80 19  1  0  0  0
983  0  66112 68516032 2420988 72932436    0    0  2864 503276 216520 1381551 80 19  1  0  0  0
1038  0  66112 68511036 2420988 72932452    0    0  1504 511720 207391 1256481 81 19  1  0  0  0
1095  0  66112 68501332 2420988 72932464    0    0  2112 468220 219664 1191403 81 19  1  0  0  0
948  0  66112 68496416 2420988 72932476    0    0  1984 494072 209618 1174065 81 19  1  0  0  0
719  0  66112 68488900 2420988 72932492    0    0  2800 580728 217628 1253878 81 18  1  0  0  0
783  0  66112 68480632 2420988 72932500    0    0  1680 383596 212014 1171175 81 19  0  0  0  0
836  0  66112 68488052 2420988 72932520    0    0  2256 446120 209045 1321660 81 19  1  0  0  0
860  1  66112 68487472 2420988 72932532    0    0  1888 516628 208965 1210340 81 19  0  0  0  0
1017  0  66112 68477532 2420988 72932544    0    0  2064 498316 245307 1190453 81 19  1  0  0  0
796  0  66112 68460324 2420988 72932552    0    0  1760 501036 219001 1193673 81 19  0  0  0  0
221  0  66112 68453336 2420988 72932576    0    0  2128 554756 229585 1362151 80 19  1  0  0  0
929  0  66112 68457184 2420988 72932588    0    0  1792 510076 212034 1212815 81 19  0  0  0  0
598  0  66112 68445360 2420988 72932596    0    0  2400 508804 209984 1193586 81 19  1  0  0  0
1004  1  66112 68445000 2420988 72932608    0    0  2176 529872 206692 1233432 80 19  1  0  0  0
1093  0  66112 68443200 2420988 72932620    0    0   464 498732 207583 1263695 81 19  0  0  0  0
1095  0  66112 68447380 2420988 72932632    0    0  1456 540212 225382 1404326 80 19  1  0  0  0
617  1  66112 68442832 2420988 72932644    0    0  1744 500540 216112 1201060 81 18  0  0  0  0
951  0  66112 68435020 2420988 72932664    0    0  3136 502344 202259 1182792 80 19  1  0  0  0
procs -----------memory---------- ---swap-- -----io---- -system-- -------cpu-------
 r  b   swpd   free   buff  cache   si   so    bi    bo   in   cs us sy id wa st gu
491  0  66112 68436276 2420988 72932676    0    0  1184 527564 229031 1285056 81 19  0  0  0  0
1228  0  66112 68435636 2420988 72932688    0    0  2048 420564 205807 1158688 81 18  0  0  0  0
1187  1  66112 68439448 2420988 72932700    0    0  1808 429944 204479 1198401 81 18  1  0  0  0
474  2  66112 68438436 2420988 72932712    0    0  3456 463180 205956 1191610 80 19  1  0  0  0
629  0  66112 68448524 2420988 72932728    0    0  1424 538980 192095 1228842 81 18  1  0  0  0
714  1  66112 68445528 2420988 72932740    0    0  3072 393900 196863 1222433 81 18  1  0  0  0
1205  0  66112 68450356 2420988 72932748    0    0  3376 563852 215004 1246739 80 19  1  0  0  0
1001  0  66112 68457000 2420988 72932760    0    0  2032 561752 212589 1239887 81 19  1  0  0  0
1179  0  66112 68461984 2420988 72932772    0    0  1984 515084 199815 1180099 81 18  1  0  0  0
803  0  66112 68462868 2420988 72932784    0    0  4032 670076 223086 1284835 80 19  1  0  0  0
926  0  66112 68459816 2420988 72932800    0    0  1696 312272 206760 1210670 81 18  0  0  0  0
1173  0  66112 68470112 2420988 72932808    0    0   672 511144 212465 1204745 81 19  0  0  0  0
1026  0  66112 68471996 2420988 72932888    0    0  1376 512780 208165 1187331 81 19  1  0  0  0
1323  0  66112 68490568 2420988 72932896    0    0  1328 565332 212613 1222831 81 19  1  0  0  0
978  0  66112 68485784 2420988 72932920    0    0  2256 470600 219810 1221574 80 19  1  0  0  0
1220  0  66112 68484020 2420988 72932932    0    0  2368 520444 206368 1205613 80 19  1  0  0  0
884  0  66112 68484444 2420988 72932948    0    0  1952 541032 209652 1215070 80 19  1  0  0  0
495  0  66112 68478396 2420988 72932952    0    0  2144 502432 204376 1231952 81 19  1  0  0  0
294  0  66112 68493124 2420988 72932972    0    0  2656 573848 213847 1289652 81 19  1  0  0  0
1146  0  66112 68503824 2420988 72932988    0    0  1232 338668 221742 1376166 80 19  1  0  0  0
912  0  66112 68497592 2420988 72932992    0    0  2464 595884 222271 1218325 80 19  1  0  0  0
procs -----------memory---------- ---swap-- -----io---- -system-- -------cpu-------
 r  b   swpd   free   buff  cache   si   so    bi    bo   in   cs us sy id wa st gu
379  0  66112 68491424 2420988 72933020    0    0  2912 586580 209799 1243018 81 19  1  0  0  0
916  0  66112 68503408 2420988 72933032    0    0  1760 404412 210032 1209447 81 18  0  0  0  0
928  0  66112 68496312 2420988 72933040    0    0  2128 606512 211717 1236994 81 19  1  0  0  0
968  0  66112 68500916 2420988 72933056    0    0  1360 439540 195279 1163198 82 18  0  0  0  0
989  0  66112 68510536 2420988 72933072    0    0   752 555060 206998 1225186 81 18  0  0  0  0
686  1  66112 68512728 2420988 72933072    0    0  2992 697548 222496 1316826 80 19  1  0  0  0
1073  0  66112 68513232 2420992 72933084    0    0  2320 393308 220268 1230852 79 19  2  0  0  0
1103  0  66112 68501000 2420992 72933100    0    0  3536 476084 212713 1356557 81 19  1  0  0  0
994  0  66112 68506128 2420992 72933116    0    0  2912 501716 203118 1269472 81 19  1  0  0  0
366  0  66112 68509332 2420996 72933136    0    0  2400 528592 223757 1229114 80 19  1  0  0  0
1058  0  66112 68502620 2420996 72933148    0    0  2032 531996 205566 1188489 80 19  1  0  0  0
1307  0  66112 68505864 2420996 72933160    0    0  5712 527664 210111 1201901 80 19  1  0  0  0
768  0  66112 68499196 2420996 72933172    0    0   768 532128 220382 1334923 81 19  0  0  0  0
585  0  66112 68499820 2420996 72933188    0    0   720 495032 216537 1214603 81 18  1  0  0  0
454  0  66112 68493520 2420996 72933204    0    0   880 497088 204870 1198407 81 18  1  0  0  0
1218  0  66112 68492424 2420996 72933216    0    0   960 557604 207287 1202540 81 18  0  0  0  0
607  0  66112 68491248 2420996 72933228    0    0  2544 532640 212436 1259616 81 18  1  0  0  0
1199  0  66112 68493088 2420996 72933240    0    0  1456 532312 212691 1161219 81 19  0  0  0  0
479  0  66112 68494060 2420996 72933252    0    0  1488 607736 217144 1310795 79 18  2  0  0  0
935  0  66112 68500772 2420996 72933268    0    0  1200 408476 201914 1236340 81 18  0  0  0  0
1041  0  66112 68498556 2420996 72933280    0    0  3616 531324 207005 1232780 81 19  1  0  0  0
procs -----------memory---------- ---swap-- -----io---- -system-- -------cpu-------
 r  b   swpd   free   buff  cache   si   so    bi    bo   in   cs us sy id wa st gu
946  0  66112 68492016 2420996 72933292    0    0  1808 504272 211422 1248388 81 19  1  0  0  0
181  2  66112 68492240 2420996 72933312    0    0   592 635248 239075 1460166 80 19  1  0  0  0
1034  1  66112 68505804 2420996 72933320    0    0   240 433992 200360 1189111 81 18  0  0  0  0
697  0  66112 68501096 2420996 72933340    0    0  1376 711344 211765 1309108 81 19  1  0  0  0
621  0  66112 68497548 2420996 72933352    0    0  1120 631760 232455 1326793 77 18  5  0  0  0
890  0  66112 68500700 2420996 72933364    0    0  3168 231436 195620 1176154 81 18  1  0  0  0
693  0  66112 68508748 2420996 72933384    0    0  1104 471864 197663 1216551 81 19  0  0  0  0
1043  0  66112 68504344 2420996 72933396    0    0   896 640348 214490 1210936 81 18  0  0  0  0
1204  0  66112 68499140 2421000 72933412    0    0  2784 449112 205266 1201213 81 18  0  0  0  0
616  2  66112 68511304 2421000 72933428    0    0  2176 546488 238802 1320418 81 19  1  0  0  0
1278  0  66112 68512796 2421000 72933440    0    0  2096 470140 206124 1212213 81 19  0  0  0  0
1019  0  66112 68513972 2421000 72933448    0    0  1408 520780 215951 1193894 82 18  0  0  0  0
703  0  66112 68505504 2421000 72933460    0    0  1216 614112 204876 1261772 80 19  1  0  0  0
591  0  66112 68506984 2421000 72933480    0    0  1792 295260 191633 1243970 81 18  1  0  0  0
821  0  66112 68502456 2421000 72933496    0    0  2160 471368 211457 1327453 81 19  1  0  0  0
494  0  66112 68497188 2421000 72933508    0    0   928 568900 219114 1209981 81 18  0  0  0  0
1000  0  66112 68491752 2421000 72933516    0    0  2352 459644 204438 1210246 81 18  1  0  0  0
660  0  66112 68495024 2421000 72933528    0    0  1312 497116 217520 1217292 81 19  0  0  0  0
733  0  66112 68496872 2421000 72933540    0    0  1248 518780 213116 1224569 81 18  0  0  0  0
1035  0  66112 68493076 2421000 72933556    0    0  2176 514704 207786 1211314 81 19  1  0  0  0
1318  0  66112 68493896 2421000 72933568    0    0  2528 537380 219797 1379337 76 18  5  0  0  0
procs -----------memory---------- ---swap-- -----io---- -system-- -------cpu-------
 r  b   swpd   free   buff  cache   si   so    bi    bo   in   cs us sy id wa st gu
1124  0  66112 68484528 2421000 72933580    0    0  1232 499000 204389 1191077 81 18  1  0  0  0
990  0  66112 68491072 2421000 72933592    0    0  1520 528572 203085 1198071 81 19  0  0  0  0
1183  0  66112 68497112 2421000 72933604    0    0  3616 508356 214920 1348013 80 19  1  0  0  0
1229  0  66112 68498240 2421000 72933620    0    0  1056 515480 212193 1235727 81 18  0  0  0  0
683  0  66112 68495408 2421000 72933632    0    0  3632 512400 215357 1224242 81 18  1  0  0  0
1139  0  66112 68494996 2421000 72933640    0    0  3456 521140 210542 1212317 81 18  1  0  0  0
1124  0  66112 68493028 2421000 72933648    0    0  1600 515404 202382 1199648 81 18  0  0  0  0
1228  0  66112 68497972 2421000 72933660    0    0  1792 514748 209817 1236801 81 19  1  0  0  0
670  0  66112 68494256 2421000 72933676    0    0  1328 513192 209954 1209100 81 19  1  0  0  0
1249  0  66112 68490928 2421000 72933756    0    0  1968 514480 207157 1196647 81 19  0  0  0  0
350  1  66112 68486464 2421000 72933772    0    0  1424 554572 219372 1311220 81 19  1  0  0  0
861  0  66112 68474952 2421000 72933784    0    0  2080 466040 218997 1261419 80 19  0  0  0  0
785  0  66112 68469524 2421000 72933796    0    0   880 511048 205147 1188996 81 18  0  0  0  0
624  0  66112 68464116 2421000 72933812    0    0  2576 533372 215484 1307010 80 19  1  0  0  0
1040  0  66112 68448920 2421000 72933824    0    0  1920 493816 212017 1211561 81 19  0  0  0  0
515  0  66112 68458944 2421000 72933836    0    0  2528 544900 217407 1365700 79 19  1  0  0  0
638  0  66112 68453408 2421000 72933844    0    0  1728 492164 216711 1210674 80 19  1  0  0  0
954  0  66112 68445872 2421000 72933856    0    0  2224 515080 213931 1199012 81 18  0  0  0  0
1094  0  66112 68445616 2421000 72933872    0    0  1168 498392 213914 1232136 81 19  0  0  0  0
1023  0  66112 68455372 2421000 72933888    0    0  2048 512696 202639 1218663 81 19  1  0  0  0
785  0  66112 68446012 2421000 72933904    0    0  2224 520092 226624 1334797 80 19  1  0  0  0
procs -----------memory---------- ---swap-- -----io---- -system-- -------cpu-------
 r  b   swpd   free   buff  cache   si   so    bi    bo   in   cs us sy id wa st gu
1073  0  66112 68434188 2421000 72933920    0    0  2768 501896 215356 1179395 80 19  1  0  0  0
1261  0  66112 68436792 2421000 72933940    0    0  4144 510808 216987 1230601 80 19  1  0  0  0
865  0  66112 68433384 2421000 72933952    0    0  1872 492640 206365 1205471 81 19  1  0  0  0
543  0  66112 68432148 2421000 72933968    0    0  3328 535168 224756 1385391 80 19  1  0  0  0
343  0  66112 68432088 2421000 72933992    0    0   784 519628 219102 1371445 81 19  1  0  0  0
1105  0  66112 68427332 2421000 72933996    0    0   864 510116 218346 1290442 81 19  0  0  0  0
903  0  66112 68432572 2421000 72934012    0    0  1408 508252 221939 1196882 81 19  0  0  0  0
740  0  66112 68431580 2421000 72934032    0    0  1632 525972 209121 1205956 81 19  0  0  0  0
745  0  66112 68427232 2421000 72934032    0    0  2352 519252 215889 1259395 81 19  0  0  0  0
994  0  66112 68424552 2421000 72934040    0    0  1632 513276 215408 1271323 81 19  0  0  0  0
1150  0  66112 68423928 2421000 72934060    0    0  1648 509332 207301 1233830 80 19  1  0  0  0
960  0  66112 68425704 2421000 72934080    0    0  1136 492628 201923 1175763 81 18  0  0  0  0
1016  0  66112 68431148 2421000 72934088    0    0     0 519792 207702 1235704 81 19  0  0  0  0
750  0  66112 68420540 2421000 72934100    0    0  2064 528420 219032 1210443 81 19  1  0  0  0
1097  0  66112 68413048 2421000 72934116    0    0  1072 508456 204974 1222815 81 18  0  0  0  0
1029  0  66112 68412280 2421000 72934124    0    0  2960 489596 205099 1228998 81 19  1  0  0  0
1306  0  66112 68415692 2421000 72934140    0    0  2384 515476 202855 1234602 81 18  1  0  0  0
1066  0  66112 68411432 2421000 72934156    0    0  2432 514784 210406 1334834 81 19  1  0  0  0
826  0  66112 68414624 2421000 72934176    0    0  2400 520920 218296 1212820 80 19  1  0  0  0
857  0  66112 68418124 2421000 72934180    0    0  1680 493612 201989 1213648 81 19  1  0  0  0
688  0  66112 68426900 2421000 72934196    0    0  1408 518064 211442 1178933 81 18  0  0  0  0
procs -----------memory---------- ---swap-- -----io---- -system-- -------cpu-------
 r  b   swpd   free   buff  cache   si   so    bi    bo   in   cs us sy id wa st gu
1209  0  66112 68416588 2421000 72934204    0    0  1968 515128 208525 1259757 81 19  1  0  0  0
437  0  66112 68426160 2421000 72934232    0    0  3232 534100 233140 1437091 80 19  1  0  0  0
245  0  66112 68424152 2421000 72934244    0    0  2016 511436 198383 1197880 80 19  1  0  0  0
1050  0  66112 68420428 2421000 72934248    0    0  1936 486512 204922 1275951 81 19  1  0  0  0
1317  0  66112 68420216 2421000 72934268    0    0  3872 487348 209446 1207501 80 19  1  0  0  0
1252  0  66112 68431800 2421000 72934284    0    0  2208 561524 213613 1396508 81 19  0  0  0  0
1216  0  66112 68434644 2421000 72934300    0    0  1216 431212 210587 1209443 81 18  0  0  0  0
1220  0  66112 68436208 2421000 72934312    0    0   592 475768 205023 1213542 81 19  1  0  0  0
604  0  66112 68436056 2421000 72934316    0    0  1664 634696 204975 1262065 81 19  1  0  0  0
716  0  66112 68428184 2421000 72934332    0    0  2080 415804 221931 1199142 81 18  0  0  0  0
505  2  66112 68439728 2421000 72934348    0    0  1152 576508 204411 1200482 81 19  1  0  0  0
696  0  66112 68447496 2421000 72934356    0    0   928 514728 227111 1232436 81 19  0  0  0  0
756  0  66112 68445416 2421000 72934384    0    0  4144 555180 261867 1433481 80 19  1  0  0  0
1106  0  66112 68446796 2421000 72934384    0    0  1088 477280 219070 1257058 81 19  0  0  0  0
695  0  66112 68443408 2421000 72934396    0    0  1200 416708 224471 1228767 81 18  0  0  0  0
1289  0  66112 68433768 2421000 72934412    0    0  1616 614452 240794 1223936 81 19  0  0  0  0
1084  0  66112 68435364 2421000 72934424    0    0  1248 433932 218822 1214878 81 19  0  0  0  0
443  0  66112 68436708 2421000 72934444    0    0  1952 581828 228638 1283110 81 19  1  0  0  0
258 16  66112 68439844 2421000 72934456    0    0  3264 425620 228767 1253517 81 19  1  0  0  0
925  0  66112 68442160 2421000 72934468    0    0  2160 505004 209316 1186411 81 19  0  0  0  0
1097  0  66112 68439736 2421000 72934484    0    0  1280 563036 217222 1192398 81 19  0  0  0  0
procs -----------memory---------- ---swap-- -----io---- -system-- -------cpu-------
 r  b   swpd   free   buff  cache   si   so    bi    bo   in   cs us sy id wa st gu
1238  0  66112 68433364 2421000 72934500    0    0  1920 548420 219985 1215511 81 19  0  0  0  0
671  0  66112 68442148 2421000 72934516    0    0  2288 559096 232319 1311617 76 18  5  0  0  0
561  0  66112 68434848 2421000 72934536    0    0  1872 441652 193897 1223867 81 18  1  0  0  0
803  0  66112 68436472 2421000 72934540    0    0  1616 523120 203072 1228550 81 19  1  0  0  0
1221  0  66112 68438712 2421000 72934548    0    0   784 536112 223070 1228975 81 18  1  0  0  0
382  0  66112 68436100 2421000 72934620    0    0  2528 460272 192783 1198256 81 18  1  0  0  0
977  0  66112 68441000 2421000 72934632    0    0  3200 610308 217334 1240608 81 19  1  0  0  0
302  0  66112 68442960 2421000 72934644    0    0  1872 496548 192304 1190721 81 18  1  0  0  0
1104  0  66112 68438188 2421000 72934672    0    0  4304 542164 225643 1425598 80 19  1  0  0  0
652  0  66112 68431948 2421000 72934688    0    0  1872 422696 202949 1232855 81 19  1  0  0  0
1275  0  66112 68429924 2421000 72934704    0    0  2320 572084 210129 1221050 81 19  1  0  0  0
222  0  66112 68433144 2421000 72934720    0    0  2816 569868 201666 1240210 81 19  1  0  0  0
1209  0  66112 68429772 2421000 72934736    0    0  1920 370888 214714 1289708 81 19  1  0  0  0
671  0  66112 68430800 2421000 72934748    0    0  2848 658280 235262 1317000 81 19  1  0  0  0
916  0  66112 68428816 2421000 72934764    0    0  1872 439220 202784 1204349 81 19  1  0  0  0
416  0  66112 68438472 2421000 72934788    0    0  1744 598736 202977 1306304 81 19  1  0  0  0
454  0  66112 68439672 2421000 72934804    0    0  2352 324496 201751 1196709 81 18  0  0  0  0
1168  0  66112 68437860 2421000 72934820    0    0  2016 474276 210910 1188237 81 19  1  0  0  0
622  0  66112 68456648 2421000 72934828    0    0  2368 716872 223751 1381132 79 19  2  0  0  0
646  0  66112 68456244 2421000 72934844    0    0  1296 385808 217923 1220512 81 19  0  0  0  0
928  0  66112 68465572 2421000 72934856    0    0  1712 527588 207338 1199106 81 19  1  0  0  0
procs -----------memory---------- ---swap-- -----io---- -system-- -------cpu-------
 r  b   swpd   free   buff  cache   si   so    bi    bo   in   cs us sy id wa st gu
108  3  66112 68459840 2421000 72934872    0    0   944 620516 204062 1224578 81 18  1  0  0  0
1176  0  66112 68458052 2421000 72934884    0    0  2912 426308 213459 1306515 81 19  1  0  0  0
982  0  66112 68452288 2421000 72934892    0    0  1952 487088 197499 1169798 81 19  1  0  0  0
1215  0  66112 68449940 2421000 72934904    0    0  1952 469944 201400 1192626 81 18  0  0  0  0
924  0  66112 68456332 2421000 72934920    0    0  2096 615780 213840 1363370 80 18  2  0  0  0
1206  0  66112 68456872 2421000 72934932    0    0   992 441928 215176 1301178 81 19  0  0  0  0
974  0  66112 68448700 2421000 72935072    0    0  1936 524624 203200 1222355 81 19  1  0  0  0
626  1  66112 68448188 2421000 72935084    0    0  1904 482536 208608 1169720 81 18  1  0  0  0
661  0  66112 68445824 2421000 72935096    0    0  1536 521956 203936 1213052 81 18  1  0  0  0
1084  2  66112 68451964 2421000 72935104    0    0  1808 497060 207328 1207733 81 19  0  0  0  0
1095  0  66112 68443332 2421000 72935116    0    0  2032 491956 223272 1206037 81 19  1  0  0  0
642  0  66112 68451976 2421000 72935156    0    0  4768 760264 240822 1445851 80 19  1  0  0  0
719  0  66112 68444048 2421000 72935168    0    0  1088 343132 210443 1248348 80 19  1  0  0  0
1243  0  66112 68446760 2421000 72935180    0    0  2256 530960 230715 1237321 81 19  1  0  0  0
1088  0  66112 68451056 2421000 72935188    0    0   880 457004 208646 1209564 82 18  0  0  0  0
852  0  66112 68453496 2421000 72935200    0    0  1760 614480 208839 1221873 81 19  1  0  0  0
988  0  66112 68450312 2421000 72935216    0    0  3824 419048 192313 1222131 81 18  1  0  0  0
991  0  66112 68465352 2421000 72935228    0    0  2848 467464 230085 1346679 80 19  1  0  0  0
1273  0  66112 68461532 2421000 72935236    0    0  1344 498984 211999 1182181 81 18  0  0  0  0
1028  0  66112 68456836 2421000 72935248    0    0  3840 462476 201357 1185842 81 19  1  0  0  0
751  1  66112 68454876 2421000 72935256    0    0  2592 518064 211319 1263264 79 19  2  0  0  0
procs -----------memory---------- ---swap-- -----io---- -system-- -------cpu-------
 r  b   swpd   free   buff  cache   si   so    bi    bo   in   cs us sy id wa st gu
903  0  66112 68466044 2421000 72935272    0    0  1696 503480 209210 1216362 80 19  1  0  0  0
437  0  66112 68469992 2421000 72935288    0    0  2640 784640 231612 1350248 78 19  3  0  0  0
931  1  66112 68461936 2421000 72935312    0    0  2016 247104 199897 1238886 81 19  0  0  0  0
705  0  66112 68456688 2421000 72935320    0    0  1328 532888 207543 1223962 81 19  0  0  0  0
699  1  66112 68453084 2421000 72935332    0    0  1232 566468 218410 1218228 81 19  0  0  0  0
717  0  66112 68440484 2421000 72935352    0    0  2976 499324 223406 1342674 80 19  1  0  0  0
1163  0  66112 68433476 2421000 72935368    0    0  2400 478892 212308 1199502 81 19  1  0  0  0
981  0  66112 68428144 2421000 72935384    0    0  2208 549364 215202 1241398 80 19  1  0  0  0
562  0  66112 68421056 2421000 72935392    0    0   880 601240 208652 1336410 81 19  0  0  0  0
166  4  66112 68411872 2421000 72935404    0    0  1376 461572 206471 1224154 81 19  1  0  0  0
1061  0  66112 68414536 2421000 72935416    0    0   768 460284 217986 1241003 81 19  0  0  0  0
1114  0  66112 68416788 2421000 72935432    0    0  1760 578408 234779 1357536 78 19  3  0  0  0
1089  0  66112 68404656 2421000 72935448    0    0  2144 437276 199078 1182418 81 18  1  0  0  0
1109  0  66112 68395464 2421000 72935464    0    0  1408 482464 207837 1202437 81 19  0  0  0  0
1156  0  66112 68395964 2421000 72935472    0    0  1552 464128 204367 1204412 81 19  0  0  0  0
593  0  66112 68395580 2421000 72935484    0    0  2432 558532 211136 1261065 81 19  0  0  0  0
1064  0  66112 68384012 2421000 72935500    0    0  1792 490164 214860 1239192 81 19  0  0  0  0
720  0  66112 68381724 2421000 72935508    0    0  2224 514564 212267 1230363 80 18  1  0  0  0
943  0  66112 68386900 2421000 72935524    0    0  2320 558408 225090 1373867 79 19  2  0  0  0
1219  0  66112 68408584 2421000 72935540    0    0  3776 480624 224490 1377661 79 19  2  0  0  0
807  0  66112 68410800 2421000 72935548    0    0  1728 483340 204342 1226236 81 19  0  0  0  0
procs -----------memory---------- ---swap-- -----io---- -system-- -------cpu-------
 r  b   swpd   free   buff  cache   si   so    bi    bo   in   cs us sy id wa st gu
1241  0  66112 68414676 2421000 72935564    0    0  1760 528884 208622 1232077 80 19  1  0  0  0
804  0  66112 68407856 2421000 72935576    0    0  2032 503280 203360 1202759 81 19  1  0  0  0
658  0  66112 68400612 2421000 72935680    0    0  1872 542528 211413 1351072 80 19  1  0  0  0
671  0  66112 68396304 2421000 72935688    0    0  1792 501404 196566 1209128 81 18  0  0  0  0
1193  0  66112 68396268 2421000 72935696    0    0  2768 511704 203746 1243018 81 18  1  0  0  0
558  0  66112 68390864 2421000 72935716    0    0   896 526456 206472 1216343 81 19  0  0  0  0
245  0  66112 68396952 2421000 72935724    0    0  1328 558800 198536 1191523 81 18  0  0  0  0
664  0  66112 68395904 2421000 72935736    0    0  2656 445044 213676 1311398 81 19  0  0  0  0
1279  0  66112 68407240 2421000 72935748    0    0  1024 514844 213662 1268139 80 19  1  0  0  0
779  0  66112 68419968 2421000 72935764    0    0  2416 513152 219053 1231223 81 19  0  0  0  0
877  0  66112 68420020 2421000 72935780    0    0  1968 513928 212226 1208590 81 19  1  0  0  0
1329  0  66112 68408552 2421000 72935792    0    0  2192 515156 206804 1229342 81 19  1  0  0  0
619  0  66112 68410388 2421000 72935812    0    0  1920 473696 200282 1167972 80 19  1  0  0  0
1235  0  66112 68414348 2421000 72935824    0    0  2112 541088 229824 1313181 80 19  1  0  0  0
1215  0  66112 68428152 2421000 72935844    0    0  2624 530712 214798 1186228 80 19  1  0  0  0
647  0  66112 68428588 2421000 72935856    0    0  2784 521104 219118 1209138 81 19  1  0  0  0
1318  0  66112 68432088 2421000 72935872    0    0  2016 521464 217413 1360440 80 19  1  0  0  0
630  0  66112 68430840 2421000 72935888    0    0  2256 479260 203422 1198496 81 19  1  0  0  0
1328  0  66112 68424812 2421000 72935900    0    0  2176 492576 204371 1182552 81 19  1  0  0  0
149  0  66112 68441656 2421000 72935920    0    0  2304 590416 227318 1463866 79 19  2  0  0  0
855  0  66112 68431200 2421000 72935932    0    0  1344 379252 191385 1225793 81 19  0  0  0  0
procs -----------memory---------- ---swap-- -----io---- -system-- -------cpu-------
 r  b   swpd   free   buff  cache   si   so    bi    bo   in   cs us sy id wa st gu
1139  0  66112 68434240 2421000 72935944    0    0   864 622200 206895 1254395 81 19  0  0  0  0
1028  0  66112 68421972 2421000 72935956    0    0  2032 528524 218368 1243459 81 18  1  0  0  0
844  0  66112 68424364 2421000 72935976    0    0   976 506744 206238 1187340 81 18  0  0  0  0
916  0  66112 68416596 2421000 72935984    0    0  1072 510104 208294 1228673 81 19  0  0  0  0
1227  0  66112 68418348 2421000 72935996    0    0  1968 499696 217009 1199382 81 19  1  0  0  0
551  0  66112 68417412 2421000 72936016    0    0  1936 489168 206171 1164020 81 19  1  0  0  0
786  0  66112 68417296 2421000 72936024    0    0  3040 585688 210249 1227557 81 18  1  0  0  0
353  0  66112 68419296 2421000 72936032    0    0  1232 524400 206206 1195707 81 19  1  0  0  0
973  0  66112 68416580 2421000 72936048    0    0  1120 489404 209541 1316846 80 19  1  0  0  0
908  0  66112 68426872 2421000 72936060    0    0  2544 519972 204724 1256470 76 18  5  0  0  0
232  0  66112 68421820 2421000 72936080    0    0  2864 495088 197670 1196730 81 19  1  0  0  0
145  0  66112 68428252 2421000 72936092    0    0  1632 534060 212407 1261903 80 19  1  0  0  0
1084  0  66112 68422688 2421000 72936104    0    0  1744 515992 214062 1265519 81 19  1  0  0  0
866  1  66112 68422740 2421000 72936112    0    0  2192 483768 200129 1199921 82 18  0  0  0  0
1308  0  66112 68417268 2421000 72936120    0    0  2672 516020 204973 1195998 81 18  1  0  0  0
1149  0  66112 68422864 2421000 72936140    0    0  1808 514824 197564 1190258 81 19  0  0  0  0
1142  0  66112 68429872 2421000 72936140    0    0  1232 540708 210898 1228349 81 19  1  0  0  0
1156  0  66112 68438168 2421000 72936164    0    0  1824 479724 207695 1202195 80 19  1  0  0  0
537  1  66112 68435168 2421000 72936176    0    0  3344 575224 233494 1350380 81 19  0  0  0  0
973  0  66112 68437964 2421000 72936188    0    0  2448 498184 202149 1219248 80 19  1  0  0  0
458  0  66112 68429388 2421000 72936216    0    0  2576 466072 196562 1166746 81 19  1  0  0  0
procs -----------memory---------- ---swap-- -----io---- -system-- -------cpu-------
 r  b   swpd   free   buff  cache   si   so    bi    bo   in   cs us sy id wa st gu
556  0  66112 68432420 2421000 72936232    0    0  1440 547600 213407 1240865 81 19  1  0  0  0
685  0  66112 68436560 2421000 72936240    0    0  2928 530228 209345 1207016 81 19  0  0  0  0
237  0  66112 68439652 2421000 72936260    0    0  1296 534384 216184 1337543 79 19  3  0  0  0
721  0  66112 68442832 2421000 72936268    0    0   672 497656 213850 1225420 81 19  0  0  0  0
809  0  66112 68436556 2421000 72936280    0    0  1904 476468 208611 1166941 81 18  1  0  0  0
863  0  66112 68436180 2421000 72936296    0    0  1744 575776 208616 1357468 81 19  1  0  0  0
969  0  66112 68436260 2421000 72936304    0    0  1744 494424 204224 1200673 81 18  1  0  0  0
1183  0  66112 68435172 2421000 72936320    0    0  1920 475776 210397 1204728 81 19  1  0  0  0
404  0  66112 68432932 2421000 72936332    0    0  1968 559592 208444 1227869 81 19  1  0  0  0
799  0  66112 68439728 2421000 72936344    0    0  1952 531456 217068 1367709 80 19  1  0  0  0
188  0  66112 68439136 2421000 72936364    0    0  1456 539312 213410 1422478 80 19  1  0  0  0
1336  0  66112 68431624 2421000 72936368    0    0  1440 489556 212282 1265729 80 19  1  0  0  0
1129  0  66112 68441516 2421000 72936392    0    0  2016 532260 211098 1341626 79 19  2  0  0  0
491  0  66112 68439828 2421000 72936400    0    0   544 511956 194356 1183673 81 18  0  0  0  0
1041  0  66112 68433320 2421000 72936408    0    0   912 496648 206864 1194683 81 18  1  0  0  0
617  0  66112 68421296 2421000 72936424    0    0  2176 488276 207229 1232457 81 19  0  0  0  0
269  0  66112 68441040 2421000 72936452    0    0  1856 431952 353411 1174244 81 19  0  0  0  0
