procs -----------memory---------- ---swap-- -----io---- -system-- -------cpu-------
 r  b   swpd   free   buff  cache   si   so    bi    bo   in   cs us sy id wa st gu
 7  0  66112 74401128 2435652 73904592    0    1 29162 29421 7469    5  3  1 96  0  0  0
41  1  66112 73243456 2435652 73904680    0    0 27456 322796 435564 509306 11 19 69  0  0  0
43  2  66112 70326264 2435652 73904724    0    0 23040 326688 643245 810774 28 46 25  0  0  0
171  0  66112 68827400 2435652 73904740    0    0 18656 340952 435636 962296 56 34 10  0  0  0
453  0  66112 68428028 2435652 73904808    0    0  5952 387460 418524 1107196 81 19  1  0  0  0
418  0  66112 68122804 2435652 73904832    0    0  2992 563340 376498 1203195 79 20  1  0  0  0
274  0  66112 67820536 2435652 73904856    0    0  3728 528488 375377 1240919 78 21  1  0  0  0
409  0  66112 67607696 2435652 73904880    0    0  3888 527984 389886 1267975 79 21  1  0  0  0
233  0  66112 67393400 2435652 73904900    0    0  5184 528652 370168 1265507 79 20  1  0  0  0
431  0  66112 67231360 2435652 73904912    0    0  3984 531432 332221 1263386 79 20  1  0  0  0
430  0  66112 67101284 2435652 73904924    0    0  4336 526476 351749 1288908 79 20  1  0  0  0
204  1  66112 67075896 2435652 73904944    0    0  3696 509880 384654 1272476 78 20  2  0  0  0
253  0  66112 66980072 2435652 73904960    0    0  3456 460236 393829 1262428 79 20  1  0  0  0
207  0  66112 66910800 2435652 73904976    0    0  3600 458784 341332 1282536 78 20  2  0  0  0
284  1  66112 66865784 2435652 73904988    0    0  2976 455508 343613 1297381 79 20  1  0  0  0
525  0  66112 66857024 2435652 73905032    0    0  3648 454100 353848 1300681 79 20  1  0  0  0
517  0  66112 66874740 2435652 73905052    0    0  3424 464160 337776 1267362 79 20  1  0  0  0
285  0  66112 66838072 2435652 73905068    0    0  4976 461816 341792 1305954 79 20  1  0  0  0
141  0  66112 66808032 2435652 73905080    0    0  3184 461780 338360 1313374 80 19  1  0  0  0
402  0  66112 66824708 2435652 73905088    0    0  6624 464592 313309 1288776 76 20  4  0  0  0
384  0  66112 66818292 2435652 73905168    0    0  4464 457984 329620 1283493 78 20  1  0  0  0
procs -----------memory---------- ---swap-- -----io---- -system-- -------cpu-------
 r  b   swpd   free   buff  cache   si   so    bi    bo   in   cs us sy id wa st gu
333  0  66112 66817688 2435652 73905184    0    0  3616 458824 322929 1268750 78 20  1  0  0  0
359  0  66112 66795560 2435652 73905200    0    0  3760 459004 327764 1268207 79 20  1  0  0  0
407  0  66112 66783496 2435652 73905216    0    0  4032 462740 330329 1273818 79 20  1  0  0  0
333  0  66112 66705420 2435652 73905228    0    0  3600 461664 319130 1251182 78 20  2  0  0  0
420  0  66112 66718676 2435652 73905240    0    0  4000 464824 313329 1254405 78 20  1  0  0  0
422  0  66112 66718320 2435652 73905256    0    0  3984 444540 317274 1250628 79 20  1  0  0  0
308  0  66112 66729036 2435652 73905276    0    0  3840 461636 328079 1263036 79 21  1  0  0  0
481  0  66112 66714960 2435652 73905288    0    0  2304 458364 320049 1271160 78 20  1  0  0  0
367  0  66112 66710340 2435652 73905300    0    0  5440 462948 312146 1248908 78 20  2  0  0  0
352  0  66112 66690688 2435652 73905320    0    0  3104 465644 322298 1270370 78 20  1  0  0  0
448  0  66112 66715720 2435652 73905344    0    0  3792 461264 309733 1238258 78 20  2  0  0  0
576  0  66112 66712484 2435652 73905364    0    0  3568 462972 322512 1256684 78 20  1  0  0  0
208  0  66112 66679180 2435652 73905376    0    0  3824 459140 321725 1256914 78 20  1  0  0  0
419  0  66112 66679236 2435652 73905392    0    0  4544 462208 317192 1232962 78 20  1  0  0  0
541  0  66112 66699460 2435652 73905408    0    0  4304 462084 311409 1230868 78 20  2  0  0  0
408  0  66112 66697856 2435652 73905424    0    0  3632 461180 327102 1242358 79 20  1  0  0  0
488  0  66112 66690460 2435652 73905436    0    0  2064 466948 331734 1256134 78 20  2  0  0  0
461  0  66112 66675396 2435652 73905452    0    0  4304 460512 343494 1251026 79 20  1  0  0  0
207  1  66112 66652680 2435652 73905460    0    0  8208 452556 304516 1268126 77 20  4  0  0  0
336  0  66112 66694632 2435652 73905476    0    0  4208 464588 330830 1261401 79 20  1  0  0  0
346  0  66112 66687280 2435652 73905492    0    0  3776 463560 323821 1256815 79 20  1  0  0  0
procs -----------memory---------- ---swap-- -----io---- -system-- -------cpu-------
 r  b   swpd   free   buff  cache   si   so    bi    bo   in   cs us sy id wa st gu
409  1  66112 66672220 2435652 73905512    0    0  4176 473816 317982 1239901 78 20  2  0  0  0
494  0  66112 66684624 2435652 73905524    0    0  4176 468176 317885 1257418 78 20  1  0  0  0
398  0  66112 66692720 2435652 73905540    0    0  3392 471724 316687 1261160 78 20  2  0  0  0
423  0  66112 66705872 2435656 73905548    0    0  3952 473180 316372 1256141 79 20  1  0  0  0
407  0  66112 66662264 2435656 73905564    0    0  2832 469204 325802 1247197 79 20  1  0  0  0
287  0  66112 66667164 2435656 73905584    0    0  4144 469620 319146 1253238 78 20  2  0  0  0
301  0  66112 66685140 2435656 73905600    0    0  3456 468296 330231 1274464 78 20  1  0  0  0
376  0  66112 66685428 2435656 73905612    0    0  4416 474532 315515 1224651 79 20  1  0  0  0
334  0  66112 66668812 2435656 73905628    0    0  3568 476400 313032 1232388 78 20  1  0  0  0
422  0  66112 66686408 2435656 73905644    0    0  3200 456248 326769 1266651 78 20  1  0  0  0
214  0  66112 66686492 2435656 73905660    0    0  4176 476796 309382 1228433 78 20  2  0  0  0
358  0  66112 66667644 2435656 73905680    0    0  2128 471388 324487 1253258 79 20  1  0  0  0
699  0  66112 66659020 2435656 73905756    0    0  4752 471128 324178 1265740 78 21  1  0  0  0
520  0  66112 66671188 2435656 73905772    0    0  2000 475420 317734 1243700 78 20  1  0  0  0
319  0  66112 66673116 2435656 73905784    0    0  3440 476520 318861 1258591 78 20  1  0  0  0
280  1  66112 66675488 2435656 73905804    0    0  3712 471004 325329 1250184 79 20  1  0  0  0
183  0  66112 66659660 2435656 73905816    0    0  5264 471512 326659 1236535 78 20  1  0  0  0
446  0  66112 66648976 2435656 73905832    0    0  3712 466652 328247 1268826 78 20  1  0  0  0
183  0  66112 66628956 2435656 73905844    0    0  8672 481512 291434 1259621 78 19  3  0  0  0
375  0  66112 66630580 2435656 73905856    0    0  4768 476640 317016 1248021 77 20  3  0  0  0
391  0  66112 66680424 2435656 73905872    0    0  3680 472696 329342 1289143 78 20  1  0  0  0
procs -----------memory---------- ---swap-- -----io---- -system-- -------cpu-------
 r  b   swpd   free   buff  cache   si   so    bi    bo   in   cs us sy id wa st gu
380  1  66112 66671380 2435656 73905892    0    0  3104 457124 318425 1260289 78 20  1  0  0  0
305  0  66112 66657172 2435656 73905904    0    0  4144 472548 319818 1247829 78 20  2  0  0  0
563  0  66112 66646908 2435656 73905920    0    0  3680 471420 327025 1266619 78 20  1  0  0  0
501  0  66112 66660696 2435656 73905932    0    0  4416 475616 312631 1230599 79 20  1  0  0  0
659  0  66112 66670048 2435656 73905948    0    0  4016 471084 323872 1248688 78 20  1  0  0  0
549  0  66112 66663548 2435656 73905964    0    0  3104 471800 322726 1251893 79 20  1  0  0  0
503  0  66112 66636756 2435656 73905980    0    0  3040 479300 321419 1250113 79 20  1  0  0  0
138  1  66112 66642816 2435656 73905996    0    0  3824 472400 315558 1246411 79 20  1  0  0  0
358  0  66112 66663720 2435656 73906008    0    0  4016 475856 316738 1232536 79 20  1  0  0  0
453  0  66112 66632744 2435656 73906020    0    0  3504 480536 325152 1230040 79 20  1  0  0  0
376  0  66112 66638676 2435656 73906036    0    0  2864 482104 323325 1256087 78 20  2  0  0  0
552  0  66112 66640904 2435656 73906052    0    0  4720 482228 340112 1229548 78 20  1  0  0  0
335  0  66112 66638808 2435656 73906064    0    0  2912 470004 488858 1246439 78 21  1  0  0  0
294  0  66112 66532456 2435656 73906076    0    0  4464 468180 878366 1182546 76 23  2  0  0  0
323  0  66112 66425024 2435656 73906088    0    0  3392 477000 1202420 1136173 73 26  1  0  0  0
441  0  66112 66470440 2435656 73906104    0    0  3056 480548 880473 1168552 73 25  1  0  0  0
460  0  66112 66495380 2435656 73906124    0    0  3552 484536 611517 1191407 75 24  1  0  0  0
462  0  66112 66560776 2435656 73906144    0    0  2992 487644 386333 1212573 76 23  1  0  0  0
422  0  66112 66609152 2435656 73906156    0    0  3104 481292 350883 1225158 77 21  1  0  0  0
444  0  66112 66632760 2435656 73906196    0    0  8512 494284 292360 1238454 77 20  3  0  0  0
164  0  66112 66676352 2435656 73906212    0    0  3872 481292 336879 1231018 78 21  1  0  0  0
procs -----------memory---------- ---swap-- -----io---- -system-- -------cpu-------
 r  b   swpd   free   buff  cache   si   so    bi    bo   in   cs us sy id wa st gu
294  1  66112 66633456 2435656 73906228    0    0  3984 470784 374067 1220699 77 22  1  0  0  0
348  0  66112 66644912 2435656 73906240    0    0  3952 484408 341945 1257504 77 21  1  0  0  0
445  0  66112 66624840 2435656 73906252    0    0  2512 483412 329242 1263890 78 21  1  0  0  0
326  0  66112 66618956 2435656 73906264    0    0  4032 483164 344407 1234625 77 21  1  0  0  0
331  0  66112 66645788 2435656 73906280    0    0  3936 520376 342500 1228238 77 21  1  0  0  0
389  1  66112 66632220 2435656 73906296    0    0  3040 453476 330809 1228692 78 21  1  0  0  0
327  0  66112 66623660 2435656 73906312    0    0  3520 499704 336383 1233309 78 21  1  0  0  0
428  0  66112 66653580 2435656 73906324    0    0  3600 466436 325566 1232294 78 21  1  0  0  0
307  0  66112 66622000 2435656 73906336    0    0  2224 518508 335694 1246613 78 21  1  0  0  0
346  0  66112 66621816 2435656 73906356    0    0  4704 477352 320631 1242864 78 21  1  0  0  0
330  0  66112 66642144 2435656 73906376    0    0  3680 456784 327367 1231126 78 20  1  0  0  0
444  1  66112 66648324 2435656 73906392    0    0  3680 463640 325714 1259453 79 20  1  0  0  0
256  0  66112 66610984 2435656 73906400    0    0  2000 492756 348512 1274434 78 21  1  0  0  0
478  0  66112 66637760 2435656 73906416    0    0  3520 482580 334925 1233438 78 21  1  0  0  0
381  0  66112 66628108 2435656 73906436    0    0  3424 501032 339916 1252057 78 21  1  0  0  0
397  1  66112 66607960 2435656 73906448    0    0  5088 494592 331894 1209147 78 21  1  0  0  0
463  0  66112 66599988 2435656 73906464    0    0  3360 570120 326342 1226949 78 20  2  0  0  0
246  1  66112 66629696 2435656 73906480    0    0  3040 504232 315214 1224548 79 20  1  0  0  0
386  0  66112 66622956 2435656 73906492    0    0  3568 538156 339632 1228811 78 21  1  0  0  0
328  0  66112 66623276 2435656 73906508    0    0  3200 507248 320938 1241154 78 20  2  0  0  0
250  1  66112 66622332 2435656 73906524    0    0  7504 547724 293345 1250977 77 20  3  0  0  0
procs -----------memory---------- ---swap-- -----io---- -system-- -------cpu-------
 r  b   swpd   free   buff  cache   si   so    bi    bo   in   cs us sy id wa st gu
466  0  66112 66610324 2435656 73906540    0    0  3520 521884 328379 1233958 78 21  1  0  0  0
556  0  66112 66616480 2435656 73906548    0    0  4096 505308 327929 1238700 78 21  1  0  0  0
352  0  66112 66606564 2435656 73906564    0    0  4304 514352 337131 1235546 78 21  1  0  0  0
388  1  66112 66605816 2435656 73906576    0    0  2480 507612 322598 1248262 78 21  1  0  0  0
367  0  66112 66618948 2435656 73906596    0    0  4720 525716 343517 1271372 78 21  1  0  0  0
246  0  66112 66623180 2435656 73906612    0    0  3824 519312 325685 1243543 78 20  1  0  0  0
302  0  66112 66626804 2435656 73906632    0    0  3696 528528 328795 1217560 78 21  1  0  0  0
341  3  66112 66584516 2435656 73906644    0    0  3440 507888 318851 1235659 78 20  1  0  0  0
362  0  66112 66599420 2435656 73906668    0    0  3408 555776 339694 1251230 78 21  1  0  0  0
540  1  66112 66601116 2435656 73906768    0    0  2992 494720 314522 1222414 78 20  2  0  0  0
382  0  66112 66613932 2435656 73906784    0    0  3456 515864 334060 1243564 78 21  1  0  0  0
474  0  66112 66623956 2435656 73906800    0    0  2864 553176 405516 1227204 78 21  1  0  0  0
409  0  66112 66620436 2435656 73906812    0    0  4128 559072 370315 1240195 78 20  1  0  0  0
573  0  66112 66609204 2435656 73906832    0    0  4112 430272 330291 1260092 78 20  1  0  0  0
241  0  66112 66625848 2435656 73906852    0    0  3600 516468 353089 1255064 78 21  1  0  0  0
518  1  66112 66623636 2435656 73906868    0    0  4896 605688 327668 1246635 77 21  2  0  0  0
357  0  66112 66584124 2435656 73906880    0    0  3392 472412 339239 1235570 78 21  1  0  0  0
444  0  66112 66599360 2435656 73906892    0    0  2208 495752 321253 1234224 78 21  1  0  0  0
318  1  66112 66599812 2435656 73906900    0    0  3952 514068 330540 1261582 79 20  1  0  0  0
570  0  66112 66610444 2435656 73906916    0    0  3488 512044 343561 1235783 78 21  1  0  0  0
319  0  66112 66603672 2435656 73906932    0    0  3264 540068 320523 1243315 79 20  1  0  0  0
procs -----------memory---------- ---swap-- -----io---- -system-- -------cpu-------
 r  b   swpd   free   buff  cache   si   so    bi    bo   in   cs us sy id wa st gu
566  1  66112 66600296 2435656 73906948    0    0  8656 521508 292036 1247000 78 19  3  0  0  0
368  0  66112 66610728 2435656 73906956    0    0  3568 497716 320757 1232713 78 20  1  0  0  0
250  0  66112 66618020 2435656 73906968    0    0  3776 498976 319401 1242449 78 20  2  0  0  0
408  0  66112 66597352 2435656 73906988    0    0  4688 555544 327613 1227036 78 21  1  0  0  0
494  0  66112 66595304 2435656 73907004    0    0  2368 471536 327687 1261081 78 21  1  0  0  0
347  0  66112 66609180 2435656 73907020    0    0  4512 493160 329801 1221799 75 20  5  0  0  0
428  0  66112 66588972 2435656 73907032    0    0  3232 555324 326701 1242549 78 21  2  0  0  0
319  0  66112 66596976 2435656 73907044    0    0  4160 478612 335989 1247511 78 21  1  0  0  0
297  0  66112 66569440 2435656 73907068    0    0  4768 519280 319535 1223382 79 20  1  0  0  0
402  1  66112 66603560 2435656 73907080    0    0  2880 504652 316017 1229781 78 20  1  0  0  0
471  3  66112 66607860 2435656 73907092    0    0  3104 528752 319295 1248417 78 20  1  0  0  0
458  1  66112 66583044 2435656 73907112    0    0  4400 472848 323560 1245615 78 20  1  0  0  0
341  0  66112 66585916 2435656 73907124    0    0  3440 537912 314944 1241969 78 21  2  0  0  0
361  1  66112 66615992 2435656 73907140    0    0  3936 504020 317999 1226183 78 21  1  0  0  0
394  0  66112 66590664 2435656 73907160    0    0  3680 546172 318449 1235493 78 20  1  0  0  0
342  0  66112 66592032 2435656 73907176    0    0  3328 537728 324795 1248965 78 20  2  0  0  0
344  1  66112 66586508 2435656 73907188    0    0  3712 453128 330385 1225752 79 20  1  0  0  0
414  0  66112 66598708 2435656 73907200    0    0  4736 498304 323955 1242094 79 20  1  0  0  0
455  0  66112 66584624 2435656 73907212    0    0  3232 555964 309866 1242698 78 20  2  0  0  0
448  0  66112 66596532 2435656 73907228    0    0  4560 492704 310643 1223573 78 20  2  0  0  0
425  1  66112 66585880 2435656 73907248    0    0  3776 506852 335002 1268875 79 20  1  0  0  0
procs -----------memory---------- ---swap-- -----io---- -system-- -------cpu-------
 r  b   swpd   free   buff  cache   si   so    bi    bo   in   cs us sy id wa st gu
401  1  66112 66581472 2435656 73907260    0    0  1472 505364 338160 1277956 79 20  1  0  0  0
305  0  66112 66580708 2435656 73907268    0    0  8464 474640 358988 1269595 77 20  3  0  0  0
438  0  66112 66590232 2435656 73907284    0    0  3408 515172 333948 1258252 78 20  1  0  0  0
282  0  66112 66582404 2435656 73907300    0    0  3584 531564 331693 1261591 79 21  1  0  0  0
489  0  66112 66570984 2435656 73907316    0    0  4288 517476 323986 1263850 78 20  1  0  0  0
427  1  66112 66568320 2435656 73907332    0    0  3440 510976 317824 1248329 78 20  2  0  0  0
154  0  66112 66576708 2435656 73907344    0    0  3184 535900 318817 1249034 78 20  1  0  0  0
452  1  66112 66574192 2435656 73907364    0    0  3520 389612 374984 1267750 78 21  1  0  0  0
310  0  66112 66558088 2435656 73907384    0    0  3824 585364 340052 1224169 78 20  1  0  0  0
450  2  66112 66561656 2435656 73907392    0    0  3552 476472 320881 1223663 78 21  1  0  0  0
208  5  66112 66586824 2435656 73907408    0    0  4560 507132 382531 1248074 78 21  1  0  0  0
290  0  66112 66569452 2435656 73907428    0    0  4528 488380 332912 1271948 78 20  1  0  0  0
413  2  66112 66567164 2435656 73907440    0    0  4128 515636 319460 1242914 77 21  2  0  0  0
246  0  66112 66565344 2435656 73907460    0    0  3616 547380 344490 1225169 78 21  1  0  0  0
174  1  66112 66570208 2435656 73907472    0    0  3680 575672 326649 1251638 78 20  2  0  0  0
376  0  66112 66553600 2435656 73907484    0    0  4000 454444 336689 1246125 79 20  1  0  0  0
532  0  66112 66545776 2435656 73907500    0    0  3376 411104 339199 1250359 78 20  1  0  0  0
256  1  66112 66557660 2435656 73907516    0    0  3136 578936 346769 1257124 78 21  1  0  0  0
526  2  66112 66555892 2435656 73907528    0    0  3776 416044 446475 1234738 78 21  2  0  0  0
470  0  66112 66554316 2435656 73907540    0    0  4736 479380 321738 1231438 76 20  3  0  0  0
287  4  66112 66570132 2435656 73907556    0    0  4272 636024 327973 1253004 78 21  1  0  0  0
procs -----------memory---------- ---swap-- -----io---- -system-- -------cpu-------
 r  b   swpd   free   buff  cache   si   so    bi    bo   in   cs us sy id wa st gu
454  0  66112 66574428 2435656 73907572    0    0  3072 432900 322030 1235772 79 20  1  0  0  0
122  3  66112 66574268 2435656 73907584    0    0  5232 615084 315067 1252635 78 20  2  0  0  0
300  1  66112 66570460 2435656 73907596    0    0  6720 524544 320541 1258832 77 20  3  0  0  0
504  0  66112 66562604 2435656 73907608    0    0  2512 381972 340282 1274798 79 21  1  0  0  0
418  1  66112 66545736 2435656 73907620    0    0  3312 498148 382800 1271499 79 21  1  0  0  0
328  0  66112 66565208 2435656 73907708    0    0  3744 515580 326082 1239323 78 21  1  0  0  0
439  0  66112 66552812 2435656 73907720    0    0  4208 457608 330618 1241177 78 21  1  0  0  0
569  0  66112 66552496 2435656 73907732    0    0  4304 491956 316619 1241752 78 20  1  0  0  0
441  0  66112 66545608 2435656 73907748    0    0  4528 481208 322958 1246071 78 20  1  0  0  0
348  0  66112 66565572 2435656 73907772    0    0  4064 498272 335434 1246015 78 21  1  0  0  0
490  1  66112 66554756 2435656 73907784    0    0  4832 666984 322637 1241047 78 20  2  0  0  0
556  2  66112 66588476 2435656 73907800    0    0  3648 394400 312181 1229791 78 20  2  0  0  0
371  0  66112 66564384 2435656 73907812    0    0  1024 490380 297817 1206456 78 20  2  0  0  0
434  0  66112 66561580 2435656 73907828    0    0  3264 582432 320190 1243878 79 20  1  0  0  0
402  1  66112 66552624 2435656 73907844    0    0  3648 447900 325185 1257164 79 20  1  0  0  0
476  1  66112 66567484 2435656 73907856    0    0  4560 536740 313618 1223767 78 20  1  0  0  0
194  0  66112 66570060 2435656 73907868    0    0  3072 438360 318125 1244104 79 20  1  0  0  0
428  0  66112 66570964 2435656 73907888    0    0  4256 464060 321115 1249727 78 20  1  0  0  0
252  1  66112 66547552 2435656 73907904    0    0  3504 613972 306154 1233402 78 20  2  0  0  0
261  2  66112 66566996 2435656 73907920    0    0  3856 493996 315805 1224988 79 20  1  0  0  0
475  0  66112 66573328 2435656 73907936    0    0  3392 406216 319180 1230875 79 20  1  0  0  0
procs -----------memory---------- ---swap-- -----io---- -system-- -------cpu-------
 r  b   swpd   free   buff  cache   si   so    bi    bo   in   cs us sy id wa st gu
409  0  66112 66575600 2435656 73907952    0    0  2336 468300 324167 1251964 79 20  1  0  0  0
330  1  66112 66543636 2435656 73907964    0    0  3952 562944 331351 1271784 79 20  1  0  0  0
137  2  66112 66531644 2435656 73907980    0    0  7648 716964 301299 1283263 75 19  6  0  0  0
423  2  66112 66538300 2435656 73907988    0    0  4528 370300 314895 1225199 79 20  1  0  0  0
443  0  66112 66550012 2435656 73908012    0    0  3424 497336 316826 1250534 79 20  1  0  0  0
410  0  66112 66548804 2435656 73908024    0    0  4112 412040 315320 1238030 78 20  1  0  0  0
359  1  66112 66561488 2435656 73908044    0    0  4624 569532 324421 1250073 78 20  2  0  0  0
263  0  66112 66555340 2435656 73908064    0    0  4544 363764 329538 1247725 79 20  1  0  0  0
596  0  66112 66535724 2435656 73908072    0    0  2944 597252 324268 1246523 78 20  1  0  0  0
315  0  66112 66542028 2435656 73908088    0    0  3200 419720 313706 1228869 78 20  1  0  0  0
596  0  66112 66551420 2435656 73908108    0    0  3280 567340 331013 1266619 79 20  1  0  0  0
487  0  66112 66555720 2435656 73908120    0    0  3952 497664 320475 1229803 79 20  1  0  0  0
463  0  66112 66539720 2435656 73908136    0    0  3520 426772 324992 1243001 78 20  1  0  0  0
516  0  66112 66529380 2435656 73908156    0    0  2976 571448 331299 1218625 79 20  1  0  0  0
435  2  66112 66557104 2435656 73908172    0    0  3328 520972 324187 1224876 79 20  1  0  0  0
485  1  66112 66565028 2435656 73908188    0    0  3968 514004 325689 1252803 78 20  1  0  0  0
571  0  66112 66545128 2435656 73908204    0    0  3808 533016 318165 1250905 78 21  1  0  0  0
347  2  66112 66538416 2435656 73908220    0    0  3168 500768 314963 1239626 79 20  1  0  0  0
436  0  66112 66568584 2435656 73908228    0    0  4320 448036 323294 1244286 79 20  1  0  0  0
314  0  66112 66564688 2435656 73908252    0    0  3200 478896 323237 1240402 79 20  1  0  0  0
441  0  66112 66534196 2435656 73908268    0    0  4048 531540 312283 1215428 78 20  1  0  0  0
procs -----------memory---------- ---swap-- -----io---- -system-- -------cpu-------
 r  b   swpd   free   buff  cache   si   so    bi    bo   in   cs us sy id wa st gu
146  2  66112 66529200 2435656 73908280    0    0  5312 507436 314135 1241171 78 20  1  0  0  0
338  3  66112 66546828 2435656 73908292    0    0  3472 501736 330297 1262851 78 21  1  0  0  0
408  3  66112 66549140 2435656 73908304    0    0  2992 496684 323739 1252044 79 20  1  0  0  0
328  0  66112 66533604 2435656 73908312    0    0  7792 648180 325068 1230199 74 19  7  0  0  0
460  0  66112 66538064 2435656 73908332    0    0  1456 317240 322963 1252460 78 21  1  0  0  0
236  0  66112 66553580 2435656 73908336    0    0  3936 506440 326989 1248993 78 20  1  0  0  0
490  0  66112 66549664 2435656 73908360    0    0  3872 434628 314453 1252321 78 20  2  0  0  0
445  3  66112 66547080 2435656 73908388    0    0  4320 480856 322179 1246619 78 20  1  0  0  0
468  0  66112 66525584 2435656 73908400    0    0  4176 509572 343059 1253217 79 20  1  0  0  0
552  0  66112 66553392 2435656 73908408    0    0  4304 590680 318274 1231441 78 20  1  0  0  0
567  4  66112 66549796 2435656 73908424    0    0  4112 509380 316183 1253368 78 20  1  0  0  0
492  0  66112 66542704 2435656 73908436    0    0  3744 513904 321479 1247558 78 20  1  0  0  0
485  1  66112 66543036 2435656 73908456    0    0  3584 407268 354304 1259085 78 20  1  0  0  0
480  0  66112 66552564 2435660 73908460    0    0  3952 519344 336850 1253710 78 21  1  0  0  0
284  1  66112 66545308 2435660 73908480    0    0  3616 533312 324984 1246228 78 20  1  0  0  0
707  0  66112 66520640 2435660 73908496    0    0  4288 423544 336698 1241553 78 20  1  0  0  0
671  0  66112 66541080 2435660 73908516    0    0  3920 537500 349883 1277953 78 21  1  0  0  0
536  1  66112 66555376 2435660 73908536    0    0  2768 562736 310350 1227049 78 20  2  0  0  0
498  1  66112 66558620 2435664 73908548    0    0  4128 453064 321458 1253022 78 21  1  0  0  0
438  0  66112 66539784 2435664 73908556    0    0  5040 571888 329862 1266023 78 21  2  0  0  0
342  1  66112 66531652 2435664 73908568    0    0  4096 374800 325441 1221018 78 21  1  0  0  0
procs -----------memory---------- ---swap-- -----io---- -system-- -------cpu-------
 r  b   swpd   free   buff  cache   si   so    bi    bo   in   cs us sy id wa st gu
315  0  66112 66528400 2435664 73908588    0    0  1584 479092 328559 1250152 78 21  1  0  0  0
398  0  66112 66546788 2435664 73908596    0    0  3456 516488 326408 1239411 79 20  1  0  0  0
369  2  66112 66522480 2435664 73908616    0    0  4256 489624 345899 1229142 78 21  1  0  0  0
477  0  66112 66534428 2435664 73908688    0    0  6320 553892 318792 1240611 78 20  2  0  0  0
473  0  66112 66540336 2435664 73908700    0    0 10144 448320 286848 1239800 78 19  3  0  0  0
396  2  66112 66535352 2435664 73908712    0    0  3232 579596 342946 1277497 78 21  1  0  0  0
557  0  66112 66519304 2435664 73908736    0    0  3552 473812 317337 1249271 78 20  2  0  0  0
460  0  66112 66553536 2435664 73908756    0    0  2176 521864 322941 1247145 78 21  1  0  0  0
203  1  66112 66514924 2435664 73908760    0    0  3872 401492 331148 1240653 79 21  1  0  0  0
540  0  66112 66509492 2435664 73908784    0    0  3552 568476 323046 1233867 78 20  1  0  0  0
565  3  66112 66548120 2435664 73908800    0    0  4016 525768 323258 1243996 78 20  2  0  0  0
647  0  66112 66543296 2435664 73908812    0    0  4320 523524 317724 1244503 78 20  1  0  0  0
556  0  66112 66504364 2435664 73908828    0    0  3712 366756 327716 1236691 78 21  1  0  0  0
451  0  66112 66523632 2435664 73908852    0    0  4576 627816 342591 1264097 78 21  1  0  0  0
556  0  66112 66544912 2435664 73908856    0    0  2624 430208 323065 1271019 78 20  1  0  0  0
377  0  66112 66537648 2435664 73908876    0    0  3584 498908 339163 1260816 78 20  1  0  0  0
318  3  66112 66510908 2435664 73908892    0    0  2112 568668 330875 1230526 78 21  1  0  0  0
550  1  66112 66529328 2435664 73908912    0    0  3792 487280 326067 1257918 78 20  1  0  0  0
381  0  66112 66528028 2435664 73908924    0    0  4464 464316 336202 1271893 79 20  1  0  0  0
423  3  66112 66534244 2435664 73908932    0    0  2992 637080 316521 1235708 78 20  2  0  0  0
390  4  66112 66525160 2435664 73908956    0    0  3904 401012 326482 1242148 78 21  1  0  0  0
procs -----------memory---------- ---swap-- -----io---- -system-- -------cpu-------
 r  b   swpd   free   buff  cache   si   so    bi    bo   in   cs us sy id wa st gu
458  1  66112 66523328 2435664 73908972    0    0  3824 577728 308637 1221570 78 20  1  0  0  0
393  0  66112 66535388 2435664 73908984    0    0  4432 558080 320765 1254644 78 20  2  0  0  0
301  2  66112 66525164 2435664 73908996    0    0  3536 337616 330432 1221335 78 21  1  0  0  0
300  0  66112 66518448 2435664 73909008    0    0  3792 476184 331223 1244473 78 20  1  0  0  0
455  0  66112 66498204 2435664 73909016    0    0  2544 672084 338064 1254814 78 20  1  0  0  0
341  2  66112 66524512 2435664 73909032    0    0  9648 412828 282142 1230841 78 19  3  0  0  0
381  1  66112 66518444 2435664 73909044    0    0  3904 594332 338413 1262790 77 21  2  0  0  0
240  4  66112 66524848 2435664 73909056    0    0  3408 410852 306577 1212662 78 20  2  0  0  0
358  1  66112 66509164 2435664 73909072    0    0  4112 424464 338231 1257004 78 21  1  0  0  0
208  4  66112 66530748 2435664 73909080    0    0  4304 568408 332655 1252089 78 21  1  0  0  0
439  1  66112 66529112 2435664 73909100    0    0  3984 495596 321088 1236281 79 20  1  0  0  0
464  0  66112 66499512 2435664 73909112    0    0  1520 624068 323907 1266380 78 20  2  0  0  0
467  0  66112 66515000 2435664 73909124    0    0  4720 449492 361428 1231325 78 20  2  0  0  0
426  0  66112 66534744 2435664 73909144    0    0  4048 451864 330492 1252740 79 21  1  0  0  0
482  0  66112 66511972 2435664 73909156    0    0  3728 616024 324046 1278034 78 21  2  0  0  0
266  0  66112 66513800 2435664 73909172    0    0  3472 363048 323122 1228503 79 20  1  0  0  0
366  3  66112 66504420 2435664 73909188    0    0  3488 635408 331480 1259187 78 20  2  0  0  0
317  0  66112 66520232 2435664 73909204    0    0  3920 417476 315121 1238936 78 20  1  0  0  0
238  0  66112 66515028 2435664 73909220    0    0  4272 603496 318312 1239081 77 20  3  0  0  0
406  2  66112 66508736 2435664 73909232    0    0  4784 476716 348419 1249097 78 21  1  0  0  0
551  0  66112 66510100 2435664 73909248    0    0  2096 389924 354097 1241080 79 20  1  0  0  0
procs -----------memory---------- ---swap-- -----io---- -system-- -------cpu-------
 r  b   swpd   free   buff  cache   si   so    bi    bo   in   cs us sy id wa st gu
330  1  66112 66525100 2435668 73909260    0    0  3200 534492 330198 1242858 78 20  1  0  0  0
636  1  66112 66527780 2435668 73909280    0    0  4032 567500 336224 1275383 78 21  1  0  0  0
198  0  66112 66513672 2435668 73909304    0    0  4736 520600 321330 1238228 78 20  2  0  0  0
347  0  66112 66501844 2435668 73909320    0    0  5008 387440 318236 1241955 79 20  1  0  0  0
521  0  66112 66548024 2435668 73909336    0    0  2832 547188 332096 1255137 78 21  1  0  0  0
204  4  66112 66512704 2435668 73909348    0    0  3568 483728 326313 1258953 79 20  1  0  0  0
384  2  66112 66515724 2435668 73909360    0    0  8080 477344 295455 1251591 77 20  3  0  0  0
276  0  66112 66484920 2435668 73909376    0    0  2144 622880 329852 1262508 79 20  1  0  0  0
462  0  66112 66506276 2435668 73909388    0    0  2528 449576 329615 1258056 79 20  1  0  0  0
458  2  66112 66515344 2435668 73909404    0    0  4064 510164 317541 1239967 79 20  1  0  0  0
301  2  66112 66510796 2435668 73909412    0    0  5152 548724 316771 1252284 78 20  1  0  0  0
299  2  66112 66490252 2435668 73909424    0    0  3984 466548 324203 1258155 78 20  1  0  0  0
361  1  66112 66507540 2435668 73909452    0    0  5392 449092 322990 1228916 78 20  1  0  0  0
539  0  66112 66523168 2435668 73909468    0    0  4320 493336 322650 1231597 79 20  1  0  0  0
436  0  66112 66514488 2435668 73909480    0    0  4336 554476 312932 1237994 78 20  2  0  0  0
267  1  66112 66509468 2435668 73909492    0    0  2384 571084 314042 1243888 78 20  2  0  0  0
357  1  66112 66491968 2435668 73909504    0    0  3152 415856 323599 1254152 79 20  1  0  0  0
480  0  66112 66503948 2435668 73909520    0    0  3392 555088 323021 1257027 78 20  1  0  0  0
383  0  66112 66488256 2435668 73909536    0    0  3840 539168 317091 1259384 78 21  2  0  0  0
363  0  66112 66533472 2435668 73909556    0    0  3488 354764 320961 1241405 79 20  1  0  0  0
201  0  66112 66517236 2435668 73909644    0    0  3600 640948 326503 1264743 78 21  2  0  0  0
procs -----------memory---------- ---swap-- -----io---- -system-- -------cpu-------
 r  b   swpd   free   buff  cache   si   so    bi    bo   in   cs us sy id wa st gu
360  0  66112 66507520 2435668 73909652    0    0  3872 495452 319280 1233744 78 20  2  0  0  0
509  1  66112 66519760 2435668 73909668    0    0  4208 390716 338110 1246160 79 20  1  0  0  0
489  2  66112 66520804 2435668 73909676    0    0  4304 549900 328242 1253813 78 21  1  0  0  0
568  0  66112 66512516 2435668 73909692    0    0  2096 559604 314822 1240194 78 20  2  0  0  0
506  1  66112 66510788 2435668 73909708    0    0  3696 421548 323175 1247796 78 20  1  0  0  0
279  0  66112 66507012 2435668 73909720    0    0  4528 596996 327742 1279348 78 20  2  0  0  0
371  0  66112 66507288 2435668 73909728    0    0  7504 536500 284929 1218707 73 18  8  0  0  0
440  0  66112 66525228 2435668 73909744    0    0  4112 498924 328576 1249158 78 21  1  0  0  0
345  1  66112 66513812 2435668 73909756    0    0  4256 458448 324676 1231665 78 20  1  0  0  0
381  1  66112 66509436 2435668 73909772    0    0  4048 504684 329640 1217084 77 20  2  0  0  0
485  0  66112 66518384 2435668 73909792    0    0  3264 516488 344101 1255145 79 20  1  0  0  0
500  4  66112 66529560 2435668 73909808    0    0  4400 518328 320472 1200869 75 20  5  0  0  0
95  1  66112 66506372 2435668 73909824    0    0  4128 564024 320908 1239461 77 20  2  0  0  0
401  1  66112 66506336 2435668 73909840    0    0  5088 467980 319461 1241812 78 20  1  0  0  0
549  0  66112 66501080 2435668 73909860    0    0  3744 486704 332910 1267210 78 21  1  0  0  0
419  0  66112 66505784 2435668 73909876    0    0  3232 493008 321700 1239001 78 20  1  0  0  0
320  1  66112 66511900 2435668 73909896    0    0  2608 512060 325099 1254979 78 21  1  0  0  0
366  0  66112 66478700 2435668 73909908    0    0  4288 428904 324810 1261763 78 21  1  0  0  0
421  2  66112 66483072 2435668 73909924    0    0  4528 560568 327421 1245636 79 20  1  0  0  0
419  1  66112 66516160 2435668 73909932    0    0  1856 511720 317211 1234961 78 21  1  0  0  0
301  0  66112 66516336 2435668 73909948    0    0  3232 545204 321667 1251142 78 20  2  0  0  0
procs -----------memory---------- ---swap-- -----io---- -system-- -------cpu-------
 r  b   swpd   free   buff  cache   si   so    bi    bo   in   cs us sy id wa st gu
143  0  66112 66512344 2435668 73909968    0    0  3984 498344 316426 1251044 78 20  2  0  0  0
474  0  66112 66495768 2435668 73909988    0    0  2896 463656 330574 1248753 78 21  1  0  0  0
379  1  66112 66499492 2435668 73910000    0    0  5248 511408 314315 1225631 78 20  2  0  0  0
308  0  66112 66495000 2435668 73910016    0    0  3680 404732 396667 1238640 78 21  1  0  0  0
532  2  66112 66488396 2435668 73910028    0    0  3696 555232 333654 1249939 79 20  1  0  0  0
471  0  66112 66462452 2435668 73910044    0    0  3008 544300 329441 1247606 78 21  1  0  0  0
169  4  66112 66458356 2435668 73910056    0    0  4912 468972 318936 1244798 78 20  2  0  0  0
267  3  66112 66480568 2435668 73910068    0    0  7184 533704 289081 1249639 78 19  3  0  0  0
363  0  66112 66505204 2435668 73910080    0    0  4256 513700 314373 1245747 78 20  1  0  0  0
484  0  66112 66478452 2435668 73910092    0    0  3824 477996 328115 1263116 79 20  1  0  0  0
464  1  66112 66493104 2435668 73910116    0    0  3232 480208 321297 1243073 79 20  1  0  0  0
386  0  66112 66495620 2435668 73910128    0    0  3904 518488 317315 1223776 79 20  1  0  0  0
180  0  66112 66474404 2435668 73910144    0    0  4160 517772 355718 1236947 78 20  1  0  0  0
541  1  66112 66465240 2435668 73910156    0    0  3184 427548 328415 1265318 79 20  1  0  0  0
477  0  66112 66482588 2435668 73910168    0    0  3552 510964 333320 1268555 79 20  1  0  0  0
196  0  66112 66504536 2435668 73910184    0    0  2336 543332 315488 1254458 78 20  2  0  0  0
254  1  66112 66485928 2435668 73910200    0    0  5152 455876 315258 1251302 78 20  2  0  0  0
459  4  66112 66468228 2435668 73910212    0    0  3824 501996 327497 1241041 79 20  1  0  0  0
275  0  66112 66476940 2435668 73910224    0    0  4256 536048 315850 1236574 78 20  1  0  0  0
456  0  66112 66497256 2435668 73910240    0    0  4560 486348 321464 1239718 78 20  1  0  0  0
336  0  66112 66486168 2435668 73910260    0    0  3648 485228 315129 1219634 78 20  2  0  0  0
procs -----------memory---------- ---swap-- -----io---- -system-- -------cpu-------
 r  b   swpd   free   buff  cache   si   so    bi    bo   in   cs us sy id wa st gu
482  0  66112 66475404 2435668 73910272    0    0  3584 387312 329454 1243311 79 21  1  0  0  0
502  0  66112 66481980 2435668 73910288    0    0  4592 559392 400602 1250368 77 21  2  0  0  0
403  1  66112 66465548 2435668 73910304    0    0  2704 459448 328130 1234488 78 21  1  0  0  0
365  0  66112 66473796 2435668 73910316    0    0  2784 615300 318616 1233523 78 20  2  0  0  0
536  0  66112 66473780 2435668 73910332    0    0  3600 498280 344607 1252344 78 20  2  0  0  0
455  0  66112 66462712 2435668 73910348    0    0  3424 483836 315158 1222222 78 20  1  0  0  0
437  0  66112 66482676 2435668 73910364    0    0  3744 460912 328296 1261126 79 20  1  0  0  0
487  0  66112 66480280 2435668 73910376    0    0  8944 555384 282147 1225667 77 19  3  0  0  0
320  0  66112 66473148 2435668 73910396    0    0  3552 503200 320044 1240233 78 20  1  0  0  0
427  0  66112 66480708 2435668 73910412    0    0  3632 501940 323191 1245196 78 20  1  0  0  0
492  0  66112 66472956 2435668 73910428    0    0  2224 502912 327969 1249017 78 21  1  0  0  0
304  0  66112 66456584 2435668 73910444    0    0  3504 498492 345628 1282298 78 21  1  0  0  0
428  0  66112 66458940 2435668 73910452    0    0  3904 499860 320484 1238133 79 20  1  0  0  0
377  0  66112 66467396 2435668 73910468    0    0  3792 508768 321535 1252964 78 21  1  0  0  0
495  0  66112 66472344 2435668 73910480    0    0  3360 498732 326147 1246555 78 21  1  0  0  0
231  0  66112 66437420 2435668 73910496    0    0  3232 496340 329182 1247918 78 20  1  0  0  0
481  0  66112 66461516 2435668 73910512    0    0  3872 499444 324805 1236850 79 20  1  0  0  0
296  0  66112 66468976 2435668 73910592    0    0  3616 476384 327540 1268089 78 21  1  0  0  0
311  0  66112 66488620 2435668 73910604    0    0  4400 510224 322185 1262096 78 21  1  0  0  0
473  2  66112 66470132 2435668 73910624    0    0  3344 522972 304342 1218404 78 20  2  0  0  0
367  0  66112 66475216 2435668 73910640    0    0  3408 480572 327767 1260236 79 20  1  0  0  0
procs -----------memory---------- ---swap-- -----io---- -system-- -------cpu-------
 r  b   swpd   free   buff  cache   si   so    bi    bo   in   cs us sy id wa st gu
453  0  66112 66472248 2435668 73910656    0    0  3536 500268 314666 1236492 78 20  2  0  0  0
397  0  66112 66468100 2435668 73910668    0    0  3776 500520 314434 1246655 78 20  1  0  0  0
434  0  66112 66479548 2435668 73910680    0    0  3280 498608 316711 1233810 78 20  1  0  0  0
396  0  66112 66470708 2435668 73910692    0    0  3472 502036 317245 1242643 79 20  1  0  0  0
320  0  66112 66480280 2435668 73910708    0    0  3712 497328 322917 1245517 79 20  1  0  0  0
517  0  66112 66458012 2435668 73910724    0    0  4304 504032 312262 1228566 78 20  2  0  0  0
409  0  66112 66461764 2435668 73910748    0    0  4288 500120 322713 1259453 79 20  1  0  0  0
323  0  66112 66480256 2435668 73910756    0    0  6544 507836 304110 1283976 77 19  3  0  0  0
404  1  66112 66466456 2435668 73910760    0    0  3792 498608 323909 1247062 79 20  1  0  0  0
327  0  66112 66469360 2435668 73910780    0    0  4128 491756 313044 1231445 79 20  1  0  0  0
421  0  66112 66465244 2435668 73910796    0    0  4032 495328 308330 1244297 78 20  2  0  0  0
336  0  66112 66492864 2435668 73910812    0    0  3264 500196 322334 1260573 78 20  1  0  0  0
436  0  66112 66465828 2435668 73910828    0    0  4048 501008 322370 1254063 79 20  1  0  0  0
508  0  66112 66445156 2435668 73910840    0    0  3552 505632 322239 1249268 78 20  1  0  0  0
481  0  66112 66478152 2435668 73910856    0    0  3472 501188 320360 1255759 79 20  1  0  0  0
335  0  66112 66449708 2435668 73910868    0    0  2704 500756 322319 1238339 78 20  1  0  0  0
458  0  66112 66457596 2435668 73910892    0    0  2800 498288 316101 1259568 78 20  2  0  0  0
359  0  66112 66439828 2435668 73910904    0    0  3296 498228 329308 1253702 79 20  1  0  0  0
516  0  66112 66458508 2435668 73910916    0    0  3872 501412 316219 1235830 78 20  2  0  0  0
433  0  66112 66457064 2435668 73910928    0    0  3984 498832 332768 1259047 78 21  1  0  0  0
394  0  66112 66446200 2435668 73910944    0    0  3872 499876 322231 1234993 78 20  1  0  0  0
procs -----------memory---------- ---swap-- -----io---- -system-- -------cpu-------
 r  b   swpd   free   buff  cache   si   so    bi    bo   in   cs us sy id wa st gu
285  0  66112 66420972 2435668 73910960    0    0  3440 483388 328162 1246614 78 20  1  0  0  0
322  0  66112 66451636 2435668 73910984    0    0  3776 498096 321948 1242884 78 20  1  0  0  0
538  0  66112 66454144 2435668 73910996    0    0  3232 499024 402219 1251404 78 21  1  0  0  0
396  0  66112 66434140 2435668 73911008    0    0  3296 501820 336628 1265458 79 20  1  0  0  0
382  0  66112 66467596 2435668 73911024    0    0  4512 500700 322953 1243272 78 20  1  0  0  0
538  0  66112 66465772 2435668 73911040    0    0  2928 498908 336038 1236017 78 20  1  0  0  0
358  0  66112 66436688 2435668 73911052    0    0  3520 497960 359248 1254613 78 21  1  0  0  0
348  1  66112 66450620 2435668 73911068    0    0  3968 505604 315805 1226895 79 20  1  0  0  0
311  0  66112 66449200 2435668 73911076    0    0  7440 506272 306608 1253125 76 19  5  0  0  0
421  0  66112 66440980 2435668 73911092    0    0  4064 500036 335502 1257202 79 21  1  0  0  0
407  0  66112 66454644 2435668 73911108    0    0  3584 500836 320462 1244620 78 20  1  0  0  0
422  0  66112 66445204 2435668 73911120    0    0  2608 502920 320443 1238396 79 20  1  0  0  0
364  0  66112 66451316 2435668 73911132    0    0  4624 485040 330294 1273267 78 20  1  0  0  0
333  0  66112 66457976 2435668 73911148    0    0  4432 498576 320456 1248964 78 20  2  0  0  0
379  1  66112 66428236 2435668 73911172    0    0  3088 502344 328328 1227017 79 20  1  0  0  0
436  0  66112 66433100 2435668 73911188    0    0  3024 502084 324677 1248525 78 20  1  0  0  0
459  0  66112 66461056 2435668 73911204    0    0  3296 500084 328549 1252335 78 21  1  0  0  0
439  0  66112 66454720 2435668 73911216    0    0  3488 504560 322274 1245022 78 20  1  0  0  0
324  0  66112 66451052 2435668 73911232    0    0  5088 504480 330015 1261587 78 20  2  0  0  0
304  0  66112 66452496 2435668 73911252    0    0  4000 503316 318420 1229278 78 20  2  0  0  0
253  0  66112 66448992 2435668 73911264    0    0  2128 513456 323774 1229403 78 21  1  0  0  0
procs -----------memory---------- ---swap-- -----io---- -system-- -------cpu-------
 r  b   swpd   free   buff  cache   si   so    bi    bo   in   cs us sy id wa st gu
431  0  66112 66454232 2435668 73911280    0    0  3264 513232 325637 1242226 78 20  1  0  0  0
473  0  66112 66444164 2435668 73911292    0    0  3232 494056 314740 1209947 78 20  1  0  0  0
344  0  66112 66433892 2435668 73911308    0    0  3792 503208 326658 1253389 78 20  1  0  0  0
402  0  66112 66447876 2435668 73911328    0    0  3648 494248 321795 1244502 79 20  1  0  0  0
256  0  66112 66446420 2435668 73911344    0    0  3328 508024 332342 1258136 78 21  1  0  0  0
458  0  66112 66450444 2435668 73911360    0    0  3744 508764 328207 1244627 79 20  1  0  0  0
385  0  66112 66440340 2435668 73911372    0    0  3264 509080 317906 1251715 78 20  1  0  0  0
434  0  66112 66434968 2435668 73911384    0    0  3968 508364 319507 1251212 78 20  1  0  0  0
539  0  66112 66438124 2435668 73911400    0    0  4496 503964 326936 1254781 78 20  2  0  0  0
389  0  66112 66440032 2435668 73911412    0    0  6496 515056 298117 1259878 78 19  3  0  0  0
382  0  66112 66455552 2435668 73911424    0    0  3616 507724 323895 1232440 78 20  1  0  0  0
489  0  66112 66448736 2435668 73911436    0    0  4736 511684 313340 1237389 78 20  2  0  0  0
314  0  66112 66444236 2435668 73911452    0    0  3136 509940 334055 1250774 79 20  1  0  0  0
369  0  66112 66435996 2435668 73911468    0    0  4768 511756 326889 1223796 78 20  2  0  0  0
287  0  66112 66467424 2435668 73911576    0    0  3408 487572 321814 1245130 78 20  1  0  0  0
263  0  66112 66455828 2435668 73911596    0    0  4304 506416 318324 1240475 79 20  1  0  0  0
278  0  66112 66455436 2435668 73911608    0    0  2336 507052 319110 1236781 78 20  2  0  0  0
501  0  66112 66451460 2435668 73911624    0    0  2880 501072 320239 1234598 78 20  2  0  0  0
292  0  66112 66430660 2435668 73911632    0    0  3600 502432 324436 1239831 78 21  1  0  0  0
364  0  66112 66427720 2435672 73911648    0    0  3120 499604 324379 1245595 78 21  1  0  0  0
323  0  66112 66448448 2435672 73911664    0    0  4080 505572 321717 1248747 78 20  1  0  0  0
procs -----------memory---------- ---swap-- -----io---- -system-- -------cpu-------
 r  b   swpd   free   buff  cache   si   so    bi    bo   in   cs us sy id wa st gu
351  0  66112 66427520 2435672 73911680    0    0  3424 504252 328575 1252649 78 20  1  0  0  0
284  0  66112 66432024 2435672 73911696    0    0  3568 500068 334873 1267711 79 20  1  0  0  0
491  0  66112 66457264 2435672 73911708    0    0  3744 502972 316408 1248176 78 21  1  0  0  0
469  0  66112 66452260 2435672 73911728    0    0  3664 501220 328576 1253655 79 20  1  0  0  0
335  0  66112 66429556 2435672 73911740    0    0  3376 501324 312606 1224004 79 20  1  0  0  0
411  0  66112 66433148 2435672 73911756    0    0  1680 489048 317713 1228491 79 20  1  0  0  0
307  0  66112 66452128 2435672 73911768    0    0  3424 501084 318458 1239640 78 21  1  0  0  0
442  0  66112 66449636 2435672 73911784    0    0  3744 506420 315221 1237502 78 20  1  0  0  0
508  0  66112 66430020 2435672 73911800    0    0  4032 503636 329874 1261004 79 20  1  0  0  0
523  0  66112 66419440 2435672 73911816    0    0  4304 505016 321568 1264613 79 20  1  0  0  0
363  0  66112 66428812 2435672 73911832    0    0  8048 503264 303427 1259979 74 19  6  0  0  0
366  0  66112 66427648 2435672 73911844    0    0  3792 498080 328860 1263884 78 20  1  0  0  0
269  0  66112 66407092 2435672 73911856    0    0  3856 498724 318318 1248617 78 20  2  0  0  0
367  0  66112 66428792 2435672 73911876    0    0  2432 502008 325739 1257666 78 20  1  0  0  0
377  0  66112 66439328 2435672 73911888    0    0  4032 498928 323954 1243776 78 20  1  0  0  0
351  0  66112 66434848 2435672 73911904    0    0  3200 504060 309272 1236059 78 20  2  0  0  0
363  0  66112 66422204 2435672 73911916    0    0  2928 500628 317419 1228683 78 20  1  0  0  0
527  0  66112 66422324 2435672 73911928    0    0  3408 486428 316494 1239448 78 20  2  0  0  0
374  0  66112 66397468 2435672 73911944    0    0  3296 500640 326499 1244806 79 20  1  0  0  0
274  0  66112 66427804 2435672 73911956    0    0  3712 501572 329059 1257786 78 21  1  0  0  0
449  0  66112 66427692 2435672 73911972    0    0  3088 498480 315009 1234165 78 20  2  0  0  0
procs -----------memory---------- ---swap-- -----io---- -system-- -------cpu-------
 r  b   swpd   free   buff  cache   si   so    bi    bo   in   cs us sy id wa st gu
261  0  66112 66430456 2435672 73911996    0    0  3488 497128 320225 1238502 78 20  1  0  0  0
316  0  66112 66423528 2435672 73912008    0    0  3360 498040 319562 1257974 78 20  2  0  0  0
433  0  66112 66442564 2435672 73912024    0    0  1680 503888 317635 1252413 78 20  2  0  0  0
340  0  66112 66445184 2435672 73912036    0    0  3616 502228 321511 1230844 78 20  1  0  0  0
287  0  66112 66434736 2435672 73912052    0    0  4400 504304 307696 1228675 78 20  2  0  0  0
431  1  66112 66432500 2435672 73912068    0    0  3680 497228 396506 1264960 79 20  1  0  0  0
315  0  66112 66418232 2435672 73912076    0    0  3568 503532 321089 1243994 79 20  1  0  0  0
510  0  66112 66437148 2435676 73912092    0    0  3824 501768 319277 1231652 79 20  1  0  0  0
383  0  66112 66439188 2435676 73912112    0    0  3712 483512 316876 1233701 78 20  2  0  0  0
494  0  66112 66414704 2435676 73912124    0    0  3872 497120 327899 1257941 78 21  1  0  0  0
209  0  66112 66395444 2435676 73912188    0    0  5488 512248 301661 1248774 79 19  2  0  0  0
194  0  66112 66424132 2435676 73912196    0    0  8352 515664 286350 1220055 78 19  2  0  0  0
438  0  66112 66398916 2435680 73912204    0    0  2832 503380 329311 1251627 79 20  1  0  0  0
547  0  66112 66427164 2435680 73912224    0    0  4128 500040 335228 1283358 79 20  1  0  0  0
374  0  66112 66407296 2435680 73912244    0    0  3200 498564 316437 1245703 78 20  2  0  0  0
570  0  66112 66421248 2435680 73912260    0    0  3648 497208 342542 1275710 78 21  1  0  0  0
485  0  66112 66403808 2435680 73912272    0    0  3984 500616 315199 1245954 78 20  2  0  0  0
455  0  66112 66436844 2435680 73912284    0    0  4416 501180 321814 1246448 78 20  2  0  0  0
526  0  66112 66441412 2435680 73912300    0    0  2176 499348 343077 1242317 78 20  1  0  0  0
331  0  66112 66427112 2435680 73912324    0    0  2448 496620 328735 1229221 79 20  1  0  0  0
344  0  66112 66421480 2435680 73912336    0    0  3536 483868 322757 1246756 78 20  1  0  0  0
procs -----------memory---------- ---swap-- -----io---- -system-- -------cpu-------
 r  b   swpd   free   buff  cache   si   so    bi    bo   in   cs us sy id wa st gu
337  0  66112 66427072 2435680 73912352    0    0  3984 502196 331577 1274609 78 21  1  0  0  0
535  0  66112 66443196 2435680 73912372    0    0  4400 501928 325212 1254639 78 20  1  0  0  0
251  0  66112 66423780 2435680 73912388    0    0  3408 499720 331514 1262850 79 20  1  0  0  0
332  0  66112 66414104 2435680 73912400    0    0  3056 500464 321941 1255449 78 20  1  0  0  0
456  0  66112 66413380 2435680 73912416    0    0  3200 498864 316609 1241493 78 20  1  0  0  0
334  0  66112 66413096 2435680 73912428    0    0  4224 502928 320290 1232514 79 20  1  0  0  0
372  0  66112 66401140 2435684 73912432    0    0  3392 502300 326257 1250950 79 20  1  0  0  0
240  0  66112 66411796 2435684 73912456    0    0  1552 506716 317349 1245841 78 20  2  0  0  0
509  1  66112 66423652 2435684 73912468    0    0  3920 504388 322068 1246839 79 20  1  0  0  0
432  0  66112 66412372 2435684 73912484    0    0  3296 504532 325353 1249915 79 20  1  0  0  0
629  0  66112 66410800 2435684 73912500    0    0  5360 505372 315771 1236110 78 20  2  0  0  0
284  0  66112 66432568 2435684 73912576    0    0  3824 502040 321151 1251426 78 20  2  0  0  0
540  0  66112 66421828 2435684 73912588    0    0  9744 500496 289325 1243596 78 19  2  0  0  0
511  0  66112 66406324 2435684 73912600    0    0  3824 502580 324832 1264826 79 20  1  0  0  0
370  0  66112 66407696 2435684 73912616    0    0  3536 505412 312591 1246772 78 20  1  0  0  0
342  0  66112 66398652 2435684 73912632    0    0  3568 498928 326828 1260128 78 21  1  0  0  0
526  0  66112 66399176 2435684 73912644    0    0  3504 505136 324463 1266787 79 20  1  0  0  0
325  0  66112 66412112 2435684 73912656    0    0  3728 502580 324042 1269118 78 20  1  0  0  0
433  0  66112 66413416 2435684 73912680    0    0  4592 507464 315297 1252989 77 20  2  0  0  0
323  0  66112 66408008 2435684 73912692    0    0  2864 502796 324033 1245064 78 20  1  0  0  0
378  0  66112 66435356 2435684 73912712    0    0  3744 502956 324439 1258594 79 20  1  0  0  0
procs -----------memory---------- ---swap-- -----io---- -system-- -------cpu-------
 r  b   swpd   free   buff  cache   si   so    bi    bo   in   cs us sy id wa st gu
347  0  66112 66413524 2435684 73912724    0    0  2992 502524 319269 1252136 78 20  1  0  0  0
229  0  66112 66417996 2435684 73912740    0    0  3408 498400 323522 1237641 79 20  1  0  0  0
407  0  66112 66409512 2435684 73912756    0    0  2912 505656 310249 1226744 78 20  1  0  0  0
432  0  66112 66423100 2435684 73912764    0    0  3376 490040 319098 1241839 78 20  1  0  0  0
356  0  66112 66392388 2435684 73912780    0    0  4032 504588 314129 1219202 78 20  1  0  0  0
369  0  66112 66406172 2435684 73912792    0    0  4048 502308 325762 1239123 79 20  1  0  0  0
376  0  66112 66394452 2435684 73912808    0    0  3696 499756 324745 1245724 79 20  1  0  0  0
352  0  66112 66396032 2435684 73912832    0    0  3488 498628 321372 1257184 78 21  1  0  0  0
401  0  66112 66409740 2435684 73912844    0    0  4496 498648 321437 1249905 78 20  1  0  0  0
393  0  66112 66426196 2435684 73912860    0    0  3360 501352 317648 1229113 79 20  1  0  0  0
406  0  66112 66413236 2435684 73912876    0    0  3488 503644 319773 1240511 78 20  1  0  0  0
408  0  66112 66396808 2435684 73912888    0    0  2432 506600 328500 1258257 79 20  1  0  0  0
429  0  66112 66419200 2435684 73912900    0    0  8320 514280 292577 1239101 75 19  6  0  0  0
466  0  66112 66398244 2435684 73912912    0    0  3040 500000 327339 1257031 79 20  1  0  0  0
431  0  66112 66391660 2435684 73912928    0    0  3440 504592 411170 1265967 78 21  1  0  0  0
465  0  66112 66391176 2435684 73912936    0    0  3392 491804 329360 1263643 78 20  1  0  0  0
376  0  66112 66420972 2435684 73912956    0    0  3296 482432 330640 1285911 78 20  1  0  0  0
377  0  66112 66387572 2435684 73912972    0    0  3872 495856 331221 1247707 78 20  1  0  0  0
483  0  66112 66392468 2435684 73912984    0    0  4032 503368 329352 1232539 79 20  1  0  0  0
439  0  66112 66380128 2435684 73913000    0    0  3104 508068 348899 1243074 78 21  1  0  0  0
465  0  66112 66420056 2435684 73913012    0    0  1744 508572 324733 1246878 79 20  1  0  0  0
procs -----------memory---------- ---swap-- -----io---- -system-- -------cpu-------
 r  b   swpd   free   buff  cache   si   so    bi    bo   in   cs us sy id wa st gu
309  0  66112 66412348 2435684 73913024    0    0  4048 512652 321027 1252511 78 20  1  0  0  0
278  1  66112 66413228 2435684 73913040    0    0  4976 512984 311746 1242869 78 20  1  0  0  0
163  0  66112 66393880 2435684 73913056    0    0  4080 506908 326284 1261641 78 21  1  0  0  0
426  0  66112 66414284 2435684 73913068    0    0  2976 507008 321442 1250340 78 21  2  0  0  0
258  0  66112 66419080 2435684 73913092    0    0  4896 508572 305728 1244855 77 20  2  0  0  0
305  1  66112 66437732 2435684 73913104    0    0  3440 496476 359232 1235144 78 20  1  0  0  0
453  0  66112 66397132 2435684 73913120    0    0  4112 497972 325101 1243859 79 20  1  0  0  0
279  0  66112 66404796 2435684 73913132    0    0  2416 506800 332837 1254550 78 20  1  0  0  0
360  0  66112 66390192 2435684 73913148    0    0  3136 506792 330307 1282415 78 20  2  0  0  0
410  0  66112 66406896 2435684 73913164    0    0  2816 510552 326814 1233978 78 20  1  0  0  0
223  0  66112 66386608 2435684 73913180    0    0  4384 505724 323301 1251661 78 20  1  0  0  0
324  0  66112 66429956 2435684 73913196    0    0  4736 509324 313367 1237211 78 20  2  0  0  0
202  0  66112 66398244 2435684 73913224    0    0  6864 510840 312837 1253582 78 20  2  0  0  0
329  0  66112 66395992 2435684 73913236    0    0  6672 511716 302475 1228514 78 20  2  0  0  0
559  0  66112 66395520 2435684 73913240    0    0  3984 506244 329812 1251954 78 21  1  0  0  0
457  0  66112 66417088 2435684 73913256    0    0  1888 502932 330939 1258749 79 20  1  0  0  0
307  0  66112 66405096 2435684 73913280    0    0  3264 502772 330427 1248418 78 21  1  0  0  0
461  0  66112 66415300 2435684 73913284    0    0  3392 486800 322923 1255795 78 20  2  0  0  0
303  1  66112 66399860 2435684 73913300    0    0  4640 522792 321323 1247102 79 20  1  0  0  0
444  0  66112 66409108 2435684 73913324    0    0  3136 490092 323199 1246346 78 20  1  0  0  0
490  1  66112 66402204 2435684 73913328    0    0  4512 510864 307059 1220368 78 20  2  0  0  0
procs -----------memory---------- ---swap-- -----io---- -system-- -------cpu-------
 r  b   swpd   free   buff  cache   si   so    bi    bo   in   cs us sy id wa st gu
488  0  66112 66398196 2435684 73913344    0    0  3152 502692 314229 1237742 78 20  2  0  0  0
556  0  66112 66410588 2435684 73913360    0    0  4912 506832 312876 1224596 78 20  1  0  0  0
386  0  66112 66419800 2435684 73913380    0    0  3392 503964 324263 1247984 78 20  2  0  0  0
494  0  66112 66404752 2435688 73913384    0    0  3920 507340 323181 1232999 78 20  1  0  0  0
505  0  66112 66413924 2435688 73913404    0    0  3040 506892 319826 1239445 78 21  2  0  0  0
342  1  66112 66412060 2435688 73913420    0    0  3904 505884 327333 1237403 78 21  1  0  0  0
434  0  66112 66416924 2435688 73913440    0    0  3472 509216 316187 1245590 79 20  1  0  0  0
414  0  66112 66388212 2435688 73913448    0    0  3616 503804 337570 1238391 79 20  1  0  0  0
179  0  66112 66373384 2435688 73913532    0    0  3424 482616 330175 1280531 78 21  1  0  0  0
357  0  66112 66400436 2435688 73913544    0    0  4848 500356 309427 1240793 78 20  2  0  0  0
397  0  66112 66411716 2435688 73913564    0    0  3200 500340 334451 1244681 78 21  1  0  0  0
239  0  66112 66383404 2435688 73913580    0    0  3760 502644 315753 1237646 78 20  2  0  0  0
176  0  66112 66370640 2435688 73913588    0    0  4368 502816 315740 1252899 79 19  2  0  0  0
438  1  66112 66398168 2435688 73913604    0    0  8336 510648 299072 1263187 77 20  3  0  0  0
428  0  66112 66407440 2435688 73913616    0    0  3344 499000 332368 1270867 78 20  1  0  0  0
419  1  66112 66396240 2435688 73913636    0    0  3552 503664 322655 1254981 78 20  2  0  0  0
404  0  66112 66391260 2435688 73913652    0    0  3696 506560 326933 1241212 79 20  1  0  0  0
478  0  66112 66398504 2435688 73913672    0    0  3552 503764 324768 1264664 78 21  1  0  0  0
348  0  66112 66412440 2435688 73913676    0    0  3776 499820 327183 1262565 78 21  1  0  0  0
406  0  66112 66402660 2435688 73913708    0    0  2192 505972 316892 1253653 78 20  2  0  0  0
319  0  66112 66395456 2435688 73913716    0    0  4144 488632 311721 1220873 78 20  2  0  0  0
procs -----------memory---------- ---swap-- -----io---- -system-- -------cpu-------
 r  b   swpd   free   buff  cache   si   so    bi    bo   in   cs us sy id wa st gu
485  0  66112 66391576 2435688 73913732    0    0  3856 508056 319592 1213388 79 20  1  0  0  0
425  0  66112 66392444 2435688 73913752    0    0  4752 499944 329142 1254690 79 20  1  0  0  0
477  0  66112 66386084 2435688 73913764    0    0  3152 503584 329464 1266035 78 20  1  0  0  0
383  0  66112 66395612 2435688 73913784    0    0  2944 507868 314732 1211836 78 20  2  0  0  0
447  0  66112 66383120 2435688 73913804    0    0  3808 507576 321630 1237847 78 20  1  0  0  0
546  0  66112 66399760 2435688 73913828    0    0  3152 503004 326529 1251344 78 21  1  0  0  0
309  1  66112 66397696 2435688 73913840    0    0  4176 498804 327941 1264676 78 21  1  0  0  0
538  0  66112 66389324 2435692 73913852    0    0  3664 507656 311361 1238821 78 20  2  0  0  0
242  0  66112 66376504 2435692 73913864    0    0  3472 502204 311908 1242250 78 20  2  0  0  0
287  0  66112 66398424 2435692 73913880    0    0  4528 503064 319238 1239613 78 20  1  0  0  0
543  0  66112 66391252 2435692 73913900    0    0  3872 504936 332860 1258477 78 21  1  0  0  0
399  0  66112 66394000 2435692 73913912    0    0  2928 492916 319068 1229956 78 20  1  0  0  0
274  0  66112 66403096 2435692 73913928    0    0  2736 508968 325103 1244938 79 20  1  0  0  0
348  0  66112 66396692 2435692 73913936    0    0  8032 517300 286229 1245378 78 19  3  0  0  0
361  0  66112 66381092 2435692 73913952    0    0  3696 499608 330802 1267041 78 21  1  0  0  0
349  0  66112 66378732 2435692 73913964    0    0  2512 508056 319014 1243850 79 20  1  0  0  0
343  0  66112 66383312 2435692 73913980    0    0  3904 501972 321495 1264881 78 20  2  0  0  0
433  0  66112 66376928 2435692 73913988    0    0  4752 498416 327425 1264194 78 20  2  0  0  0
309  1  66112 66387096 2435692 73914008    0    0  3616 504820 313815 1221733 79 20  1  0  0  0
420  0  66112 66396132 2435692 73914020    0    0  3296 503852 312859 1231125 79 20  1  0  0  0
367  0  66112 66375036 2435692 73914036    0    0  3264 505600 322859 1260082 78 20  2  0  0  0
procs -----------memory---------- ---swap-- -----io---- -system-- -------cpu-------
 r  b   swpd   free   buff  cache   si   so    bi    bo   in   cs us sy id wa st gu
618  0  66112 66400352 2435692 73914048    0    0  4352 509312 315982 1264757 78 20  2  0  0  0
463  0  66112 66395988 2435692 73914068    0    0  4048 503896 314393 1237252 78 20  1  0  0  0
434  0  66112 66386988 2435692 73914088    0    0  3344 499160 320368 1255534 78 20  1  0  0  0
377  0  66112 66383568 2435692 73914100    0    0  2256 485060 314267 1245601 78 20  2  0  0  0
294  0  66112 66403656 2435692 73914112    0    0  4624 502792 311942 1228427 78 20  2  0  0  0
478  0  66112 66397008 2435692 73914116    0    0  4384 502048 317455 1246501 78 20  2  0  0  0
304  1  66112 66391444 2435692 73914144    0    0  4256 500740 325607 1259166 78 20  2  0  0  0
431  0  66112 66402572 2435692 73914148    0    0  4080 505608 316949 1237647 78 20  1  0  0  0
453  0  66112 66404032 2435692 73914172    0    0  3632 507696 315390 1225052 78 20  1  0  0  0
408  0  66112 66396444 2435692 73914188    0    0  4240 504628 316688 1236995 78 20  1  0  0  0
379  0  66112 66403532 2435692 73914200    0    0  3984 504296 311570 1243107 78 20  2  0  0  0
423  0  66112 66397284 2435692 73914212    0    0  3344 504540 320898 1244429 78 20  1  0  0  0
573  0  66112 66385392 2435692 73914232    0    0  2816 499944 320756 1270719 78 20  2  0  0  0
416  0  66112 66383820 2435692 73914240    0    0  9440 520752 287525 1253441 78 19  3  0  0  0
203  0  66112 66397436 2435692 73914256    0    0  3680 503712 311124 1256835 78 20  2  0  0  0
565  0  66112 66384552 2435692 73914276    0    0  3456 486520 336721 1238805 78 20  1  0  0  0
315  0  66112 66381044 2435692 73914288    0    0  3520 503416 325842 1281536 78 21  1  0  0  0
359  0  66112 66398252 2435692 73914308    0    0  4432 507700 320061 1259866 78 21  1  0  0  0
344  0  66112 66397648 2435692 73914324    0    0  3488 504752 316614 1238793 78 20  2  0  0  0
414  0  66112 66413388 2435692 73914344    0    0  3280 508948 318782 1254680 78 20  2  0  0  0
181  0  66112 66413680 2435692 73914360    0    0  3216 504028 327648 1265259 78 21  1  0  0  0
procs -----------memory---------- ---swap-- -----io---- -system-- -------cpu-------
 r  b   swpd   free   buff  cache   si   so    bi    bo   in   cs us sy id wa st gu
401  0  66112 66388856 2435692 73914372    0    0  4208 509860 313921 1236233 78 20  1  0  0  0
492  0  66112 66390716 2435692 73914388    0    0  4896 506320 318616 1240659 79 20  1  0  0  0
343  0  66112 66402996 2435692 73914404    0    0  3456 504592 318818 1261834 78 21  1  0  0  0
494  0  66112 66404416 2435692 73914416    0    0  4464 507912 313788 1243146 78 20  1  0  0  0
253  0  66112 66381744 2435692 73914508    0    0  3824 509044 314558 1232993 78 20  1  0  0  0
551  0  66112 66370896 2435696 73914520    0    0  3728 503396 329983 1269071 79 20  1  0  0  0
213  1  66112 66401520 2435696 73914532    0    0  2992 486464 327543 1253409 79 20  1  0  0  0
378  0  66112 66401684 2435696 73914544    0    0  2640 505508 318304 1252421 79 20  1  0  0  0
144  0  66112 66384756 2435696 73914564    0    0  4256 504012 324216 1263439 78 20  1  0  0  0
573  0  66112 66376136 2435696 73914576    0    0  3904 510272 325488 1259677 78 20  1  0  0  0
428  0  66112 66382176 2435696 73914592    0    0  5024 487296 313424 1244780 78 20  2  0  0  0
123  0  66112 66411084 2435696 73914612    0    0  3312 496688 315135 1238549 78 20  2  0  0  0
359  0  66112 66386980 2435696 73914628    0    0  3392 506292 322367 1232866 78 20  1  0  0  0
94  0  66112 66384028 2435696 73914640    0    0  3600 506564 425363 1255470 79 20  1  0  0  0
375  0  66112 66389228 2435696 73914652    0    0  7568 530244 278680 1242596 77 19  3  0  0  0
290  0  66112 66411664 2435696 73914664    0    0  3952 505440 328616 1270456 79 20  1  0  0  0
341  0  66112 66385780 2435696 73914676    0    0  4688 510264 333533 1245481 78 20  1  0  0  0
526  0  66112 66379796 2435696 73914700    0    0  3856 507912 312970 1230200 78 20  2  0  0  0
349  0  66112 66386100 2435696 73914708    0    0  3248 492660 326290 1244292 79 20  1  0  0  0
482  0  66112 66403000 2435696 73914728    0    0  3664 507140 382730 1258277 79 20  1  0  0  0
381  0  66112 66400236 2435696 73914740    0    0  2432 511144 316370 1247850 78 20  2  0  0  0
procs -----------memory---------- ---swap-- -----io---- -system-- -------cpu-------
 r  b   swpd   free   buff  cache   si   so    bi    bo   in   cs us sy id wa st gu
359  0  66112 66399916 2435696 73914752    0    0  4496 511548 324867 1257045 79 20  1  0  0  0
346  0  66112 66376908 2435696 73914768    0    0  3504 509644 316987 1239253 79 20  1  0  0  0
408  0  66112 66389288 2435696 73914788    0    0  2256 518460 314983 1222754 78 20  2  0  0  0
552  0  66112 66425552 2435696 73914808    0    0  4640 510956 306538 1218380 78 20  2  0  0  0
208  1  66112 66381408 2435696 73914824    0    0  3440 511816 320802 1235865 79 20  1  0  0  0
307  0  66112 66355908 2435696 73914840    0    0  4048 508528 318996 1264451 78 20  1  0  0  0
392  0  66112 66394156 2435696 73914856    0    0  2800 505772 385678 1240265 78 21  1  0  0  0
518  0  66112 66390712 2435696 73914868    0    0  4096 511728 323015 1252350 79 20  1  0  0  0
478  0  66112 66396252 2435696 73914884    0    0  3680 506448 321768 1257642 78 21  1  0  0  0
440  0  66112 66356892 2435696 73914904    0    0  3520 510852 314015 1243280 79 20  1  0  0  0
326  0  66112 66381280 2435696 73914916    0    0  3792 493284 316635 1237127 79 20  1  0  0  0
384  0  66112 66391304 2435696 73914932    0    0  2880 508048 317342 1231451 78 20  1  0  0  0
341  0  66112 66400916 2435696 73914944    0    0  3104 529144 305206 1244201 78 20  2  0  0  0
485  0  66112 66388976 2435696 73914956    0    0  3808 491504 338741 1239979 79 20  1  0  0  0
188  0  66112 66360160 2435696 73914964    0    0  6176 508564 312628 1269454 79 20  2  0  0  0
575  0  66112 66373976 2435696 73914984    0    0  6144 505672 298100 1204686 75 19  6  0  0  0
225  0  66112 66380912 2435696 73914996    0    0  4016 508132 323967 1247025 78 20  1  0  0  0
455  0  66112 66383696 2435696 73915008    0    0  4368 505608 319835 1237363 78 20  1  0  0  0
185  0  66112 66393876 2435696 73915024    0    0  4976 509880 350931 1250814 78 20  2  0  0  0
235  1  66112 66383852 2435696 73915040    0    0  2640 508580 319372 1249192 79 20  1  0  0  0
471  0  66112 66396792 2435696 73915056    0    0  3920 509524 310907 1228864 78 20  2  0  0  0
procs -----------memory---------- ---swap-- -----io---- -system-- -------cpu-------
 r  b   swpd   free   buff  cache   si   so    bi    bo   in   cs us sy id wa st gu
175  1  66112 66395404 2435696 73915072    0    0  4912 495380 321987 1244769 79 20  1  0  0  0
337  0  66112 66404320 2435696 73915092    0    0  3232 501144 309491 1245898 78 20  2  0  0  0
286  0  66112 66409064 2435696 73915104    0    0  4384 508276 309015 1230572 78 20  2  0  0  0
492  0  66112 66395740 2435696 73915120    0    0  4352 507968 316454 1251983 78 20  1  0  0  0
216  0  66112 66403916 2435696 73915136    0    0  3696 505032 329058 1258618 78 20  1  0  0  0
399  0  66112 66401024 2435696 73915160    0    0  4112 507332 319834 1237156 79 20  1  0  0  0
491  0  66112 66381268 2435696 73915176    0    0  2016 506316 321069 1239366 79 20  1  0  0  0
458  0  66112 66370812 2435696 73915192    0    0  2528 498520 329845 1268708 78 21  1  0  0  0
325  0  66112 66377256 2435696 73915208    0    0  3168 499708 325945 1258784 79 20  1  0  0  0
232  0  66112 66392984 2435696 73915220    0    0  3760 500364 319718 1240201 79 20  1  0  0  0
373  0  66112 66376032 2435696 73915232    0    0  4544 504532 369001 1230342 78 20  1  0  0  0
269  0  66112 66399056 2435696 73915244    0    0  3120 504992 324183 1238169 79 20  1  0  0  0
295  0  66112 66375072 2435696 73915264    0    0  3088 488620 319072 1255630 78 20  1  0  0  0
340  0  66112 66393660 2435696 73915280    0    0  4080 502920 320706 1239823 79 20  1  0  0  0
332  0  66112 66390584 2435696 73915292    0    0  5488 505628 359074 1242437 79 20  2  0  0  0
267  0  66112 66401928 2435696 73915300    0    0  5232 511824 308902 1281034 76 19  4  0  0  0
308  0  66112 66391196 2435696 73915320    0    0  3392 504920 418507 1266187 79 21  1  0  0  0
470  0  66112 66363336 2435696 73915332    0    0  4304 506336 321746 1251069 78 20  1  0  0  0
444  0  66112 66383608 2435696 73915344    0    0  3376 501180 326170 1258168 79 20  1  0  0  0
546  0  66112 66381960 2435696 73915360    0    0  3456 498876 331933 1254231 78 21  1  0  0  0
332  0  66112 66393620 2435696 73915384    0    0  3072 501948 327237 1258315 78 21  1  0  0  0
procs -----------memory---------- ---swap-- -----io---- -system-- -------cpu-------
 r  b   swpd   free   buff  cache   si   so    bi    bo   in   cs us sy id wa st gu
440  0  66112 66372704 2435696 73915396    0    0  3600 502440 319841 1260431 79 20  2  0  0  0
390  0  66112 66380496 2435696 73915476    0    0  4368 502440 321628 1252448 78 20  2  0  0  0
458  1  66112 66378328 2435696 73915488    0    0  3616 506096 331186 1255887 79 20  1  0  0  0
276  1  66112 66375644 2435696 73915512    0    0  3024 490400 336843 1252570 78 20  1  0  0  0
462  0  66112 66386284 2435696 73915528    0    0  3600 504044 318225 1238176 78 20  1  0  0  0
354  0  66112 66396700 2435696 73915544    0    0  2912 506536 321278 1243746 78 21  1  0  0  0
261  0  66112 66375940 2435696 73915556    0    0  3616 505284 318416 1230953 78 20  1  0  0  0
324  0  66112 66350368 2435696 73915564    0    0  4864 506996 316678 1240516 78 20  1  0  0  0
427  0  66112 66381160 2435696 73915580    0    0  3344 509364 315649 1237964 78 20  1  0  0  0
400  0  66112 66386592 2435696 73915592    0    0  4240 502944 331258 1243771 79 20  1  0  0  0
507  0  66112 66389008 2435696 73915612    0    0  4064 505828 319128 1234654 79 20  1  0  0  0
484  0  66112 66369068 2435696 73915620    0    0  3888 501272 332393 1265689 79 20  1  0  0  0
424  0  66112 66387588 2435700 73915636    0    0  2928 508580 310759 1236865 78 20  1  0  0  0
407  0  66112 66393492 2435700 73915656    0    0  5168 510500 311013 1229313 78 20  2  0  0  0
378  0  66112 66390744 2435700 73915668    0    0  4192 510520 319785 1233528 79 20  1  0  0  0
377  0  66112 66358040 2435700 73915680    0    0  9040 519836 285315 1244433 79 19  2  0  0  0
543  0  66112 66384556 2435700 73915692    0    0  3808 506204 317982 1250860 78 20  1  0  0  0
334  0  66112 66388604 2435704 73915704    0    0  4176 494064 311319 1233525 79 20  1  0  0  0
230  0  66112 66404116 2435704 73915720    0    0  3344 503228 329839 1260399 79 20  1  0  0  0
566  0  66112 66384012 2435704 73915740    0    0  2240 504420 327666 1259658 78 20  1  0  0  0
549  0  66112 66378108 2435704 73915756    0    0  3792 502232 323945 1243085 78 20  1  0  0  0
procs -----------memory---------- ---swap-- -----io---- -system-- -------cpu-------
 r  b   swpd   free   buff  cache   si   so    bi    bo   in   cs us sy id wa st gu
347  0  66112 66386456 2435704 73915772    0    0  3920 506764 319795 1236284 79 20  1  0  0  0
494  0  66112 66385468 2435704 73915788    0    0  2784 509356 317944 1232661 79 20  1  0  0  0
372  0  66112 66368216 2435704 73915808    0    0  3840 508216 314107 1226616 78 20  1  0  0  0
434  0  66112 66371972 2435704 73915816    0    0  3488 501764 317580 1231037 79 20  1  0  0  0
438  0  66112 66371304 2435704 73915840    0    0  4384 507912 353744 1247448 79 20  1  0  0  0
354  0  66112 66387124 2435704 73915844    0    0  3232 503728 324630 1254459 79 20  1  0  0  0
418  0  66112 66375760 2435704 73915864    0    0  3760 506724 318304 1251663 78 20  1  0  0  0
432  0  66112 66350568 2435704 73915880    0    0  2976 485112 325263 1261797 78 21  1  0  0  0
299  0  66112 66372888 2435704 73915892    0    0  3136 502268 311578 1240232 78 20  2  0  0  0
359  0  66112 66385796 2435704 73915908    0    0  4320 502784 319298 1249648 78 20  2  0  0  0
414  0  66112 66379344 2435704 73915924    0    0  4304 504200 325209 1246408 78 20  1  0  0  0
283  0  66112 66368792 2435704 73915936    0    0  3664 510172 310879 1231267 78 20  2  0  0  0
532  0  66112 66372208 2435704 73915952    0    0  3696 507544 327192 1235251 78 20  1  0  0  0
242  0  66112 66386848 2435704 73915968    0    0  3584 512872 321517 1231351 79 20  1  0  0  0
468  0  66112 66378584 2435704 73915980    0    0  4384 509636 317192 1229660 78 20  1  0  0  0
124  2  66112 66361624 2435704 73916000    0    0  3968 509372 311128 1235179 79 20  1  0  0  0
608  0  66112 66343560 2435704 73916004    0    0  5392 510400 297562 1231678 75 19  6  0  0  0
403  0  66112 66386332 2435704 73916016    0    0  3488 505488 322954 1234108 78 21  1  0  0  0
447  0  66112 66367300 2435704 73916032    0    0  4064 507324 324512 1249453 79 20  1  0  0  0
319  0  66112 66367492 2435704 73916048    0    0  2592 487924 325741 1248655 79 20  1  0  0  0
314  0  66112 66353040 2435704 73916064    0    0  3488 503596 323492 1250346 78 20  1  0  0  0
procs -----------memory---------- ---swap-- -----io---- -system-- -------cpu-------
 r  b   swpd   free   buff  cache   si   so    bi    bo   in   cs us sy id wa st gu
119  0  66112 66384884 2435704 73916080    0    0  3456 504300 334321 1265904 79 20  1  0  0  0
398  0  66112 66358312 2435704 73916088    0    0  3600 502796 333677 1252002 79 20  1  0  0  0
446  0  66112 66349116 2435704 73916104    0    0  3456 508472 330884 1259617 79 20  1  0  0  0
380  0  66112 66390596 2435704 73916116    0    0  3408 513748 317095 1223431 79 20  1  0  0  0
401  0  66112 66384120 2435704 73916132    0    0  2656 487192 332766 1273512 79 20  1  0  0  0
441  0  66112 66353712 2435704 73916152    0    0  3520 494928 331510 1278085 78 20  1  0  0  0
353  0  66112 66353992 2435704 73916164    0    0  4816 499096 325027 1250107 78 20  1  0  0  0
440  0  66112 66370600 2435704 73916180    0    0  3312 501928 326544 1264107 78 20  1  0  0  0
242  0  66112 66352816 2435704 73916196    0    0  3360 505208 318242 1245020 78 20  1  0  0  0
226  1  66112 66371624 2435704 73916216    0    0  4048 543548 313407 1236638 78 20  2  0  0  0
348  1  66112 66380132 2435704 73916236    0    0  4480 449696 312039 1232091 78 20  1  0  0  0
315  0  66112 66372532 2435704 73916260    0    0  3472 517456 319694 1251775 79 20  1  0  0  0
330  0  66112 66359564 2435704 73916276    0    0  2976 504452 310189 1224256 79 20  1  0  0  0
345  0  66112 66369032 2435704 73916280    0    0  1888 519516 320393 1248554 79 20  1  0  0  0
303  0  66112 66361648 2435704 73916296    0    0  3856 493940 320475 1238306 79 20  1  0  0  0
514  0  66112 66364648 2435708 73916308    0    0  4448 510304 311556 1226002 79 20  2  0  0  0
46  2  66112 66361420 2435708 73916324    0    0  4160 576732 313685 1262935 78 20  2  0  0  0
397  0  66112 66371876 2435708 73916340    0    0  8720 450744 294540 1242064 74 19  7  0  0  0
324  1  66112 66365332 2435708 73916348    0    0  3712 533476 322849 1253491 78 20  1  0  0  0
199  1  66112 66375800 2435712 73916460    0    0  3536 489024 318474 1237813 79 20  1  0  0  0
473  0  66112 66371304 2435712 73916488    0    0  2496 517924 325163 1255880 79 20  1  0  0  0
procs -----------memory---------- ---swap-- -----io---- -system-- -------cpu-------
 r  b   swpd   free   buff  cache   si   so    bi    bo   in   cs us sy id wa st gu
406  0  66112 66382944 2435712 73916496    0    0  3696 512340 321153 1240641 78 20  1  0  0  0
320  1  66112 66364244 2435712 73916520    0    0  3888 502648 320936 1253332 78 20  1  0  0  0
306  0  66112 66356508 2435712 73916536    0    0  3376 477264 315842 1236470 78 20  1  0  0  0
318  0  66112 66354756 2435712 73916544    0    0  3504 512696 316717 1229073 79 20  1  0  0  0
293  0  66112 66363484 2435712 73916556    0    0  3392 501968 318331 1254081 78 20  2  0  0  0
461  0  66112 66357864 2435712 73916568    0    0  3744 509104 323355 1247869 78 20  2  0  0  0
413  0  66112 66345280 2435712 73916584    0    0  3232 535372 321259 1245955 78 20  1  0  0  0
472  0  66112 66378428 2435712 73916600    0    0  3920 485184 334328 1262868 78 20  2  0  0  0
493  0  66112 66377844 2435712 73916616    0    0  4032 536828 330121 1286690 79 20  1  0  0  0
301  0  66112 66358068 2435712 73916632    0    0  1936 503596 318419 1249489 78 20  1  0  0  0
576  0  66112 66373520 2435712 73916648    0    0  4864 499008 319743 1249069 78 20  2  0  0  0
317  0  66112 66370536 2435712 73916660    0    0  3760 502200 323206 1232533 78 20  1  0  0  0
107  7  66112 66360284 2435712 73916680    0    0  3952 563552 321649 1245504 78 21  1  0  0  0
321  1  66112 66365552 2435712 73916692    0    0  4272 432356 312224 1228907 78 20  2  0  0  0
412  0  66112 66368748 2435712 73916704    0    0  3632 513792 329948 1275403 79 20  1  0  0  0
335  2  66112 66358560 2435712 73916716    0    0  4112 512072 320966 1243448 79 20  1  0  0  0
461  0  66112 66363628 2435712 73916736    0    0  3552 487032 327320 1258795 79 20  2  0  0  0
431  1  66112 66365980 2435712 73916740    0    0  7824 547100 280796 1234423 78 19  3  0  0  0
503  0  66112 66348184 2435712 73916764    0    0  4656 507728 325941 1275586 79 20  1  0  0  0
346  0  66112 66355156 2435712 73916780    0    0  3808 516924 332990 1268545 79 20  1  0  0  0
434  0  66112 66348140 2435712 73916800    0    0  5168 477304 314929 1255714 78 20  1  0  0  0
procs -----------memory---------- ---swap-- -----io---- -system-- -------cpu-------
 r  b   swpd   free   buff  cache   si   so    bi    bo   in   cs us sy id wa st gu
439  0  66112 66359712 2435712 73916812    0    0  3456 508036 326933 1270736 79 20  1  0  0  0
547  0  66112 66354516 2435712 73916832    0    0  4576 537924 335820 1254119 79 21  1  0  0  0
257  3  66112 66365012 2435712 73916848    0    0  4224 529476 397084 1230940 78 21  1  0  0  0
358  1  66112 66375228 2435712 73916852    0    0  3536 453168 313353 1238404 78 20  2  0  0  0
443  0  66112 66342000 2435712 73916868    0    0  3136 536232 319733 1237038 78 20  1  0  0  0
373  1  66112 66371084 2435712 73916880    0    0  4784 481196 328481 1261296 78 20  1  0  0  0
503  0  66112 66354512 2435712 73916896    0    0  4384 497064 339711 1242507 78 20  1  0  0  0
411  1  66112 66360024 2435712 73916916    0    0  4512 572692 318067 1233267 78 20  1  0  0  0
592  0  66112 66350932 2435712 73916932    0    0  4176 458404 328130 1246544 79 20  1  0  0  0
396  0  66112 66369488 2435712 73916948    0    0  3616 499324 332441 1250267 78 21  1  0  0  0
558  0  66112 66327940 2435712 73916956    0    0  3024 559784 329328 1246323 78 21  1  0  0  0
313  0  66112 66373228 2435712 73916972    0    0  3808 503100 336295 1251421 78 20  1  0  0  0
396  0  66112 66360984 2435712 73916984    0    0  3648 530584 331513 1256791 79 20  1  0  0  0
311  4  66112 66344268 2435712 73917004    0    0  3600 518452 322721 1243779 79 20  1  0  0  0
296  0  66112 66363076 2435712 73917016    0    0  4480 495708 334833 1231041 78 20  2  0  0  0
463  0  66112 66362420 2435712 73917032    0    0  4864 449792 325902 1254171 79 20  1  0  0  0
324  2  66112 66324404 2435712 73917044    0    0  3952 547804 330566 1248564 78 20  1  0  0  0
473  0  66112 66330316 2435712 73917064    0    0  5136 465232 309153 1238859 79 19  2  0  0  0
534  0  66112 66338836 2435712 73917072    0    0  7632 554732 300046 1261959 78 20  3  0  0  0
232  0  66112 66366968 2435712 73917088    0    0  4976 492680 324871 1243272 78 20  1  0  0  0
389  0  66112 66359856 2435712 73917104    0    0  4256 482776 330461 1237425 78 21  1  0  0  0
procs -----------memory---------- ---swap-- -----io---- -system-- -------cpu-------
 r  b   swpd   free   buff  cache   si   so    bi    bo   in   cs us sy id wa st gu
432  0  66112 66331292 2435712 73917116    0    0  3312 488688 332737 1253899 78 21  1  0  0  0
460  0  66112 66334552 2435712 73917136    0    0  3312 503124 333786 1258695 78 21  1  0  0  0
404  0  66112 66358900 2435712 73917148    0    0  3456 564900 323051 1233766 78 21  1  0  0  0
426  0  66112 66344312 2435712 73917164    0    0  3712 562396 312465 1235137 78 21  1  0  0  0
329  1  66112 66376096 2435712 73917176    0    0  3632 449020 318870 1225200 79 20  1  0  0  0
153  4  66112 66353812 2435712 73917192    0    0  4112 472332 322799 1232473 79 20  1  0  0  0
364  3  66112 66354724 2435712 73917208    0    0  3056 542456 317778 1242145 78 20  2  0  0  0
430  0  66112 66353692 2435712 73917220    0    0  2896 469540 307999 1225594 78 20  2  0  0  0
579  0  66112 66367664 2435712 73917236    0    0  4656 497440 328993 1246879 78 21  1  0  0  0
339  2  66112 66369296 2435712 73917252    0    0  3008 541364 323001 1249405 78 20  1  0  0  0
290  0  66112 66357244 2435712 73917264    0    0  3120 481392 325747 1227149 78 20  1  0  0  0
589  1  66112 66328984 2435712 73917284    0    0  4144 572928 328989 1278238 78 20  1  0  0  0
397  2  66112 66364988 2435712 73917296    0    0  3600 487144 309595 1228625 78 20  2  0  0  0
384  0  66112 66369328 2435712 73917308    0    0  4800 491556 330673 1244607 78 21  1  0  0  0
543  0  66112 66373344 2435712 73917324    0    0  4048 536764 332481 1256979 78 21  1  0  0  0
212  3  66112 66345356 2435712 73917340    0    0  1168 569480 309866 1223058 78 20  2  0  0  0
223  0  66112 66352184 2435712 73917424    0    0  3776 448028 319789 1228813 78 20  1  0  0  0
449  0  66112 66348732 2435712 73917436    0    0  4560 548848 327172 1250787 79 20  1  0  0  0
78  2  66112 66345372 2435712 73917452    0    0  5344 667324 299937 1255774 76 19  5  0  0  0
260  2  66112 66356784 2435716 73917456    0    0  4896 236996 310955 1233307 78 20  2  0  0  0
374  1  66112 66341176 2435716 73917472    0    0  4080 580172 320323 1235811 78 20  1  0  0  0
procs -----------memory---------- ---swap-- -----io---- -system-- -------cpu-------
 r  b   swpd   free   buff  cache   si   so    bi    bo   in   cs us sy id wa st gu
202  3  66112 66350020 2435716 73917492    0    0  3840 430944 321587 1240752 79 20  1  0  0  0
376  0  66112 66365440 2435716 73917504    0    0  3312 596108 323418 1252863 78 20  1  0  0  0
491  0  66112 66368012 2435716 73917516    0    0  1712 471516 313789 1245455 78 20  2  0  0  0
338  2  66112 66348944 2435716 73917528    0    0  4128 511240 320102 1249698 78 20  1  0  0  0
459  0  66112 66357532 2435716 73917544    0    0  4416 497068 317259 1255294 78 20  1  0  0  0
479  1  66112 66348852 2435716 73917556    0    0  3184 606120 319353 1259286 78 20  2  0  0  0
365  0  66112 66358980 2435716 73917572    0    0  3760 409092 370940 1258285 78 20  1  0  0  0
373  0  66112 66340548 2435716 73917588    0    0  3856 493464 333946 1266996 79 20  1  0  0  0
513  0  66112 66335364 2435716 73917608    0    0  3872 604152 338392 1257428 78 20  2  0  0  0
530  0  66112 66345200 2435716 73917620    0    0  3296 517132 322574 1249411 78 21  1  0  0  0
298  0  66112 66352860 2435716 73917640    0    0  3456 445032 329865 1252609 79 20  1  0  0  0
471  0  66112 66356936 2435716 73917652    0    0  2800 492840 317681 1240743 79 20  1  0  0  0
507  0  66112 66337652 2435716 73917668    0    0  3968 418372 332521 1228182 79 20  1  0  0  0
451  0  66112 66343996 2435716 73917684    0    0  3520 589920 317250 1233913 78 20  1  0  0  0
622  0  66112 66362828 2435716 73917708    0    0  3328 515440 321157 1235332 79 20  1  0  0  0
542  0  66112 66361552 2435716 73917720    0    0  2976 542512 327914 1241289 79 20  1  0  0  0
221  0  66112 66355084 2435716 73917736    0    0  3152 520516 308574 1226337 79 20  1  0  0  0
391  1  66112 66355784 2435716 73917752    0    0  4448 459024 313793 1229837 78 20  2  0  0  0
498  0  66112 66348988 2435716 73917772    0    0  3600 520740 333240 1270976 79 20  1  0  0  0
281  3  66112 66352320 2435716 73917784    0    0  8016 684680 274204 1208330 74 18  7  0  0  0
167  5  66112 66345556 2435716 73917784    0    0  4208 334156 324051 1271267 79 20  1  0  0  0
procs -----------memory---------- ---swap-- -----io---- -system-- -------cpu-------
 r  b   swpd   free   buff  cache   si   so    bi    bo   in   cs us sy id wa st gu
556  1  66112 66333864 2435716 73917804    0    0  3984 454296 325470 1255558 79 20  1  0  0  0
408  0  66112 66342540 2435716 73917816    0    0  3584 550032 336480 1255485 78 20  1  0  0  0
403  0  66112 66348280 2435716 73917832    0    0  3712 493352 314156 1240260 78 20  2  0  0  0
252  1  66112 66342212 2435716 73917852    0    0  2464 427472 347537 1258393 79 20  1  0  0  0
335  0  66112 66349684 2435716 73917864    0    0  3712 596336 324521 1254654 78 20  1  0  0  0
305  0  66112 66345880 2435716 73917880    0    0  4192 535780 326255 1256321 78 20  1  0  0  0
420  0  66112 66356192 2435716 73917892    0    0  3840 477492 321420 1252039 78 20  1  0  0  0
395  1  66112 66360796 2435716 73917904    0    0  3088 488180 312001 1231484 78 20  1  0  0  0
463  0  66112 66342304 2435720 73917920    0    0  2288 555344 314949 1244809 78 20  2  0  0  0
445  0  66112 66339892 2435720 73917932    0    0  3984 487920 319701 1259863 78 20  1  0  0  0
271  1  66112 66357692 2435720 73917948    0    0  5104 537260 314919 1253932 77 20  3  0  0  0
561  0  66112 66363344 2435720 73917964    0    0  3952 493640 320199 1228526 78 20  1  0  0  0
463  0  66112 66335088 2435720 73917984    0    0  3168 458684 319102 1223171 79 20  1  0  0  0
479  0  66112 66323988 2435720 73917996    0    0  3984 589920 314112 1215362 78 20  1  0  0  0
445  0  66112 66367708 2435720 73918008    0    0  3760 389324 330417 1241204 79 20  1  0  0  0
524  0  66112 66361888 2435720 73918024    0    0  2976 607264 322821 1226969 78 20  1  0  0  0
518  0  66112 66340024 2435720 73918032    0    0  3168 433620 319284 1254129 79 20  1  0  0  0
246  1  66112 66296160 2435720 73918048    0    0  2832 519532 324524 1256631 78 20  2  0  0  0
397  1  66112 66336860 2435720 73918068    0    0  4096 587672 321521 1261921 78 20  2  0  0  0
63  4  66112 66322952 2435720 73918076    0    0  6304 592508 304011 1253635 74 19  7  0  0  0
584  1  66112 66358460 2435720 73918084    0    0  4976 461120 313977 1227872 78 20  2  0  0  0
procs -----------memory---------- ---swap-- -----io---- -system-- -------cpu-------
 r  b   swpd   free   buff  cache   si   so    bi    bo   in   cs us sy id wa st gu
411  0  66112 66326144 2435720 73918100    0    0  3168 480404 315108 1228245 78 20  2  0  0  0
492  0  66112 66334368 2435720 73918120    0    0  4480 401536 323348 1253589 79 20  1  0  0  0
498  0  66112 66326664 2435720 73918140    0    0  2560 534104 327147 1248661 78 20  1  0  0  0
475  0  66112 66340608 2435720 73918152    0    0  3104 421472 324576 1252392 78 20  1  0  0  0
376  0  66112 66319496 2435720 73918164    0    0  1872 615752 319666 1236405 78 20  1  0  0  0
640  0  66112 66331728 2435720 73918176    0    0  4272 522344 313808 1233251 78 20  1  0  0  0
500  0  66112 66347828 2435720 73918196    0    0  3472 474452 318185 1226017 78 20  2  0  0  0
415  0  66112 66336356 2435720 73918220    0    0  2912 553580 326693 1262554 78 20  1  0  0  0
295  3  66112 66325864 2435720 73918236    0    0  3616 570620 330804 1269959 78 20  2  0  0  0
435  3  66112 66341748 2435720 73918248    0    0  3424 457048 320804 1247888 78 20  2  0  0  0
357  3  66112 66324616 2435720 73918264    0    0  3200 504460 309542 1213574 78 20  2  0  0  0
413  0  66112 66339636 2435720 73918284    0    0  4704 517108 317273 1237198 78 20  2  0  0  0
372  0  66112 66317300 2435720 73918296    0    0  3792 552080 321818 1246292 78 20  2  0  0  0
358  0  66112 66319012 2435720 73918380    0    0  2528 364760 313185 1235609 79 20  1  0  0  0
322  4  66112 66337928 2435720 73918392    0    0  3472 495664 318377 1241774 79 20  1  0  0  0
289  0  66112 66330324 2435720 73918404    0    0  2960 491528 316426 1234962 78 20  1  0  0  0
358  3  66112 66331204 2435720 73918424    0    0  4576 612116 321307 1234569 78 20  1  0  0  0
507  0  66112 66321472 2435720 73918436    0    0  3840 425484 319897 1238298 78 20  1  0  0  0
621  0  66112 66346952 2435720 73918460    0    0  3776 512508 319487 1234522 78 20  1  0  0  0
89  4  66112 66324148 2435720 73918468    0    0  4256 676808 313868 1264387 77 19  3  0  0  0
604  0  66112 66331436 2435720 73918480    0    0  8400 398540 300597 1261659 78 20  3  0  0  0
procs -----------memory---------- ---swap-- -----io---- -system-- -------cpu-------
 r  b   swpd   free   buff  cache   si   so    bi    bo   in   cs us sy id wa st gu
230  1  66112 66330736 2435720 73918500    0    0  2736 547684 325364 1259050 78 20  1  0  0  0
583  2  66112 66328028 2435720 73918516    0    0  2944 543776 308423 1220727 79 20  2  0  0  0
378  1  66112 66332856 2435720 73918528    0    0  3840 379836 337044 1295531 79 21  1  0  0  0
465  2  66112 66334996 2435720 73918540    0    0  3920 548032 313957 1249696 78 20  2  0  0  0
462  1  66112 66323672 2435720 73918556    0    0  4800 556056 323865 1245396 79 20  1  0  0  0
282  1  66112 66305900 2435720 73918572    0    0  3632 551568 323958 1270136 78 20  2  0  0  0
471  4  66112 66335676 2435720 73918584    0    0  4128 423092 324775 1254139 79 20  1  0  0  0
394  0  66112 66352408 2435720 73918600    0    0  3952 567612 312835 1227548 79 20  1  0  0  0
290  1  66112 66333140 2435720 73918612    0    0  4144 462912 316976 1232735 79 20  1  0  0  0
419  4  66112 66309680 2435720 73918624    0    0  2560 479636 323956 1237413 79 20  1  0  0  0
213  3  66112 66323096 2435720 73918636    0    0  3536 537008 317503 1246178 78 20  1  0  0  0
531  0  66112 66356376 2435720 73918656    0    0  4528 493204 312810 1237228 79 20  1  0  0  0
301  2  66112 66321956 2435720 73918672    0    0  3792 527980 322197 1254930 78 20  1  0  0  0
395  0  66112 66296712 2435720 73918684    0    0  4464 537928 310777 1253347 78 20  2  0  0  0
474  2  66112 66310376 2435720 73918700    0    0  4048 511580 340963 1289195 79 20  1  0  0  0
474  0  66112 66324928 2435720 73918712    0    0  3968 469212 317696 1231193 78 20  1  0  0  0
253  0  66112 66329160 2435720 73918732    0    0  4048 463968 317062 1253609 78 20  2  0  0  0
601  0  66112 66298920 2435720 73918744    0    0  2064 435600 325008 1240626 79 20  1  0  0  0
415  1  66112 66321312 2435720 73918760    0    0  4320 607868 318368 1261039 78 20  1  0  0  0
438  0  66112 66333752 2435720 73918780    0    0  4272 548240 325806 1286714 78 20  1  0  0  0
320  0  66112 66346080 2435720 73918792    0    0  7728 520128 287842 1262489 76 19  5  0  0  0
procs -----------memory---------- ---swap-- -----io---- -system-- -------cpu-------
 r  b   swpd   free   buff  cache   si   so    bi    bo   in   cs us sy id wa st gu
412  0  66112 66333116 2435720 73918804    0    0  4368 502560 318962 1231686 78 20  1  0  0  0
449  0  66112 66314088 2435720 73918824    0    0  4560 323208 322118 1267085 78 20  1  0  0  0
424  1  66112 66312668 2435720 73918836    0    0  3440 599020 324501 1241155 78 21  1  0  0  0
510  0  66112 66334856 2435720 73918848    0    0  3680 479776 321142 1240703 79 20  1  0  0  0
378  0  66112 66319032 2435720 73918864    0    0  2448 592308 324832 1262410 78 20  1  0  0  0
460  0  66112 66344272 2435724 73918880    0    0  5232 525748 303980 1224701 78 20  2  0  0  0
444  1  66112 66328540 2435724 73918896    0    0  2944 356792 320704 1235831 79 20  1  0  0  0
549  0  66112 66332140 2435724 73918916    0    0  3248 663076 320751 1242703 78 20  2  0  0  0
423  0  66112 66334340 2435724 73918924    0    0  3504 334676 323643 1259243 78 20  1  0  0  0
573  2  66112 66327940 2435724 73918940    0    0  4048 632444 329178 1266069 78 21  1  0  0  0
368  2  66112 66322648 2435724 73918964    0    0  4592 426772 325118 1254663 79 20  1  0  0  0
475  0  66112 66331356 2435724 73918972    0    0  3920 569068 322654 1244773 78 20  1  0  0  0
414  0  66112 66331276 2435724 73918996    0    0  3152 534080 310939 1243753 78 20  2  0  0  0
333  4  66112 66311016 2435724 73919000    0    0  2736 447664 320780 1246212 79 20  1  0  0  0
356  0  66112 66318404 2435724 73919020    0    0  4048 569920 320723 1256817 78 20  2  0  0  0
301  0  66112 66326344 2435724 73919040    0    0  3376 510624 321913 1245079 78 20  1  0  0  0
521  0  66112 66317872 2435724 73919052    0    0  3472 504916 314585 1243400 78 20  1  0  0  0
295  0  66112 66320672 2435724 73919064    0    0  3952 429220 319746 1239372 79 20  1  0  0  0
424  0  66112 66311056 2435724 73919092    0    0  3920 526828 328705 1247538 79 20  1  0  0  0
336  0  66112 66327040 2435724 73919100    0    0  4672 552868 314644 1229728 79 20  1  0  0  0
295  0  66112 66299016 2435724 73919120    0    0  4992 504216 311971 1252818 78 19  2  0  0  0
procs -----------memory---------- ---swap-- -----io---- -system-- -------cpu-------
 r  b   swpd   free   buff  cache   si   so    bi    bo   in   cs us sy id wa st gu
449  2  66112 66329204 2435724 73919128    0    0  5584 503360 308628 1254782 78 20  2  0  0  0
434  0  66112 66302136 2435724 73919144    0    0  4112 499600 327988 1256949 78 20  1  0  0  0
431  0  66112 66340276 2435724 73919160    0    0  4320 520344 310821 1255902 78 20  2  0  0  0
263  0  66112 66326256 2435724 73919172    0    0  3792 504780 313838 1245188 78 20  2  0  0  0
489  3  66112 66317244 2435724 73919184    0    0  3696 428716 318073 1239964 79 20  1  0  0  0
642  0  66112 66305832 2435724 73919204    0    0  4128 555152 331096 1270887 78 20  1  0  0  0
278  0  66112 66331788 2435724 73919220    0    0  3376 530044 307498 1222164 78 20  2  0  0  0
543  0  66112 66362184 2435724 73919236    0    0  4864 512200 317904 1218198 76 20  4  0  0  0
342  0  66112 66347188 2435724 73919252    0    0  3392 490448 327936 1256635 79 20  1  0  0  0
449  0  66112 66333384 2435724 73919260    0    0  3024 527452 310169 1240309 78 20  2  0  0  0
428  0  66112 66295160 2435724 73919344    0    0  3024 510832 315892 1233286 78 20  1  0  0  0
518  1  66112 66333648 2435724 73919360    0    0  4176 489532 312500 1219482 79 20  2  0  0  0
326  0  66112 66331452 2435724 73919376    0    0  3984 500568 312429 1217914 79 20  1  0  0  0
417  0  66112 66315824 2435724 73919388    0    0  3088 503448 319313 1241416 78 20  1  0  0  0
323  0  66112 66317072 2435724 73919408    0    0  4032 507568 308652 1244439 78 20  2  0  0  0
304  1  66112 66308808 2435724 73919424    0    0  2816 453348 317487 1230763 79 20  1  0  0  0
152  2  66112 66312184 2435724 73919448    0    0  3696 541352 320854 1253227 78 20  1  0  0  0
565  1  66112 66340924 2435724 73919464    0    0  4640 522500 302309 1229586 78 20  2  0  0  0
18  1  66112 66487028 2435724 73919472    0    0  6416 518420 533812 1125479 71 23  6  0  0  0
