procs -----------memory---------- ---swap-- -----io---- -system-- -------cpu-------
 r  b   swpd   free   buff  cache   si   so    bi    bo   in   cs us sy id wa st gu
 4  1  59712 103736996 2513888 79676856    0    1 28958 29892 8745    5  3  1 96  0  0  0
127  0  59712 102518840 2513888 79676948    0    0 171168 230172 452723 462228 10 22 66  2  0  0
119  0  59712 99577920 2513888 79676960    0    0 121408 150128 971521 497378 15 63 20  1  0  0
37 10  59712 98405164 2513948 79676916    0    0 743232 249084 869002 645225 22 51 18  9  0  0
 7  0  59712 98408344 2513948 79676996    0    0 880880 488104 232331 780681 27  7 54 12  0  0
47 29  59712 98389932 2513948 79677012    0    0 957504 476584 251555 802485 28  8 51 14  0  0
43 11  59712 98297352 2513948 79677036    0    0 997264 508284 283974 828673 29  8 48 15  0  0
 4  0  59712 98252436 2513948 79677048    0    0 993248 525776 240944 803530 27  6 51 16  0  0
 3  0  59712 98173736 2513948 79677060    0    0 1022944 523464 246178 821192 29  6 50 15  0  0
37  9  59712 98092372 2513948 79677076    0    0 1005456 516204 246857 815205 28  7 50 14  0  0
47 34  59712 98018904 2513948 79677092    0    0 1001776 516092 244448 821990 28  8 50 14  0  0
 5  0  59712 97976684 2513948 79677116    0    0 991984 519684 242064 812698 29  7 50 13  0  0
46 10  59712 97901844 2513948 79677136    0    0 930352 538028 234881 756596 26  7 54 13  0  0
39 30  59712 97862436 2513948 79677152    0    0 914784 561296 235258 748106 25  7 54 14  0  0
 3  3  59712 97823804 2513948 79677172    0    0 935120 539536 232550 769697 26  7 54 14  0  0
 3  0  59712 97812672 2513948 79677184    0    0 936944 542244 233486 769899 25  6 54 15  0  0
42  5  59712 97772896 2513948 79677196    0    0 956272 547344 232452 767474 25  6 54 14  0  0
 4  1  59712 97709728 2513948 79677212    0    0 934032 548708 235087 772429 26  7 54 14  0  0
44 11  59712 97673052 2513948 79677236    0    0 927584 547092 231148 749428 25  7 55 14  0  0
 4  0  59712 97629348 2513948 79677252    0    0 940688 541204 232958 770568 26  7 54 14  0  0
 5  0  59712 97615076 2513948 79677272    0    0 933440 552332 234307 758395 25  7 54 13  0  0
procs -----------memory---------- ---swap-- -----io---- -system-- -------cpu-------
 r  b   swpd   free   buff  cache   si   so    bi    bo   in   cs us sy id wa st gu
38  8  59712 97590192 2513948 79677292    0    0 934608 535644 235041 769480 26  7 54 14  0  0
 4  0  59712 97539288 2513948 79677312    0    0 930176 568036 231436 752653 24  7 54 14  0  0
37 17  59712 97515912 2513948 79677324    0    0 934400 543108 227813 744980 24  6 55 15  0  0
 4  0  59712 97471660 2513948 79677332    0    0 934720 538168 228757 759195 24  6 54 16  0  0
28 51  59712 97431424 2513948 79677352    0    0 936736 542512 229373 757107 25  7 54 15  0  0
43 28  59712 97404044 2513948 79677376    0    0 938144 533908 231481 760608 25  7 54 15  0  0
43 33  59712 97363336 2513948 79677396    0    0 918016 531968 227188 750605 24  7 55 13  0  0
42 38  59712 97328580 2513952 79677408    0    0 908048 540472 228208 753247 25  7 55 13  0  0
23 13  59712 97294812 2513952 79677436    0    0 930720 532900 231337 774770 26  7 54 14  0  0
38 37  59712 97280252 2513952 79677452    0    0 941680 570832 233579 766101 25  7 54 14  0  0
 2  0  59712 97257736 2513952 79677532    0    0 909312 525756 222950 740735 23  6 54 17  0  0
16  5  59712 97224948 2513952 79677540    0    0 935744 540016 233848 755763 25  6 54 15  0  0
25 10  59712 97175560 2513952 79677564    0    0 931040 539628 237672 750550 25  7 54 14  0  0
 4  0  59712 97157288 2513952 79677584    0    0 934128 548520 236432 773325 25  7 53 14  0  0
45 33  59712 97101488 2513952 79677608    0    0 946336 547256 238365 772838 25  7 54 14  0  0
 2  0  59712 97065168 2513952 79677628    0    0 950160 554528 239473 769889 25  7 54 14  0  0
39 19  59712 97044024 2513952 79677644    0    0 952912 551092 235414 764477 25  7 54 14  0  0
44  6  59712 97017104 2513952 79677664    0    0 936272 557480 229563 755768 25  7 54 15  0  0
11  1  59712 97003344 2513952 79677676    0    0 934864 546452 230099 768995 25  6 55 15  0  0
 4  0  59712 96969648 2513952 79677688    0    0 935472 552596 228865 749145 25  6 55 15  0  0
 3  1  59712 96958600 2513952 79677704    0    0 958304 548584 232724 770180 25  7 54 14  0  0
procs -----------memory---------- ---swap-- -----io---- -system-- -------cpu-------
 r  b   swpd   free   buff  cache   si   so    bi    bo   in   cs us sy id wa st gu
44 35  59712 96919500 2513952 79677728    0    0 934784 542252 228214 748422 24  7 53 16  0  0
32 49  59712 96900908 2513952 79677748    0    0 930720 534992 226340 755253 25  7 53 15  0  0
31 12  59712 96873736 2513952 79677764    0    0 938736 541232 226735 750894 25  7 53 15  0  0
43 12  59712 96844120 2513952 79677788    0    0 939616 544472 233878 769941 25  7 54 15  0  0
 5  0  59712 96823772 2513952 79677804    0    0 937984 567464 230797 758354 25  7 55 14  0  0
 1  0  59712 96815344 2513952 79677824    0    0 932960 551624 229474 759570 24  6 56 14  0  0
 9  0  59712 96792480 2513952 79677832    0    0 958512 550944 231385 773385 25  6 54 14  0  0
 5  0  59712 96784388 2513952 79677848    0    0 919488 529568 223203 735418 23  7 53 17  0  0
39 36  59712 96753128 2513952 79677868    0    0 952672 546880 231441 760424 25  7 54 15  0  0
50  0  59712 96724632 2513952 79677892    0    0 932944 539700 230371 764317 25  7 54 14  0  0
46 34  59712 96706368 2513952 79677912    0    0 946720 553240 232666 776752 26  7 53 14  0  0
 2  0  59712 96688604 2513952 79677932    0    0 948048 552704 233628 766667 25  7 54 14  0  0
 2  0  59712 96681600 2513952 79677952    0    0 950784 562608 233697 777080 26  7 53 14  0  0
40 35  59712 96688364 2513952 79677960    0    0 937424 551792 230167 756434 24  5 56 14  0  0
40 23  59712 96673352 2513952 79677968    0    0 948480 544112 233996 774750 25  6 54 14  0  0
47 35  59712 96657068 2513952 79677992    0    0 954752 549740 234089 773159 25  7 54 14  0  0
37 39  59712 96651496 2513952 79678008    0    0 925792 549108 229386 756829 24  7 54 15  0  0
 5  0  59712 96620776 2513952 79678028    0    0 955648 547900 233893 777895 25  7 53 15  0  0
38  9  59712 96600364 2513952 79678044    0    0 912176 528972 225316 748728 24  7 54 15  0  0
37  9  59712 96584812 2513952 79678064    0    0 936272 545712 231015 757617 25  7 54 14  0  0
37 12  59712 96593056 2513952 79678092    0    0 914928 539704 224366 730264 23  6 53 18  0  0
procs -----------memory---------- ---swap-- -----io---- -system-- -------cpu-------
 r  b   swpd   free   buff  cache   si   so    bi    bo   in   cs us sy id wa st gu
 4  0  59712 96584364 2513952 79678104    0    0 940288 548700 232226 751611 25  6 54 15  0  0
23  6  59712 96570120 2513952 79678112    0    0 955200 553276 239049 763760 25  6 54 15  0  0
42 25  59712 96551028 2513952 79678136    0    0 938624 556208 238256 755218 25  7 54 14  0  0
41 34  59712 96534396 2513952 79678152    0    0 942992 546952 244160 774769 26  7 53 14  0  0
 5  0  59712 96517200 2513952 79678176    0    0 925504 540416 234696 752612 25  7 53 15  0  0
 5  0  59712 96487956 2513952 79678196    0    0 957456 549464 229776 760328 25  7 53 15  0  0
37 12  59712 96493536 2513952 79678212    0    0 954032 551852 229722 765309 25  7 53 15  0  0
38 35  59712 96487664 2513952 79678236    0    0 937728 567760 230111 766212 25  6 54 15  0  0
31  3  59712 96484272 2513952 79678240    0    0 955440 545092 232499 772232 25  6 55 15  0  0
37  5  59712 96491812 2513952 79678252    0    0 935216 542564 230035 754136 24  6 55 14  0  0
 6  0  59712 96485472 2513952 79678276    0    0 916048 537256 230779 763036 25  7 55 14  0  0
47  5  59712 96455780 2513952 79678296    0    0 933776 539504 231210 762004 25  7 54 14  0  0
33 10  59712 96445084 2513952 79678312    0    0 934144 550476 230282 762972 25  7 54 14  0  0
45  8  59712 96444096 2513952 79678332    0    0 935776 549144 229644 752464 25  7 54 15  0  0
45 36  59712 96439388 2513952 79678348    0    0 953072 559648 233633 765499 25  7 54 15  0  0
41 20  59712 96436844 2513952 79678376    0    0 940592 553004 227663 744356 24  6 53 16  0  0
 2  0  59712 96438400 2513952 79678388    0    0 940592 558904 227407 748199 24  5 55 16  0  0
36 53  59712 96427668 2513952 79678400    0    0 950912 542060 228308 752890 24  6 53 17  0  0
42 14  59712 96457152 2513952 79678416    0    0 943664 539588 231367 773507 25  7 53 15  0  0
41 35  59712 96435144 2513952 79678440    0    0 944032 555584 231923 772335 25  7 54 15  0  0
36 18  59712 96428228 2513952 79678460    0    0 964416 549112 236493 789408 26  7 53 15  0  0
procs -----------memory---------- ---swap-- -----io---- -system-- -------cpu-------
 r  b   swpd   free   buff  cache   si   so    bi    bo   in   cs us sy id wa st gu
35 16  59712 96421168 2513952 79678480    0    0 934656 552076 231885 770197 25  7 53 14  0  0
36 15  59712 96415816 2513952 79678496    0    0 935824 545792 228618 751861 24  7 54 15  0  0
 3  1  59712 96419140 2513952 79678516    0    0 939840 538204 227347 756848 24  6 54 16  0  0
41 32  59712 96417660 2513952 79678532    0    0 946464 561156 230474 772998 25  6 54 15  0  0
 2  0  59712 96419872 2513952 79678540    0    0 947712 554880 233131 773769 25  6 55 15  0  0
40 27  59712 96409416 2513952 79678556    0    0 939824 549276 231357 762655 25  7 54 14  0  0
 4  0  59712 96408720 2513952 79678576    0    0 953920 547060 233362 776542 26  7 53 14  0  0
 4  0  59712 96407108 2513952 79678660    0    0 938304 551992 232569 766564 25  7 54 14  0  0
 6  0  59712 96397356 2513952 79678680    0    0 961728 547748 233962 779328 25  7 53 15  0  0
35 16  59712 96380372 2513952 79678704    0    0 952432 560360 232104 759114 25  7 54 14  0  0
12  0  59712 96393872 2513952 79678724    0    0 936640 546572 231729 759526 25  6 54 14  0  0
39 30  59712 96381984 2513952 79678732    0    0 942144 569984 229306 746080 24  5 55 16  0  0
48 36  59712 96392760 2513952 79678740    0    0 918624 542396 233355 752805 24  6 54 16  0  0
42  6  59712 96381440 2513952 79678768    0    0 939808 544984 233673 758927 25  7 53 15  0  0
36 47  59712 96383668 2513952 79678788    0    0 951104 555108 233002 753621 24  7 54 15  0  0
42  5  59712 96384632 2513952 79678808    0    0 925920 524640 225061 737408 23  7 52 18  0  0
36  9  59712 96385672 2513952 79678828    0    0 943952 544516 232503 772301 25  7 54 14  0  0
 4  0  59712 96366760 2513952 79678848    0    0 936656 553112 231910 768927 25  7 54 14  0  0
13  2  59712 96363624 2513952 79678868    0    0 958512 554040 232787 774130 25  7 53 15  0  0
36 40  59712 96364820 2513952 79678880    0    0 963584 575936 228813 766533 25  6 53 17  0  0
 3  2  59712 96376588 2513952 79678892    0    0 949712 547232 226598 749419 23  6 53 17  0  0
procs -----------memory---------- ---swap-- -----io---- -system-- -------cpu-------
 r  b   swpd   free   buff  cache   si   so    bi    bo   in   cs us sy id wa st gu
43 30  59712 96365244 2513952 79678912    0    0 950416 547840 231930 763380 25  7 54 15  0  0
 4  0  59712 96359612 2513952 79678928    0    0 943376 553292 232530 769548 25  7 54 14  0  0
 5  0  59712 96355716 2513952 79678944    0    0 933952 546976 230456 765938 25  7 54 14  0  0
 5  0  59712 96347428 2513952 79678968    0    0 954160 549300 239166 776780 25  7 54 15  0  0
41 33  59712 96355744 2513952 79678992    0    0 952080 551964 234200 777207 25  7 53 14  0  0
38 37  59712 96348620 2513952 79679008    0    0 944240 556592 230294 762719 24  7 54 15  0  0
 3  0  59712 96354016 2513952 79679016    0    0 955600 571284 231127 765729 25  6 54 16  0  0
59 18  59712 96356940 2513952 79679028    0    0 934912 551992 225822 754797 24  6 55 15  0  0
41  7  59712 96348524 2513952 79679048    0    0 944608 546388 228882 761311 25  7 53 15  0  0
44 13  59712 96333720 2513952 79679068    0    0 952848 552548 228985 758901 24  7 53 16  0  0
40 38  59712 96330468 2513952 79679088    0    0 922544 545168 225872 743156 24  7 54 15  0  0
11  1  59712 96337064 2513952 79679104    0    0 949248 537208 232882 773920 25  7 53 15  0  0
35 51  59712 96358476 2513952 79679124    0    0 906528 519976 222839 736297 24  7 54 16  0  0
 4  0  59712 96336884 2513952 79679144    0    0 925344 534240 227530 756036 24  6 54 15  0  0
 3  0  59712 96336020 2513952 79679160    0    0 936944 567916 232132 770194 24  6 55 15  0  0
 5  0  59712 96354536 2513952 79679172    0    0 956560 549388 232843 773283 25  6 54 15  0  0
10  0  59712 96361620 2513952 79679196    0    0 916096 538820 224723 739280 23  7 54 16  0  0
46 13  59712 96348100 2513952 79679212    0    0 975904 547964 230942 771267 25  7 52 16  0  0
41 44  59712 96340700 2513952 79679228    0    0 950448 561192 229510 761662 25  7 54 15  0  0
50 32  59712 96323472 2513952 79679256    0    0 925888 554964 228540 766859 25  7 53 15  0  0
40 15  59712 96342436 2513952 79679276    0    0 973904 558860 232414 772136 25  7 53 15  0  0
procs -----------memory---------- ---swap-- -----io---- -system-- -------cpu-------
 r  b   swpd   free   buff  cache   si   so    bi    bo   in   cs us sy id wa st gu
 4  0  59712 96343000 2513952 79679292    0    0 954272 546932 233116 780444 26  6 54 15  0  0
 2  0  59712 96348452 2513952 79679300    0    0 951664 562632 229897 764842 25  5 54 15  0  0
37 43  59712 96340380 2513952 79679316    0    0 967904 575620 234024 774416 25  7 53 15  0  0
43 44  59712 96354244 2513952 79679340    0    0 958368 554680 231120 772318 25  7 53 15  0  0
 3  1  59712 96343660 2513952 79679360    0    0 948528 556316 233657 774494 25  7 53 15  0  0
16 10  59712 96342856 2513952 79679380    0    0 932832 547936 228941 749804 25  7 54 15  0  0
 7  0  59712 96343836 2513952 79679396    0    0 935376 536556 229525 759722 25  7 53 15  0  0
45  9  59712 96329380 2513952 79679416    0    0 930912 534188 225690 747309 24  7 53 16  0  0
31 38  59712 96333676 2513952 79679436    0    0 941680 548104 226834 751019 24  6 54 15  0  0
41 42  59712 96339140 2513952 79679444    0    0 957120 560436 228570 760092 24  6 54 16  0  0
40 11  59712 96352004 2513952 79679460    0    0 953872 558052 228347 765327 24  6 53 16  0  0
31  9  59712 96353148 2513952 79679480    0    0 953824 560976 232038 777868 25  7 53 15  0  0
 6  1  59712 96347132 2513952 79679500    0    0 961744 561736 233933 774623 25  7 53 15  0  0
 4  0  59712 96331204 2513952 79679520    0    0 956864 555348 232431 770243 25  7 53 15  0  0
39  4  59712 96326208 2513952 79679536    0    0 954928 554076 231477 768555 25  7 53 15  0  0
41 35  59712 96316800 2513952 79679556    0    0 937040 554416 228724 753982 25  7 53 15  0  0
36 10  59712 96328896 2513952 79679572    0    0 974592 550196 232387 773384 25  6 53 16  0  0
44  8  59712 96321288 2513952 79679580    0    0 958000 556692 230882 766602 25  6 55 15  0  0
38 10  59712 96353044 2513952 79679600    0    0 950096 570952 233549 776803 25  7 53 15  0  0
40 40  59712 96345700 2513952 79679616    0    0 949760 554780 232675 779194 25  7 53 15  0  0
22  0  59712 96359348 2513952 79679640    0    0 940352 554080 231063 769540 25  7 53 15  0  0
procs -----------memory---------- ---swap-- -----io---- -system-- -------cpu-------
 r  b   swpd   free   buff  cache   si   so    bi    bo   in   cs us sy id wa st gu
41  8  59712 96343044 2513952 79679664    0    0 960912 552580 234775 775756 25  7 53 15  0  0
39  7  59712 96332740 2513952 79679680    0    0 934816 545012 233710 773474 25  7 54 14  0  0
36 19  59712 96353616 2513952 79679700    0    0 947664 550292 232826 774729 26  7 53 15  0  0
42 39  59712 96338972 2513956 79679720    0    0 928192 546124 227053 746935 24  6 54 16  0  0
40 31  59712 96337028 2513956 79679796    0    0 948688 550552 228281 752647 24  6 54 16  0  0
 5  0  59712 96338836 2513956 79679812    0    0 939216 565896 228786 755279 24  7 53 16  0  0
32 12  59712 96344204 2513956 79679828    0    0 933648 539296 227910 753346 24  7 53 16  0  0
46  5  59712 96328144 2513956 79679848    0    0 960144 556252 233789 780262 26  7 53 15  0  0
 5  0  59712 96324112 2513960 79679872    0    0 955728 555876 234083 776440 25  7 53 15  0  0
39 11  59712 96332364 2513960 79679892    0    0 955824 559828 232804 770140 25  7 53 15  0  0
 2  1  59712 96351776 2513960 79679912    0    0 959264 559580 224820 761553 24  6 52 17  0  0
36  9  59712 96348416 2513960 79679924    0    0 977792 564708 227594 767014 24  6 54 16  0  0
51 10  59712 96350804 2513960 79679936    0    0 957376 574464 228417 760056 24  6 54 16  0  0
 6  0  59712 96334544 2513960 79679956    0    0 959568 551336 231870 772998 25  7 53 15  0  0
17  7  59712 96332548 2513960 79679980    0    0 939360 539772 232111 768453 25  7 54 14  0  0
42 32  59712 96338676 2513964 79679992    0    0 946784 554624 231028 763351 25  7 54 14  0  0
49 26  59712 96317820 2513964 79680016    0    0 946592 560328 231787 781414 25  7 54 14  0  0
 7  1  59712 96322496 2513964 79680036    0    0 957152 560444 234977 782557 25  7 53 14  0  0
44 37  59712 96328652 2513964 79680060    0    0 951712 552800 232992 776775 25  7 53 15  0  0
35 38  59712 96325020 2513964 79680072    0    0 964864 562376 232257 766654 24  6 54 16  0  0
38 20  59712 96336148 2513972 79680072    0    0 945536 545632 229545 758201 24  6 54 16  0  0
procs -----------memory---------- ---swap-- -----io---- -system-- -------cpu-------
 r  b   swpd   free   buff  cache   si   so    bi    bo   in   cs us sy id wa st gu
44 38  59712 96337528 2513972 79680096    0    0 946592 571616 230743 767987 25  7 53 16  0  0
25 16  59712 96335772 2513972 79680116    0    0 951408 550600 231918 771960 25  7 53 15  0  0
43 34  59712 96334096 2513972 79680136    0    0 950768 551340 232184 763651 24  7 53 16  0  0
38 48  59712 96329188 2513972 79680156    0    0 950416 546604 229124 759629 25  7 52 16  0  0
36  9  59712 96339908 2513976 79680172    0    0 967056 552836 232374 768639 25  7 53 15  0  0
42 44  59712 96334980 2513976 79680196    0    0 944768 557588 231137 759400 25  7 54 15  0  0
40  8  59712 96326848 2513976 79680212    0    0 946560 538724 225774 749974 24  6 53 18  0  0
 4  0  59712 96328144 2513976 79680220    0    0 957680 557788 231980 764821 24  6 54 15  0  0
 4  0  59712 96325476 2513976 79680240    0    0 957664 575064 233582 774070 25  7 53 15  0  0
41  2  59712 96338916 2513976 79680260    0    0 956480 554180 231688 772820 25  7 54 15  0  0
46 29  59712 96331636 2513976 79680276    0    0 943136 559344 229458 756191 24  7 54 15  0  0
 6  0  59712 96322204 2513976 79680296    0    0 942400 551140 231636 780285 25  7 53 14  0  0
38 30  59712 96327864 2513976 79680320    0    0 977184 557340 235829 790893 25  7 52 15  0  0
42 40  59712 96322224 2513976 79680336    0    0 947776 555364 231183 771115 25  6 54 15  0  0
 4  0  59712 96320936 2513976 79680344    0    0 944576 551104 233403 786791 25  6 54 15  0  0
42  5  59712 96318868 2513976 79680360    0    0 961824 553512 234976 779157 26  7 53 15  0  0
 4  0  59712 96332884 2513976 79680380    0    0 955744 574496 231845 776977 25  7 53 15  0  0
47  1  59712 96334084 2513976 79680400    0    0 930752 543584 229160 758282 24  7 54 16  0  0
40 29  59712 96328596 2513976 79680424    0    0 949072 550396 230571 768153 25  7 53 15  0  0
 3  1  59712 96335332 2513976 79680444    0    0 942272 550396 228777 760532 25  7 53 16  0  0
10  0  59712 96336396 2513976 79680464    0    0 940496 549536 228614 758247 25  7 53 15  0  0
procs -----------memory---------- ---swap-- -----io---- -system-- -------cpu-------
 r  b   swpd   free   buff  cache   si   so    bi    bo   in   cs us sy id wa st gu
 4  0  59712 96322192 2513976 79680480    0    0 960064 556580 231300 783002 25  6 53 16  0  0
 2  0  59712 96319124 2513976 79680492    0    0 952752 547536 224839 749817 24  5 53 18  0  0
30 25  59712 96337440 2513976 79680508    0    0 957536 546156 233120 774384 25  7 53 15  0  0
 6  1  59712 96328728 2513976 79680524    0    0 963104 575056 232745 768340 25  7 53 16  0  0
33  7  59712 96331364 2513976 79680548    0    0 941488 552504 228187 758932 24  7 53 16  0  0
41 10  59712 96329704 2513976 79680568    0    0 948352 553396 230312 763369 25  7 53 15  0  0
38  5  59712 96333564 2513976 79680588    0    0 961376 551120 234041 771883 25  7 53 15  0  0
 6  0  59712 96331668 2513976 79680612    0    0 953824 558620 231375 774010 25  7 53 15  0  0
47 17  59712 96342164 2513976 79680628    0    0 971200 560864 233337 768981 25  6 54 15  0  0
63 14  59712 96337936 2513980 79680640    0    0 965904 567564 232025 767006 25  6 54 16  0  0
20  0  59712 96335624 2513980 79680652    0    0 952560 565068 234362 772483 25  7 53 15  0  0
 6  1  59712 96319340 2513980 79680672    0    0 948416 572568 233366 774664 25  7 53 15  0  0
14  9  59712 96331076 2513980 79680696    0    0 964496 554212 233203 780175 25  7 53 15  0  0
 4  0  59712 96316780 2513980 79680716    0    0 920208 548316 224611 746147 24  7 55 15  0  0
 5  0  59712 96312232 2513980 79680744    0    0 957632 546416 227174 764742 24  7 53 16  0  0
18  0  59712 96313764 2513980 79680760    0    0 959088 555288 233515 779728 25  7 53 14  0  0
41 40  59712 96322324 2513980 79680776    0    0 959312 551304 229998 761002 24  6 55 15  0  0
 4  1  59712 96323760 2513980 79680788    0    0 943840 546516 230554 760286 24  5 55 15  0  0
20 67  59712 96323588 2513980 79680804    0    0 956288 567088 232097 768382 25  7 54 14  0  0
35 29  59712 96323088 2513980 79680824    0    0 931408 554864 223153 734167 23  7 53 18  0  0
12 65  59712 96323464 2513980 79680840    0    0 934928 542928 224348 738360 23  7 53 17  0  0
procs -----------memory---------- ---swap-- -----io---- -system-- -------cpu-------
 r  b   swpd   free   buff  cache   si   so    bi    bo   in   cs us sy id wa st gu
44 31  59712 96328340 2513980 79680860    0    0 972448 555260 233213 778114 25  7 52 16  0  0
33 38  59712 96313196 2513980 79680968    0    0 941072 554144 232376 773145 25  7 53 15  0  0
38 27  59712 96313900 2513980 79680988    0    0 970576 554428 234452 786261 26  7 53 15  0  0
32 51  59712 96317152 2513980 79681000    0    0 963840 568792 233409 781561 25  6 54 16  0  0
32 55  59712 96323536 2513980 79681008    0    0 978256 570068 233891 775246 25  6 54 16  0  0
29 21  59712 96316644 2513980 79681024    0    0 955968 560644 232574 777507 26  7 52 15  0  0
18  1  59712 96316048 2513980 79681044    0    0 961664 578084 233727 771965 25  7 53 15  0  0
 5  0  59712 96305856 2513980 79681064    0    0 958176 549820 233335 781974 26  7 53 14  0  0
41 25  59712 96323868 2513980 79681084    0    0 950896 543876 233431 776100 25  7 54 14  0  0
37 47  59712 96325980 2513980 79681104    0    0 952464 562488 234756 783728 26  7 53 14  0  0
23 44  59712 96313564 2513980 79681124    0    0 920560 521976 231252 743075 24  7 55 14  0  0
18 65  59712 96297468 2513980 79681140    0    0 957008 567384 234471 759524 24  6 54 16  0  0
33 57  59712 96297280 2513980 79681152    0    0 957520 557648 233940 780242 25  6 53 15  0  0
11 58  59712 96300072 2513980 79681168    0    0 963568 563612 231923 765299 25  7 52 15  0  0
38 40  59712 96309504 2513984 79681188    0    0 950480 567064 232268 763946 25  7 53 15  0  0
31 53  59712 96304616 2513984 79681208    0    0 962256 560688 232170 772665 25  7 53 15  0  0
27 60  59712 96308980 2513984 79681228    0    0 926192 535012 223614 745695 23  7 53 16  0  0
17 58  59712 96306724 2513984 79681248    0    0 923568 543952 223837 740808 23  7 51 19  0  0
36 36  59712 96313856 2513984 79681268    0    0 951408 542500 233057 766770 25  7 52 16  0  0
28 54  59712 96308512 2513984 79681284    0    0 962128 555464 231612 775643 25  6 54 16  0  0
33 52  59712 96310684 2513984 79681292    0    0 968608 546352 232325 768869 25  6 54 15  0  0
procs -----------memory---------- ---swap-- -----io---- -system-- -------cpu-------
 r  b   swpd   free   buff  cache   si   so    bi    bo   in   cs us sy id wa st gu
24 49  59712 96306680 2513984 79681308    0    0 951680 565788 234258 768831 25  7 53 15  0  0
30 49  59712 96305352 2513984 79681332    0    0 952064 560896 230512 766788 25  7 53 15  0  0
37 42  59712 96306092 2513984 79681352    0    0 958560 553532 235920 765118 25  7 54 14  0  0
37 52  59712 96303792 2513984 79681368    0    0 957440 554832 233318 774982 25  7 53 14  0  0
22 51  59712 96314904 2513984 79681388    0    0 951072 551228 239039 772593 25  7 54 14  0  0
34 41  59712 96281008 2513984 79681408    0    0 961776 554796 240372 778107 25  7 53 15  0  0
40 42  59712 96275916 2513984 79681424    0    0 970736 570564 234988 778212 25  6 54 15  0  0
14 55  59712 96271264 2513984 79681436    0    0 953280 545072 232848 767077 25  6 54 15  0  0
25 43  59712 96286232 2513984 79681456    0    0 939968 548132 230789 763089 24  7 53 15  0  0
44 38  59712 96296568 2513984 79681472    0    0 964784 555532 232670 769383 25  7 53 15  0  0
32 49  59712 96300264 2513984 79681492    0    0 967840 596456 235780 777935 25  7 52 16  0  0
36 43  59712 96293496 2513984 79681516    0    0 953424 532924 232640 774739 25  7 53 15  0  0
33 46  59712 96307780 2513984 79681536    0    0 956496 549304 231141 766626 25  7 54 15  0  0
23 60  59712 96291656 2513984 79681552    0    0 964768 563788 231234 763529 24  6 53 16  0  0
32 39  59712 96296444 2513984 79681564    0    0 938080 543472 228109 761063 23  6 53 18  0  0
18 56  59712 96289792 2513984 79681572    0    0 943280 535368 223170 746942 23  6 53 17  0  0
23 63  59712 96315260 2513984 79681596    0    0 981152 565192 230959 775215 25  7 53 15  0  0
34 43  59712 96310024 2513984 79681624    0    0 972944 572592 233133 773276 25  7 53 15  0  0
22 63  59712 96323868 2513984 79681640    0    0 946912 561332 231473 768400 25  7 54 15  0  0
34 37  59712 96313840 2513984 79681660    0    0 942672 544872 229455 759349 25  7 54 14  0  0
44 38  59712 96320060 2513984 79681680    0    0 945120 559760 234768 774278 25  7 54 14  0  0
procs -----------memory---------- ---swap-- -----io---- -system-- -------cpu-------
 r  b   swpd   free   buff  cache   si   so    bi    bo   in   cs us sy id wa st gu
26 44  59712 96328196 2513984 79681696    0    0 952944 557184 232896 775724 25  6 54 14  0  0
36 37  59712 96319248 2513984 79681708    0    0 940800 536624 228073 762027 25  5 56 14  0  0
37 47  59712 96310448 2513984 79681720    0    0 964752 573144 232986 771828 25  7 53 15  0  0
30 52  59712 96326260 2513984 79681740    0    0 948992 546416 231647 773476 25  7 54 14  0  0
39 37  59712 96323896 2513984 79681764    0    0 940208 546704 228281 766682 25  7 53 15  0  0
41 31  59712 96314456 2513984 79681784    0    0 943088 560432 230221 759370 25  7 53 16  0  0
33 44  59712 96303648 2513984 79681808    0    0 951680 560276 231703 774740 25  7 53 15  0  0
23 35  59712 96304936 2513984 79681824    0    0 959024 561692 232982 770573 25  7 53 15  0  0
29 36  59712 96314232 2513984 79681848    0    0 975040 567568 233662 772486 25  6 54 15  0  0
10 60  59712 96317200 2513984 79681852    0    0 942640 534856 229172 763947 25  6 54 15  0  0
15 48  59712 96333444 2513984 79681860    0    0 957904 556796 232146 770550 25  7 53 16  0  0
26 46  59712 96319604 2513984 79681884    0    0 928784 533964 222752 739816 23  7 52 18  0  0
39 32  59712 96328004 2513984 79681908    0    0 967248 569140 231443 768955 25  7 53 15  0  0
30 56  59712 96313556 2513984 79681928    0    0 958752 545352 233348 775470 25  7 53 15  0  0
18 58  59712 96316632 2513984 79681944    0    0 962064 563372 232753 770526 25  7 52 16  0  0
22 45  59712 96311436 2513984 79681964    0    0 934176 531072 223937 741404 23  7 52 19  0  0
 6  1  59712 96321764 2513984 79681984    0    0 948208 546716 224914 737611 23  5 54 18  0  0
25 55  59712 96311468 2513984 79681992    0    0 962032 545232 227653 770766 25  6 52 18  0  0
40 52  59712 96319344 2513984 79682004    0    0 940976 536816 222430 739711 23  7 51 19  0  0
 2  0  59712 96310672 2513984 79682092    0    0 941920 532060 222032 731717 23  6 51 20  0  0
 4  0  59712 96321996 2513984 79682108    0    0 933776 554516 226423 755579 24  7 52 17  0  0
procs -----------memory---------- ---swap-- -----io---- -system-- -------cpu-------
 r  b   swpd   free   buff  cache   si   so    bi    bo   in   cs us sy id wa st gu
33 46  59712 96329340 2513984 79682132    0    0 972208 552664 228591 757813 24  7 52 17  0  0
40 37  59712 96308452 2513984 79682152    0    0 929776 532880 226031 755943 24  7 51 18  0  0
42  8  59712 96323136 2513984 79682172    0    0 921952 528140 226506 735466 23  7 52 19  0  0
38 11  59712 96323052 2513984 79682192    0    0 957056 550632 230185 767156 25  6 53 16  0  0
 3  0  59712 96325624 2513984 79682200    0    0 944288 554028 227150 757887 24  6 54 17  0  0
 7  0  59712 96322624 2513984 79682216    0    0 958048 546800 233184 775015 25  7 52 16  0  0
 5  0  59712 96328320 2513984 79682236    0    0 954992 549896 228803 755277 24  7 53 16  0  0
 5  0  59712 96334904 2513984 79682256    0    0 954576 557552 229768 759617 24  7 53 16  0  0
 5  0  59712 96329812 2513984 79682272    0    0 933952 560344 225501 741680 23  7 53 17  0  0
 5  0  59712 96317780 2513984 79682292    0    0 954144 551972 231221 771536 25  7 53 16  0  0
41 11  59712 96320200 2513984 79682320    0    0 958272 553308 229178 759870 24  7 52 17  0  0
 6  0  59712 96325628 2513984 79682332    0    0 958976 557332 232242 780705 25  6 53 16  0  0
 2  0  59712 96335840 2513988 79682340    0    0 964496 562072 230260 763624 25  5 53 17  0  0
35 25  59712 96331456 2513988 79682356    0    0 971552 553716 235035 774183 25  7 53 16  0  0
 3  0  59712 96311124 2513988 79682372    0    0 935280 552948 229997 763519 25  7 53 16  0  0
55 13  59712 96319356 2513988 79682396    0    0 951040 550780 230479 761688 24  7 53 16  0  0
46 26  59712 96328092 2513988 79682416    0    0 947456 557424 230456 755446 25  7 53 15  0  0
 7  0  59712 96318604 2513988 79682436    0    0 948032 550192 231012 762722 24  7 53 16  0  0
 4  0  59712 96308416 2513988 79682456    0    0 938992 556084 229859 761355 24  7 54 15  0  0
 4  0  59712 96301900 2513988 79682472    0    0 932528 540876 220705 736209 23  5 55 17  0  0
 3  0  59712 96317108 2513988 79682480    0    0 957280 559072 225854 756904 24  6 54 17  0  0
procs -----------memory---------- ---swap-- -----io---- -system-- -------cpu-------
 r  b   swpd   free   buff  cache   si   so    bi    bo   in   cs us sy id wa st gu
35 36  59712 96323444 2513988 79682504    0    0 958080 551608 231263 769934 25  7 52 16  0  0
 2  0  59712 96336056 2513988 79682528    0    0 948528 547496 227920 760584 24  7 53 16  0  0
 6  1  59712 96338248 2513988 79682544    0    0 937648 542952 228009 761566 25  7 53 15  0  0
39 35  59712 96327344 2513988 79682560    0    0 935536 559664 230143 758134 24  7 54 15  0  0
 4  0  59712 96330976 2513988 79682580    0    0 928576 541148 228332 762114 24  7 53 15  0  0
 6  0  59712 96318604 2513988 79682600    0    0 958336 545912 227170 754088 24  7 52 17  0  0
46  7  59712 96317712 2513988 79682616    0    0 930384 533776 226705 759077 24  5 53 18  0  0
 2  0  59712 96324488 2513988 79682624    0    0 955552 561192 230437 760929 24  6 53 17  0  0
 4  0  59712 96326772 2513988 79682644    0    0 956560 555772 229763 771265 25  7 52 16  0  0
39 36  59712 96325616 2513988 79682660    0    0 962400 559720 231455 759483 24  7 53 16  0  0
 6  0  59712 96314444 2513988 79682684    0    0 950544 548336 232097 773537 25  7 53 15  0  0
39 37  59712 96321280 2513988 79682704    0    0 943312 565964 228369 756629 24  7 53 16  0  0
 3  0  59712 96313668 2513988 79682720    0    0 965296 554360 233186 773170 25  7 53 15  0  0
38  9  59712 96328212 2513988 79682740    0    0 954688 551720 231690 770318 25  7 54 15  0  0
35 43  59712 96324484 2513988 79682752    0    0 939728 551760 227808 763477 24  6 54 16  0  0
37 11  59712 96318532 2513988 79682764    0    0 961728 556880 230260 757363 24  6 53 17  0  0
39 12  59712 96330832 2513988 79682784    0    0 933408 545376 228070 754969 24  7 53 17  0  0
39 37  59712 96320588 2513988 79682808    0    0 951584 559944 230649 754817 24  7 53 16  0  0
42 33  59712 96322160 2513988 79682832    0    0 959760 549696 231715 774273 25  7 52 16  0  0
 4  0  59712 96307804 2513988 79682844    0    0 950112 558492 232175 770187 25  7 52 16  0  0
45 26  59712 96319832 2513988 79682864    0    0 952288 551444 231635 768943 25  7 53 15  0  0
procs -----------memory---------- ---swap-- -----io---- -system-- -------cpu-------
 r  b   swpd   free   buff  cache   si   so    bi    bo   in   cs us sy id wa st gu
 3  0  59712 96310760 2513988 79682884    0    0 963104 558020 234813 784908 25  7 52 16  0  0
10  0  59712 96302944 2513988 79682896    0    0 956624 553580 230415 765459 24  6 54 16  0  0
 3  1  59712 96299704 2513988 79682908    0    0 958160 544820 224769 745587 23  6 52 19  0  0
38  6  59712 96314304 2513988 79682924    0    0 953696 552820 230524 761778 24  7 53 15  0  0
15  2  59712 96314296 2513988 79682948    0    0 961232 557264 234664 770651 24  7 53 16  0  0
13  0  59712 96324232 2513988 79682972    0    0 959584 567516 230972 764884 25  7 53 16  0  0
76 10  59712 96316700 2513988 79682996    0    0 957216 572404 233324 768397 25  7 53 15  0  0
44  9  59712 96312732 2513988 79683012    0    0 974944 554248 235262 781834 25  7 52 16  0  0
45 10  59712 96318936 2513988 79683028    0    0 956800 555876 231583 763893 24  6 54 15  0  0
37 34  59712 96308628 2513988 79683044    0    0 957760 569240 229925 762015 24  6 54 16  0  0
 6  1  59712 96319648 2513988 79683056    0    0 977408 561176 235486 776641 25  6 52 16  0  0
43 10  59712 96327376 2513988 79683072    0    0 976832 562464 239800 772242 25  7 52 16  0  0
 3  0  59712 96322964 2513988 79683092    0    0 938720 560264 230125 760762 24  7 54 15  0  0
14  0  59712 96309952 2513988 79683108    0    0 931008 539332 227730 759512 24  7 53 16  0  0
42 31  59712 96316980 2513988 79683132    0    0 965632 568960 232646 772029 25  7 52 16  0  0
44 35  59712 96300612 2513988 79683156    0    0 962432 555184 232266 769819 25  7 52 16  0  0
 7  0  59712 96316440 2513988 79683240    0    0 940720 532944 223011 748466 23  6 51 20  0  0
 4  0  59712 96311396 2513988 79683252    0    0 956080 548192 225219 752191 23  5 52 19  0  0
 4  0  59712 96325528 2513988 79683260    0    0 957072 565208 230634 763349 25  7 53 16  0  0
25 52  59712 96314260 2513988 79683280    0    0 942128 537248 223432 740197 23  7 52 19  0  0
 4  1  59712 96315236 2513988 79683300    0    0 968176 538648 230313 763335 24  7 51 18  0  0
procs -----------memory---------- ---swap-- -----io---- -system-- -------cpu-------
 r  b   swpd   free   buff  cache   si   so    bi    bo   in   cs us sy id wa st gu
48 32  59712 96304460 2513988 79683320    0    0 945584 552112 231143 757744 24  7 53 16  0  0
17  0  59712 96304672 2513988 79683336    0    0 951120 570696 233212 766222 25  7 53 16  0  0
 4  0  59712 96319756 2513988 79683360    0    0 931808 551888 227871 760501 24  7 54 15  0  0
35  6  59712 96319348 2513988 79683380    0    0 974928 562188 228849 764413 24  6 54 16  0  0
49  7  59712 96319868 2513988 79683392    0    0 976544 569392 229775 767592 24  6 53 16  0  0
47 32  59712 96326828 2513988 79683400    0    0 958848 550708 231604 766496 25  7 53 16  0  0
 5  0  59712 96316944 2513988 79683420    0    0 940464 547920 228546 761999 24  7 53 15  0  0
 5  0  59712 96307132 2513988 79683444    0    0 955936 553588 230929 764475 25  7 53 15  0  0
39 41  59712 96313532 2513988 79683464    0    0 939216 548892 231577 766328 24  7 54 15  0  0
31 43  59712 96303008 2513988 79683484    0    0 963440 572728 233782 771367 25  7 53 16  0  0
34 14  59712 96324072 2513988 79683508    0    0 947008 547064 229371 756920 24  7 52 17  0  0
29  6  59712 96317952 2513988 79683524    0    0 955808 555064 231404 769712 24  6 53 17  0  0
 2  0  59712 96321216 2513988 79683528    0    0 960256 563532 228341 758407 24  6 54 17  0  0
38 44  59712 96306676 2513988 79683544    0    0 969152 552712 232867 776447 25  7 52 16  0  0
 5  0  59712 96303016 2513988 79683568    0    0 949968 546084 233852 785435 26  7 52 16  0  0
38 34  59712 96306304 2513992 79683584    0    0 944144 548632 228578 756343 24  7 53 17  0  0
 1  1  59712 96305080 2513992 79683608    0    0 946928 553804 230199 760066 24  7 53 16  0  0
36 32  59712 96312984 2513992 79683628    0    0 938384 552176 222010 736946 23  7 51 19  0  0
42 41  59712 96313392 2513992 79683644    0    0 972944 554396 230678 764628 24  7 52 16  0  0
 3  3  59712 96311240 2513992 79683664    0    0 941104 555580 227022 753601 24  6 54 16  0  0
 2  1  59712 96308696 2513992 79683672    0    0 973984 563440 230603 766727 24  6 53 17  0  0
procs -----------memory---------- ---swap-- -----io---- -system-- -------cpu-------
 r  b   swpd   free   buff  cache   si   so    bi    bo   in   cs us sy id wa st gu
41 38  59712 96315620 2513996 79683692    0    0 965280 557328 234561 777736 25  7 53 15  0  0
42  8  59712 96323980 2513996 79683712    0    0 963664 553836 233125 773507 25  7 53 15  0  0
37  7  59712 96309608 2513996 79683732    0    0 972944 559980 232573 771031 25  7 53 16  0  0
 5  0  59712 96304508 2513996 79683748    0    0 960288 564152 230957 765221 25  7 53 16  0  0
 3  0  59712 96306860 2513996 79683772    0    0 934160 564956 226797 753102 24  7 53 16  0  0
37 34  59712 96316444 2513996 79683792    0    0 973216 557436 233214 772132 25  7 52 16  0  0
33 39  59712 96325584 2513996 79683808    0    0 976032 567060 230822 772048 25  6 54 16  0  0
10  0  59712 96320100 2513996 79683816    0    0 939120 551320 226132 750113 24  5 54 17  0  0
44 38  59712 96323580 2513996 79683828    0    0 962896 554364 232106 773845 25  7 52 16  0  0
37  4  59712 96313052 2513996 79683852    0    0 946320 547472 231756 768631 25  7 52 16  0  0
 3  2  59712 96304248 2513996 79683868    0    0 958048 556596 233239 773435 25  7 53 16  0  0
33 38  59712 96296940 2513996 79683892    0    0 965392 559764 234249 771188 25  7 52 16  0  0
 4  0  59712 96297912 2513996 79683908    0    0 953456 567352 232756 769756 25  7 53 16  0  0
58 25  59712 96297136 2513996 79683928    0    0 940480 559308 229736 756856 24  7 54 15  0  0
39 37  59712 96295556 2513996 79683948    0    0 939168 545888 224133 741222 23  6 53 18  0  0
 5  0  59712 96288120 2513996 79683960    0    0 971888 558476 232233 772713 24  6 54 16  0  0
 5  0  59712 96289804 2513996 79683976    0    0 954832 553020 245525 772818 25  7 53 15  0  0
41  5  59712 96284744 2513996 79683992    0    0 973632 567552 240813 775312 25  7 53 15  0  0
42 38  59712 96270540 2513996 79684012    0    0 960368 560840 232177 766215 25  7 54 14  0  0
44 37  59712 96273564 2513996 79684036    0    0 962352 567036 233970 773114 25  7 53 15  0  0
45 37  59712 96280044 2513996 79684056    0    0 966256 571684 233739 774518 25  7 52 15  0  0
procs -----------memory---------- ---swap-- -----io---- -system-- -------cpu-------
 r  b   swpd   free   buff  cache   si   so    bi    bo   in   cs us sy id wa st gu
45  5  59712 96270412 2513996 79684072    0    0 956960 547504 234008 782028 25  7 52 15  0  0
35 41  59712 96267024 2513996 79684088    0    0 961360 571132 231247 764580 24  6 55 15  0  0
 6  0  59712 96264260 2513996 79684096    0    0 969776 561304 235897 779213 25  6 54 15  0  0
42 34  59712 96284852 2513996 79684116    0    0 957776 564844 231403 760256 25  7 53 15  0  0
41 38  59712 96296300 2513996 79684136    0    0 943232 549188 230068 768386 25  7 53 15  0  0
 3  0  59712 96280984 2513996 79684160    0    0 965344 563660 233812 773944 25  7 53 15  0  0
 3  0  59712 96292420 2513996 79684180    0    0 982112 564580 233025 779158 25  7 53 15  0  0
39 31  59712 96306336 2513996 79684200    0    0 966736 579128 230473 768388 25  7 53 15  0  0
21 18  59712 96304060 2513996 79684220    0    0 985104 569128 238584 791870 25  7 53 15  0  0
 3  0  59712 96295756 2513996 79684232    0    0 931568 551408 226791 750494 24  5 55 16  0  0
39 38  59712 96293136 2513996 79684240    0    0 946432 542856 223339 742060 23  6 54 17  0  0
40 10  59712 96304776 2513996 79684260    0    0 941680 540460 232526 773349 25  7 53 15  0  0
44  8  59712 96299684 2513996 79684280    0    0 954464 556576 232586 767533 25  7 54 15  0  0
 6  0  59712 96293308 2513996 79684364    0    0 960192 566108 233299 773323 25  7 53 15  0  0
39 38  59712 96294212 2513996 79684380    0    0 970752 568688 235199 779196 26  7 53 14  0  0
18  0  59712 96303592 2513996 79684404    0    0 940640 569388 233683 773448 25  7 54 15  0  0
 5  0  59712 96311752 2513996 79684424    0    0 957584 561868 235124 775606 25  7 54 15  0  0
 4  0  59712 96312332 2513996 79684440    0    0 979232 563180 231448 770415 25  6 53 16  0  0
19  0  59712 96315280 2513996 79684448    0    0 958144 559376 230370 767678 25  6 54 15  0  0
43  8  59712 96316784 2513996 79684468    0    0 976672 563780 233077 770567 25  7 53 15  0  0
20 12  59712 96307500 2513996 79684496    0    0 953424 551504 236598 788758 26  7 53 14  0  0
procs -----------memory---------- ---swap-- -----io---- -system-- -------cpu-------
 r  b   swpd   free   buff  cache   si   so    bi    bo   in   cs us sy id wa st gu
11  0  59712 96298428 2513996 79684508    0    0 939408 559860 230037 748629 24  7 54 16  0  0
 2  0  59712 96300704 2513996 79684528    0    0 957984 558672 232629 766518 25  7 53 15  0  0
39 31  59712 96306480 2513996 79684544    0    0 966256 577576 232626 767639 25  7 53 15  0  0
 1  0  59712 96313788 2513996 79684568    0    0 946592 559376 232820 784439 25  7 54 15  0  0
34 38  59712 96298948 2513996 79684584    0    0 976992 563396 233236 777868 25  6 54 15  0  0
43 31  59712 96309288 2513996 79684592    0    0 962256 555004 233835 778727 25  6 54 15  0  0
38 38  59712 96322292 2514000 79684608    0    0 962816 554040 230637 768204 25  7 52 16  0  0
39 29  59712 96307616 2514000 79684628    0    0 934000 537052 226474 757656 24  7 52 18  0  0
29 10  59712 96312576 2514000 79684652    0    0 974528 555764 235621 779888 26  7 52 15  0  0
47 13  59712 96317392 2514000 79684668    0    0 953680 561340 233006 775993 25  7 53 15  0  0
 4  0  59712 96310204 2514000 79684688    0    0 959744 579248 233929 767858 25  7 53 15  0  0
 2  1  59712 96306636 2514004 79684708    0    0 958384 562436 233516 769455 25  6 54 15  0  0
18  0  59712 96313168 2514004 79684716    0    0 978976 568308 230881 766674 25  6 54 16  0  0
41 37  59712 96311376 2514004 79684732    0    0 971472 562704 232581 776455 25  6 54 15  0  0
46 37  59712 96301604 2514004 79684748    0    0 957824 556024 234754 775870 25  7 53 15  0  0
12  0  59712 96318160 2514004 79684768    0    0 964880 560584 233984 774547 25  7 53 15  0  0
45  6  59712 96303176 2514004 79684796    0    0 968992 558432 233836 776931 25  7 53 15  0  0
42 35  59712 96313408 2514004 79684812    0    0 964272 565644 234970 772521 25  7 53 15  0  0
 5  0  59712 96303840 2514004 79684832    0    0 951296 564568 231818 771927 25  7 53 15  0  0
49 31  59712 96303696 2514004 79684852    0    0 970560 565528 232714 772421 25  7 54 15  0  0
49 15  59712 96304980 2514004 79684860    0    0 956560 560852 230890 774694 25  6 54 16  0  0
procs -----------memory---------- ---swap-- -----io---- -system-- -------cpu-------
 r  b   swpd   free   buff  cache   si   so    bi    bo   in   cs us sy id wa st gu
44  3  59712 96309256 2514004 79684868    0    0 979696 565524 233902 778148 25  7 53 16  0  0
14  0  59712 96298984 2514004 79684888    0    0 958320 559320 235387 779832 25  7 53 15  0  0
 8  0  59712 96314392 2514004 79684912    0    0 936832 553900 229191 749008 24  7 54 15  0  0
40 13  59712 96314700 2514004 79684932    0    0 974096 556856 235238 782415 25  7 52 15  0  0
 5  0  59712 96298932 2514004 79684948    0    0 938304 536152 225588 752347 23  7 52 18  0  0
42 18  59712 96296632 2514004 79684968    0    0 937968 569644 231479 769490 25  7 53 15  0  0
 2  0  59712 96309748 2514004 79684988    0    0 958096 559692 233139 776784 25  7 53 15  0  0
 4  0  59712 96303328 2514004 79685004    0    0 956176 559072 231810 784868 25  6 54 15  0  0
 4  0  59712 96317360 2514004 79685012    0    0 980544 575468 230622 777002 25  6 54 15  0  0
35  7  59712 96310732 2514004 79685028    0    0 994976 572888 233794 782400 25  7 53 15  0  0
 3  0  59712 96316724 2514004 79685048    0    0 955648 566468 231311 762927 25  7 53 15  0  0
38 33  59712 96303148 2514004 79685068    0    0 934112 544124 231968 776162 25  7 53 15  0  0
39  8  59712 96298036 2514004 79685088    0    0 954848 543624 230227 770310 25  7 53 14  0  0
37 27  59712 96303900 2514004 79685108    0    0 935168 574512 231138 764811 25  7 54 14  0  0
 2  0  59712 96305976 2514004 79685128    0    0 953728 559324 229909 762812 25  6 53 16  0  0
39  6  59712 96298956 2514004 79685144    0    0 979728 563124 232248 779251 25  6 54 16  0  0
 5  0  59712 96318008 2514004 79685152    0    0 958528 564884 234049 770306 25  6 54 15  0  0
 4  0  59712 96310608 2514004 79685168    0    0 959504 561120 235111 775262 25  7 53 15  0  0
 4  0  59712 96316076 2514004 79685196    0    0 957184 555160 233743 779228 25  7 53 15  0  0
34  8  59712 96313624 2514004 79685220    0    0 966992 562412 235984 783797 25  7 53 15  0  0
43 37  59712 96299328 2514008 79685232    0    0 943440 551172 230286 762498 25  7 53 15  0  0
procs -----------memory---------- ---swap-- -----io---- -system-- -------cpu-------
 r  b   swpd   free   buff  cache   si   so    bi    bo   in   cs us sy id wa st gu
42 17  59712 96309020 2514008 79685256    0    0 964944 572284 231788 770149 25  7 53 15  0  0
 2  0  59712 96302352 2514008 79685280    0    0 920432 533968 221423 732832 23  6 53 19  0  0
 4  0  59712 96300596 2514008 79685292    0    0 981488 558196 233381 782609 25  6 54 16  0  0
37  7  59712 96302748 2514008 79685300    0    0 981040 565116 236787 782071 25  7 53 15  0  0
 5  0  59712 96315380 2514008 79685320    0    0 956928 566500 232713 766975 25  7 54 14  0  0
 2  0  59712 96307080 2514008 79685340    0    0 977456 566192 236313 785185 25  7 53 15  0  0
39 18  59712 96309980 2514008 79685360    0    0 975552 563432 235458 780294 26  7 53 15  0  0
46  6  59712 96311380 2514008 79685384    0    0 957920 557732 233817 770510 25  7 54 15  0  0
37 18  59712 96293924 2514008 79685408    0    0 952976 576372 233345 771231 25  7 54 15  0  0
 4  0  59712 96304808 2514008 79685428    0    0 963392 561900 233046 778967 25  6 54 15  0  0
 3  1  59712 96304104 2514008 79685500    0    0 976832 568252 235649 776948 25  6 54 15  0  0
42  3  59712 96315616 2514008 79685560    0    0 954768 552416 231091 769931 24  6 53 16  0  0
 6  2  59712 96307672 2514008 79685580    0    0 961296 560884 234614 780554 25  7 53 15  0  0
34 18  59712 96314956 2514008 79685600    0    0 951440 553276 232171 777209 25  7 53 15  0  0
36  8  59712 96303284 2514008 79685616    0    0 976112 558732 234446 779017 25  7 52 15  0  0
39 40  59712 96301876 2514008 79685636    0    0 967280 568692 232339 770304 25  7 53 15  0  0
38 35  59712 96311988 2514008 79685652    0    0 961456 580080 232424 773619 25  7 53 15  0  0
39 41  59712 96312088 2514008 79685684    0    0 947472 552224 230527 763324 24  6 54 16  0  0
41 31  59712 96309020 2514008 79685692    0    0 962272 565028 231511 761831 24  6 54 16  0  0
36 11  59712 96298496 2514008 79685700    0    0 939584 540088 228220 763853 24  7 52 17  0  0
37 12  59712 96297456 2514008 79685720    0    0 959216 558552 232555 779794 25  7 53 15  0  0
procs -----------memory---------- ---swap-- -----io---- -system-- -------cpu-------
 r  b   swpd   free   buff  cache   si   so    bi    bo   in   cs us sy id wa st gu
38 38  59712 96289484 2514008 79685736    0    0 951840 557388 236209 796022 26  7 53 15  0  0
38 11  59712 96288460 2514008 79685756    0    0 982384 570328 236612 795486 26  7 52 15  0  0
 5  0  59712 96290352 2514008 79685776    0    0 958688 564220 232791 775187 25  7 53 15  0  0
34 39  59712 96294124 2514008 79685796    0    0 973168 577428 234992 775963 25  7 53 15  0  0
 4  0  59712 96307412 2514008 79685812    0    0 966576 560524 232828 779032 25  6 54 15  0  0
41 14  59712 96300336 2514008 79685828    0    0 955440 552284 231676 766635 25  6 55 15  0  0
41  7  59712 96307684 2514008 79685836    0    0 963296 562204 235576 775849 25  7 53 15  0  0
35 46  59712 96303420 2514008 79685860    0    0 948960 558296 229738 765292 25  7 53 15  0  0
 5  0  59712 96289360 2514008 79685880    0    0 965920 566728 235872 780761 25  7 53 15  0  0
40 30  59712 96268668 2514008 79685896    0    0 968672 560704 236787 778611 25  7 53 14  0  0
 4  0  59712 96286124 2514008 79685916    0    0 942608 558744 231797 773461 25  7 54 14  0  0
 4  0  59712 96301260 2514008 79685936    0    0 982096 584292 232533 773783 25  7 53 15  0  0
 1  1  59712 96293580 2514008 79685956    0    0 978752 567256 231316 774341 25  6 54 15  0  0
45 25  59712 96286972 2514008 79685964    0    0 973856 561352 234075 772790 25  6 54 15  0  0
 4  0  59712 96300212 2514008 79685980    0    0 919776 546380 227467 751033 25  7 54 15  0  0
35 41  59712 96299752 2514008 79686004    0    0 942592 552088 232427 757702 25  7 54 14  0  0
35 35  59712 96292836 2514008 79686028    0    0 930192 534080 222021 729198 23  7 53 18  0  0
42 28  59712 96283304 2514008 79686048    0    0 966576 553636 234012 781210 25  7 53 15  0  0
 3  0  59712 96276508 2514008 79686068    0    0 964736 571200 233041 768859 25  7 54 15  0  0
43 28  59712 96284920 2514008 79686084    0    0 946224 566152 231796 776795 25  7 53 15  0  0
 5  0  59712 96286120 2514008 79686100    0    0 978864 564652 232379 775527 25  6 54 15  0  0
procs -----------memory---------- ---swap-- -----io---- -system-- -------cpu-------
 r  b   swpd   free   buff  cache   si   so    bi    bo   in   cs us sy id wa st gu
 4  0  59712 96292256 2514008 79686108    0    0 979680 564824 233089 778616 25  6 53 16  0  0
 5  0  59712 96299832 2514008 79686132    0    0 977088 562728 234329 772489 25  7 53 15  0  0
 4  0  59712 96287112 2514008 79686152    0    0 955696 559976 233828 772433 25  7 53 15  0  0
46  8  59712 96283472 2514008 79686168    0    0 946128 554480 232292 768667 25  7 53 15  0  0
43 29  59712 96280296 2514008 79686188    0    0 952528 558116 231912 768967 25  7 53 15  0  0
36  9  59712 96287292 2514008 79686208    0    0 975888 558656 236304 783322 25  7 53 15  0  0
 3  0  59712 96296568 2514008 79686228    0    0 958640 579860 230238 766239 24  7 53 16  0  0
36 13  59712 96298696 2514008 79686240    0    0 977472 563796 233057 775492 24  5 55 15  0  0
 4  0  59712 96305060 2514008 79686252    0    0 961456 569484 232351 772801 25  6 54 15  0  0
 6  0  59712 96314856 2514008 79686268    0    0 957376 558184 232216 775577 25  7 53 15  0  0
38 39  59712 96307956 2514008 79686288    0    0 966688 562348 235180 783280 25  7 53 15  0  0
35  7  59712 96312956 2514008 79686308    0    0 944176 551188 230240 764583 24  7 53 16  0  0
34  8  59712 96299568 2514008 79686332    0    0 958672 550772 231165 767275 25  7 53 16  0  0
 5  0  59712 96274352 2514008 79686356    0    0 938272 537972 225892 751550 24  7 52 18  0  0
18  0  59712 96294752 2514008 79686372    0    0 953328 564768 233361 773717 25  7 53 15  0  0
75  0  59712 96298612 2514008 79686388    0    0 977888 579244 234567 775512 25  6 54 16  0  0
48 19  59712 96305332 2514008 79686396    0    0 973504 567260 234776 777705 25  6 54 15  0  0
12  7  59712 96315092 2514008 79686416    0    0 960272 556716 233710 785564 25  7 53 15  0  0
 5  0  59712 96315824 2514008 79686432    0    0 958416 562008 233680 780678 26  7 53 15  0  0
 6  1  59712 96304024 2514008 79686448    0    0 955184 545148 233056 783042 25  7 53 15  0  0
38  4  59712 96300968 2514008 79686504    0    0 937552 556500 232839 757396 25  8 53 14  0  0
procs -----------memory---------- ---swap-- -----io---- -system-- -------cpu-------
 r  b   swpd   free   buff  cache   si   so    bi    bo   in   cs us sy id wa st gu
38  7  59712 96299320 2514008 79686492    0    0 951504 550508 233749 777615 25  7 53 15  0  0
11  1  59712 96306612 2514008 79686512    0    0 958784 569124 231593 778737 25  7 53 15  0  0
 4  0  59712 96308532 2514008 79686528    0    0 977568 564016 234757 784144 25  6 54 16  0  0
44  5  59712 96310304 2514008 79686536    0    0 977840 560840 236087 781708 25  6 54 15  0  0
35  6  59712 96322368 2514008 79686552    0    0 959456 561756 233031 776450 25  7 53 15  0  0
 5  0  59712 96317312 2514008 79686568    0    0 958352 565320 234582 775373 25  7 54 14  0  0
44 33  59712 96301556 2514008 79686596    0    0 949904 556000 232270 774649 25  7 53 15  0  0
 4  0  59712 96302944 2514008 79686696    0    0 946880 557984 231323 767816 24  7 53 15  0  0
 6  0  59712 96285972 2514008 79686720    0    0 940144 550816 231105 762686 25  7 53 16  0  0
32 47  59712 96310184 2514008 79686740    0    0 949376 558132 227279 752250 24  7 52 17  0  0
43 27  59712 96307256 2514008 79686752    0    0 981792 551984 231911 775647 24  5 53 17  0  0
 5  0  59712 96324260 2514008 79686764    0    0 961648 569504 232486 769998 25  6 54 15  0  0
43 38  59712 96302840 2514008 79686780    0    0 965104 567380 233870 775430 25  7 53 15  0  0
 6  2  59712 96300560 2514008 79686800    0    0 972896 560884 231210 775500 25  7 53 15  0  0
 5  0  59712 96289888 2514008 79686824    0    0 976800 566008 232047 776084 25  7 53 15  0  0
14  2  59712 96294392 2514008 79686844    0    0 948992 557232 232092 775876 25  7 53 15  0  0
40  7  59712 96290532 2514008 79686864    0    0 960320 549640 233577 780070 25  7 53 15  0  0
39 10  59712 96308508 2514008 79686880    0    0 956400 560072 231349 763109 25  7 54 15  0  0
35  7  59712 96289940 2514008 79686896    0    0 937248 550404 228182 753277 24  6 55 15  0  0
 6  0  59712 96225868 2514008 79686904    0    0 958304 569200 307844 764499 25  7 54 14  0  0
 9  0  59712 96076388 2514008 79686920    0    0 956512 561864 296981 779941 26  8 53 13  0  0
procs -----------memory---------- ---swap-- -----io---- -system-- -------cpu-------
 r  b   swpd   free   buff  cache   si   so    bi    bo   in   cs us sy id wa st gu
13  1  59712 96178116 2514008 79686944    0    0 958240 557372 262722 792551 26  8 52 13  0  0
 4  0  59712 96129268 2514008 79686960    0    0 957024 561504 239228 784225 26  8 53 13  0  0
42 16  59712 96096220 2514008 79686980    0    0 975120 552292 301684 794573 26  9 52 13  0  0
39 41  59712 96148180 2514008 79687000    0    0 939552 554476 278785 783199 25  9 53 13  0  0
 2  1  59712 96115484 2514008 79687016    0    0 952960 570808 245577 774818 25  8 53 15  0  0
 3  0  59712 96148512 2514008 79687036    0    0 958576 548696 239451 780197 25  7 54 15  0  0
 5  0  59712 96164740 2514008 79687048    0    0 934352 543936 228456 740551 23  6 53 17  0  0
43 31  59712 96145396 2514008 79687060    0    0 945952 551640 244292 790399 26  8 53 14  0  0
 6  0  59712 96149180 2514012 79687076    0    0 965664 563212 247975 800137 26  8 52 14  0  0
39 33  59712 96180492 2514012 79687100    0    0 971232 565604 240081 786915 26  8 53 14  0  0
19  0  59712 96159888 2514012 79687112    0    0 964832 555708 241616 796860 26  8 52 14  0  0
39 34  59712 96169112 2514012 79687144    0    0 971312 555252 245494 798312 26  8 53 14  0  0
 4  0  59712 96189108 2514012 79687160    0    0 943584 577760 238650 776888 25  7 53 14  0  0
37 31  59712 96183324 2514012 79687172    0    0 962832 561216 239513 777088 25  6 54 15  0  0
37 16  59712 96178116 2514012 79687184    0    0 969840 557924 236874 782765 25  7 54 15  0  0
44  4  59712 96194572 2514012 79687196    0    0 942256 549280 234796 770130 25  7 53 14  0  0
48  4  59712 96196600 2514012 79687224    0    0 966256 563688 241734 789509 25  8 53 15  0  0
 5  0  59712 96177644 2514012 79687248    0    0 956064 560888 240766 784528 25  8 53 14  0  0
42  9  59712 96189128 2514012 79687264    0    0 955312 561852 238491 782573 25  7 53 14  0  0
42 28  59712 96210320 2514012 79687280    0    0 964224 564148 240245 786790 25  7 53 14  0  0
37  8  59712 96196408 2514012 79687300    0    0 970320 570272 236899 784078 25  7 53 14  0  0
procs -----------memory---------- ---swap-- -----io---- -system-- -------cpu-------
 r  b   swpd   free   buff  cache   si   so    bi    bo   in   cs us sy id wa st gu
37 39  59712 96196740 2514012 79687320    0    0 954032 559812 239291 778204 25  6 54 15  0  0
43  5  59712 96190352 2514012 79687328    0    0 967536 562668 237130 781550 25  6 54 15  0  0
43 37  59712 96228736 2514012 79687340    0    0 921104 545764 227853 743676 24  7 53 16  0  0
 6  0  59712 96216228 2514012 79687360    0    0 970992 539672 235985 773901 24  7 51 17  0  0
39 15  59712 96195628 2514012 79687380    0    0 953856 555380 237773 777073 25  7 53 14  0  0
34 10  59712 96197484 2514012 79687404    0    0 960704 558424 236024 781907 25  7 53 15  0  0
 4  0  59712 96200636 2514012 79687424    0    0 958400 564888 234763 773023 25  7 53 14  0  0
 2  1  59712 96250312 2514012 79687448    0    0 953408 560556 234372 778199 25  7 53 14  0  0
 4  0  59712 96247488 2514012 79687460    0    0 983200 577752 237839 782405 25  6 53 15  0  0
32 13  59712 96229788 2514012 79687464    0    0 951392 553916 233958 776742 25  6 54 15  0  0
35 10  59712 96208468 2514012 79687488    0    0 958144 554456 235174 780716 25  7 53 14  0  0
41 14  59712 96201188 2514012 79687504    0    0 957280 552612 237085 778570 26  7 52 15  0  0
43 42  59712 96213876 2514012 79687528    0    0 953296 562032 234990 777696 25  7 53 15  0  0
45  4  59712 96240312 2514012 79687548    0    0 962256 555852 233507 776854 25  7 53 15  0  0
 4  0  59712 96232876 2514012 79687568    0    0 958320 565096 234933 774762 25  7 53 14  0  0
39  6  59712 96220756 2514012 79687592    0    0 964176 574316 232238 775186 25  7 54 15  0  0
35 38  59712 96221084 2514012 79687608    0    0 970976 579204 230839 773881 24  6 55 15  0  0
 5  0  59712 96236444 2514012 79687616    0    0 976224 560600 233546 776359 25  6 54 15  0  0
50 26  59712 96238852 2514012 79687628    0    0 955968 553428 233027 765819 25  7 54 14  0  0
35 45  59712 96254980 2514012 79687644    0    0 922160 526848 227565 741816 23  7 54 16  0  0
 5  1  59712 96241540 2514012 79687668    0    0 942272 539012 232057 766545 24  7 53 16  0  0
procs -----------memory---------- ---swap-- -----io---- -system-- -------cpu-------
 r  b   swpd   free   buff  cache   si   so    bi    bo   in   cs us sy id wa st gu
30 16  59712 96218168 2514012 79687688    0    0 957856 550496 229169 761273 24  7 52 17  0  0
42 23  59712 96216388 2514012 79687708    0    0 959040 567984 233479 776808 25  7 53 15  0  0
53 20  59712 96242280 2514012 79687728    0    0 956816 583348 237236 783331 25  7 53 15  0  0
 3  0  59712 96240064 2514012 79687744    0    0 979232 561796 237501 782854 25  6 54 15  0  0
 9  0  59712 96236448 2514012 79687820    0    0 960336 563352 235203 775504 25  6 55 15  0  0
61 16  59712 96222844 2514012 79687836    0    0 973280 559216 237207 784480 25  7 53 14  0  0
 3  0  59712 96216804 2514012 79687856    0    0 953248 561960 236979 771670 25  7 53 14  0  0
40 35  59712 96208128 2514012 79687876    0    0 947552 561124 234848 769382 25  7 53 15  0  0
43  7  59712 96227756 2514012 79687896    0    0 942816 538636 230510 774621 25  7 53 15  0  0
44 34  59712 96216068 2514012 79687912    0    0 961488 564400 236728 775213 25  7 53 14  0  0
31 11  59712 96227156 2514012 79687940    0    0 991152 578364 239569 803973 26  8 51 15  0  0
 7  0  59712 96228836 2514012 79687956    0    0 953200 563676 235331 777923 25  6 54 15  0  0
 4  0  59712 96222996 2514012 79687964    0    0 966128 557756 235253 783012 25  6 54 15  0  0
 5  0  59712 96216708 2514012 79687976    0    0 957520 561360 237897 780547 25  7 54 14  0  0
37  7  59712 96220084 2514012 79687996    0    0 953824 556008 235589 777241 25  7 53 14  0  0
 6  2  59712 96233628 2514012 79688016    0    0 956432 567316 233607 759038 25  7 53 16  0  0
40 39  59712 96225164 2514012 79688036    0    0 943232 543180 227558 751767 24  7 52 17  0  0
38 29  59712 96216872 2514012 79688056    0    0 965552 550336 232818 772689 25  7 52 15  0  0
41 37  59712 96206164 2514012 79688076    0    0 941776 568184 231648 757929 24  7 53 16  0  0
36  5  59712 96229048 2514012 79688092    0    0 973760 557644 235494 777372 25  6 54 15  0  0
36  9  59712 96232736 2514012 79688104    0    0 977792 566340 237022 781886 25  6 54 15  0  0
procs -----------memory---------- ---swap-- -----io---- -system-- -------cpu-------
 r  b   swpd   free   buff  cache   si   so    bi    bo   in   cs us sy id wa st gu
 6  1  59712 96236328 2514012 79688116    0    0 961968 565664 234352 780252 25  7 53 15  0  0
65  5  59712 96248468 2514012 79688136    0    0 954448 564992 231615 763965 25  7 54 15  0  0
41  7  59712 96239320 2514012 79688160    0    0 961328 557852 233607 770348 25  7 53 15  0  0
36 21  59712 96244808 2514012 79688176    0    0 963152 557392 232316 772857 25  7 53 15  0  0
38 35  59712 96238716 2514012 79688200    0    0 956336 558512 237178 777241 25  7 53 15  0  0
39 37  59712 96247228 2514012 79688216    0    0 946912 558820 228936 752088 25  7 53 15  0  0
34 49  59712 96241516 2514012 79688232    0    0 960032 563776 233333 768963 24  5 55 15  0  0
38  6  59712 96236532 2514012 79688240    0    0 965584 564004 234935 784187 25  6 54 15  0  0
43 29  59712 96263032 2514012 79688260    0    0 952368 566744 233215 777469 25  7 53 15  0  0
31 22  59712 96266220 2514012 79688284    0    0 973152 555348 234314 781040 25  7 53 15  0  0
38 44  59712 96260928 2514012 79688304    0    0 952736 552440 232704 769634 25  7 54 14  0  0
41 39  59712 96252604 2514012 79688324    0    0 953024 562128 231955 773751 25  7 53 15  0  0
26 47  59712 96251092 2514012 79688340    0    0 933312 539004 231412 770972 24  7 53 15  0  0
20 43  59712 96239852 2514012 79688360    0    0 928224 553276 225323 739644 23  6 52 18  0  0
17 47  59712 96247088 2514012 79688380    0    0 992000 577644 235646 780607 25  6 53 17  0  0
30 66  59712 96254284 2514012 79688388    0    0 956832 539908 226950 752915 23  6 53 18  0  0
39 26  59712 96255696 2514012 79688404    0    0 956704 551068 232404 775857 25  7 54 14  0  0
40 41  59712 96263480 2514012 79688432    0    0 975744 569932 234156 776741 25  7 53 15  0  0
32 31  59712 96251188 2514012 79688448    0    0 972848 572176 231568 778122 25  7 53 15  0  0
24 54  59712 96263480 2514012 79688464    0    0 966960 552844 231719 780718 25  7 53 15  0  0
42 32  59712 96268132 2514012 79688484    0    0 963472 558448 232995 774793 25  7 53 15  0  0
procs -----------memory---------- ---swap-- -----io---- -system-- -------cpu-------
 r  b   swpd   free   buff  cache   si   so    bi    bo   in   cs us sy id wa st gu
30 37  59712 96285372 2514012 79688504    0    0 945344 577144 229945 754591 24  7 54 15  0  0
35 39  59712 96269804 2514012 79688520    0    0 935872 534580 229163 762227 24  6 55 15  0  0
33 42  59712 96272616 2514012 79688528    0    0 967456 576308 234397 772588 24  6 54 16  0  0
32 41  59712 96249312 2514012 79688544    0    0 961584 544692 230189 768481 25  7 54 14  0  0
23 35  59712 96257252 2514012 79688572    0    0 980736 579436 235061 776223 25  7 53 16  0  0
30 54  59712 96238088 2514012 79688588    0    0 964144 551340 235527 791129 26  7 53 15  0  0
36 46  59712 96248208 2514012 79688604    0    0 978064 572356 237896 784046 25  7 53 15  0  0
30 50  59712 96259692 2514012 79688624    0    0 946512 544004 230681 759427 25  7 54 14  0  0
30 43  59712 96265768 2514012 79688644    0    0 954144 579736 231878 766106 25  7 53 16  0  0
13 52  59712 96260008 2514012 79688660    0    0 939280 541444 226505 747230 23  6 54 17  0  0
32 50  59712 96275956 2514012 79688668    0    0 945312 535024 229516 761872 24  6 53 17  0  0
24 51  59712 96266284 2514012 79688688    0    0 960160 558764 235162 782456 25  7 53 15  0  0
36 48  59712 96263664 2514012 79688704    0    0 961952 553824 231255 765287 24  7 52 17  0  0
33 43  59712 96259508 2514012 79688728    0    0 972736 561276 234309 779686 25  7 53 15  0  0
15 55  59712 96269832 2514012 79688756    0    0 954736 559264 233805 780915 25  7 53 15  0  0
21 69  59712 96256736 2514012 79688768    0    0 953200 545228 234652 781592 25  7 54 14  0  0
29 50  59712 96255132 2514012 79688788    0    0 972784 583796 233644 776552 25  7 53 16  0  0
30 49  59712 96244116 2514012 79688800    0    0 952800 540948 232568 772360 25  6 55 15  0  0
28 49  59712 96258572 2514012 79688808    0    0 957584 574280 233134 772511 25  6 53 16  0  0
34 43  59712 96259548 2514012 79688828    0    0 945936 544824 232142 772140 25  7 53 15  0  0
37 52  59712 96259328 2514012 79688848    0    0 962016 549632 232351 773646 25  7 53 15  0  0
procs -----------memory---------- ---swap-- -----io---- -system-- -------cpu-------
 r  b   swpd   free   buff  cache   si   so    bi    bo   in   cs us sy id wa st gu
35 44  59712 96242588 2514012 79688868    0    0 945488 550256 232085 776194 25  7 54 14  0  0
33 45  59712 96251908 2514012 79688952    0    0 969568 564132 234337 776222 25  7 53 15  0  0
44 43  59712 96257496 2514012 79688972    0    0 958848 551952 235079 773788 25  7 54 14  0  0
23 64  59712 96247944 2514012 79688992    0    0 958912 573436 234115 770172 25  7 54 15  0  0
22 63  59712 96246048 2514012 79689008    0    0 961488 570560 234413 773507 24  5 55 16  0  0
40 37  59712 96256156 2514012 79689016    0    0 971968 568752 232972 770115 25  6 54 15  0  0
20 60  59712 96259960 2514012 79689036    0    0 932256 530184 224519 746961 23  7 53 17  0  0
26 36  59712 96253948 2514012 79689056    0    0 936240 545988 225592 746531 24  7 52 18  0  0
41 30  59712 96262688 2514012 79689080    0    0 959488 546044 234132 779813 25  7 53 15  0  0
29 61  59712 96240472 2514012 79689104    0    0 948560 542804 226108 750652 23  7 52 18  0  0
37 46  59712 96271572 2514012 79689128    0    0 952768 549792 231131 758747 24  7 53 16  0  0
29 43  59712 96271976 2514012 79689144    0    0 950432 558584 232214 778317 25  6 54 15  0  0
32 45  59712 96265496 2514012 79689156    0    0 957120 564816 231383 767835 25  6 54 15  0  0
23 43  59712 96264620 2514012 79689164    0    0 959712 560924 232797 774833 25  7 53 15  0  0
30 52  59712 96280220 2514012 79689184    0    0 958160 556964 230561 767324 25  7 53 15  0  0
38 46  59712 96279104 2514012 79689204    0    0 979344 562380 235158 779856 25  7 53 15  0  0
16 62  59712 96267528 2514012 79689224    0    0 945808 536720 229362 767486 25  7 54 15  0  0
23 49  59712 96263508 2514012 79689240    0    0 965888 569952 233523 780528 25  7 52 16  0  0
38 40  59712 96273800 2514012 79689260    0    0 959088 556828 235459 787555 26  7 53 15  0  0
37 34  59712 96277476 2514012 79689284    0    0 955136 559876 232775 782239 25  6 54 15  0  0
44 25  59712 96264244 2514012 79689296    0    0 962480 572588 230668 765207 24  6 55 16  0  0
procs -----------memory---------- ---swap-- -----io---- -system-- -------cpu-------
 r  b   swpd   free   buff  cache   si   so    bi    bo   in   cs us sy id wa st gu
29 47  59712 96276624 2514012 79689308    0    0 952560 555384 229908 773055 25  7 54 14  0  0
37 43  59712 96259032 2514012 79689324    0    0 968336 569724 232279 784685 26  7 53 15  0  0
43 39  59712 96266888 2514012 79689344    0    0 953840 544464 230942 775001 26  7 53 15  0  0
57 39  59712 96251752 2514012 79689368    0    0 956672 555096 227078 751159 24  7 52 17  0  0
18 40  59712 96257832 2514012 79689384    0    0 933360 539348 228733 759190 25  7 54 15  0  0
34 17  59712 96263528 2514012 79689404    0    0 936112 550180 229337 755010 24  7 54 15  0  0
17 45  59712 96276852 2514012 79689420    0    0 949104 567708 225746 747558 24  6 53 17  0  0
41 37  59712 96268088 2514012 79689432    0    0 936048 542472 228294 763718 24  6 54 17  0  0
30 48  59712 96277252 2514012 79689444    0    0 969872 561000 237361 790675 25  7 53 15  0  0
13 52  59712 96274488 2514012 79689464    0    0 965856 555524 236105 784394 25  7 53 15  0  0
38 36  59712 96271812 2514012 79689484    0    0 973376 562276 237541 789591 25  7 53 15  0  0
28 53  59712 96269512 2514012 79689504    0    0 970032 565236 233484 777496 25  7 53 15  0  0
28 34  59712 96269160 2514012 79689524    0    0 957312 563020 232237 765541 24  7 54 15  0  0
20 45  59712 96253596 2514012 79689544    0    0 944768 550044 231519 760726 25  7 53 15  0  0
38 37  59712 96265684 2514012 79689564    0    0 927856 560000 227737 751290 24  6 55 15  0  0
28 25  59712 96260144 2514012 79689572    0    0 964592 549552 229125 762277 24  6 55 15  0  0
44 23  59712 96269376 2514012 79689580    0    0 952832 556036 233797 777551 25  7 54 15  0  0
32 65  59712 96270748 2514012 79689600    0    0 974400 563756 234455 778455 25  7 53 15  0  0
41  9  59712 96253204 2514016 79689628    0    0 979040 571292 237639 781201 25  7 53 15  0  0
44 34  59712 96258536 2514016 79689648    0    0 966832 572704 238622 790479 25  7 53 15  0  0
35 51  59712 96250128 2514016 79689664    0    0 960576 548104 231254 767560 24  7 52 16  0  0
procs -----------memory---------- ---swap-- -----io---- -system-- -------cpu-------
 r  b   swpd   free   buff  cache   si   so    bi    bo   in   cs us sy id wa st gu
45 41  59712 96260128 2514016 79689684    0    0 938528 540768 228330 754712 24  7 52 17  0  0
 4  0  59712 96250532 2514016 79689704    0    0 958992 570656 231073 766672 24  6 54 16  0  0
26 53  59712 96253776 2514016 79689720    0    0 943200 554900 230569 757698 24  5 55 16  0  0
 3  0  59712 96243328 2514016 79689732    0    0 962464 553440 230290 769441 24  7 52 17  0  0
37  9  59712 96250628 2514016 79689748    0    0 939856 537876 227441 755544 24  7 52 17  0  0
 5  0  59712 96245304 2514016 79689772    0    0 959456 564268 235614 779626 25  7 53 15  0  0
44 37  59712 96240832 2514016 79689788    0    0 972800 557628 236761 789529 25  7 53 15  0  0
70 12  59712 96261156 2514016 79689808    0    0 964272 569336 235707 787176 25  7 53 15  0  0
42  4  59712 96243736 2514016 79689832    0    0 975744 556684 236669 785705 25  7 52 15  0  0
40  5  59712 96241672 2514016 79689848    0    0 961600 576840 232259 769359 25  5 54 16  0  0
32 22  59712 96248376 2514016 79689860    0    0 933376 552568 228488 749456 24  6 55 16  0  0
36 42  59712 96253424 2514016 79689868    0    0 961344 560568 232233 763460 25  7 53 15  0  0
 3  0  59712 96257900 2514016 79689888    0    0 971904 560832 234443 783089 25  7 52 15  0  0
 5  2  59712 96262272 2514016 79689912    0    0 954800 555696 232752 774238 25  7 53 15  0  0
 3  0  59712 96242776 2514016 79689936    0    0 961712 563936 236311 774374 25  7 53 15  0  0
19  0  59712 96242880 2514016 79689952    0    0 959248 556908 237906 792026 25  7 53 14  0  0
19  3  59712 96265600 2514016 79689972    0    0 973824 566260 237652 789402 25  7 53 15  0  0
33 47  59712 96258912 2514016 79689992    0    0 942544 568864 224865 736907 23  5 53 19  0  0
36 39  59712 96252508 2514016 79690004    0    0 961536 553180 232761 777686 25  6 54 15  0  0
 5  0  59712 96257280 2514016 79690088    0    0 944624 542552 226741 751946 24  7 52 17  0  0
 3  4  59712 96269828 2514016 79690108    0    0 930640 540724 229857 757951 24  7 53 16  0  0
procs -----------memory---------- ---swap-- -----io---- -system-- -------cpu-------
 r  b   swpd   free   buff  cache   si   so    bi    bo   in   cs us sy id wa st gu
 4  0  59712 96264356 2514016 79690120    0    0 933728 542800 223551 736503 23  7 52 18  0  0
73 12  59712 96253396 2514016 79690140    0    0 934944 539760 225843 741717 23  7 52 18  0  0
 3  0  59712 96245716 2514016 79690164    0    0 933872 536064 225428 743866 23  7 52 18  0  0
22 14  59712 96247548 2514016 79690184    0    0 979536 558248 230244 765929 25  7 52 16  0  0
 8  5  59712 96245736 2514016 79690204    0    0 945824 561664 219375 729491 22  5 53 20  0  0
66  0  59712 96256824 2514016 79690212    0    0 944000 544640 219763 730960 23  6 52 19  0  0
 5  0  59712 96264324 2514016 79690224    0    0 948432 527348 223918 746647 24  7 51 19  0  0
 4  0  59712 96271136 2514016 79690244    0    0 911808 533108 222154 733898 23  6 52 18  0  0
 5  2  59712 96260508 2514016 79690268    0    0 916208 522960 221429 730180 23  7 53 18  0  0
37  6  59712 96244200 2514016 79690288    0    0 933728 526028 223620 741430 24  7 53 17  0  0
 5  0  59712 96256632 2514016 79690304    0    0 935392 540004 223929 736027 23  7 53 18  0  0
 4  0  59712 96259644 2514016 79690324    0    0 956672 555752 230609 761291 24  7 53 16  0  0
35 43  59712 96258816 2514016 79690348    0    0 970176 555852 228860 762148 24  6 54 17  0  0
38 18  59712 96253264 2514016 79690356    0    0 934240 564020 230056 757069 24  6 53 16  0  0
38 12  59712 96267976 2514016 79690372    0    0 949696 527828 226002 745126 23  7 51 19  0  0
50  5  59712 96248700 2514016 79690388    0    0 952272 550020 230029 755304 25  7 53 16  0  0
19 12  59712 96244668 2514016 79690408    0    0 953184 554436 232762 762907 25  7 52 16  0  0
42  7  59712 96253268 2514016 79690428    0    0 931568 540720 228244 745630 24  7 53 17  0  0
36  6  59712 96254904 2514016 79690448    0    0 957216 549388 230559 761349 24  7 53 16  0  0
12  8  59712 96261208 2514016 79690464    0    0 960192 551628 233840 774130 25  6 53 16  0  0
 1  0  59712 96257004 2514016 79690484    0    0 934112 551872 229661 756633 24  5 55 16  0  0
procs -----------memory---------- ---swap-- -----io---- -system-- -------cpu-------
 r  b   swpd   free   buff  cache   si   so    bi    bo   in   cs us sy id wa st gu
 3  0  59712 96259356 2514016 79690492    0    0 956656 570388 229717 758859 24  6 53 17  0  0
 2  0  59712 96271896 2514016 79690512    0    0 938000 546584 230960 758395 25  7 53 15  0  0
 5  0  59712 96266812 2514016 79690536    0    0 954336 550352 232966 766502 24  7 53 16  0  0
 6  0  59712 96267424 2514016 79690552    0    0 959424 548084 230690 766273 24  7 52 17  0  0
 3  0  59712 96263964 2514016 79690572    0    0 954032 547856 230147 753990 24  7 53 16  0  0
35  6  59712 96255768 2514016 79690588    0    0 956160 548308 233754 766734 25  7 53 16  0  0
46  7  59712 96262660 2514016 79690608    0    0 956000 554124 231998 766539 25  6 54 16  0  0
37 41  59712 96258924 2514016 79690624    0    0 951472 556064 228321 754273 24  6 54 16  0  0
 5  0  59712 96257992 2514016 79690632    0    0 943744 566024 229445 761350 24  6 53 16  0  0
39 42  59712 96247576 2514016 79690648    0    0 970240 558280 233400 767669 25  7 53 16  0  0
35 40  59712 96263152 2514016 79690672    0    0 949056 552308 233943 771396 25  7 53 16  0  0
37 49  59712 96251656 2514016 79690688    0    0 940528 521548 219476 726643 22  6 50 21  0  0
39 36  59712 96259196 2514016 79690712    0    0 928304 540148 224922 736466 23  7 52 18  0  0
35 42  59712 96253596 2514016 79690736    0    0 970160 555324 232375 770847 25  7 52 16  0  0
43 36  59712 96266360 2514016 79690748    0    0 956704 554580 229157 747703 24  6 53 17  0  0
 3  0  59712 96263048 2514016 79690764    0    0 944064 547024 227200 742404 24  5 54 17  0  0
 5  1  59712 96268712 2514016 79690772    0    0 952064 563612 230496 754887 24  6 53 17  0  0
32 14  59712 96261296 2514016 79690788    0    0 949968 548864 229331 760742 25  7 53 16  0  0
 4  0  59712 96260164 2514016 79690820    0    0 950832 550936 233546 770638 25  7 53 15  0  0
 3  0  59712 96266808 2514016 79690836    0    0 956768 550628 232645 764540 25  7 53 15  0  0
42  9  59712 96257736 2514020 79690848    0    0 966800 547880 234058 768269 25  7 52 16  0  0
procs -----------memory---------- ---swap-- -----io---- -system-- -------cpu-------
 r  b   swpd   free   buff  cache   si   so    bi    bo   in   cs us sy id wa st gu
 7  0  59712 96248220 2514020 79690876    0    0 941008 554752 232822 753677 24  7 53 16  0  0
 3  0  59712 96266688 2514020 79690896    0    0 946944 543640 230226 762918 24  6 53 17  0  0
 1  0  59712 96258484 2514020 79690908    0    0 952928 553568 226546 746207 24  6 54 16  0  0
44 36  59712 96253636 2514020 79690920    0    0 955520 560968 235478 766018 25  7 53 16  0  0
45 40  59712 96238760 2514020 79690936    0    0 945648 550352 235516 773611 25  7 53 15  0  0
44 15  59712 96232132 2514020 79690956    0    0 967568 556984 238700 779714 25  7 52 15  0  0
47 36  59712 96205868 2514020 79690980    0    0 975904 560320 235614 773948 25  7 52 16  0  0
 5  0  59712 96199692 2514020 79691000    0    0 964592 544640 229744 756744 24  7 52 17  0  0
 3  0  59712 96238340 2514020 79691020    0    0 941296 549800 229131 750592 24  7 53 16  0  0
 2  1  59712 96238224 2514020 79691044    0    0 973664 563076 231741 767073 24  7 53 16  0  0
 3  0  59712 96231828 2514020 79691052    0    0 963536 562884 231562 760290 24  6 54 16  0  0
 5  0  59712 96231976 2514020 79691060    0    0 933840 559788 232843 767718 25  7 53 16  0  0
 3  0  59712 96242816 2514020 79691080    0    0 908032 529164 227507 748523 24  7 53 16  0  0
34  6  59712 96240436 2514020 79691100    0    0 957344 539728 230222 759354 25  7 53 16  0  0
 4  0  59712 96238000 2514020 79691120    0    0 932160 547204 229856 757725 24  7 53 15  0  0
12  0  59712 96238900 2514020 79691136    0    0 952768 544100 235489 767449 25  7 53 15  0  0
 4  1  59712 96226880 2514020 79691224    0    0 955568 548088 234250 763968 25  7 53 15  0  0
 3  0  59712 96234264 2514020 79691244    0    0 936416 557808 230129 747847 24  6 54 16  0  0
38 36  59712 96235472 2514020 79691256    0    0 949152 541056 228771 750299 24  6 54 17  0  0
 3  0  59712 96229444 2514020 79691264    0    0 941888 567468 230578 747181 24  7 53 16  0  0
37 16  59712 96245860 2514020 79691284    0    0 954496 540984 232687 762752 25  7 53 16  0  0
procs -----------memory---------- ---swap-- -----io---- -system-- -------cpu-------
 r  b   swpd   free   buff  cache   si   so    bi    bo   in   cs us sy id wa st gu
43 27  59712 96231944 2514020 79691304    0    0 957424 554912 234242 770337 25  7 53 15  0  0
 4  0  59712 96246280 2514020 79691328    0    0 960416 558080 233161 767194 25  7 53 15  0  0
36 38  59712 96227060 2514020 79691344    0    0 967168 556280 230064 760500 24  7 53 16  0  0
35 31  59712 96228284 2514020 79691368    0    0 947440 550924 231900 759279 25  7 53 15  0  0
10 13  59712 96232256 2514020 79691388    0    0 956320 533244 228312 756160 24  6 52 18  0  0
 2  0  59712 96241096 2514020 79691400    0    0 955616 552312 230572 761484 24  6 53 17  0  0
 8  0  59712 96259256 2514020 79691408    0    0 931632 557772 228737 754386 24  6 53 16  0  0
 5  0  59712 96260496 2514020 79691428    0    0 953776 544208 231137 766759 24  7 53 16  0  0
 5  0  59712 96249676 2514020 79691456    0    0 933696 542880 228342 748481 24  7 52 17  0  0
43 32  59712 96252728 2514020 79691468    0    0 942272 549696 230786 751338 24  7 53 16  0  0
40 42  59712 96239528 2514020 79691488    0    0 944960 551612 231850 761828 25  7 53 16  0  0
 5  0  59712 96255328 2514020 79691512    0    0 956048 552712 233371 767339 24  7 53 16  0  0
40 38  59712 96253980 2514020 79691528    0    0 949120 543884 227977 760223 24  6 54 16  0  0
46  7  59712 96247252 2514020 79691540    0    0 958848 549228 229898 757987 24  6 54 16  0  0
42 37  59712 96254520 2514020 79691552    0    0 947152 566548 231241 758413 24  6 54 15  0  0
 6  0  59712 96273620 2514020 79691568    0    0 952288 545968 230614 756104 25  7 52 16  0  0
 4  0  59712 96256156 2514020 79691596    0    0 944080 550588 230251 760130 24  7 53 16  0  0
 8  0  59712 96250308 2514020 79691608    0    0 956512 544900 230077 770712 25  7 52 16  0  0
 4  0  59712 96256100 2514020 79691628    0    0 954352 558388 230766 767407 25  7 52 16  0  0
40 42  59712 96260804 2514024 79691656    0    0 957680 553336 232485 758722 24  7 53 15  0  0
34  4  59712 96272236 2514024 79691632    0    0 975936 557512 235738 779810 25  6 53 16  0  0
procs -----------memory---------- ---swap-- -----io---- -system-- -------cpu-------
 r  b   swpd   free   buff  cache   si   so    bi    bo   in   cs us sy id wa st gu
 4  0  59712 96270416 2514024 79691648    0    0 954304 556528 228176 749813 24  5 55 16  0  0
37  8  59712 96281024 2514024 79691660    0    0 937136 546008 223251 732084 23  6 52 19  0  0
43  8  59712 96278548 2514024 79691676    0    0 947440 550676 230533 761318 25  7 53 15  0  0
19 11  59712 96259016 2514024 79691696    0    0 956560 553296 230374 759617 25  7 53 16  0  0
 6  0  59712 96245988 2514024 79691720    0    0 959920 555864 232493 764276 25  7 53 16  0  0
44 42  59712 96227704 2514024 79691732    0    0 942128 556244 231492 756807 24  7 53 16  0  0
46 41  59712 96246228 2514024 79691756    0    0 937456 539404 228445 755433 24  7 53 16  0  0
45 33  59712 96260020 2514024 79691772    0    0 956464 549396 233677 764570 25  6 54 15  0  0
19  0  59712 96245588 2514024 79691784    0    0 963008 552064 233013 765706 25  6 53 16  0  0
 3  0  59712 96248304 2514024 79691796    0    0 955184 568720 232462 761268 24  7 53 16  0  0
 6  0  59712 96234548 2514024 79691816    0    0 957824 543796 236761 780486 25  7 53 15  0  0
37  6  59712 96219156 2514024 79691840    0    0 955648 553396 230705 770951 25  7 53 16  0  0
 3  1  59712 96208492 2514024 79691860    0    0 939008 549012 227332 754682 24  7 53 16  0  0
34 42  59712 96212860 2514024 79691880    0    0 965904 558820 233033 764935 24  7 52 16  0  0
39 34  59712 96219772 2514024 79691896    0    0 951664 549288 231785 758830 25  7 53 15  0  0
 4  0  59712 96244364 2514024 79691916    0    0 949904 550904 233996 758417 24  6 54 15  0  0
35 12  59712 96234436 2514024 79691928    0    0 952576 547900 229549 754336 24  6 55 16  0  0
 2  1  59712 96237068 2514024 79691940    0    0 940736 563180 229801 754998 24  7 54 16  0  0
 2  0  59712 96240628 2514024 79691952    0    0 962112 558336 233021 766321 25  7 53 16  0  0
20 10  59712 96237288 2514024 79691984    0    0 956544 541784 227548 757484 24  7 52 17  0  0
38  8  59712 96231264 2514024 79692004    0    0 950320 548044 231854 767938 25  7 53 15  0  0
procs -----------memory---------- ---swap-- -----io---- -system-- -------cpu-------
 r  b   swpd   free   buff  cache   si   so    bi    bo   in   cs us sy id wa st gu
40 36  59712 96224500 2514024 79692092    0    0 949184 554980 233074 763583 25  7 53 15  0  0
56 24  59712 96228168 2514024 79692108    0    0 928304 538528 231755 768117 25  7 53 15  0  0
47  2  59712 96218348 2514024 79692132    0    0 980192 550620 235210 779739 25  6 53 16  0  0
 4  0  59712 96214472 2514024 79692140    0    0 955440 557588 229298 747323 24  6 53 17  0  0
43 36  59712 96230744 2514024 79692152    0    0 938272 564736 233416 766013 25  7 53 15  0  0
37 14  59712 96226320 2514024 79692180    0    0 955296 543520 234404 773222 25  7 53 15  0  0
43  3  59712 96232264 2514024 79692196    0    0 954464 553484 233565 774275 25  7 53 15  0  0
 7  0  59712 96234264 2514024 79692216    0    0 956128 555768 236584 775553 25  7 53 15  0  0
40 16  59712 96215684 2514024 79692240    0    0 930032 539500 228578 753411 24  7 53 16  0  0
50 36  59712 96208264 2514024 79692260    0    0 940480 553228 232550 760519 25  7 54 15  0  0
 4  0  59712 96223972 2514024 79692280    0    0 954352 551444 231018 772463 25  6 53 16  0  0
 4  0  59712 96214488 2514024 79692292    0    0 957824 551448 226894 751751 24  5 54 16  0  0
 3  0  59712 96226332 2514024 79692320    0    0 955680 560656 233656 758053 24  7 53 15  0  0
 4  0  59712 96232420 2514024 79692412    0    0 954608 567816 235126 777559 25  7 53 15  0  0
 8  1  59712 96225676 2514024 79692424    0    0 949136 551464 231657 771221 25  7 53 15  0  0
32 26  59712 96225660 2514024 79692448    0    0 954208 555804 228205 754468 24  7 53 16  0  0
 4  0  59712 96223304 2514024 79692476    0    0 913392 531784 222511 732988 23  7 52 18  0  0
38  9  59712 96238268 2514024 79692488    0    0 953216 549536 230357 766510 25  7 52 16  0  0
 2  1  59712 96240392 2514024 79692508    0    0 960032 556404 230280 771740 24  6 53 16  0  0
 5  0  59712 96249072 2514024 79692516    0    0 979264 564932 231561 759915 24  5 53 17  0  0
33 42  59712 96247876 2514024 79692528    0    0 960192 563684 232007 762339 24  7 53 16  0  0
procs -----------memory---------- ---swap-- -----io---- -system-- -------cpu-------
 r  b   swpd   free   buff  cache   si   so    bi    bo   in   cs us sy id wa st gu
 5  0  59712 96244876 2514024 79692564    0    0 950464 560572 228904 757493 24  7 52 17  0  0
 6  0  59712 96248752 2514024 79692568    0    0 938304 548508 228458 763397 25  7 53 15  0  0
20  6  59712 96254076 2514024 79692588    0    0 955648 559476 230883 759545 24  7 53 16  0  0
 5  0  59712 96260860 2514024 79692608    0    0 957888 557672 231342 764557 24  7 53 16  0  0
37 15  59712 96259444 2514024 79692624    0    0 951552 549368 232335 777938 25  7 53 15  0  0
42  6  59712 96250468 2514024 79692648    0    0 938480 546752 226319 751491 24  5 54 17  0  0
36 44  59712 96247072 2514024 79692664    0    0 950960 554388 230607 753926 24  6 54 16  0  0
43 31  59712 96253336 2514024 79692676    0    0 954464 551892 233318 775923 25  7 52 16  0  0
46 30  59712 96251600 2514028 79692696    0    0 929904 559928 227287 747822 24  7 53 16  0  0
 7  2  59712 96246968 2514028 79692720    0    0 941552 551068 232373 775037 25  7 52 16  0  0
 5  0  59712 96247476 2514028 79692732    0    0 959312 561712 233550 779639 25  7 53 15  0  0
 7  0  59712 96240672 2514028 79692760    0    0 977984 562872 236180 784523 25  7 53 15  0  0
32 43  59712 96241248 2514028 79692772    0    0 944320 553316 229781 761802 25  6 54 15  0  0
38 35  59712 96233720 2514028 79692792    0    0 932208 527736 224831 745502 24  5 53 18  0  0
 3  1  59712 96234448 2514028 79692804    0    0 952448 550516 230373 773853 25  6 54 16  0  0
 6  1  59712 96254052 2514028 79692816    0    0 959904 561436 229974 776463 25  7 53 15  0  0
 6  2  59712 96239368 2514028 79692840    0    0 955952 589808 228306 765622 25  7 54 15  0  0
35 25  59712 96237088 2514028 79692872    0    0 958416 562732 231858 778371 25  7 53 15  0  0
42 35  59712 96237460 2514028 79692884    0    0 941280 550856 233566 770432 25  7 54 15  0  0
42  7  59712 96247736 2514028 79692900    0    0 926576 537452 229275 764264 25  7 54 14  0  0
40  6  59712 96233556 2514028 79692924    0    0 953664 560084 229391 764066 25  7 54 14  0  0
procs -----------memory---------- ---swap-- -----io---- -system-- -------cpu-------
 r  b   swpd   free   buff  cache   si   so    bi    bo   in   cs us sy id wa st gu
42  7  59712 96243624 2514028 79692940    0    0 955696 560368 230868 762293 24  6 55 15  0  0
40  8  59712 96245856 2514028 79692952    0    0 970208 566176 235734 779801 25  6 53 15  0  0
43 31  59712 96256500 2514028 79692960    0    0 930208 547264 230181 750950 24  7 53 16  0  0
 4  0  59712 96236928 2514028 79692984    0    0 965824 572152 235788 784960 25  7 52 15  0  0
43 27  59712 96243800 2514028 79693004    0    0 974608 567152 235243 777138 25  7 52 15  0  0
 7  2  59712 96214964 2514028 79693020    0    0 962560 556456 238453 787173 25  7 53 14  0  0
17  0  59712 96222484 2514028 79693040    0    0 950288 557000 234999 779053 25  7 53 14  0  0
 5  0  59712 96222512 2514028 79693064    0    0 956384 563248 237522 782372 25  7 54 14  0  0
 5  0  59712 96234256 2514028 79693076    0    0 976880 566864 234856 772625 25  6 54 15  0  0
 5  0  59712 96238140 2514028 79693092    0    0 936912 538120 227069 748255 24  6 53 18  0  0
 5  0  59712 96222520 2514028 79693116    0    0 954976 564056 233932 766775 25  7 54 14  0  0
40 39  59712 96221064 2514028 79693124    0    0 937520 544244 224775 743145 23  7 51 19  0  0
 6  0  59712 96217992 2514028 79693148    0    0 950288 540248 229923 760196 24  7 52 17  0  0
 3  3  59712 96222668 2514028 79693156    0    0 961600 546428 231917 766313 24  7 52 17  0  0
16 13  59712 96213196 2514028 79693180    0    0 936000 535628 224657 747597 23  7 51 19  0  0
31 47  59712 96213084 2514028 79693208    0    0 919488 535576 223801 739254 23  6 52 18  0  0
 2  1  59712 96209196 2514028 79693212    0    0 932896 530064 223707 735530 23  5 52 20  0  0
 5  0  59712 96226736 2514028 79693228    0    0 957536 555952 231834 768685 25  6 53 16  0  0
 4  0  59712 96221752 2514028 79693244    0    0 957456 555140 233044 773690 25  7 53 16  0  0
 7  0  59712 96229072 2514028 79693260    0    0 956304 571792 229700 760993 24  7 53 16  0  0
 5  0  59712 96229380 2514028 79693288    0    0 937776 546312 228605 751319 24  7 53 16  0  0
procs -----------memory---------- ---swap-- -----io---- -system-- -------cpu-------
 r  b   swpd   free   buff  cache   si   so    bi    bo   in   cs us sy id wa st gu
32 45  59712 96243436 2514028 79693308    0    0 945536 555332 233341 769157 25  7 53 15  0  0
34  3  59712 96253800 2514028 79693324    0    0 964448 556760 230999 769019 25  7 52 16  0  0
33 18  59712 96251168 2514028 79693340    0    0 951056 555992 228534 754932 24  6 53 16  0  0
 4  0  59712 96243012 2514028 79693356    0    0 961088 557792 228430 760903 24  6 54 16  0  0
42 37  59712 96257092 2514028 79693372    0    0 968512 561424 234070 779678 25  6 53 15  0  0
 6  0  59712 96254256 2514028 79693392    0    0 962160 551252 231904 777602 25  7 52 17  0  0
 4  0  59712 96240328 2514028 79693404    0    0 935040 567720 227368 745078 23  7 53 17  0  0
58 14  59712 96243892 2514028 79693424    0    0 959248 558708 236786 787074 25  7 53 15  0  0
40 19  59712 96245976 2514028 79693452    0    0 960832 552280 232940 782212 25  7 53 15  0  0
 1  1  59712 96264172 2514028 79693528    0    0 960768 566528 236545 779005 25  7 53 15  0  0
 2  0  59712 96257216 2514028 79693552    0    0 958384 561660 233383 772504 25  7 54 15  0  0
40 12  59712 96246500 2514028 79693564    0    0 976256 560380 231461 770209 25  6 54 16  0  0
47 33  59712 96252960 2514028 79693576    0    0 975696 566728 234896 772479 25  6 53 15  0  0
 3  0  59712 96255492 2514028 79693588    0    0 943600 556328 230910 770242 25  7 53 15  0  0
48 34  59712 96252128 2514028 79693616    0    0 940496 571080 232348 757558 24  7 54 15  0  0
 4  0  59712 96236700 2514028 79693644    0    0 949968 554832 233582 773279 25  7 53 15  0  0
 3  1  59712 96225764 2514028 79693656    0    0 933008 546844 230953 762850 25  7 53 15  0  0
 5  3  59712 96249284 2514028 79693672    0    0 957664 561320 232142 765673 25  7 53 16  0  0
 4  1  59712 96245416 2514028 79693692    0    0 952192 561708 229257 775076 25  6 54 15  0  0
14  1  59712 96244480 2514028 79693708    0    0 976736 565528 229643 772013 25  6 54 16  0  0
 5  0  59712 96271980 2514028 79693720    0    0 971120 567320 234835 788718 25  7 53 15  0  0
procs -----------memory---------- ---swap-- -----io---- -system-- -------cpu-------
 r  b   swpd   free   buff  cache   si   so    bi    bo   in   cs us sy id wa st gu
 5  0  59712 96263148 2514028 79693736    0    0 957904 559004 233264 774281 25  7 53 15  0  0
 5  0  59712 96249312 2514028 79693756    0    0 936896 566076 232150 772421 25  7 54 15  0  0
40 32  59712 96248540 2514028 79693772    0    0 915712 527744 220808 734228 23  7 54 17  0  0
47  4  59712 96234368 2514028 79693804    0    0 954640 545364 231825 772824 25  7 53 15  0  0
37 17  59712 96223404 2514028 79693816    0    0 952704 557332 231503 762429 25  7 54 15  0  0
 5  1  59712 96245032 2514028 79693840    0    0 960096 569136 232496 774507 25  6 54 15  0  0
 3  0  59712 96247692 2514028 79693848    0    0 978416 574964 233914 774875 24  6 54 16  0  0
 4  0  59712 96256848 2514028 79693856    0    0 947824 558996 230776 772434 25  7 53 15  0  0
20  0  59712 96262260 2514028 79693880    0    0 959440 551744 233919 773717 25  7 53 15  0  0
 6  0  59712 96263364 2514028 79693912    0    0 936576 560136 227846 758971 25  7 53 16  0  0
41 33  59712 96257036 2514028 79693924    0    0 959536 557480 232772 768920 25  7 53 15  0  0
37 10  59712 96262932 2514028 79693948    0    0 972464 557028 235445 782594 25  7 53 15  0  0
35 10  59712 96256120 2514028 79693964    0    0 955968 560920 233450 769741 25  7 54 14  0  0
 4  0  59712 96260540 2514028 79693980    0    0 936800 556396 228412 756969 24  6 54 16  0  0
 4  0  59712 96263504 2514028 79694000    0    0 958192 558732 229512 755426 24  6 55 15  0  0
 5  3  59712 96254124 2514028 79694000    0    0 958704 560652 233055 768181 25  7 53 15  0  0
 5  0  59712 96253224 2514028 79694032    0    0 954368 559920 233436 781088 25  7 53 15  0  0
30  8  59712 96246024 2514028 79694052    0    0 957264 573536 233664 771242 25  7 53 15  0  0
46 19  59712 96249712 2514028 79694068    0    0 954144 559060 232300 772979 25  7 53 15  0  0
24 17  59712 96244820 2514028 79694088    0    0 956784 552256 232499 775275 25  7 52 16  0  0
19  0  59712 96278328 2514028 79694112    0    0 932144 538856 304223 754390 24  7 52 17  0  0
