procs -----------memory---------- ---swap-- -----io---- -system-- -------cpu-------
 r  b   swpd   free   buff  cache   si   so    bi    bo   in   cs us sy id wa st gu
 4  0  64296 96595876 2214024 52468124    0    2 41292 36746 9061    7  4  1 95  1  0  0
25  0  64296 95209028 2214024 52468196    0    0     0 274580 471618 346978  9 22 69  0  0  0
107  0  64296 92132692 2214024 52468224    0    0     0 278500 827680 548143 16 55 29  0  0  0
34  0  64296 90940404 2214024 52468244    0    0     0 452204 842669 486535 16 49 35  0  0  0
37  0  64296 90740024 2214024 52468332    0    0     0 420544 274344 1127059 31 10 59  0  0  0
32  0  64296 90502624 2214024 52468352    0    0     0 366256 185358 1129381 31  8 60  0  0  0
29  1  64296 90297272 2214024 52468388    0    0     0 359672 183764 1111632 31  8 60  0  0  0
26  0  64296 90069144 2214024 52468408    0    0     0 359420 173434 1131582 29  7 64  0  0  0
28  0  64296 89898392 2214024 52468424    0    0     0 341904 159918 914941 23  5 72  0  0  0
28  0  64296 89875444 2214024 52468444    0    0     0 366212 182433 1149875 30  8 62  0  0  0
24  1  64296 89693724 2214024 52468468    0    0     0 362260 170787 1136277 29  7 64  0  0  0
31  1  64296 89705148 2214024 52468496    0    0     0 357964 168693 1161076 28  8 63  0  0  0
32  0  64296 89628040 2214024 52468516    0    0     0 349644 190336 1145468 29  8 63  0  0  0
28  1  64296 89535604 2214024 52468540    0    0     0 352780 183590 1133224 29  8 63  0  0  0
30  0  64296 89395480 2214024 52468564    0    0     0 357600 170384 1154966 28  7 64  0  0  0
16  0  64296 89203864 2214028 52468572    0    0     0 348412 161326 1122342 28  6 65  0  0  0
31  0  64296 89299076 2214028 52468588    0    0     0 329464 156395 922706 24  6 70  0  0  0
29  0  64296 89262604 2214028 52468608    0    0     0 352216 163678 1139932 28  8 64  0  0  0
28  1  64296 89203860 2214028 52468628    0    0     0 356276 166546 1127636 29  8 63  0  0  0
27  0  64296 89163644 2214028 52468648    0    0     0 367676 168744 1152199 28  8 63  0  0  0
30  0  64296 89130888 2214028 52468668    0    0     0 358944 167258 1106209 28  8 64  0  0  0
procs -----------memory---------- ---swap-- -----io---- -system-- -------cpu-------
 r  b   swpd   free   buff  cache   si   so    bi    bo   in   cs us sy id wa st gu
32  0  64296 89097224 2214028 52468692    0    0     0 314568 177680 1122932 29  8 63  0  0  0
26  0  64296 88942548 2214028 52468708    0    0     0 322808 192616 1134971 29  7 64  0  0  0
28  1  64296 88974348 2214028 52468720    0    0     0 298644 158425 908154 23  5 71  0  0  0
26  0  64296 88963488 2214028 52468736    0    0     0 316352 162968 1134631 28  8 63  0  0  0
28  0  64296 88921876 2214028 52468756    0    0     0 318480 162893 1149196 28  8 64  0  0  0
28  0  64296 88939300 2214028 52468856    0    0     0 316072 161393 1149372 28  7 64  0  0  0
27  0  64296 88911392 2214028 52468872    0    0     0 313816 163182 1129795 28  8 64  0  0  0
30  0  64296 88899624 2214028 52468900    0    0     0 319744 163790 1143586 28  8 64  0  0  0
31  0  64296 88872928 2214028 52468916    0    0     0 317288 160833 1142945 28  7 65  0  0  0
27  1  64296 88780400 2214028 52468928    0    0     0 318740 162987 1153238 28  6 66  0  0  0
32  0  64296 88859340 2214028 52468940    0    0     0 294652 157416 933749 24  6 70  0  0  0
29  0  64296 88882164 2214028 52468968    0    0     0 322628 171064 1133836 28  8 64  0  0  0
27  1  64296 88880264 2214028 52468984    0    0     0 333552 166298 1156944 28  8 64  0  0  0
28  0  64296 88868156 2214028 52469008    0    0     0 320312 162207 1139825 28  7 64  0  0  0
26  0  64296 88846920 2214032 52469020    0    0     0 322112 162578 1144825 28  8 64  0  0  0
29  0  64296 88864788 2214032 52469052    0    0     0 317428 161981 1118559 28  7 64  0  0  0
26  0  64296 88802704 2214032 52469072    0    0     0 333176 163217 1159097 28  6 65  0  0  0
28  0  64296 88851356 2214032 52469080    0    0     0 308996 153175 962187 23  5 71  1  0  0
29  0  64296 88844516 2214032 52469096    0    0     0 327664 162114 1145854 28  7 64  0  0  0
26  1  64296 88843588 2214032 52469124    0    0     0 330000 166249 1140558 28  7 64  0  0  0
26  0  64296 88848096 2214032 52469140    0    0     0 334476 165528 1152941 28  8 64  0  0  0
procs -----------memory---------- ---swap-- -----io---- -system-- -------cpu-------
 r  b   swpd   free   buff  cache   si   so    bi    bo   in   cs us sy id wa st gu
27  1  64296 88860468 2214032 52469172    0    0     0 335860 164409 1163929 28  8 64  0  0  0
28  0  64296 88866408 2214032 52469188    0    0     0 318936 158984 1131365 28  7 64  0  0  0
21  1  64296 88807264 2214032 52469208    0    0     0 320612 161209 1139778 28  7 65  0  0  0
 7  0  64296 88800928 2214032 52469224    0    0     0 308892 156281 1024485 25  6 69  0  0  0
28  0  64296 88845996 2214036 52469232    0    0     0 308380 158953 1013975 26  7 67  0  0  0
29  0  64296 88854328 2214036 52469260    0    0     0 322136 160942 1140975 28  7 64  0  0  0
26  0  64296 88866424 2214036 52469288    0    0     0 323148 163241 1136391 28  8 64  0  0  0
26  0  64296 88870004 2214036 52469308    0    0     0 324920 163957 1149226 28  8 64  0  0  0
28  1  64296 88862788 2214036 52469328    0    0     0 324316 161864 1149846 28  8 64  0  0  0
23  1  64296 88859012 2214044 52469348    0    0     0 330136 162077 1146107 28  7 64  0  0  0
24  0  64296 88799244 2214044 52469368    0    0     0 331684 160298 1154263 28  6 66  0  0  0
25  1  64296 88858152 2214044 52469376    0    0     0 307712 151616 944955 23  5 71  0  0  0
30  0  64296 88846476 2214044 52469400    0    0     0 338336 161841 1161702 28  7 64  0  0  0
28  0  64296 88855672 2214044 52469416    0    0     0 347324 164536 1157278 28  7 64  0  0  0
30  1  64296 88852172 2214044 52469440    0    0     0 337748 164261 1133345 28  7 64  0  0  0
28  1  64296 88862320 2214044 52469464    0    0     0 333736 163035 1135248 28  8 64  0  0  0
24  0  64296 88842320 2214044 52469492    0    0     0 327836 160330 1123746 28  7 64  0  0  0
23  0  64296 88838452 2214044 52469516    0    0     0 328576 161206 1134108 28  7 65  0  0  0
 8  0  64296 88811860 2214044 52469524    0    0     0 319516 156156 1021784 25  5 69  0  0  0
29  1  64296 88848836 2214048 52469536    0    0     0 320152 158144 1032154 26  7 67  0  0  0
29  1  64296 88827608 2214048 52469560    0    0     0 333124 162171 1150701 28  7 64  0  0  0
procs -----------memory---------- ---swap-- -----io---- -system-- -------cpu-------
 r  b   swpd   free   buff  cache   si   so    bi    bo   in   cs us sy id wa st gu
29  0  64296 88862760 2214048 52469576    0    0     0 327924 160333 1144390 28  8 64  0  0  0
31  0  64296 88857348 2214048 52469596    0    0     0 336240 165582 1161299 28  7 64  0  0  0
27  0  64296 88874040 2214048 52469624    0    0     0 345184 164134 1142260 28  7 64  0  0  0
24  1  64296 88848048 2214052 52469644    0    0     0 347220 164347 1149599 28  7 64  0  0  0
26  0  64296 88809580 2214052 52469664    0    0     0 343028 163725 1122464 28  6 66  0  0  0
26  0  64296 88826260 2214052 52469672    0    0     0 321524 157486 918677 23  5 72  0  0  0
31  0  64296 88863808 2214052 52469688    0    0     0 351004 165079 1162228 28  7 64  0  0  0
28  0  64296 88856496 2214052 52469708    0    0     0 342404 162576 1144179 28  7 65  0  0  0
27  0  64296 88862840 2214052 52469732    0    0     0 343532 162883 1129709 28  7 65  0  0  0
28  1  64296 88842188 2214052 52469748    0    0     0 347168 165428 1136652 28  8 64  0  0  0
29  0  64296 88846404 2214052 52469772    0    0     0 350448 163867 1156282 28  8 64  0  0  0
23  1  64296 88824144 2214052 52469792    0    0     0 353076 165631 1156982 28  7 65  0  0  0
10  0  64296 88771304 2214052 52469800    0    0     0 348328 165200 1125531 28  6 66  0  0  0
29  0  64296 88822324 2214060 52469816    0    0     0 321212 156259 937691 23  6 70  0  0  0
28  0  64296 88847056 2214060 52469836    0    0     0 347856 163733 1151762 28  7 64  0  0  0
29  0  64296 88820744 2214060 52469860    0    0     0 350976 164453 1157252 29  8 64  0  0  0
31  0  64296 88867952 2214060 52469880    0    0     0 342084 164676 1133281 28  8 64  0  0  0
27  0  64296 88839740 2214060 52469904    0    0     0 345776 166543 1128492 28  8 64  0  0  0
27  0  64296 88836484 2214064 52469920    0    0     0 351384 165184 1113480 28  7 64  0  0  0
29  1  64296 88770528 2214064 52469940    0    0     0 357128 164603 1154834 28  6 66  0  0  0
23  1  64296 88837788 2214064 52469948    0    0     0 309864 150341 858299 22  5 73  0  0  0
procs -----------memory---------- ---swap-- -----io---- -system-- -------cpu-------
 r  b   swpd   free   buff  cache   si   so    bi    bo   in   cs us sy id wa st gu
31  0  64296 88853224 2214064 52469976    0    0     0 350260 163398 1138153 28  8 64  0  0  0
25  1  64296 88847924 2214064 52469996    0    0     0 353652 164755 1152736 28  7 64  0  0  0
33  0  64296 88838492 2214064 52470080    0    0     0 341980 161873 1144345 28  7 64  1  0  0
22  1  64296 88812808 2214064 52470104    0    0     0 352516 163234 1157998 28  7 64  0  0  0
31  0  64296 88826484 2214064 52470120    0    0     0 355172 163877 1140601 28  7 64  0  0  0
28  1  64296 88762632 2214064 52470144    0    0     0 355844 165950 1122264 28  7 65  0  0  0
25  0  64296 88814588 2214064 52470152    0    0     0 337028 155266 947654 23  5 71  0  0  0
31  0  64296 88809192 2214064 52470164    0    0     0 356348 162944 1143035 28  7 64  0  0  0
27  0  64296 88824592 2214064 52470184    0    0     0 359620 164766 1139340 28  7 64  0  0  0
28  0  64296 88833784 2214064 52470212    0    0     0 355064 165381 1150013 28  7 64  0  0  0
27  1  64296 88841716 2214064 52470236    0    0     0 352972 165398 1147426 28  7 64  0  0  0
26  0  64296 88809764 2214064 52470256    0    0     0 341716 168230 1109981 28  7 64  0  0  0
30  0  64296 88759020 2214064 52470288    0    0     0 335940 165737 1101035 28  7 65  0  0  0
 8  0  64296 88715088 2214064 52470304    0    0     0 330992 159004 1049595 25  6 68  0  0  0
25  0  64296 88766620 2214064 52470320    0    0     0 323200 159421 974281 25  6 68  0  0  0
31  0  64296 88792332 2214064 52470320    0    0     0 339744 164028 1135177 28  8 64  0  0  0
27  1  64296 88803796 2214064 52470340    0    0     0 339252 162945 1119772 28  7 65  0  0  0
26  0  64296 88796056 2214064 52470348    0    0     0 340628 166157 1124094 28  7 65  0  0  0
27  0  64296 88796528 2214064 52470368    0    0     0 340264 173671 1111082 27  8 64  0  0  0
24  0  64296 88779696 2214064 52470392    0    0     0 338728 164206 1115272 27  7 65  0  0  0
31  0  64296 88682740 2214064 52470404    0    0     0 340212 162484 1116086 27  6 66  0  0  0
procs -----------memory---------- ---swap-- -----io---- -system-- -------cpu-------
 r  b   swpd   free   buff  cache   si   so    bi    bo   in   cs us sy id wa st gu
26  0  64296 88765948 2214064 52470416    0    0     0 314884 153854 876045 22  6 72  0  0  0
28  0  64296 88801448 2214064 52470436    0    0     0 338928 162087 1119163 28  7 64  0  0  0
30  0  64296 88812508 2214064 52470452    0    0     0 340624 165234 1125720 28  8 64  0  0  0
26  1  64296 88794356 2214064 52470476    0    0     0 341280 163856 1128289 28  7 64  0  0  0
25  0  64296 88794776 2214064 52470500    0    0     0 340240 164426 1115275 28  8 64  0  0  0
22  0  64296 88803480 2214064 52470520    0    0     0 341800 166334 1124887 28  8 64  0  0  0
27  1  64296 88753880 2214064 52470536    0    0     0 340980 160672 1091464 27  6 67  1  0  0
30  0  64296 88811672 2214064 52470544    0    0     0 313172 152635 834229 21  5 73  1  0  0
26  1  64296 88834536 2214064 52470560    0    0     0 345652 166239 1124323 28  8 64  0  0  0
31  1  64296 88829996 2214064 52470588    0    0     0 352632 167216 1120478 28  8 64  0  0  0
31  0  64296 88844856 2214064 52470608    0    0     0 356484 166679 1136391 28  8 64  0  0  0
29  1  64296 88847144 2214064 52470628    0    0     0 357704 167079 1112644 28  7 64  0  0  0
23  0  64296 88846484 2214064 52470652    0    0     0 355864 167013 1120510 28  7 64  1  0  0
25  0  64296 88791136 2214064 52470668    0    0     0 349448 167259 1135876 28  7 65  0  0  0
10  0  64296 88760944 2214064 52470688    0    0     0 339124 161819 1007034 25  5 70  0  0  0
28  0  64296 88802940 2214064 52470700    0    0     0 339204 161996 1029677 26  7 67  0  0  0
26  1  64296 88838916 2214064 52470712    0    0     0 343816 164587 1090377 27  7 65  1  0  0
28  0  64296 88835312 2214064 52470736    0    0     0 345068 165534 1089581 27  7 65  1  0  0
26  0  64296 88809456 2214064 52470752    0    0     0 345576 166253 1103931 27  7 65  1  0  0
28  0  64296 88834652 2214064 52470780    0    0     0 347840 165757 1115877 28  8 64  0  0  0
28  1  64296 88838856 2214064 52470800    0    0     0 332024 159643 1111202 28  7 64  1  0  0
procs -----------memory---------- ---swap-- -----io---- -system-- -------cpu-------
 r  b   swpd   free   buff  cache   si   so    bi    bo   in   cs us sy id wa st gu
28  0  64296 88776556 2214068 52470808    0    0     0 344028 162895 1136933 27  6 66  0  0  0
30  1  64296 88843484 2214068 52470828    0    0     0 311196 151636 899678 23  6 71  0  0  0
31  0  64296 88828816 2214068 52470852    0    0     0 342980 165037 1112369 28  8 64  0  0  0
28  0  64296 88858796 2214068 52470872    0    0     0 346740 165300 1120922 28  8 64  0  0  0
28  1  64296 88859056 2214068 52470892    0    0     0 346228 165480 1126627 28  7 64  0  0  0
27  1  64296 88806216 2214072 52470908    0    0     0 346424 165316 1126743 28  8 64  0  0  0
31  1  64296 88806440 2214072 52470932    0    0     0 347708 164862 1135045 28  7 64  0  0  0
28  1  64296 88784280 2214072 52470952    0    0     0 349748 163977 1136381 28  7 65  0  0  0
11  0  64296 88799000 2214072 52470968    0    0     0 330060 157650 956530 23  5 71  0  0  0
26  1  64296 88793652 2214072 52470980    0    0     0 343068 165847 1094585 27  8 64  0  0  0
27  0  64296 88833588 2214076 52470996    0    0     0 346500 165406 1132390 28  8 64  0  0  0
31  0  64296 88835428 2214076 52471020    0    0     0 347740 165524 1143702 28  8 64  0  0  0
31  0  64296 88819692 2214076 52471040    0    0     0 346672 167389 1146674 28  8 64  0  0  0
25  0  64296 88835376 2214076 52471060    0    0     0 346304 166174 1137753 28  8 64  0  0  0
27  0  64296 88804936 2214076 52471080    0    0     0 346284 165190 1109657 28  8 64  0  0  0
26  1  64296 88755412 2214080 52471096    0    0     0 346304 162097 1119088 27  6 66  0  0  0
29  1  64296 88803944 2214080 52471108    0    0     0 325524 156555 904481 23  6 71  0  0  0
23  0  64296 88823348 2214080 52471124    0    0     0 348040 164779 1124169 28  7 64  0  0  0
26  0  64296 88822532 2214080 52471144    0    0     0 349584 162936 1149172 27  7 65  0  0  0
32  0  64296 88833060 2214080 52471168    0    0     0 350588 166842 1142857 28  8 64  0  0  0
24  1  64296 88817492 2214080 52471260    0    0     0 351064 165935 1127935 28  7 64  0  0  0
procs -----------memory---------- ---swap-- -----io---- -system-- -------cpu-------
 r  b   swpd   free   buff  cache   si   so    bi    bo   in   cs us sy id wa st gu
27  0  64296 88805784 2214080 52471280    0    0     0 351024 165068 1134953 28  7 64  0  0  0
23  1  64296 88773408 2214080 52471300    0    0     0 352192 164825 1120476 27  7 65  0  0  0
 7  0  64296 88732788 2214080 52471312    0    0     0 329336 156067 908537 23  5 72  0  0  0
32  0  64296 88824168 2214080 52471324    0    0     0 341364 161899 1067397 27  7 66  0  0  0
28  0  64296 88828180 2214080 52471344    0    0     0 353108 166688 1128802 28  7 64  0  0  0
33  0  64296 88824576 2214080 52471368    0    0     0 346676 164164 1118312 27  7 65  1  0  0
27  1  64296 88824600 2214080 52471388    0    0     0 347324 163729 1115775 27  7 65  1  0  0
35  0  64296 88817908 2214080 52471408    0    0     0 350724 165220 1133585 28  8 64  0  0  0
30  1  64296 88808460 2214080 52471432    0    0     0 350804 167303 1150169 28  8 64  0  0  0
25  0  64296 88760400 2214084 52471444    0    0     0 353124 164249 1144772 27  6 66  0  0  0
31  0  64296 88786692 2214084 52471456    0    0     0 333396 153374 925855 22  5 72  0  0  0
30  1  64296 88830884 2214084 52471472    0    0     0 352680 164833 1123806 28  7 64  0  0  0
29  1  64296 88826424 2214084 52471500    0    0     0 374940 166919 1144349 28  8 64  0  0  0
28  0  64296 88836624 2214084 52471524    0    0     0 390128 168225 1124982 28  8 64  0  0  0
28  0  64296 88832920 2214084 52471548    0    0     0 370488 167194 1150671 28  7 64  0  0  0
28  0  64296 88827388 2214084 52471568    0    0     0 390196 168103 1135839 28  8 64  0  0  0
30  0  64296 88789292 2214084 52471588    0    0     0 387876 166817 1110088 28  7 65  0  0  0
 6  0  64296 88753092 2214084 52471608    0    0     0 389420 164393 1071259 26  6 68  0  0  0
35  0  64296 88817292 2214084 52471624    0    0     0 359724 155531 971415 25  6 69  1  0  0
26  1  64296 88832980 2214088 52471640    0    0     0 376748 162072 1127551 28  7 64  1  0  0
30  1  64296 88816776 2214088 52471672    0    0     0 394756 167503 1121284 28  7 64  0  0  0
procs -----------memory---------- ---swap-- -----io---- -system-- -------cpu-------
 r  b   swpd   free   buff  cache   si   so    bi    bo   in   cs us sy id wa st gu
30  1  64296 88793296 2214088 52471692    0    0     0 399236 169826 1148694 28  8 64  0  0  0
28  1  64296 88795376 2214088 52471708    0    0     0 392184 167638 1156207 28  7 64  0  0  0
27  0  64296 88813644 2214088 52471736    0    0     0 393280 168995 1155636 28  8 64  0  0  0
27  0  64296 88763424 2214092 52471756    0    0     0 396080 168195 1133122 28  6 65  0  0  0
26  0  64296 88784040 2214092 52471768    0    0     0 369196 158169 909741 22  5 72  0  0  0
26  1  64296 88794740 2214092 52471784    0    0     0 396156 169472 1148000 29  7 64  0  0  0
27  0  64296 88791112 2214092 52471800    0    0     0 394952 167723 1136329 28  8 64  0  0  0
30  0  64296 88824776 2214092 52471820    0    0     0 393136 169352 1135911 28  7 64  0  0  0
34  0  64296 88809280 2214096 52471840    0    0     0 393116 168396 1138033 28  7 64  0  0  0
23  0  64296 88808732 2214096 52471868    0    0     0 398908 170982 1151623 28  7 64  0  0  0
31  0  64296 88759312 2214096 52471888    0    0     0 397892 168896 1151772 28  7 65  0  0  0
 8  0  64296 88744456 2214096 52471896    0    0     0 374468 161907 971906 23  5 71  0  0  0
27  0  64296 88778224 2214096 52471908    0    0     0 383172 165634 1075704 27  7 66  0  0  0
28  0  64296 88813732 2214096 52471932    0    0     0 387360 166687 1132379 28  8 64  0  0  0
28  1  64296 88789256 2214096 52471952    0    0     0 393692 169820 1156703 28  8 64  0  0  0
27  1  64296 88819320 2214096 52471976    0    0     0 390524 169171 1147111 28  7 64  0  0  0
26  0  64296 88821172 2214096 52471996    0    0     0 386908 166017 1141012 28  8 64  0  0  0
25  0  64296 88771008 2214096 52472012    0    0     0 385352 166490 1132036 28  7 65  0  0  0
27  0  64296 88739908 2214096 52472032    0    0     0 390064 168599 1149661 28  6 66  0  0  0
29  0  64296 88794492 2214096 52472040    0    0     0 352160 157397 887472 22  6 72  0  0  0
26  0  64296 88799744 2214096 52472064    0    0     0 394752 170177 1159040 28  7 64  0  0  0
procs -----------memory---------- ---swap-- -----io---- -system-- -------cpu-------
 r  b   swpd   free   buff  cache   si   so    bi    bo   in   cs us sy id wa st gu
31  0  64296 88815540 2214096 52472088    0    0     0 383880 167284 1122109 27  7 65  1  0  0
25  0  64296 88820640 2214096 52472108    0    0     0 380892 165072 1116785 28  7 65  1  0  0
27  1  64296 88810372 2214096 52472132    0    0     0 384776 167373 1145899 28  7 64  0  0  0
26  1  64296 88778064 2214100 52472152    0    0     0 392584 167628 1158157 28  7 64  0  0  0
26  0  64296 88734524 2214100 52472172    0    0     0 394832 169145 1166752 28  6 65  0  0  0
26  0  64296 88721152 2214100 52472184    0    0     0 372696 158332 962551 23  5 71  1  0  0
25  0  64296 88715344 2214100 52472200    0    0     0 377668 163654 1141219 28  7 64  0  0  0
25  1  64296 88735384 2214100 52472228    0    0     0 390116 169695 1148701 28  7 64  0  0  0
24  0  64296 88757904 2214100 52472252    0    0     0 393096 170009 1171073 28  7 64  0  0  0
28  0  64296 88787800 2214100 52472276    0    0     0 381192 168435 1137757 28  7 64  1  0  0
26  0  64296 88796444 2214100 52472304    0    0     0 384032 169212 1148089 27  7 65  1  0  0
26  1  64296 88747072 2214100 52472320    0    0     0 388968 166707 1172083 28  6 65  0  0  0
31  1  64296 88744028 2214100 52472332    0    0     0 354188 155339 930425 22  5 73  0  0  0
25  0  64296 88792072 2214100 52472352    0    0     0 370040 162081 1158377 29  7 63  1  0  0
29  1  64296 88777508 2214100 52472372    0    0     0 394956 168058 1178917 28  7 64  0  0  0
32  0  64296 88810644 2214100 52472392    0    0     0 392148 167119 1174944 28  7 64  0  0  0
31  1  64296 88785476 2214100 52472412    0    0     0 388004 167059 1171965 28  7 64  0  0  0
30  0  64296 88790240 2214100 52472500    0    0     0 388264 167941 1165784 28  7 64  0  0  0
26  0  64296 88779892 2214100 52472520    0    0     0 392460 168449 1172061 28  7 64  0  0  0
26  1  64296 88732676 2214100 52472540    0    0     0 380516 164154 1162545 28  6 66  0  0  0
26  0  64296 88782112 2214100 52472544    0    0     0 341800 154550 918101 23  6 71  0  0  0
procs -----------memory---------- ---swap-- -----io---- -system-- -------cpu-------
 r  b   swpd   free   buff  cache   si   so    bi    bo   in   cs us sy id wa st gu
26  0  64296 88807616 2214100 52472564    0    0     0 375928 166853 1132501 28  8 64  0  0  0
29  0  64296 88810172 2214100 52472588    0    0     0 388992 170302 1166058 28  8 64  0  0  0
29  1  64296 88806260 2214100 52472608    0    0     0 388004 168647 1180071 28  7 64  0  0  0
29  1  64296 88797380 2214100 52472628    0    0     0 383384 166256 1156757 28  8 64  0  0  0
28  0  64296 88800872 2214100 52472648    0    0     0 386404 168357 1137574 28  7 64  0  0  0
24  1  64296 88740124 2214100 52472676    0    0     0 384864 166320 1158830 28  6 65  0  0  0
26  0  64296 88773860 2214100 52472684    0    0     0 366668 158603 968559 23  5 72  0  0  0
26  0  64296 88787252 2214104 52472700    0    0     0 386692 165669 1144006 28  7 64  0  0  0
28  0  64296 88761072 2214104 52472720    0    0     0 383456 166946 1158656 28  7 64  0  0  0
29  0  64296 88780248 2214104 52472740    0    0     0 387128 168579 1163274 28  7 64  0  0  0
26  0  64296 88767500 2214104 52472760    0    0     0 377368 167572 1145780 28  8 64  0  0  0
27  0  64296 88783636 2214104 52472788    0    0     0 378876 167011 1132335 28  8 64  0  0  0
30  0  64296 88761116 2214104 52472816    0    0     0 383004 165780 1146722 28  7 65  0  0  0
10  0  64296 88722848 2214104 52472828    0    0     0 382528 165284 1134023 27  6 67  0  0  0
27  0  64296 88777284 2214104 52472836    0    0     0 359268 158943 950074 23  6 70  0  0  0
35  0  64296 88788640 2214104 52472852    0    0     0 389384 170044 1181299 28  8 64  0  0  0
26  0  64296 88793156 2214104 52472872    0    0     0 383748 167052 1146627 28  7 65  0  0  0
28  0  64296 88799028 2214104 52472892    0    0     0 381384 166065 1149074 28  7 64  1  0  0
27  1  64296 88804156 2214108 52472916    0    0     0 381592 167429 1152407 28  7 64  0  0  0
27  0  64296 88794412 2214108 52472936    0    0     0 380592 164575 1136763 27  8 64  0  0  0
26  0  64296 88736816 2214108 52472952    0    0     0 380780 164158 1135049 27  7 66  1  0  0
procs -----------memory---------- ---swap-- -----io---- -system-- -------cpu-------
 r  b   swpd   free   buff  cache   si   so    bi    bo   in   cs us sy id wa st gu
31  0  64296 88742416 2214108 52472960    0    0     0 362044 156279 921940 22  5 72  1  0  0
26  1  64296 88797932 2214108 52472980    0    0     0 384252 167536 1152957 28  8 64  0  0  0
27  0  64296 88784780 2214108 52473004    0    0     0 383188 165988 1149683 28  7 64  0  0  0
26  0  64296 88783904 2214108 52473028    0    0     0 381740 166722 1148074 28  7 65  0  0  0
25  0  64296 88763056 2214108 52473048    0    0     0 379112 167423 1125346 28  7 64  1  0  0
25  0  64296 88763712 2214108 52473068    0    0     0 379412 164607 1133116 28  7 64  0  0  0
29  1  64296 88753048 2214108 52473092    0    0     0 364212 160547 1132708 28  7 65  1  0  0
 7  0  64296 88719828 2214108 52473108    0    0     0 358028 157644 1063820 25  5 69  1  0  0
29  1  64296 88784412 2214108 52473116    0    0     0 354620 157621 963499 24  6 70  0  0  0
33  0  64296 88765492 2214108 52473136    0    0     0 380380 166538 1143643 28  7 64  0  0  0
26  0  64296 88767400 2214108 52473160    0    0     0 383436 166713 1158989 28  7 64  0  0  0
27  0  64296 88749380 2214108 52473184    0    0     0 377276 165202 1140373 28  7 65  0  0  0
26  0  64296 88769212 2214108 52473208    0    0     0 373976 166990 1141254 28  8 64  0  0  0
29  0  64296 88740332 2214108 52473232    0    0     0 379288 167342 1134393 28  7 65  0  0  0
 9  0  64296 88714900 2214108 52473248    0    0     0 375980 164565 1113082 27  6 67  0  0  0
28  0  64296 88779164 2214108 52473260    0    0     0 350264 157531 923453 23  6 71  0  0  0
27  0  64296 88762912 2214108 52473284    0    0     0 365944 167164 1128130 28  7 64  0  0  0
29  1  64296 88755980 2214108 52473308    0    0     0 358488 167029 1127746 28  8 64  0  0  0
28  0  64296 88748984 2214108 52473332    0    0     0 366808 166217 1138276 28  7 64  0  0  0
31  1  64296 88818924 2214108 52473356    0    0     0 371792 166457 1122826 28  7 65  1  0  0
26  0  64296 88781632 2214108 52473376    0    0     0 362184 164747 1114776 28  7 65  0  0  0
procs -----------memory---------- ---swap-- -----io---- -system-- -------cpu-------
 r  b   swpd   free   buff  cache   si   so    bi    bo   in   cs us sy id wa st gu
23  1  64296 88724588 2214108 52473404    0    0     0 361696 164677 1115223 27  6 66  0  0  0
25  0  64296 88762776 2214108 52473420    0    0     0 336868 156795 895870 23  6 71  0  0  0
30  0  64296 88763496 2214108 52473444    0    0     0 360408 166487 1122274 28  8 64  0  0  0
32  0  64296 88790512 2214108 52473460    0    0     0 362472 165914 1138743 28  8 64  0  0  0
25  1  64296 88783336 2214112 52473480    0    0     0 362372 165412 1124560 28  8 64  0  0  0
33  0  64296 88770916 2214112 52473508    0    0     0 362556 163753 1138029 28  7 65  0  0  0
27  0  64296 88803048 2214112 52473532    0    0     0 377724 166988 1151418 28  7 64  0  0  0
27  0  64296 88744400 2214112 52473556    0    0     0 379872 164924 1151008 28  6 65  0  0  0
31  0  64296 88727632 2214112 52473564    0    0     0 347460 155730 901368 22  5 72  0  0  0
25  1  64296 88771764 2214112 52473572    0    0     0 373272 165719 1131572 28  7 64  0  0  0
34  0  64296 88756576 2214112 52473592    0    0     0 382112 168149 1158722 28  7 64  0  0  0
26  0  64296 88753248 2214112 52473616    0    0     0 376064 166300 1136897 28  7 64  0  0  0
27  1  64296 88772300 2214112 52473636    0    0     0 377372 166947 1153568 28  7 64  0  0  0
30  1  64296 88772664 2214112 52473660    0    0     0 375112 165267 1141432 28  7 64  0  0  0
30  0  64296 88747004 2214116 52473768    0    0     0 373924 170056 1155652 28  7 64  0  0  0
24  0  64296 88700940 2214116 52473788    0    0     0 376980 165652 1134840 27  6 67  0  0  0
30  0  64296 88749600 2214116 52473800    0    0     0 346828 156317 923631 23  6 71  0  0  0
27  0  64296 88759872 2214116 52473816    0    0     0 375172 167441 1156968 28  7 64  0  0  0
26  0  64296 88774476 2214116 52473840    0    0     0 373668 166346 1144670 28  7 64  0  0  0
26  0  64296 88767888 2214116 52473860    0    0     0 373260 166157 1129699 28  7 65  1  0  0
31  1  64296 88780040 2214116 52473884    0    0     0 365596 164418 1097676 27  7 65  1  0  0
procs -----------memory---------- ---swap-- -----io---- -system-- -------cpu-------
 r  b   swpd   free   buff  cache   si   so    bi    bo   in   cs us sy id wa st gu
26  1  64296 88744692 2214116 52473908    0    0     0 367864 165806 1127234 28  7 65  0  0  0
29  0  64296 88711772 2214116 52473928    0    0     0 351604 160341 1100576 28  6 66  1  0  0
29  1  64296 88759072 2214116 52473936    0    0     0 346340 155817 921003 23  5 71  0  0  0
26  1  64296 88767080 2214116 52473956    0    0     0 375312 166388 1153031 28  7 64  0  0  0
27  0  64296 88742860 2214116 52473976    0    0     0 355184 162311 1122652 28  7 64  1  0  0
26  1  64296 88764548 2214116 52474000    0    0     0 359700 166043 1141559 28  8 64  0  0  0
27  0  64296 88796648 2214116 52474024    0    0     0 373668 167358 1138633 28  7 64  0  0  0
25  0  64296 88763608 2214116 52474044    0    0     0 369172 167936 1132141 28  8 64  0  0  0
24  0  64296 88691392 2214116 52474068    0    0     0 367684 166107 1108778 27  6 66  0  0  0
32  0  64296 88660760 2214116 52474076    0    0     0 345168 159362 905004 23  6 71  0  0  0
27  0  64296 88461880 2214116 52474092    0    0     0 367308 278704 1115980 28  9 62  0  0  0
26  0  64296 88398468 2214116 52474120    0    0     0 367520 361416 1126354 29 10 61  0  0  0
29  0  64296 88506804 2214116 52474140    0    0     0 368188 279905 1151176 29 10 61  0  0  0
29  0  64296 88552828 2214116 52474160    0    0     0 366476 265730 1163197 28 10 61  0  0  0
27  1  64296 88549140 2214116 52474180    0    0     0 370752 169961 1167866 28  9 63  0  0  0
27  1  64296 88518932 2214116 52474200    0    0     0 368412 180036 1170683 28  8 64  0  0  0
30  0  64296 88495204 2214116 52474212    0    0     0 342620 156441 903698 22  5 73  0  0  0
29  0  64296 88632420 2214116 52474232    0    0     0 367788 175835 1166462 28  8 63  0  0  0
25  0  64296 88649164 2214120 52474248    0    0     0 368892 170137 1162672 28  8 63  0  0  0
28  1  64296 88681736 2214120 52474276    0    0     0 366932 174566 1169135 28  8 63  0  0  0
28  0  64296 88678896 2214120 52474296    0    0     0 365228 168905 1161194 28  8 63  0  0  0
procs -----------memory---------- ---swap-- -----io---- -system-- -------cpu-------
 r  b   swpd   free   buff  cache   si   so    bi    bo   in   cs us sy id wa st gu
29  0  64296 88671152 2214120 52474324    0    0     0 362164 174130 1150111 28  8 64  0  0  0
33  0  64296 88683072 2214120 52474340    0    0     0 368576 175017 1176386 28  8 63  0  0  0
30  0  64296 88595088 2214124 52474356    0    0     0 372928 167164 1176841 28  6 66  0  0  0
32  0  64296 88667720 2214124 52474372    0    0     0 343032 159084 948755 23  6 71  0  0  0
29  0  64296 88698100 2214124 52474388    0    0     0 369912 170648 1163731 28  8 64  0  0  0
33  0  64296 88687624 2214124 52474408    0    0     0 367468 170673 1155789 28  8 64  0  0  0
26  0  64296 88657720 2214124 52474428    0    0     0 366956 168789 1163633 28  8 63  0  0  0
31  0  64296 88636408 2214124 52474448    0    0     0 369288 170652 1151473 28  8 64  0  0  0
32  0  64296 88650616 2214124 52474472    0    0     0 366936 169458 1141548 28  8 64  1  0  0
26  0  64296 88553416 2214124 52474500    0    0     0 366632 166228 1128838 27  7 65  1  0  0
 6  1  64296 88540512 2214124 52474512    0    0     0 345836 158442 938897 22  5 72  0  0  0
27  0  64296 88634124 2214124 52474524    0    0     0 363932 166705 1110512 27  7 65  0  0  0
29  0  64296 88648096 2214132 52474536    0    0     0 367800 166632 1150229 28  8 64  0  0  0
23  0  64296 88701672 2214132 52474568    0    0     0 366436 168109 1150205 28  8 64  0  0  0
30  0  64296 88743880 2214132 52474588    0    0     0 374800 171669 1175181 29  8 63  0  0  0
28  0  64296 88739864 2214132 52474604    0    0     0 362512 165173 1130008 28  8 64  1  0  0
28  0  64296 88704832 2214132 52474632    0    0     0 365732 166300 1131278 28  7 64  1  0  0
29  0  64296 88621636 2214136 52474644    0    0     0 367900 164055 1134664 27  6 66  1  0  0
30  0  64296 88702820 2214136 52474660    0    0     0 329024 152903 902592 22  5 72  1  0  0
24  0  64296 88722356 2214136 52474672    0    0     0 370560 169656 1167065 29  8 63  0  0  0
26  0  64296 88753928 2214136 52474692    0    0     0 371524 165550 1168759 28  8 64  0  0  0
procs -----------memory---------- ---swap-- -----io---- -system-- -------cpu-------
 r  b   swpd   free   buff  cache   si   so    bi    bo   in   cs us sy id wa st gu
26  0  64296 88781932 2214136 52474712    0    0     0 352476 160302 1141151 28  7 64  1  0  0
30  0  64296 88762936 2214136 52474740    0    0     0 378296 165789 1164805 28  7 65  0  0  0
28  0  64296 88751700 2214136 52474760    0    0     0 371672 166511 1168411 28  7 64  0  0  0
26  1  64296 88705920 2214136 52474784    0    0     0 380620 166576 1170777 28  7 65  0  0  0
 7  0  64296 88697956 2214136 52474796    0    0     0 352180 157837 1006657 24  5 70  0  0  0
28  0  64296 88748672 2214136 52474808    0    0     0 347864 167893 1104186 27  7 66  0  0  0
30  1  64296 88728640 2214140 52474824    0    0     0 381256 167607 1179373 28  8 64  0  0  0
26  1  64296 88709724 2214140 52474852    0    0     0 382352 169747 1170552 28  8 64  0  0  0
29  0  64296 88666112 2214140 52474876    0    0     0 384820 169965 1159089 28  8 64  0  0  0
28  0  64296 88732016 2214140 52474896    0    0     0 382228 169552 1176443 28  8 64  0  0  0
32  0  64296 88719048 2214140 52474924    0    0     0 381568 168930 1181472 28  8 64  0  0  0
35  0  64296 88656472 2214140 52475012    0    0     0 382088 168231 1163195 28  6 65  0  0  0
27  0  64296 88717712 2214144 52475032    0    0     0 359440 157991 954413 23  6 71  0  0  0
27  0  64296 88750556 2214144 52475056    0    0     0 381044 166473 1171427 28  8 64  0  0  0
26  0  64296 88732988 2214144 52475072    0    0     0 377212 170092 1154882 28  8 64  0  0  0
25  1  64296 88721452 2214144 52475092    0    0     0 373768 168145 1165955 28  8 64  0  0  0
24  1  64296 88723936 2214144 52475112    0    0     0 376844 167697 1154818 28  8 64  0  0  0
34  0  64296 88739228 2214152 52475136    0    0     0 379916 168956 1174298 28  8 64  0  0  0
25  0  64296 88659316 2214152 52475152    0    0     0 382044 169136 1186643 28  7 65  0  0  0
 9  0  64296 88626796 2214152 52475164    0    0     0 367460 161945 1041827 25  5 69  0  0  0
26  0  64296 88696224 2214152 52475180    0    0     0 362024 164590 1048935 26  7 67  0  0  0
procs -----------memory---------- ---swap-- -----io---- -system-- -------cpu-------
 r  b   swpd   free   buff  cache   si   so    bi    bo   in   cs us sy id wa st gu
32  0  64296 88731728 2214152 52475200    0    0     0 375072 169314 1154704 28  8 64  0  0  0
27  1  64296 88728292 2214156 52475224    0    0     0 370404 169239 1136523 28  8 64  0  0  0
31  0  64296 88713728 2214156 52475248    0    0     0 375376 170166 1139461 28  8 64  0  0  0
29  0  64296 88729752 2214156 52475264    0    0     0 374872 168479 1140232 28  8 64  0  0  0
26  0  64296 88743252 2214156 52475288    0    0     0 376204 168537 1154390 28  8 64  0  0  0
29  1  64296 88644068 2214156 52475312    0    0     0 380988 166086 1148750 27  6 66  1  0  0
29  0  64296 88655172 2214160 52475324    0    0     0 359004 159045 962651 23  5 71  1  0  0
27  0  64296 88721212 2214160 52475340    0    0     0 375940 167013 1147493 28  7 64  1  0  0
30  0  64296 88746536 2214160 52475360    0    0     0 374496 166271 1132276 28  8 64  0  0  0
29  0  64296 88746496 2214160 52475384    0    0     0 381380 167518 1150138 28  7 64  0  0  0
31  0  64296 88746300 2214160 52475408    0    0     0 378840 168558 1153372 28  8 64  0  0  0
26  1  64296 88770856 2214164 52475428    0    0     0 378120 167995 1147214 28  8 64  0  0  0
29  0  64296 88721852 2214164 52475444    0    0     0 377160 165380 1126327 27  7 65  1  0  0
25  1  64296 88668112 2214164 52475464    0    0     0 382628 166447 1160208 27  6 66  0  0  0
24  1  64296 88757520 2214164 52475472    0    0     0 328132 151094 890029 23  6 71  1  0  0
30  1  64296 88753068 2214164 52475496    0    0     0 377576 168898 1152962 28  8 64  0  0  0
30  1  64296 88737612 2214168 52475512    0    0     0 382776 167517 1160531 28  8 64  0  0  0
25  1  64296 88752332 2214168 52475540    0    0     0 357860 161187 1095672 28  7 64  1  0  0
32  0  64296 88763200 2214168 52475560    0    0     0 374776 166738 1144629 28  8 64  0  0  0
23  0  64296 88735452 2214168 52475580    0    0     0 376676 169804 1146538 28  8 64  0  0  0
25  0  64296 88697908 2214168 52475600    0    0     0 374980 164123 1128704 27  6 66  0  0  0
procs -----------memory---------- ---swap-- -----io---- -system-- -------cpu-------
 r  b   swpd   free   buff  cache   si   so    bi    bo   in   cs us sy id wa st gu
28  0  64296 88740936 2214172 52475604    0    0     0 343464 153180 898171 22  5 73  1  0  0
25  0  64296 88767316 2214172 52475628    0    0     0 363024 164175 1113835 28  7 64  0  0  0
28  0  64296 88769708 2214172 52475652    0    0     0 372500 167162 1132543 28  7 64  0  0  0
25  0  64296 88752556 2214172 52475668    0    0     0 376204 167255 1148507 28  7 64  0  0  0
30  0  64296 88737764 2214172 52475696    0    0     0 373896 165471 1127809 28  7 64  0  0  0
34  1  64296 88764932 2214176 52475716    0    0     0 374808 166702 1143272 28  7 64  0  0  0
23  1  64296 88726472 2214176 52475740    0    0     0 373192 165681 1146001 27  7 65  1  0  0
 8  0  64296 88695360 2214176 52475756    0    0     0 344928 154825 921988 22  5 73  0  0  0
27  1  64296 88756536 2214176 52475760    0    0     0 369956 164655 1105501 28  7 65  0  0  0
28  1  64296 88748080 2214176 52475792    0    0     0 377896 168636 1138985 28  7 64  0  0  0
29  1  64296 88699024 2214184 52475804    0    0     0 382580 171480 1147224 28  7 64  1  0  0
31  0  64296 88762072 2214184 52475832    0    0     0 374776 168171 1148933 28  8 64  0  0  0
39  1  64296 88766612 2214184 52475852    0    0     0 364512 165426 1129325 28  8 64  0  0  0
29  1  64296 88724664 2214184 52475872    0    0     0 363612 163521 1119809 28  7 65  0  0  0
 8  1  64296 88677120 2214184 52475896    0    0     0 358096 161785 1078576 26  6 67  0  0  0
30  0  64296 88742984 2214188 52475900    0    0     0 341592 157678 957609 24  6 69  0  0  0
28  1  64296 88738324 2214188 52475932    0    0     0 360856 164637 1123345 28  7 64  0  0  0
29  0  64296 88756780 2214188 52475960    0    0     0 360632 166380 1115039 28  8 64  0  0  0
31  0  64296 88748064 2214188 52475976    0    0     0 359664 165459 1122804 27  7 65  0  0  0
31  1  64296 88722288 2214188 52475996    0    0     0 356716 165566 1105966 28  8 64  0  0  0
24  0  64296 88740300 2214192 52476016    0    0     0 358680 165109 1126074 28  7 65  0  0  0
procs -----------memory---------- ---swap-- -----io---- -system-- -------cpu-------
 r  b   swpd   free   buff  cache   si   so    bi    bo   in   cs us sy id wa st gu
22  1  64296 88704308 2214192 52476044    0    0     0 363988 165775 1148007 28  6 66  0  0  0
32  0  64296 88759308 2214192 52476052    0    0     0 337228 156341 914062 22  6 71  0  0  0
25  1  64296 88754228 2214192 52476068    0    0     0 361580 166027 1121647 28  7 64  0  0  0
28  1  64296 88751528 2214192 52476088    0    0     0 360544 165059 1141353 28  7 64  0  0  0
33  1  64296 88735944 2214192 52476104    0    0     0 360676 167580 1122230 28  8 64  0  0  0
36  1  64296 88720888 2214192 52476128    0    0     0 361004 167826 1122269 28  7 64  0  0  0
27  1  64296 88710976 2214192 52476152    0    0     0 358964 165281 1122309 27  7 65  1  0  0
28  0  64296 88693576 2214192 52476176    0    0     0 359196 165687 1117114 27  6 66  0  0  0
23  1  64296 88703732 2214192 52476252    0    0     0 345832 155493 931690 23  5 71  0  0  0
29  1  64296 88715796 2214192 52476272    0    0     0 347280 160335 1106895 28  8 64  1  0  0
29  0  64296 88743280 2214192 52476292    0    0     0 374944 165597 1159838 28  8 64  0  0  0
29  0  64296 88784080 2214192 52476308    0    0     0 373960 164263 1140402 28  8 64  0  0  0
29  0  64296 88772316 2214192 52476336    0    0     0 374044 166770 1141483 28  7 64  0  0  0
27  0  64296 88774744 2214192 52476352    0    0     0 372952 165689 1143151 28  7 64  0  0  0
30  0  64296 88725052 2214192 52476380    0    0     0 358196 158896 1137769 28  6 65  1  0  0
31  1  64296 88737296 2214192 52476392    0    0     0 353332 156685 939324 22  5 72  0  0  0
32  1  64296 88771936 2214192 52476400    0    0     0 381104 168632 1177550 29  8 63  0  0  0
32  0  64296 88762560 2214192 52476424    0    0     0 378816 167462 1154169 28  8 64  1  0  0
27  1  64296 88749788 2214192 52476444    0    0     0 378456 166233 1152257 28  8 64  0  0  0
27  0  64296 88748708 2214196 52476472    0    0     0 374796 166686 1134647 28  7 64  0  0  0
28  0  64296 88757948 2214196 52476496    0    0     0 372600 165885 1147458 28  7 64  0  0  0
procs -----------memory---------- ---swap-- -----io---- -system-- -------cpu-------
 r  b   swpd   free   buff  cache   si   so    bi    bo   in   cs us sy id wa st gu
27  0  64296 88740644 2214196 52476516    0    0     0 373176 167581 1134869 28  7 64  0  0  0
27  1  64296 88711052 2214196 52476532    0    0     0 374276 166806 1139125 27  6 66  0  0  0
26  0  64296 88756512 2214196 52476540    0    0     0 343204 155656 880518 22  5 72  0  0  0
30  0  64296 88760272 2214196 52476560    0    0     0 374384 167146 1147887 28  8 64  0  0  0
28  0  64296 88775420 2214196 52476580    0    0     0 372548 164676 1162632 28  7 64  0  0  0
28  0  64296 88769260 2214196 52476608    0    0     0 378156 166043 1158693 28  7 64  0  0  0
26  1  64296 88778324 2214196 52476628    0    0     0 378844 165873 1147783 28  7 65  0  0  0
28  0  64296 88773464 2214196 52476644    0    0     0 376740 165423 1160560 28  7 64  0  0  0
24  1  64296 88736544 2214196 52476668    0    0     0 374788 165232 1134410 28  7 65  1  0  0
25  1  64296 88724368 2214196 52476680    0    0     0 345936 156517 922811 22  5 72  0  0  0
33  1  64296 88743044 2214196 52476696    0    0     0 361648 165373 1141174 28  7 64  0  0  0
30  0  64296 88754100 2214196 52476720    0    0     0 371532 167465 1136337 28  8 64  0  0  0
24  1  64296 88762488 2214196 52476736    0    0     0 362560 165326 1130325 28  7 64  0  0  0
27  0  64296 88760460 2214196 52476756    0    0     0 364416 166612 1138404 28  7 64  0  0  0
28  1  64296 88758752 2214200 52476776    0    0     0 363996 165562 1135837 27  7 65  0  0  0
31  0  64296 88706008 2214200 52476808    0    0     0 356528 165988 1111330 28  7 65  0  0  0
11  0  64296 88670476 2214200 52476820    0    0     0 350312 162288 1044345 26  6 68  0  0  0
28  0  64296 88725264 2214200 52476832    0    0     0 350120 160774 982046 25  6 69  0  0  0
33  1  64296 88736092 2214200 52476848    0    0     0 361984 164916 1117544 27  7 65  1  0  0
31  1  64296 88722072 2214208 52476868    0    0     0 368708 165080 1105100 27  7 65  1  0  0
34  0  64296 88703452 2214208 52476892    0    0     0 371036 165799 1126884 28  7 65  1  0  0
procs -----------memory---------- ---swap-- -----io---- -system-- -------cpu-------
 r  b   swpd   free   buff  cache   si   so    bi    bo   in   cs us sy id wa st gu
34  0  64296 88742424 2214208 52476920    0    0     0 373644 167021 1138533 28  8 64  0  0  0
26  0  64296 88713704 2214208 52476936    0    0     0 360448 166587 1128312 28  8 64  0  0  0
27  0  64296 88672972 2214208 52476956    0    0     0 369400 164113 1107951 27  6 67  1  0  0
24  0  64296 88762800 2214208 52476968    0    0     0 341588 156344 901870 23  6 71  0  0  0
28  0  64296 88753684 2214208 52476984    0    0     0 369980 164728 1128147 28  7 65  0  0  0
32  0  64296 88760084 2214208 52477008    0    0     0 360652 165835 1119618 28  8 64  0  0  0
27  0  64296 88735892 2214208 52477028    0    0     0 349620 166338 1128890 28  8 63  1  0  0
27  0  64296 88717824 2214208 52477044    0    0     0 365284 167715 1156034 28  8 64  0  0  0
29  0  64296 88727668 2214208 52477072    0    0     0 366812 169375 1144581 28  8 63  0  0  0
25  0  64296 88619748 2214208 52477100    0    0     0 345964 162281 1116310 28  7 65  1  0  0
27  1  64296 88617228 2214208 52477112    0    0     0 339680 159844 900476 22  5 73  0  0  0
28  1  64296 88663228 2214208 52477124    0    0     0 365072 167525 1135494 28  8 63  0  0  0
30  1  64296 88695012 2214208 52477144    0    0     0 365104 168200 1134911 28  8 64  0  0  0
33  0  64296 88715820 2214212 52477164    0    0     0 365080 169010 1139199 28  8 64  0  0  0
25  1  64296 88727168 2214212 52477188    0    0     0 364196 168821 1151167 28  8 64  0  0  0
29  0  64296 88697136 2214212 52477212    0    0     0 365276 168780 1147655 28  8 64  0  0  0
26  0  64296 88681028 2214212 52477232    0    0     0 362716 167622 1135370 28  8 64  0  0  0
26  1  64296 88633456 2214212 52477244    0    0     0 351624 158832 1037377 24  6 69  0  0  0
25  0  64296 88684480 2214212 52477260    0    0     0 336348 158404 893920 22  6 72  0  0  0
30  0  64296 88705820 2214212 52477276    0    0     0 361588 168628 1133888 28  8 64  0  0  0
32  1  64296 88725440 2214212 52477312    0    0     0 366088 169081 1138466 28  8 64  0  0  0
procs -----------memory---------- ---swap-- -----io---- -system-- -------cpu-------
 r  b   swpd   free   buff  cache   si   so    bi    bo   in   cs us sy id wa st gu
26  0  64296 88760572 2214212 52477316    0    0     0 366160 169257 1134603 28  8 64  0  0  0
30  0  64296 88746060 2214212 52477348    0    0     0 364692 169354 1139972 28  8 64  0  0  0
24  1  64296 88726860 2214216 52477368    0    0     0 365684 169447 1151759 28  8 63  0  0  0
27  0  64296 88657148 2214216 52477396    0    0     0 365492 167201 1150480 28  7 65  0  0  0
37  0  64296 88693816 2214216 52477468    0    0     0 340644 157830 910638 22  5 72  0  0  0
30  1  64296 88719432 2214216 52477480    0    0     0 363184 168229 1151548 29  8 63  0  0  0
26  0  64296 88735252 2214216 52477504    0    0     0 366176 168494 1150368 28  8 64  0  0  0
24  1  64296 88748508 2214220 52477524    0    0     0 364956 168703 1139836 28  8 64  0  0  0
28  0  64296 88705776 2214220 52477544    0    0     0 360920 170770 1134527 28  8 64  0  0  0
29  0  64296 88710056 2214220 52477564    0    0     0 362216 168356 1148683 28  8 64  0  0  0
26  1  64296 88689156 2214220 52477588    0    0     0 357340 168159 1123675 28  8 64  0  0  0
28  0  64296 88603040 2214220 52477640    0    0     0 364068 167590 1151381 28  7 65  0  0  0
26  1  64296 88675468 2214232 52477640    0    0     0 331732 155516 873099 22  6 72  0  0  0
32  0  64296 88706100 2214232 52477676    0    0     0 365076 165785 1144142 28  7 64  0  0  0
30  0  64296 88689380 2214232 52477700    0    0     0 360456 168204 1127733 28  8 64  0  0  0
33  0  64296 88720760 2214232 52477736    0    0     0 358252 167699 1126958 27  8 64  1  0  0
27  1  64296 88707052 2214232 52477748    0    0     0 358984 165958 1139198 28  8 64  0  0  0
29  0  64296 88715288 2214240 52477760    0    0     0 361996 166274 1153757 28  7 64  0  0  0
30  0  64296 88620916 2214240 52477804    0    0     0 362308 165569 1122112 27  6 66  1  0  0
26  1  64296 88620044 2214240 52477804    0    0     0 343484 155956 932912 22  6 72  1  0  0
28  1  64296 88675076 2214240 52477824    0    0     0 360060 166125 1141357 28  7 64  1  0  0
procs -----------memory---------- ---swap-- -----io---- -system-- -------cpu-------
 r  b   swpd   free   buff  cache   si   so    bi    bo   in   cs us sy id wa st gu
31  0  64296 88679788 2214240 52477844    0    0     0 364312 169290 1152775 28  7 64  0  0  0
30  0  64296 88700924 2214240 52477864    0    0     0 364068 167363 1147039 28  8 64  0  0  0
30  0  64296 88718980 2214240 52477888    0    0     0 344252 160376 1115117 28  7 64  1  0  0
26  0  64296 88719416 2214240 52477904    0    0     0 362188 166097 1147703 28  7 64  0  0  0
26  0  64296 88695156 2214240 52477932    0    0     0 373812 166896 1136868 28  6 66  0  0  0
27  0  64296 88660788 2214240 52477948    0    0     0 337472 155792 917918 22  5 72  1  0  0
26  1  64296 88697080 2214244 52477948    0    0     0 363768 167054 1145085 28  8 64  0  0  0
26  0  64296 88698924 2214244 52477984    0    0     0 364792 167560 1157969 28  8 64  0  0  0
27  0  64296 88705536 2214244 52478008    0    0     0 362568 166395 1144459 28  8 64  0  0  0
31  1  64296 88729304 2214244 52478020    0    0     0 364352 166994 1148133 28  8 64  0  0  0
26  1  64296 88741900 2214244 52478044    0    0     0 363208 165549 1129681 28  7 64  0  0  0
27  0  64296 88660328 2214248 52478064    0    0     0 363444 167422 1144293 28  7 65  0  0  0
 8  0  64296 88631056 2214248 52478084    0    0     0 358020 164053 1067181 26  6 68  0  0  0
28  1  64296 88737892 2214248 52478092    0    0     0 343660 160035 952551 24  6 69  0  0  0
30  0  64296 88744392 2214248 52478104    0    0     0 366352 165692 1148096 28  7 65  0  0  0
26  0  64296 88752564 2214248 52478128    0    0     0 377084 166122 1157442 28  8 64  0  0  0
25  1  64296 88756692 2214248 52478160    0    0     0 369872 166159 1138665 28  7 64  0  0  0
29  0  64296 88746828 2214248 52478184    0    0     0 347244 168440 1135417 28  8 64  0  0  0
29  0  64296 88764092 2214248 52478208    0    0     0 361300 165540 1131269 28  8 64  0  0  0
25  0  64296 88725592 2214248 52478228    0    0     0 367016 164580 1149933 28  6 65  0  0  0
33  0  64296 88752464 2214248 52478244    0    0     0 335900 153509 877424 21  5 73  0  0  0
procs -----------memory---------- ---swap-- -----io---- -system-- -------cpu-------
 r  b   swpd   free   buff  cache   si   so    bi    bo   in   cs us sy id wa st gu
28  0  64296 88747376 2214252 52478256    0    0     0 367988 164978 1149814 29  7 64  0  0  0
28  1  64296 88733116 2214252 52478280    0    0     0 365072 165741 1131276 28  7 64  0  0  0
28  0  64296 88738676 2214252 52478300    0    0     0 366056 165030 1127313 28  7 64  0  0  0
26  1  64296 88753576 2214252 52478320    0    0     0 367544 166626 1142503 28  7 64  0  0  0
26  1  64296 88730636 2214252 52478336    0    0     0 366480 166375 1131233 28  7 64  0  0  0
30  0  64296 88699560 2214256 52478352    0    0     0 367940 165221 1156964 27  7 66  0  0  0
 7  0  64296 88673768 2214256 52478372    0    0     0 344024 157596 931998 23  5 72  0  0  0
26  0  64296 88723108 2214256 52478380    0    0     0 360400 164635 1088288 27  7 65  0  0  0
28  0  64296 88720504 2214256 52478420    0    0     0 362772 165497 1112851 27  7 65  0  0  0
27  0  64296 88771960 2214256 52478444    0    0     0 375772 167883 1159805 28  7 64  0  0  0
27  0  64296 88738396 2214264 52478440    0    0     0 360032 164697 1116247 27  7 65  1  0  0
27  1  64296 88761632 2214264 52478476    0    0     0 358304 165888 1101359 27  8 65  1  0  0
27  1  64296 88727828 2214264 52478504    0    0     0 358552 165310 1112697 27  7 65  1  0  0
10  0  64296 88708328 2214264 52478516    0    0     0 360308 164478 1112382 27  6 67  0  0  0
27  0  64296 88745244 2214264 52478532    0    0     0 344892 158656 957198 24  6 70  0  0  0
25  0  64296 88748540 2214264 52478548    0    0     0 359480 166282 1109929 27  7 65  1  0  0
26  0  64296 88757332 2214264 52478576    0    0     0 373516 165630 1137418 28  7 65  0  0  0
28  1  64296 88748232 2214264 52478608    0    0     0 381032 165683 1176434 29  8 64  0  0  0
27  0  64296 88746640 2214264 52478628    0    0     0 376816 166231 1146722 28  8 64  0  0  0
23  1  64296 88738972 2214264 52478644    0    0     0 353588 161714 1126629 28  7 64  1  0  0
28  0  64296 88670636 2214264 52478660    0    0     0 370256 168419 1159491 28  6 65  0  0  0
procs -----------memory---------- ---swap-- -----io---- -system-- -------cpu-------
 r  b   swpd   free   buff  cache   si   so    bi    bo   in   cs us sy id wa st gu
31  1  64296 88733476 2214264 52478668    0    0     0 341108 155400 946772 23  6 70  0  0  0
27  0  64296 88740056 2214264 52478760    0    0     0 365608 164495 1152057 29  8 63  0  0  0
26  0  64296 88695796 2214264 52478784    0    0     0 372568 170348 1155855 29  8 63  0  0  0
26  0  64296 88688448 2214264 52478792    0    0     0 369840 170484 1153208 28  8 63  0  0  0
25  0  64296 88692224 2214268 52478812    0    0     0 366596 169550 1151078 28  8 64  0  0  0
33  0  64296 88665436 2214268 52478836    0    0     0 368632 169595 1179630 28  8 63  0  0  0
27  0  64296 88624204 2214268 52478860    0    0     0 366484 166563 1174205 28  7 65  0  0  0
31  1  64296 88653404 2214268 52478876    0    0     0 342156 156691 933160 23  5 72  0  0  0
26  0  64296 88682764 2214268 52478884    0    0     0 363492 166410 1149448 29  7 64  0  0  0
27  0  64296 88735008 2214268 52478912    0    0     0 370540 166000 1145157 28  8 64  0  0  0
25  1  64296 88742504 2214268 52478940    0    0     0 366660 167559 1134525 28  8 64  0  0  0
26  0  64296 88727104 2214268 52478952    0    0     0 363912 168104 1147334 29  7 64  0  0  0
30  0  64296 88770192 2214268 52478976    0    0     0 364092 167992 1142014 28  8 64  0  0  0
27  0  64296 88709496 2214268 52479008    0    0     0 365220 167059 1159736 28  7 64  0  0  0
 9  0  64296 88680804 2214268 52479012    0    0     0 355584 162397 1044469 25  6 69  0  0  0
29  0  64296 88744544 2214268 52479024    0    0     0 344904 159255 994463 25  6 68  0  0  0
29  1  64296 88749272 2214268 52479036    0    0     0 359052 166190 1120803 28  8 64  0  0  0
28  0  64296 88744700 2214268 52479064    0    0     0 358728 166146 1123873 28  7 64  0  0  0
25  0  64296 88742404 2214268 52479084    0    0     0 372644 166462 1165386 28  7 64  0  0  0
28  0  64296 88785624 2214268 52479108    0    0     0 364724 165494 1136602 28  8 64  0  0  0
24  0  64296 88759628 2214268 52479132    0    0     0 363060 166530 1134144 28  8 64  0  0  0
procs -----------memory---------- ---swap-- -----io---- -system-- -------cpu-------
 r  b   swpd   free   buff  cache   si   so    bi    bo   in   cs us sy id wa st gu
26  0  64296 88713412 2214268 52479160    0    0     0 364480 166342 1148077 28  7 66  0  0  0
29  0  64296 88743992 2214268 52479164    0    0     0 336112 155451 908668 22  5 72  0  0  0
34  0  64296 88753556 2214268 52479180    0    0     0 363688 165655 1156153 28  7 64  0  0  0
25  1  64296 88771276 2214272 52479212    0    0     0 361816 166448 1129584 28  7 64  0  0  0
28  0  64296 88747964 2214272 52479228    0    0     0 357444 165889 1124866 28  7 64  0  0  0
28  1  64296 88737240 2214272 52479244    0    0     0 359576 166341 1132166 28  7 64  0  0  0
24  1  64296 88736796 2214272 52479264    0    0     0 359656 166723 1129501 28  8 64  0  0  0
26  1  64296 88706716 2214272 52479288    0    0     0 355704 163983 1119825 27  6 66  0  0  0
 6  0  64296 88688028 2214272 52479304    0    0     0 337784 155704 901637 22  5 73  0  0  0
29  0  64296 88748332 2214276 52479308    0    0     0 356304 162822 1092831 27  7 66  0  0  0
29  0  64296 88723188 2214276 52479328    0    0     0 362684 167198 1155684 28  8 64  0  0  0
37  0  64296 88761116 2214276 52479368    0    0     0 359264 165638 1110801 27  7 65  1  0  0
26  0  64296 88749348 2214276 52479384    0    0     0 358384 165418 1105190 28  7 65  1  0  0
32  0  64296 88731772 2214276 52479396    0    0     0 360248 165515 1132355 28  7 64  0  0  0
26  0  64296 88748612 2214284 52479428    0    0     0 347752 161616 1145575 28  8 64  0  0  0
25  1  64296 88692412 2214284 52479436    0    0     0 375856 164401 1187507 28  7 65  0  0  0
28  0  64296 88745268 2214284 52479464    0    0     0 349980 156282 928476 22  5 72  0  0  0
28  0  64296 88768968 2214284 52479472    0    0     0 345704 160161 1115374 29  8 63  0  0  0
36  0  64296 88765456 2214284 52479488    0    0     0 361992 165531 1139035 28  8 64  0  0  0
28  0  64296 88771708 2214292 52479516    0    0     0 373888 165925 1165693 28  7 64  0  0  0
26  1  64296 88760160 2214292 52479528    0    0     0 379544 167967 1164846 28  7 64  0  0  0
procs -----------memory---------- ---swap-- -----io---- -system-- -------cpu-------
 r  b   swpd   free   buff  cache   si   so    bi    bo   in   cs us sy id wa st gu
26  0  64296 88727484 2214292 52479544    0    0     0 370372 165370 1172646 28  7 64  0  0  0
27  0  64296 88664700 2214292 52479588    0    0     0 375780 166922 1147424 28  6 65  0  0  0
26  1  64296 88684248 2214292 52479588    0    0     0 343572 156213 882381 22  5 73  0  0  0
30  0  64296 88722440 2214300 52479616    0    0     0 381516 167891 1168560 29  7 63  0  0  0
31  0  64296 88728428 2214300 52479632    0    0     0 376412 168010 1145034 28  8 64  0  0  0
25  0  64296 88747680 2214304 52479640    0    0     0 379440 167749 1147068 28  7 64  0  0  0
29  1  64296 88743040 2214312 52479672    0    0     0 380828 168296 1159500 28  8 64  0  0  0
29  0  64296 88721156 2214312 52479688    0    0     0 377036 167482 1146700 28  7 64  0  0  0
25  1  64296 88698560 2214312 52479708    0    0     0 381712 167623 1162664 28  7 64  0  0  0
 7  0  64296 88662500 2214312 52479728    0    0     0 370108 164000 1093112 26  6 68  0  0  0
26  1  64296 88715812 2214312 52479728    0    0     0 361336 161467 1011001 25  6 68  0  0  0
27  0  64296 88753332 2214316 52479764    0    0     0 380280 168260 1168833 28  8 64  0  0  0
26  1  64296 88742116 2214316 52479788    0    0     0 379156 166405 1159555 28  7 64  0  0  0
24  1  64296 88741592 2214316 52479808    0    0     0 377576 166255 1179097 28  8 64  0  0  0
36  1  64296 88754320 2214316 52479836    0    0     0 380996 167781 1162972 28  7 64  0  0  0
28  0  64296 88732312 2214316 52479856    0    0     0 379924 166775 1158674 28  7 64  0  0  0
23  1  64296 88692308 2214316 52479868    0    0     0 379256 166952 1138499 28  6 66  0  0  0
25  0  64296 88743728 2214316 52479884    0    0     0 346324 155331 929180 22  5 72  0  0  0
34  0  64296 88751492 2214316 52479900    0    0     0 373408 166627 1169890 28  8 64  0  0  0
32  0  64296 88744676 2214316 52480012    0    0     0 379660 165181 1152248 28  7 64  0  0  0
28  1  64296 88768040 2214316 52480028    0    0     0 379180 166478 1183457 28  7 64  0  0  0
procs -----------memory---------- ---swap-- -----io---- -system-- -------cpu-------
 r  b   swpd   free   buff  cache   si   so    bi    bo   in   cs us sy id wa st gu
28  1  64296 88740340 2214316 52480044    0    0     0 374528 169915 1132452 28  8 64  0  0  0
32  0  64296 88747720 2214316 52480072    0    0     0 380700 168998 1144715 28  7 64  0  0  0
26  1  64296 88704116 2214316 52480088    0    0     0 370212 166530 1115397 27  7 65  0  0  0
 8  0  64296 88672672 2214316 52480096    0    0     0 364796 162022 1077257 26  6 68  1  0  0
29  0  64296 88737816 2214316 52480120    0    0     0 346884 157280 901329 23  6 71  1  0  0
30  1  64296 88734968 2214320 52480144    0    0     0 372588 165833 1123412 28  7 64  0  0  0
29  0  64296 88740228 2214320 52480164    0    0     0 374616 166900 1127762 28  7 64  0  0  0
25  0  64296 88742400 2214320 52480180    0    0     0 378088 168845 1135294 28  8 64  0  0  0
29  0  64296 88719584 2214320 52480196    0    0     0 370720 165986 1115568 27  7 65  1  0  0
24  0  64296 88718944 2214320 52480232    0    0     0 368544 165307 1115776 28  7 65  1  0  0
26  1  64296 88680336 2214320 52480240    0    0     0 378928 167257 1145715 28  7 65  0  0  0
31  1  64296 88735740 2214320 52480252    0    0     0 344144 156549 918125 22  5 72  1  0  0
26  0  64296 88782208 2214320 52480272    0    0     0 379460 168090 1154380 28  8 64  0  0  0
25  0  64296 88749836 2214320 52480296    0    0     0 375596 166945 1140097 28  7 64  0  0  0
27  0  64296 88745616 2214320 52480324    0    0     0 359712 162279 1138414 28  7 64  1  0  0
33  0  64296 88768996 2214320 52480344    0    0     0 378152 165394 1168717 28  7 64  0  0  0
30  0  64296 88753924 2214320 52480368    0    0     0 378208 166740 1149768 28  7 64  0  0  0
28  0  64296 88709036 2214320 52480388    0    0     0 381528 167876 1169554 28  7 65  0  0  0
10  1  64296 88678884 2214320 52480396    0    0     0 364712 162964 1008333 24  6 70  0  0  0
30  0  64296 88696276 2214320 52480412    0    0     0 369016 164025 1066047 27  7 66  0  0  0
31  0  64296 88725932 2214324 52480432    0    0     0 383368 168526 1157906 28  8 64  0  0  0
procs -----------memory---------- ---swap-- -----io---- -system-- -------cpu-------
 r  b   swpd   free   buff  cache   si   so    bi    bo   in   cs us sy id wa st gu
29  1  64296 88723156 2214324 52480452    0    0     0 379456 172385 1156783 28  8 63  0  0  0
28  0  64296 88692420 2214324 52480480    0    0     0 376864 171935 1171880 28  8 63  0  0  0
31  0  64296 88691940 2214324 52480500    0    0     0 380784 170802 1164846 28  8 63  0  0  0
27  0  64296 88685656 2214324 52480520    0    0     0 378604 170695 1158285 28  8 63  0  0  0
27  0  64296 88610012 2214324 52480540    0    0     0 382008 169299 1167627 28  6 65  0  0  0
30  0  64296 88652276 2214328 52480552    0    0     0 345008 156819 926748 23  6 71  1  0  0
29  0  64296 88741044 2214328 52480568    0    0     0 325664 156708 1093738 29  8 63  1  0  0
29  1  64296 88709388 2214328 52480584    0    0     0 327792 156747 1091013 28  8 64  1  0  0
23  0  64296 88698300 2214328 52480608    0    0     0 330060 155761 1094814 28  8 64  1  0  0
44  0  64296 88715060 2214328 52480644    0    0     0 328548 155212 1077081 28  7 64  1  0  0
27  1  64296 88727568 2214328 52480660    0    0     0 369212 169174 1135477 28  8 64  1  0  0
26  1  64296 88661756 2214328 52480680    0    0     0 369432 167607 1145483 28  7 64  0  0  0
 7  0  64296 88613504 2214328 52480688    0    0     0 363576 165208 1071856 25  6 68  1  0  0
29  0  64296 88711800 2214328 52480708    0    0     0 356308 162388 1006954 25  7 68  0  0  0
24  0  64296 88716160 2214328 52480728    0    0     0 369644 165354 1136107 28  8 64  1  0  0
27  0  64296 88733932 2214328 52480744    0    0     0 373336 166831 1125560 28  7 64  1  0  0
32  0  64296 88747764 2214328 52480776    0    0     0 373992 167097 1137767 28  7 64  1  0  0
27  1  64296 88736608 2214328 52480792    0    0     0 378964 167486 1153077 28  8 64  1  0  0
25  0  64296 88717744 2214328 52480808    0    0     0 374000 165219 1136981 28  8 64  1  0  0
26  0  64296 88644572 2214328 52480828    0    0     0 369556 164460 1123281 27  6 66  1  0  0
34  0  64296 88649764 2214336 52480836    0    0     0 336144 153634 871064 22  5 73  1  0  0
procs -----------memory---------- ---swap-- -----io---- -system-- -------cpu-------
 r  b   swpd   free   buff  cache   si   so    bi    bo   in   cs us sy id wa st gu
25  0  64296 88646916 2214336 52480856    0    0     0 361756 166225 1119791 28  8 64  1  0  0
31  0  64296 88709460 2214336 52480868    0    0     0 361464 166758 1110495 28  8 64  1  0  0
27  0  64296 88697760 2214336 52480896    0    0     0 371320 168720 1129882 28  8 64  1  0  0
27  0  64296 88712452 2214336 52480916    0    0     0 364416 163990 1094643 27  7 65  1  0  0
28  1  64296 88696040 2214336 52480944    0    0     0 366300 166744 1142480 28  8 64  0  0  0
29  0  64296 88628168 2214336 52480956    0    0     0 361804 166219 1130181 28  7 65  0  0  0
 7  0  64296 88584864 2214336 52480968    0    0     0 354028 163013 1066495 26  6 68  0  0  0
22  1  64296 88686348 2214336 52480984    0    0     0 324648 154924 945358 24  6 69  1  0  0
23  1  64296 88700332 2214336 52481004    0    0     0 362204 167977 1159153 28  8 64  0  0  0
27  1  64296 88719796 2214340 52481032    0    0     0 361080 167706 1144938 28  8 64  0  0  0
31  0  64296 88720788 2214340 52481060    0    0     0 364868 168517 1148319 28  8 63  0  0  0
30  0  64296 88727012 2214340 52481084    0    0     0 362880 169461 1142922 28  8 63  0  0  0
29  0  64296 88709252 2214340 52481100    0    0     0 360780 167583 1135673 28  8 64  0  0  0
31  0  64296 88627028 2214340 52481120    0    0     0 362896 166592 1146221 28  7 65  0  0  0
28  0  64296 88673780 2214340 52481128    0    0     0 334772 156351 896426 22  5 72  0  0  0
28  1  64296 88729756 2214340 52481144    0    0     0 362692 168171 1132586 29  8 63  0  0  0
29  0  64296 88728780 2214340 52481232    0    0     0 360080 167995 1139458 28  8 63  0  0  0
30  1  64296 88749304 2214340 52481256    0    0     0 361008 168826 1136966 28  8 64  0  0  0
30  0  64296 88736792 2214340 52481272    0    0     0 361796 167839 1138097 28  8 64  0  0  0
27  0  64296 88746204 2214348 52481288    0    0     0 360148 166180 1133697 28  8 64  0  0  0
28  0  64296 88711080 2214348 52481320    0    0     0 361428 164571 1132729 28  7 65  0  0  0
procs -----------memory---------- ---swap-- -----io---- -system-- -------cpu-------
 r  b   swpd   free   buff  cache   si   so    bi    bo   in   cs us sy id wa st gu
 7  0  64296 88677680 2214348 52481328    0    0     0 361700 164438 1128701 27  6 66  0  0  0
28  0  64296 88756356 2214348 52481340    0    0     0 339604 158806 941501 24  6 70  0  0  0
24  1  64296 88732424 2214348 52481368    0    0     0 368288 164711 1166081 28  7 64  0  0  0
29  0  64296 88752576 2214348 52481384    0    0     0 361528 165771 1145716 28  8 64  0  0  0
25  1  64296 88723568 2214348 52481408    0    0     0 365064 168448 1150315 28  8 64  0  0  0
27  0  64296 88709056 2214348 52481424    0    0     0 365140 167099 1161140 28  8 64  0  0  0
32  0  64296 88729068 2214348 52481456    0    0     0 372196 168640 1157682 28  8 64  0  0  0
24  1  64296 88677228 2214348 52481468    0    0     0 369212 169090 1146494 28  7 65  0  0  0
25  0  64296 88695960 2214352 52481488    0    0     0 320576 157647 900860 22  5 73  0  0  0
27  1  64296 88757904 2214352 52481504    0    0     0 363044 167338 1156278 29  8 63  0  0  0
29  0  64296 88747580 2214352 52481540    0    0     0 364172 166537 1159092 28  8 64  0  0  0
27  1  64296 88715900 2214352 52481564    0    0     0 367912 168336 1151310 28  8 64  0  0  0
25  0  64296 88725492 2214352 52481576    0    0     0 368212 168500 1158146 28  8 64  0  0  0
26  1  64296 88716840 2214352 52481600    0    0     0 368548 166314 1143256 28  7 64  0  0  0
25  0  64296 88686372 2214352 52481620    0    0     0 367656 165726 1134556 28  7 64  0  0  0
26  0  64296 88665244 2214352 52481632    0    0     0 370036 164483 1149245 27  6 66  0  0  0
29  0  64296 88726908 2214352 52481644    0    0     0 349984 155184 931251 22  6 72  1  0  0
24  0  64296 88745220 2214352 52481668    0    0     0 366540 166649 1133602 28  8 64  0  0  0
31  0  64296 88728544 2214356 52481684    0    0     0 373444 167048 1129084 28  7 64  0  0  0
31  1  64296 88729184 2214356 52481704    0    0     0 372488 167991 1154015 28  8 64  0  0  0
28  0  64296 88762660 2214356 52481732    0    0     0 363144 166449 1114981 28  8 64  1  0  0
procs -----------memory---------- ---swap-- -----io---- -system-- -------cpu-------
 r  b   swpd   free   buff  cache   si   so    bi    bo   in   cs us sy id wa st gu
27  0  64296 88741984 2214356 52481752    0    0     0 364916 165110 1118970 27  7 65  1  0  0
24  0  64296 88695564 2214356 52481768    0    0     0 369224 167061 1133041 27  7 65  1  0  0
25  0  64296 88685756 2214360 52481788    0    0     0 346068 158310 916712 23  5 72  0  0  0
30  0  64296 88740944 2214360 52481812    0    0     0 353476 162024 1126899 29  8 63  1  0  0
30  0  64296 88701620 2214360 52481828    0    0     0 368192 167708 1143131 28  8 64  0  0  0
29  0  64296 88753212 2214360 52481848    0    0     0 370740 168940 1159902 28  8 64  0  0  0
31  0  64296 88747380 2214360 52481872    0    0     0 369020 168284 1145184 28  8 63  0  0  0
33  1  64296 88746916 2214364 52481880    0    0     0 370240 167481 1145424 28  7 64  0  0  0
26  0  64296 88712440 2214364 52481904    0    0     0 369708 167462 1144655 28  7 64  0  0  0
26  0  64296 88661708 2214364 52481928    0    0     0 370416 166265 1150214 28  6 65  0  0  0
27  0  64296 88728628 2214364 52481944    0    0     0 349532 155730 943198 23  6 71  0  0  0
28  0  64296 88734436 2214364 52481956    0    0     0 366620 166205 1158605 28  8 64  0  0  0
28  1  64296 88707832 2214368 52481984    0    0     0 367216 168929 1152699 28  8 64  0  0  0
31  1  64296 88697796 2214368 52482000    0    0     0 368816 167717 1143223 28  8 64  0  0  0
26  1  64296 88696044 2214368 52482040    0    0     0 372136 167680 1135102 28  8 64  0  0  0
29  0  64296 88709340 2214368 52482056    0    0     0 359492 168005 1108045 28  8 64  0  0  0
25  0  64296 88630880 2214368 52482068    0    0     0 363468 165717 1122739 28  6 66  0  0  0
28  0  64296 88682184 2214372 52482080    0    0     0 336060 156288 873281 22  5 73  0  0  0
28  0  64296 88707344 2214372 52482100    0    0     0 361864 167210 1127268 29  8 63  0  0  0
25  0  64296 88708980 2214372 52482128    0    0     0 362372 166671 1116556 28  7 64  0  0  0
27  0  64296 88753616 2214372 52482148    0    0     0 363496 166531 1131624 28  8 64  0  0  0
procs -----------memory---------- ---swap-- -----io---- -system-- -------cpu-------
 r  b   swpd   free   buff  cache   si   so    bi    bo   in   cs us sy id wa st gu
28  0  64296 88737044 2214372 52482164    0    0     0 368784 168641 1146628 28  8 64  0  0  0
33  0  64296 88729052 2214380 52482184    0    0     0 367240 167129 1135167 28  8 64  0  0  0
27  0  64296 88686324 2214380 52482212    0    0     0 368164 167121 1160011 28  7 65  0  0  0
25  0  64296 88695628 2214380 52482216    0    0     0 344164 158512 944309 23  5 72  0  0  0
30  0  64296 88768840 2214380 52482240    0    0     0 367236 167580 1154809 29  7 63  0  0  0
24  0  64296 88737776 2214380 52482260    0    0     0 365204 167925 1162512 29  8 63  0  0  0
31  0  64296 88737340 2214380 52482280    0    0     0 365688 168182 1142617 28  8 64  0  0  0
27  0  64296 88745260 2214380 52482300    0    0     0 366588 167938 1154773 28  8 64  0  0  0
28  0  64296 88720364 2214380 52482320    0    0     0 365916 167412 1150174 28  8 64  0  0  0
28  0  64296 88718284 2214380 52482336    0    0     0 363820 166659 1140977 28  7 64  0  0  0
29  0  64296 88653412 2214380 52482356    0    0     0 366276 165951 1137328 28  6 66  0  0  0
32  0  64296 88712056 2214380 52482364    0    0     0 347520 155536 928520 22  5 72  0  0  0
28  0  64296 88766952 2214380 52482388    0    0     0 363940 166372 1130537 28  8 64  0  0  0
24  0  64296 88736764 2214380 52482484    0    0     0 364088 167367 1125887 28  8 64  0  0  0
26  0  64296 88734244 2214380 52482496    0    0     0 362756 165955 1128887 28  8 64  0  0  0
29  0  64296 88736700 2214380 52482520    0    0     0 367776 167968 1172431 28  8 64  0  0  0
34  0  64296 88746092 2214384 52482540    0    0     0 366688 163734 1121281 27  7 65  1  0  0
31  1  64296 88708792 2214384 52482560    0    0     0 368992 164742 1121758 27  6 66  1  0  0
33  1  64296 88718452 2214384 52482588    0    0     0 342544 157693 881902 22  5 73  0  0  0
28  0  64296 88748828 2214384 52482604    0    0     0 368084 169587 1138381 29  8 63  0  0  0
36  0  64296 88749556 2214384 52482620    0    0     0 346936 163721 1117220 28  8 64  1  0  0
procs -----------memory---------- ---swap-- -----io---- -system-- -------cpu-------
 r  b   swpd   free   buff  cache   si   so    bi    bo   in   cs us sy id wa st gu
28  0  64296 88743816 2214384 52482640    0    0     0 366316 167092 1135026 28  7 64  0  0  0
33  0  64296 88735620 2214384 52482660    0    0     0 363468 168259 1130026 28  8 64  0  0  0
30  0  64296 88737036 2214384 52482680    0    0     0 364840 168060 1127242 28  8 63  0  0  0
29  0  64296 88723904 2214384 52482700    0    0     0 363992 165809 1135254 28  7 64  0  0  0
32  1  64296 88685144 2214384 52482704    0    0     0 362360 164947 1145326 28  6 66  0  0  0
26  1  64296 88757152 2214388 52482728    0    0     0 345408 157223 916149 22  6 71  0  0  0
30  0  64296 88731768 2214388 52482740    0    0     0 364112 167092 1147804 29  8 63  0  0  0
29  0  64296 88744160 2214388 52482764    0    0     0 365096 167425 1139319 28  8 64  0  0  0
33  1  64296 88738124 2214388 52482796    0    0     0 366124 167110 1138654 28  8 64  0  0  0
30  1  64296 88764140 2214388 52482804    0    0     0 364680 166517 1141269 28  8 64  0  0  0
30  0  64296 88731964 2214388 52482844    0    0     0 367084 168779 1154661 29  8 63  0  0  0
26  1  64296 88684248 2214400 52482860    0    0     0 367412 166268 1151330 28  7 65  0  0  0
31  0  64296 88664304 2214400 52482868    0    0     0 342552 157343 913740 22  5 72  0  0  0
30  0  64296 88744196 2214400 52482884    0    0     0 363504 167433 1125323 28  8 64  0  0  0
23  1  64296 88718988 2214400 52482908    0    0     0 369544 168526 1135139 28  8 64  0  0  0
31  1  64296 88723736 2214400 52482932    0    0     0 363932 166278 1105851 28  7 64  0  0  0
33  0  64296 88720052 2214400 52482948    0    0     0 363928 167675 1136295 28  7 64  0  0  0
32  0  64296 88762716 2214400 52482980    0    0     0 364924 166846 1146269 28  8 64  0  0  0
27  1  64296 88737564 2214400 52483000    0    0     0 367624 167621 1159844 28  7 64  0  0  0
26  0  64296 88678544 2214400 52483008    0    0     0 368312 167415 1151317 28  6 65  0  0  0
28  0  64296 88722116 2214400 52483016    0    0     0 350124 156862 937034 22  5 72  0  0  0
procs -----------memory---------- ---swap-- -----io---- -system-- -------cpu-------
 r  b   swpd   free   buff  cache   si   so    bi    bo   in   cs us sy id wa st gu
28  0  64296 88701856 2214404 52483040    0    0     0 363472 165249 1139335 29  8 63  0  0  0
28  0  64296 88730304 2214404 52483060    0    0     0 364692 167431 1142109 28  8 64  0  0  0
31  0  64296 88737068 2214404 52483088    0    0     0 363200 166849 1143976 28  8 64  0  0  0
32  0  64296 88726176 2214404 52483116    0    0     0 361136 164774 1135230 28  7 64  0  0  0
27  0  64296 88711760 2214404 52483136    0    0     0 364944 168531 1146577 28  8 64  0  0  0
32  0  64296 88685756 2214404 52483148    0    0     0 378044 169534 1150466 28  7 65  0  0  0
30  0  64296 88693016 2214404 52483156    0    0     0 341608 155743 902142 22  5 72  0  0  0
33  1  64296 88753984 2214404 52483188    0    0     0 360524 164884 1124340 28  7 64  0  0  0
30  0  64296 88725564 2214404 52483208    0    0     0 362260 167063 1120980 28  7 65  0  0  0
33  0  64296 88738156 2214404 52483228    0    0     0 361248 168240 1127170 28  7 64  0  0  0
28  0  64296 88710844 2214404 52483248    0    0     0 360008 167192 1129563 28  8 64  0  0  0
33  0  64296 88748392 2214404 52483268    0    0     0 363828 167154 1153988 28  8 64  0  0  0
23  1  64296 88702304 2214404 52483288    0    0     0 361524 165624 1117434 28  7 65  0  0  0
 6  0  64296 88667184 2214404 52483292    0    0     0 336692 155795 921209 23  5 72  0  0  0
26  0  64296 88719308 2214404 52483312    0    0     0 357576 165377 1117488 28  7 64  0  0  0
29  1  64296 88742328 2214408 52483332    0    0     0 354320 158909 1126208 28  7 64  1  0  0
26  0  64296 88726288 2214408 52483352    0    0     0 368964 166892 1148284 28  8 64  0  0  0
31  0  64296 88715676 2214408 52483376    0    0     0 365096 166627 1153043 28  8 64  0  0  0
31  0  64296 88689536 2214408 52483392    0    0     0 363092 165519 1133158 28  8 64  0  0  0
24  0  64296 88690464 2214408 52483416    0    0     0 360956 166987 1147816 28  7 64  0  0  0
31  1  64296 88620948 2214412 52483428    0    0     0 363136 167152 1136156 28  6 66  0  0  0
procs -----------memory---------- ---swap-- -----io---- -system-- -------cpu-------
 r  b   swpd   free   buff  cache   si   so    bi    bo   in   cs us sy id wa st gu
35  0  64296 88688524 2214412 52483444    0    0     0 357832 158526 978203 24  6 70  0  0  0
31  0  64296 88729936 2214412 52483468    0    0     0 366972 165698 1122719 28  8 64  0  0  0
30  1  64296 88749232 2214412 52483488    0    0     0 362312 165319 1133999 28  8 64  0  0  0
28  1  64296 88711104 2214412 52483508    0    0     0 363132 166750 1137539 28  8 64  0  0  0
30  0  64296 88688588 2214420 52483532    0    0     0 364856 166215 1151726 28  8 64  0  0  0
28  0  64296 88698168 2214420 52483556    0    0     0 361156 165867 1125012 28  7 64  0  0  0
28  0  64296 88617832 2214420 52483572    0    0     0 375208 166630 1156666 28  6 65  0  0  0
30  1  64296 88682944 2214420 52483592    0    0     0 335356 155079 869679 22  5 73  0  0  0
27  0  64296 88750848 2214420 52483608    0    0     0 361508 166067 1137038 28  8 63  0  0  0
29  0  64296 88731932 2214424 52483632    0    0     0 362832 166611 1140146 28  8 64  0  0  0
25  1  64296 88728840 2214424 52483716    0    0     0 361520 165081 1117317 28  7 64  0  0  0
26  1  64296 88719624 2214424 52483740    0    0     0 362800 167149 1138614 28  8 64  0  0  0
27  0  64296 88720248 2214424 52483768    0    0     0 363848 165918 1136068 28  8 64  0  0  0
30  0  64296 88674976 2214424 52483784    0    0     0 365144 165607 1147261 28  7 65  0  0  0
 9  0  64296 88637588 2214424 52483792    0    0     0 348840 159725 1030438 25  6 69  0  0  0
32  0  64296 88708724 2214424 52483808    0    0     0 348232 163115 990356 25  7 68  0  0  0
30  0  64296 88732700 2214424 52483828    0    0     0 364540 168508 1149472 28  8 64  0  0  0
33  0  64296 88720628 2214424 52483856    0    0     0 361688 167257 1145235 28  7 64  0  0  0
32  0  64296 88701904 2214424 52483876    0    0     0 362812 166398 1149103 28  8 64  0  0  0
33  0  64296 88700960 2214428 52483900    0    0     0 364308 167533 1150280 28  8 64  0  0  0
30  1  64296 88684024 2214428 52483920    0    0     0 359516 163556 1132620 28  7 64  0  0  0
procs -----------memory---------- ---swap-- -----io---- -system-- -------cpu-------
 r  b   swpd   free   buff  cache   si   so    bi    bo   in   cs us sy id wa st gu
33  0  64296 88660832 2214428 52483928    0    0     0 365328 163824 1149431 27  6 66  0  0  0
32  0  64296 88706120 2214428 52483952    0    0     0 341396 154919 913859 22  6 72  0  0  0
26  0  64296 88694384 2214428 52483968    0    0     0 361952 166625 1146361 29  8 63  0  0  0
27  1  64296 88698060 2214432 52484000    0    0     0 360412 163474 1144932 28  7 64  0  0  0
28  0  64296 88674396 2214432 52484016    0    0     0 358096 164673 1126328 28  7 64  0  0  0
34  1  64296 88710600 2214432 52484032    0    0     0 360012 165971 1114566 28  7 64  0  0  0
28  0  64296 88736140 2214432 52484056    0    0     0 369096 166585 1132986 28  8 64  0  0  0
32  0  64296 88672080 2214432 52484068    0    0     0 368192 166098 1124955 27  7 66  0  0  0
26  0  64296 88687872 2214436 52484080    0    0     0 339364 157045 905837 22  5 72  0  0  0
31  1  64296 88739040 2214436 52484096    0    0     0 361560 168047 1124016 28  7 64  0  0  0
29  0  64296 88738696 2214436 52484120    0    0     0 362304 166360 1120360 28  7 65  1  0  0
27  0  64296 88738532 2214436 52484148    0    0     0 350056 161403 1134732 28  8 64  1  0  0
29  1  64296 88735068 2214436 52484168    0    0     0 366064 167211 1163845 28  8 64  0  0  0
35  0  64296 88754400 2214436 52484192    0    0     0 364212 166337 1146735 28  7 64  0  0  0
30  0  64296 88705448 2214436 52484208    0    0     0 366496 167334 1155050 28  7 64  0  0  0
17  0  64296 88657684 2214436 52484216    0    0     0 363508 165902 1143984 28  6 66  0  0  0
28  1  64296 88707020 2214436 52484236    0    0     0 350908 158903 960648 23  6 70  0  0  0
34  0  64296 88719864 2214436 52484264    0    0     0 361736 167121 1147422 29  8 63  0  0  0
37  0  64296 88703080 2214440 52484284    0    0     0 367516 166619 1158709 28  7 64  0  0  0
27  1  64296 88730364 2214440 52484308    0    0     0 367592 167550 1168054 28  8 64  0  0  0
24  0  64296 88715328 2214440 52484328    0    0     0 364956 166592 1153153 28  8 64  0  0  0
procs -----------memory---------- ---swap-- -----io---- -system-- -------cpu-------
 r  b   swpd   free   buff  cache   si   so    bi    bo   in   cs us sy id wa st gu
24  1  64296 88723444 2214440 52484348    0    0     0 367784 168310 1157836 28  7 64  0  0  0
26  0  64296 88674984 2214440 52484360    0    0     0 366028 167171 1129461 28  6 66  0  0  0
24  1  64296 88719316 2214444 52484368    0    0     0 342228 157456 913091 22  6 72  0  0  0
32  0  64296 88731732 2214444 52484392    0    0     0 381360 167146 1187924 28  8 64  0  0  0
33  1  64296 88726328 2214444 52484412    0    0     0 384304 169535 1171894 28  8 64  0  0  0
31  1  64296 88709608 2214444 52484436    0    0     0 362984 166440 1129340 28  8 64  0  0  0
31  1  64296 88748228 2214444 52484456    0    0     0 365756 166125 1145679 28  8 64  0  0  0
26  0  64296 88722548 2214448 52484476    0    0     0 379228 166773 1141585 28  7 64  0  0  0
29  0  64296 88697488 2214448 52484500    0    0     0 378860 166997 1154374 28  7 65  0  0  0
 7  0  64296 88657772 2214448 52484512    0    0     0 348824 156956 916205 22  5 73  0  0  0
32  0  64296 88718900 2214448 52484528    0    0     0 366316 166653 1128444 28  7 65  0  0  0
27  0  64296 88705256 2214448 52484548    0    0     0 383748 167033 1174604 28  7 64  0  0  0
30  1  64296 88749076 2214452 52484564    0    0     0 379416 166567 1153969 28  7 64  0  0  0
31  0  64296 88762424 2214452 52484592    0    0     0 383660 167580 1166044 28  7 64  0  0  0
25  1  64296 88719864 2214452 52484612    0    0     0 383624 166801 1162161 28  7 64  0  0  0
32  0  64296 88733520 2214452 52484632    0    0     0 381212 167022 1166404 28  8 64  0  0  0
29  0  64296 88656012 2214452 52484648    0    0     0 383460 166959 1177336 28  6 66  0  0  0
29  0  64296 88712924 2214456 52484656    0    0     0 356428 158716 944488 23  5 72  0  0  0
32  1  64296 88725548 2214456 52484680    0    0     0 387332 166577 1160867 28  7 64  0  0  0
27  1  64296 88711860 2214456 52484696    0    0     0 375344 164670 1129507 28  7 65  0  0  0
34  1  64296 88722964 2214456 52484720    0    0     0 353872 167030 1155369 28  7 64  0  0  0
procs -----------memory---------- ---swap-- -----io---- -system-- -------cpu-------
 r  b   swpd   free   buff  cache   si   so    bi    bo   in   cs us sy id wa st gu
30  0  64296 88738196 2214456 52484756    0    0     0 369556 165532 1131467 28  7 64  0  0  0
30  0  64296 88728696 2214456 52484772    0    0     0 371980 165978 1141377 28  7 64  0  0  0
30  1  64296 88664796 2214456 52484792    0    0     0 376952 165110 1133792 27  6 66  0  0  0
29  0  64296 88690008 2214456 52484804    0    0     0 350992 158397 935534 23  5 72  0  0  0
30  0  64296 88702208 2214456 52484824    0    0     0 376024 166015 1144175 28  7 64  0  0  0
29  0  64296 88688624 2214456 52484852    0    0     0 374436 167008 1129667 28  7 65  0  0  0
30  0  64296 88690472 2214456 52484880    0    0     0 351640 161999 1099159 28  7 64  1  0  0
28  0  64296 88717788 2214456 52484968    0    0     0 376784 168597 1155042 28  8 64  0  0  0
29  0  64296 88749364 2214456 52484992    0    0     0 336528 156285 1088171 28  7 64  1  0  0
27  1  64296 88712092 2214456 52485008    0    0     0 335700 154122 1101349 28  7 65  1  0  0
 6  0  64296 88685680 2214456 52485020    0    0     0 318784 151028 1023072 26  5 68  1  0  0
30  1  64296 88723096 2214468 52485024    0    0     0 311460 146530 899371 23  6 70  1  0  0
27  0  64296 88756292 2214468 52485056    0    0     0 341080 158359 1088252 28  7 64  1  0  0
28  0  64296 88742660 2214468 52485080    0    0     0 359324 163989 1134230 28  8 64  0  0  0
32  1  64296 88756612 2214468 52485104    0    0     0 359824 164263 1111123 28  8 64  0  0  0
26  1  64296 88763456 2214468 52485124    0    0     0 356240 162825 1116864 28  8 64  0  0  0
28  0  64296 88709656 2214468 52485144    0    0     0 358460 163127 1140535 28  8 64  0  0  0
32  0  64296 88688504 2214468 52485156    0    0     0 356296 161387 1115732 28  7 65  0  0  0
32  1  64296 88721476 2214468 52485164    0    0     0 333672 154274 877599 22  5 72  0  0  0
31  1  64296 88735924 2214468 52485188    0    0     0 358536 162458 1114317 28  8 64  0  0  0
24  0  64296 88740420 2214468 52485216    0    0     0 357392 164013 1109755 28  8 64  0  0  0
procs -----------memory---------- ---swap-- -----io---- -system-- -------cpu-------
 r  b   swpd   free   buff  cache   si   so    bi    bo   in   cs us sy id wa st gu
28  0  64296 88735108 2214472 52485236    0    0     0 358752 162779 1125618 28  8 64  0  0  0
34  0  64296 88720052 2214472 52485260    0    0     0 353812 160994 1113942 28  7 64  1  0  0
26  0  64296 88724484 2214472 52485284    0    0     0 352840 163041 1111385 28  8 64  1  0  0
31  0  64296 88681716 2214472 52485300    0    0     0 359456 163756 1122990 28  7 64  0  0  0
 9  0  64296 88677172 2214472 52485308    0    0     0 350612 159161 1047189 26  6 68  0  0  0
28  1  64296 88712268 2214476 52485332    0    0     0 341912 157179 982419 25  6 68  0  0  0
29  1  64296 88753168 2214476 52485356    0    0     0 356656 163451 1130334 28  8 64  0  0  0
30  0  64296 88740476 2214476 52485380    0    0     0 357128 163679 1132882 28  8 64  0  0  0
27  0  64296 88736716 2214476 52485400    0    0     0 358592 162614 1125325 28  7 64  0  0  0
31  0  64296 88740220 2214476 52485420    0    0     0 354892 164250 1113902 28  8 64  0  0  0
31  0  64296 88721860 2214480 52485444    0    0     0 354040 162653 1125340 28  7 64  0  0  0
26  1  64296 88666876 2214480 52485452    0    0     0 359040 161405 1155082 27  6 66  0  0  0
36  0  64296 88700504 2214480 52485460    0    0     0 335964 155187 929580 23  6 71  0  0  0
34  0  64296 88709384 2214480 52485484    0    0     0 353864 162256 1121143 28  8 64  0  0  0
34  1  64296 88727644 2214480 52485500    0    0     0 356360 163812 1114661 28  8 64  0  0  0
29  0  64296 88732840 2214480 52485528    0    0     0 354552 162555 1118005 28  7 64  0  0  0
31  1  64296 88730900 2214480 52485548    0    0     0 374880 165863 1151877 28  7 64  1  0  0
27  0  64296 88733688 2214480 52485580    0    0     0 369532 164896 1133574 28  8 64  1  0  0
28  1  64296 88676924 2214480 52485596    0    0     0 357832 162296 1136185 28  7 65  0  0  0
34  1  64296 88666468 2214480 52485604    0    0     0 335176 153749 911943 23  5 72  0  0  0
27  0  64296 88707636 2214484 52485632    0    0     0 350592 160051 1106553 28  7 64  1  0  0
procs -----------memory---------- ---swap-- -----io---- -system-- -------cpu-------
 r  b   swpd   free   buff  cache   si   so    bi    bo   in   cs us sy id wa st gu
26  0  64296 88718676 2214484 52485652    0    0     0 349908 161991 1114408 28  7 65  0  0  0
29  0  64296 88755076 2214484 52485672    0    0     0 356132 162747 1118717 28  8 64  0  0  0
27  1  64296 88706184 2214484 52485700    0    0     0 354820 164099 1118698 28  8 64  0  0  0
29  1  64296 88723556 2214484 52485720    0    0     0 354320 162716 1123019 28  8 64  0  0  0
25  1  64296 88674364 2214484 52485740    0    0     0 373080 166321 1139841 28  7 65  0  0  0
 7  0  64296 88644604 2214484 52485748    0    0     0 349816 158702 954007 23  5 72  0  0  0
28  1  64296 88725864 2214484 52485768    0    0     0 373620 167400 1164895 28  8 64  0  0  0
33  0  64296 88721936 2214484 52485784    0    0     0 380576 165040 1173342 28  8 64  0  0  0
28  1  64296 88739412 2214484 52485804    0    0     0 381616 166418 1166920 28  8 64  0  0  0
30  0  64296 88731784 2214484 52485824    0    0     0 375056 165157 1138677 28  7 64  0  0  0
34  1  64296 88738328 2214484 52485852    0    0     0 372960 166295 1130305 28  8 64  0  0  0
31  0  64296 88709252 2214484 52485880    0    0     0 373784 167663 1145557 28  7 64  0  0  0
25  0  64296 88659036 2214488 52485892    0    0     0 370960 169990 1146951 28  6 65  0  0  0
29  0  64296 88709236 2214488 52485904    0    0     0 351780 160560 956849 23  6 70  0  0  0
27  0  64296 88666904 2214488 52485928    0    0     0 374712 172511 1174001 29  8 62  0  0  0
27  0  64296 88657260 2214488 52485952    0    0     0 373268 172075 1177475 28  8 63  0  0  0
26  1  64296 88630628 2214488 52485968    0    0     0 374672 170455 1168706 28  8 63  0  0  0
32  0  64296 88657240 2214488 52485988    0    0     0 375104 171079 1162305 29  8 63  0  0  0
29  0  64296 88680340 2214488 52486008    0    0     0 375664 168903 1176872 29  8 63  0  0  0
26  0  64296 88627376 2214488 52486024    0    0     0 374096 168925 1146571 28  7 65  0  0  0
 7  0  64296 88579808 2214488 52486040    0    0     0 352176 160458 936183 22  5 72  0  0  0
procs -----------memory---------- ---swap-- -----io---- -system-- -------cpu-------
 r  b   swpd   free   buff  cache   si   so    bi    bo   in   cs us sy id wa st gu
26  1  64296 88636260 2214488 52486064    0    0     0 375712 170637 1143277 28  8 64  0  0  0
31  0  64296 88698264 2214488 52486084    0    0     0 372740 169483 1171666 28  8 63  0  0  0
23  1  64296 88693412 2214488 52486100    0    0     0 378236 168772 1174359 29  8 63  0  0  0
31  0  64296 88684444 2214488 52486120    0    0     0 379828 167217 1147855 28  8 64  0  0  0
32  0  64296 88682700 2214488 52486232    0    0     0 375936 166705 1164431 28  8 64  0  0  0
29  0  64296 88698072 2214488 52486256    0    0     0 376576 169077 1160291 28  8 63  0  0  0
29  1  64296 88565224 2214488 52486272    0    0     0 379204 169013 1185773 28  7 65  0  0  0
29  1  64296 88667184 2214488 52486280    0    0     0 344756 158006 908812 22  5 72  0  0  0
25  0  64296 88688308 2214488 52486300    0    0     0 373596 171273 1139228 29  8 63  0  0  0
28  0  64296 88678824 2214488 52486320    0    0     0 372172 169583 1165576 28  8 63  0  0  0
25  1  64296 88684564 2214488 52486344    0    0     0 372004 168928 1161122 28  8 64  0  0  0
24  0  64296 88666692 2214492 52486356    0    0     0 374140 166006 1136483 28  7 64  0  0  0
28  0  64296 88642100 2214492 52486388    0    0     0 368768 169458 1137829 28  8 63  0  0  0
24  1  64296 88609932 2214492 52486404    0    0     0 374540 166831 1135763 28  7 64  0  0  0
 7  0  64296 88559920 2214492 52486416    0    0     0 371056 164381 1097427 27  6 66  0  0  0
27  0  64296 88682612 2214492 52486432    0    0     0 359596 157438 958248 23  6 70  1  0  0
31  0  64296 88691372 2214492 52486452    0    0     0 375372 166332 1152041 28  8 63  0  0  0
32  1  64296 88724716 2214492 52486472    0    0     0 373664 166893 1152400 28  7 64  0  0  0
27  1  64296 88719488 2214492 52486500    0    0     0 379652 168047 1173331 28  7 64  0  0  0
33  0  64296 88716280 2214492 52486520    0    0     0 374808 166913 1151800 28  7 64  0  0  0
28  0  64296 88722820 2214492 52486540    0    0     0 373688 166391 1133315 28  7 64  0  0  0
procs -----------memory---------- ---swap-- -----io---- -system-- -------cpu-------
 r  b   swpd   free   buff  cache   si   so    bi    bo   in   cs us sy id wa st gu
34  0  64296 88648644 2214496 52486548    0    0     0 376576 165958 1179678 28  6 65  0  0  0
27  0  64296 88697588 2214496 52486556    0    0     0 342836 156541 897206 22  5 73  0  0  0
30  0  64296 88708756 2214496 52486576    0    0     0 378700 166541 1162647 28  8 64  0  0  0
30  0  64296 88705356 2214496 52486604    0    0     0 374580 166172 1158047 28  7 64  0  0  0
26  1  64296 88687004 2214496 52486632    0    0     0 372708 166192 1159360 28  8 64  0  0  0
29  1  64296 88686784 2214496 52486652    0    0     0 367420 165513 1124125 28  7 64  0  0  0
31  0  64296 88709184 2214496 52486672    0    0     0 376460 165309 1169035 28  7 64  0  0  0
24  0  64296 88663272 2214496 52486688    0    0     0 376200 165485 1140569 28  7 65  0  0  0
26  0  64296 88672272 2214496 52486696    0    0     0 348016 156704 915240 22  5 73  0  0  0
27  1  64296 88748460 2214496 52486720    0    0     0 372244 166899 1123974 29  7 64  0  0  0
28  1  64296 88735920 2214496 52486740    0    0     0 375560 166398 1152463 28  7 64  0  0  0
26  0  64296 88734772 2214496 52486760    0    0     0 372768 166081 1146586 28  8 64  0  0  0
27  0  64296 88724976 2214496 52486780    0    0     0 374868 165747 1160122 28  8 64  0  0  0
27  1  64296 88703764 2214496 52486800    0    0     0 378088 168891 1149745 28  8 64  0  0  0
31  0  64296 88678356 2214496 52486824    0    0     0 376216 168333 1156842 28  7 64  0  0  0
 9  0  64296 88673892 2214500 52486844    0    0     0 365392 163099 1039862 25  6 69  0  0  0
34  0  64296 88723808 2214500 52486860    0    0     0 369568 164692 1072875 26  7 67  0  0  0
30  1  64296 88742204 2214500 52486880    0    0     0 371084 166214 1149442 28  8 64  0  0  0
32  0  64296 88746068 2214500 52486896    0    0     0 372408 167564 1148682 28  8 64  0  0  0
35  0  64296 88747132 2214500 52486920    0    0     0 376872 167722 1182154 28  8 64  0  0  0
36  1  64296 88671792 2214504 52486940    0    0     0 369268 401819 1147597 29 10 61  0  0  0
