procs -----------memory---------- ---swap-- -----io---- -system-- -------cpu-------
 r  b   swpd   free   buff  cache   si   so    bi    bo   in   cs us sy id wa st gu
 5  0  92000 129722376 2129876 45955776    4    6 35364 36743 15881    8  4  1 95  1  0  0
15 36  92000 129228292 2129880 45955864    0    0 241280 410400 325207 369080 10 15 71  4  0  0
20 39  92000 129221192 2129888 45955880    0    0 1121632 616148 258446 1010396 31 10 43 17  0  0
32 38  92000 129164176 2129888 45955896    0    0 1127184 614996 259093 1016909 30 10 43 18  0  0
26 33  92000 129122336 2129888 45955912    0    0 1123456 623840 260452 1020501 30  9 43 18  0  0
23 41  92000 129098280 2129888 45955936    0    0 1130144 621672 254148 1022663 29  9 44 18  0  0
23 37  92000 129091316 2129888 45955956    0    0 1124240 631084 254068 1023447 29  9 44 18  0  0
28 35  92000 129089172 2129888 45955972    0    0 1103952 635544 247583 1004170 28  8 45 18  0  0
24 36  92000 129092124 2129888 45955984    0    0 1111200 653600 250786 1014484 28  8 45 19  0  0
20 41  92000 129097464 2129888 45956000    0    0 1092960 637800 246497 994895 28  9 46 17  0  0
30 35  92000 129102132 2129888 45956020    0    0 1123200 641248 251446 1022743 29  9 44 18  0  0
20 44  92000 129086596 2129888 45956116    0    0 1103744 662932 250700 1008299 28  9 45 18  0  0
26 32  92000 129070312 2129892 45956264    0    0 1097888 628332 248636 997494 29  9 45 17  0  0
32 32  92000 129073256 2129892 45956160    0    0 1096560 647488 250143 1002451 29  9 44 17  0  0
34 23  92000 129075828 2129892 45956176    0    0 1086816 679428 250158 997212 28  9 45 18  0  0
24 34  92000 129075396 2129892 45956192    0    0 1083328 669256 246844 985038 27  8 47 18  0  0
29 29  92000 129084416 2129892 45956208    0    0 1101616 674148 251075 1011129 28  9 45 18  0  0
42 35  92000 129090444 2129892 45956228    0    0 1079488 674400 248319 991732 28  9 46 18  0  0
30 28  92000 129079872 2129892 45956244    0    0 1097664 683572 251070 1000564 28  9 45 18  0  0
30 32  92000 129079428 2129892 45956264    0    0 1074304 681584 248104 986928 28  9 46 17  0  0
20 51  92000 129080312 2129892 45956280    0    0 1078656 691396 248634 995603 28  9 46 18  0  0
procs -----------memory---------- ---swap-- -----io---- -system-- -------cpu-------
 r  b   swpd   free   buff  cache   si   so    bi    bo   in   cs us sy id wa st gu
36 30  92000 129082864 2129892 45956304    0    0 1084512 700740 249984 994416 28  9 45 18  0  0
29 40  92000 129095776 2129892 45956324    0    0 1059296 697360 246503 972323 27  9 46 18  0  0
37 23  92000 129070292 2129892 45956332    0    0 1023568 677756 238954 944887 26  7 47 20  0  0
27 43  92000 129078756 2129892 45956348    0    0 1054576 714228 245251 969049 27  9 44 20  0  0
37 32  92000 129084780 2129892 45956364    0    0 1053344 702156 244932 966670 27  9 45 19  0  0
35 33  92000 129090536 2129892 45956392    0    0 1086960 708968 249017 1001985 28  9 43 20  0  0
24 45  92000 129080152 2129892 45956408    0    0 1041392 702948 244210 967414 27  9 45 19  0  0
34 26  92000 129062544 2129892 45956428    0    0 1069600 694300 246892 983881 28  9 44 20  0  0
51 30  92000 129069492 2129892 45956452    0    0 1030064 694408 242163 953321 27  9 46 19  0  0
37 31  92000 129078500 2129892 45956464    0    0 1048672 689032 243660 959019 26  8 46 19  0  0
22 46  92000 129064768 2129892 45956480    0    0 1052736 693512 243754 964931 27  8 46 19  0  0
33 35  92000 129067620 2129896 45956504    0    0 1050528 688440 244955 967245 27  9 45 19  0  0
26 40  92000 129071692 2129896 45956520    0    0 1048272 699864 244123 956152 27  9 45 19  0  0
35 31  92000 129069468 2129896 45956544    0    0 1036544 683756 242017 951712 27  9 46 18  0  0
38 23  92000 129071696 2129896 45956568    0    0 1033984 681412 241999 950889 27  9 46 18  0  0
37 21  92000 129074876 2129896 45956584    0    0 1056864 702288 246005 976954 27  9 45 19  0  0
14 11  92000 129068924 2129896 45956604    0    0 1054272 694284 245894 969576 27  9 45 19  0  0
31 23  92000 129053088 2129896 45956616    0    0 1050064 692956 243120 955899 26  7 47 20  0  0
 9  9  92000 129072156 2129896 45956636    0    0 1052816 700688 245268 968187 27  9 45 19  0  0
41 17  92000 129080948 2129896 45956652    0    0 1048576 697128 244527 962564 27  9 46 18  0  0
42 25  92000 129063128 2129896 45956676    0    0 1049440 695452 244070 967719 27  9 46 18  0  0
procs -----------memory---------- ---swap-- -----io---- -system-- -------cpu-------
 r  b   swpd   free   buff  cache   si   so    bi    bo   in   cs us sy id wa st gu
45 24  92000 129063784 2129896 45956696    0    0 1057520 710448 248038 973514 27  9 45 19  0  0
33 20  92000 128973328 2129896 45956712    0    0 1076800 692784 271067 990889 28  9 45 18  0  0
35 19  92000 128973316 2129896 45956732    0    0 1057072 704416 290594 974538 27 10 45 17  0  0
25 27  92000 128958592 2129896 45956748    0    0 1065248 711568 271937 978931 28  9 46 17  0  0
37 19  92000 128908800 2129896 45956760    0    0 1084336 716140 261584 995627 28  9 46 18  0  0
41 22  92000 128947120 2129900 45956792    0    0 1080960 732304 252431 1003856 28  9 45 18  0  0
34 19  92000 129063760 2129900 45956808    0    0 1095200 706396 252444 1006098 28  9 45 18  0  0
27 28  92000 129071816 2129900 45956824    0    0 1070176 715504 250296 982374 28  9 46 17  0  0
14 11  92000 129065968 2129900 45956844    0    0 1066272 721860 248722 989325 28  9 46 18  0  0
 7  0  92000 129051644 2129900 45957092    0    0 1064704 712872 247707 976407 28  9 46 18  0  0
18 17  92000 129053340 2129900 45957024    0    0 1086640 726124 251056 999468 28  9 44 19  0  0
27 39  92000 129038456 2129900 45956908    0    0 1086928 732324 250575 995519 27  8 46 19  0  0
 9  3  92000 129043976 2129900 45956916    0    0 1062416 712820 247164 975689 27  8 47 18  0  0
37 21  92000 129053460 2129900 45956932    0    0 1125600 732852 256663 1027586 29  9 43 19  0  0
 9  8  92000 129066416 2129900 45956956    0    0 1080000 724648 251668 996553 28  9 45 18  0  0
38 20  92000 129066040 2129904 45956980    0    0 1074512 730844 252396 991774 27  9 45 18  0  0
40 17  92000 129068728 2129904 45957000    0    0 1080736 719832 250776 998169 28  9 45 19  0  0
34 22  92000 129067072 2129904 45957016    0    0 1075504 729912 250511 989552 28  9 45 18  0  0
37 20  92000 129067568 2129904 45957032    0    0 1080000 712704 249537 992213 27  9 46 18  0  0
36 22  92000 129050628 2129904 45957048    0    0 1078400 731788 249953 992729 27  8 47 19  0  0
 9 22  92000 129051528 2129904 45957068    0    0 1094704 749520 254324 1013058 28  9 44 19  0  0
procs -----------memory---------- ---swap-- -----io---- -system-- -------cpu-------
 r  b   swpd   free   buff  cache   si   so    bi    bo   in   cs us sy id wa st gu
30  8  92000 129064988 2129904 45957084    0    0 1088992 708516 252531 1003630 28  9 45 18  0  0
33 26  92000 129057956 2129904 45957108    0    0 1080544 732776 251211 995094 27  9 45 19  0  0
17 12  92000 129064248 2129904 45957124    0    0 1109248 736508 254833 1019506 28  9 43 19  0  0
30 23  92000 129041896 2129904 45957152    0    0 1075376 716940 253285 988131 27  9 46 18  0  0
41 13  92000 129053524 2129904 45957176    0    0 1085312 730132 253031 1004605 28  9 44 19  0  0
36 20  92000 129056028 2129904 45957192    0    0 1051504 715056 246126 965981 26  8 47 18  0  0
 9  2  92000 129039724 2129904 45957200    0    0 1045040 704428 243542 967101 26  8 46 20  0  0
33 22  92000 129062216 2129904 45957220    0    0 1030576 686028 240347 950097 26  8 47 19  0  0
29 27  92000 129048048 2129904 45957320    0    0 1063440 710336 246898 982401 27  9 44 20  0  0
 8  2  92000 129049300 2129908 45957340    0    0 1020320 685288 240184 943362 26  9 46 19  0  0
37 21  92000 129051056 2129908 45957360    0    0 1040896 684348 242826 956101 27  9 46 19  0  0
17 11  92000 129053016 2129908 45957376    0    0 1025168 690780 241229 942995 26  9 47 18  0  0
32 25  92000 129058640 2129908 45957396    0    0 1047264 688976 242715 960959 27  9 45 20  0  0
11  7  92000 129045184 2129908 45957416    0    0 1054608 689336 242136 963022 26  7 46 20  0  0
21 29  92000 129059500 2129912 45957424    0    0 1031696 700588 241175 953013 26  8 46 20  0  0
14 11  92000 129066628 2129912 45957452    0    0 1048416 682180 242282 963927 27  9 46 19  0  0
50 15  92000 129057692 2129912 45957468    0    0 1055888 711692 246319 972005 27  9 46 19  0  0
30 29  92000 129052140 2129912 45957492    0    0 1050400 711536 246169 971076 27  9 46 19  0  0
36 17  92000 129054408 2129912 45957508    0    0 1049776 697924 243977 971507 27  9 46 19  0  0
24 29  92000 129047996 2129912 45957528    0    0 1089696 725432 251770 1000986 28  9 44 19  0  0
28 26  92000 129060836 2129912 45957552    0    0 1071712 714196 247385 983320 27  8 46 19  0  0
procs -----------memory---------- ---swap-- -----io---- -system-- -------cpu-------
 r  b   swpd   free   buff  cache   si   so    bi    bo   in   cs us sy id wa st gu
15 28  92000 129037544 2129912 45957560    0    0 1063408 726824 248715 983502 27  8 46 19  0  0
24 27  92000 129055412 2129912 45957580    0    0 1087520 710820 249329 1000758 28  9 44 19  0  0
38 24  92000 129064444 2129912 45957600    0    0 1056416 709928 246223 971317 27  9 46 19  0  0
35 19  92000 129056764 2129912 45957616    0    0 1072592 711472 249294 983778 27  9 45 19  0  0
39 23  92000 129057692 2129912 45957636    0    0 1064656 718788 248846 987585 27  9 44 19  0  0
 5  2  92000 129061472 2129912 45957656    0    0 1053120 700900 244932 965264 27  9 47 18  0  0
35 21  92000 129049252 2129912 45957676    0    0 1067216 705236 248237 981603 27  9 46 18  0  0
46 13  92000 129031408 2129912 45957692    0    0 1085856 716800 251167 999754 27  8 45 19  0  0
31 27  92000 129036824 2129912 45957700    0    0 1070112 726900 247016 981892 27  8 46 19  0  0
38 21  92000 129041916 2129912 45957724    0    0 1078528 712884 249513 988396 28  9 45 19  0  0
43 21  92000 129051924 2129912 45957744    0    0 1073344 713316 250000 995368 28  9 45 19  0  0
36 22  92000 129052060 2129912 45957760    0    0 1071152 718960 248645 989592 27  9 46 19  0  0
 6  6  92000 129043756 2129912 45957788    0    0 1050384 711584 245939 967566 27  9 46 19  0  0
40 15  92000 129052928 2129916 45957808    0    0 1056336 701332 244815 973038 27  9 46 18  0  0
33 22  92000 129052760 2129916 45957832    0    0 1061776 721712 247679 982431 27  9 46 19  0  0
18  1  92000 129032960 2129916 45957840    0    0 1062880 712396 245239 978243 26  7 48 19  0  0
33 25  92000 129038444 2129916 45957860    0    0 1049328 699136 245342 972286 27  8 46 18  0  0
42 17  92000 129050036 2129916 45957880    0    0 1071392 709012 248029 986467 27  9 45 19  0  0
34 27  92000 129046248 2129916 45957900    0    0 1057024 703644 246456 972004 27  9 46 18  0  0
29 23  92000 129059556 2129916 45957928    0    0 1055024 710920 247514 969712 27  9 46 18  0  0
36 21  92000 129046684 2129916 45957948    0    0 1056400 710240 247090 969205 27  8 46 18  0  0
procs -----------memory---------- ---swap-- -----io---- -system-- -------cpu-------
 r  b   swpd   free   buff  cache   si   so    bi    bo   in   cs us sy id wa st gu
39 20  92000 129054664 2129916 45957964    0    0 1061456 707196 246274 975111 27  9 46 18  0  0
42 15  92000 129050120 2129916 45957980    0    0 1081968 738044 251731 998891 28  8 45 20  0  0
12  7  92000 129031788 2129916 45957992    0    0 1076896 718712 248748 986773 27  8 46 19  0  0
19 11  92000 129044912 2129916 45958016    0    0 1056736 708720 247618 969357 27  9 46 19  0  0
17 17  92000 129051748 2129916 45958032    0    0 1092016 717916 251568 1002110 28  9 44 19  0  0
22 14  92000 129043960 2129916 45958052    0    0 1062272 709900 249042 980322 27  9 45 19  0  0
11 10  92000 129056192 2129916 45958072    0    0 1065904 724440 250149 988124 27  9 45 19  0  0
36 21  92000 129050344 2129920 45958084    0    0 1067344 706232 248112 980479 27  9 46 18  0  0
30 27  92000 129057768 2129920 45958104    0    0 1084816 725892 249847 996662 27  9 45 19  0  0
43 15  92000 129049780 2129920 45958120    0    0 1095216 726672 250358 1005543 27  8 45 20  0  0
41 16  92000 129053248 2129920 45958132    0    0 1060560 704728 246424 970444 27  8 47 18  0  0
26 32  92000 129060824 2129920 45958156    0    0 1062816 716504 246960 979105 27  9 46 18  0  0
38 21  92000 129052056 2129924 45958172    0    0 1063312 708432 246384 975664 27  9 46 18  0  0
22  6  92000 129046128 2129924 45958192    0    0 1058496 726248 248662 976710 27  9 46 18  0  0
34 18  92000 129042004 2129924 45958216    0    0 1109200 728420 252957 1019625 28  9 43 20  0  0
11  1  92000 129042184 2129924 45958232    0    0 1086640 725300 251762 1004699 28  9 44 20  0  0
25  9  92000 129053432 2129924 45958256    0    0 1059600 705824 246496 971317 27  9 47 18  0  0
32 27  92000 129025428 2129924 45958264    0    0 1103344 736792 252962 1009625 27  8 46 19  0  0
40 24  92000 129054384 2129924 45958268    0    0 1097024 725588 252818 1006562 28  9 45 18  0  0
43 13  92000 129054828 2129924 45958288    0    0 1066672 722300 252048 994259 27  9 46 18  0  0
14 16  92000 129056644 2129924 45958308    0    0 1090784 728296 252230 1006151 28  9 44 18  0  0
procs -----------memory---------- ---swap-- -----io---- -system-- -------cpu-------
 r  b   swpd   free   buff  cache   si   so    bi    bo   in   cs us sy id wa st gu
10  6  92000 129051852 2129924 45958332    0    0 1097776 722540 253328 1007730 28  9 45 18  0  0
11  1  92000 129050528 2129924 45958352    0    0 1074096 729200 250266 984814 27  9 46 18  0  0
13  5  92000 129039424 2129924 45958368    0    0 1086576 731620 251807 1000747 27  9 45 19  0  0
15  5  92000 129043340 2129924 45958388    0    0 1098640 734076 253603 1008673 28  8 46 18  0  0
39 16  92000 129036840 2129924 45958396    0    0 1095216 716868 251952 1008805 28  8 45 19  0  0
39 24  92000 129044596 2129924 45958496    0    0 1090032 741708 254240 1001155 28  9 45 18  0  0
10  0  92000 129043260 2129928 45958508    0    0 1085072 732748 252334 1005736 28  9 45 18  0  0
18  9  92000 129051476 2129928 45958536    0    0 1089776 728108 252577 1001055 28  9 45 18  0  0
38 14  92000 129051792 2129928 45958556    0    0 1099072 735132 253794 1014760 28  9 44 19  0  0
 4  6  92000 129044472 2129928 45958572    0    0 1072944 727080 250942 990583 28  9 46 18  0  0
19  4  92000 129050680 2129928 45958592    0    0 1085216 712572 250944 999656 27  9 45 18  0  0
11  4  92000 129036320 2129928 45958608    0    0 1083280 742392 251291 995632 27  8 47 18  0  0
42 19  92000 129048760 2129928 45958620    0    0 1075008 716980 250813 993412 28  9 45 18  0  0
10 10  92000 129042288 2129928 45958640    0    0 1068640 713728 248454 987143 28  9 46 17  0  0
40 10  92000 129040912 2129928 45958656    0    0 1076928 718792 248237 988957 27  9 46 18  0  0
26  8  92000 129048812 2129928 45958684    0    0 1094976 737220 254274 1013028 28  9 44 18  0  0
 7  7  92000 129053000 2129932 45958696    0    0 1087920 728740 251874 999423 27  9 45 19  0  0
34 13  92000 129050732 2129932 45958716    0    0 1085136 723136 252172 1003558 28  9 45 18  0  0
32 15  92000 129046540 2129932 45958740    0    0 1065744 717868 247504 983502 27  9 46 19  0  0
31 10  92000 129019628 2129932 45958748    0    0 1067808 710496 246356 977432 27  8 46 19  0  0
25 12  92000 129038200 2129932 45958772    0    0 1078176 736076 251161 994042 27  9 45 19  0  0
procs -----------memory---------- ---swap-- -----io---- -system-- -------cpu-------
 r  b   swpd   free   buff  cache   si   so    bi    bo   in   cs us sy id wa st gu
31 25  92000 129045468 2129932 45958788    0    0 1082800 717068 249217 993160 28  9 45 19  0  0
35 13  92000 129042580 2129932 45958808    0    0 1072928 707920 249172 983163 27  9 45 18  0  0
32 32  92000 129040276 2129932 45958824    0    0 1068016 731312 249277 985291 27  9 45 19  0  0
32 20  92000 129037960 2129932 45958848    0    0 1085376 718836 250297 1000319 28  9 44 19  0  0
32 26  92000 129036408 2129932 45958872    0    0 1081600 714900 249446 992928 27  9 45 19  0  0
16  8  92000 129034884 2129932 45958888    0    0 1064096 717080 247601 983395 27  8 45 20  0  0
35 18  92000 129029036 2129932 45958896    0    0 1096176 738444 251342 1008176 27  8 45 19  0  0
25 25  92000 129046436 2129932 45958916    0    0 1081376 718024 248841 994769 27  9 46 18  0  0
15  0  92000 129043936 2129932 45958948    0    0 1070016 720748 250319 991431 27  9 46 18  0  0
46 13  92000 129039320 2129932 45958964    0    0 1107952 729472 254056 1019386 28  9 44 19  0  0
42 20  92000 129039704 2129932 45958980    0    0 1085936 732620 252717 1000231 28  9 45 18  0  0
30 23  92000 129044580 2129932 45959004    0    0 1077984 713756 250383 994412 27  9 45 18  0  0
37 17  92000 129029244 2129932 45959024    0    0 1093536 732116 252845 1007688 28  9 44 19  0  0
42 20  92000 129006192 2129932 45959040    0    0 1085392 739728 252458 1000042 27  8 47 19  0  0
32  5  92000 129035576 2129932 45959056    0    0 1085344 731836 252207 1003608 28  9 45 18  0  0
36 20  92000 129033224 2129936 45959072    0    0 1074880 712656 250370 987096 27  9 46 18  0  0
36 15  92000 129039380 2129936 45959092    0    0 1108256 730136 254809 1016624 28  9 43 19  0  0
34 29  92000 129026244 2129936 45959108    0    0 1060256 712888 248510 970022 27  9 46 18  0  0
26  2  92000 129031204 2129936 45959136    0    0 1073760 729636 249039 987544 27  9 46 18  0  0
25  7  92000 129042044 2129936 45959152    0    0 1086048 717568 251442 995279 28  9 45 18  0  0
34 23  92000 129038564 2129940 45959172    0    0 1076752 729424 250988 991115 27  9 46 18  0  0
procs -----------memory---------- ---swap-- -----io---- -system-- -------cpu-------
 r  b   swpd   free   buff  cache   si   so    bi    bo   in   cs us sy id wa st gu
36 12  92000 129023020 2129940 45959184    0    0 1087456 738172 251595 1005947 27  8 45 19  0  0
15 11  92000 129023212 2129940 45959204    0    0 1099168 738360 255115 1014538 28  9 44 19  0  0
34 21  92000 129027400 2129940 45959224    0    0 1102000 723728 254086 1015666 28  9 44 19  0  0
21 21  92000 129033892 2129940 45959248    0    0 1087136 737816 253089 1002826 28  9 45 18  0  0
28 26  92000 129031296 2129940 45959264    0    0 1084144 717380 252761 995843 28  9 45 18  0  0
10  3  92000 129030748 2129940 45959284    0    0 1066928 717140 249256 986034 27  9 46 18  0  0
45 19  92000 129037740 2129940 45959300    0    0 1077312 726252 250068 984456 27  9 46 18  0  0
15  2  92000 129025480 2129940 45959320    0    0 1080288 732380 249799 989990 27  8 47 18  0  0
20 12  92000 129018772 2129940 45959328    0    0 1096928 738508 252907 1006135 28  9 45 19  0  0
39 15  92000 129029780 2129940 45959348    0    0 1094160 717164 253113 1010034 28  9 44 18  0  0
40 20  92000 129025660 2129940 45959368    0    0 1083744 738324 254303 998948 28  9 45 18  0  0
25  4  92000 129009200 2129940 45959384    0    0 1078000 724320 264425 995923 27  9 45 18  0  0
40 26  92000 129023928 2129940 45959408    0    0 1059568 714900 248701 976098 27  9 47 17  0  0
37 22  92000 129018692 2129940 45959428    0    0 1057024 705752 246378 971572 27  9 47 18  0  0
26  8  92000 129013984 2129940 45959448    0    0 1092192 715348 252676 1011818 28  9 45 19  0  0
34 27  92000 128996604 2129940 45959460    0    0 1066496 733712 247723 974790 27  7 48 18  0  0
38 20  92000 129016508 2129940 45959472    0    0 1072928 716236 250945 991015 28  9 45 18  0  0
23 41  92000 129023820 2129940 45959488    0    0 1083072 728680 251674 997862 28  9 45 18  0  0
34 22  92000 129026596 2129940 45959516    0    0 1081872 707380 251536 993738 28  9 45 18  0  0
34 18  92000 129023456 2129940 45959532    0    0 1063184 722984 248919 984851 27  9 46 18  0  0
40 15  92000 129028336 2129940 45959556    0    0 1088912 714740 255402 1005230 27  9 45 18  0  0
procs -----------memory---------- ---swap-- -----io---- -system-- -------cpu-------
 r  b   swpd   free   buff  cache   si   so    bi    bo   in   cs us sy id wa st gu
35 20  92000 129027220 2129940 45959576    0    0 1065136 723420 249008 982969 27  9 46 17  0  0
35 23  92000 129032436 2129940 45959596    0    0 1092320 733060 251755 1003622 28  8 46 18  0  0
18 10  92000 129017368 2129940 45959680    0    0 1064640 720968 247780 977061 27  8 47 18  0  0
45 11  92000 129032524 2129940 45959692    0    0 1088384 714344 251891 1002659 28  9 45 18  0  0
38 26  92000 129022360 2129944 45959708    0    0 1065776 735872 251039 988252 27  9 46 18  0  0
48 16  92000 129025824 2129944 45959732    0    0 1109520 739948 255411 1020211 28  9 44 19  0  0
19 10  92000 129018928 2129944 45959756    0    0 1078144 728404 253625 999007 27  9 45 19  0  0
41 19  92000 129016868 2129944 45959780    0    0 1066544 717360 247574 983007 28  9 46 18  0  0
14  4  92000 129021396 2129944 45959800    0    0 1069312 734644 248360 987422 27  9 46 18  0  0
40 18  92000 129014516 2129948 45959808    0    0 1081664 740536 249892 990290 27  8 46 19  0  0
34 23  92000 129023232 2129948 45959828    0    0 1092880 715820 248431 997872 27  8 46 18  0  0
 7  2  92000 129022832 2129948 45959852    0    0 1079824 738440 249085 995412 27  9 46 18  0  0
37 17  92000 129024920 2129948 45959876    0    0 1091472 737564 252549 1004042 28  9 45 18  0  0
 9  2  92000 129020744 2129948 45959896    0    0 1090336 739476 252208 1008068 28  9 45 18  0  0
 9 10  92000 129030112 2129948 45959912    0    0 1086560 749480 252351 1000367 28  9 45 18  0  0
36 20  92000 129019380 2129948 45959928    0    0 1080112 728060 248478 993877 27  9 46 18  0  0
 6  3  92000 129019028 2129948 45959948    0    0 1076736 725572 248203 990303 27  8 46 18  0  0
28 38  92000 128999964 2129948 45959968    0    0 1063472 735560 246269 977672 27  8 48 18  0  0
14 20  92000 129017288 2129948 45959984    0    0 1108640 744428 254903 1021110 28  9 44 19  0  0
30 23  92000 129012652 2129948 45960008    0    0 1081536 730404 249031 993427 27  9 46 18  0  0
38 22  92000 129018000 2129948 45960020    0    0 1060464 732148 249710 982774 27  9 46 18  0  0
procs -----------memory---------- ---swap-- -----io---- -system-- -------cpu-------
 r  b   swpd   free   buff  cache   si   so    bi    bo   in   cs us sy id wa st gu
35 21  92000 129005868 2129948 45960056    0    0 1053920 723260 247486 975672 28  9 46 17  0  0
19  8  92000 128984228 2129948 45960328    0    0 1078352 737604 250626 990723 28  9 45 18  0  0
36 27  92000 128998888 2129948 45960132    0    0 1082656 730688 251682 998045 28  9 45 18  0  0
36 18  92000 128994008 2129952 45960140    0    0 1087552 732492 250352 993125 27  8 47 18  0  0
35 28  92000 128997088 2129952 45960156    0    0 1072432 732240 248174 985106 27  8 47 18  0  0
35 19  92000 129011720 2129952 45960172    0    0 1101360 735932 253063 1008199 28  9 44 19  0  0
14  3  92000 129006984 2129952 45960200    0    0 1073232 737612 251622 987836 28  9 46 18  0  0
34 19  92000 129006512 2129952 45960220    0    0 1060720 723064 246275 977237 27  9 47 17  0  0
31 25  92000 129011016 2129956 45960236    0    0 1048848 723576 244641 961139 27  9 48 17  0  0
35 17  92000 129003996 2129956 45960256    0    0 1085792 725344 250624 1001966 28  9 45 18  0  0
40 17  92000 129013416 2129956 45960276    0    0 1057840 726328 247047 969862 27  8 47 17  0  0
43 25  92000 128995880 2129956 45960288    0    0 1053040 733260 246042 970095 27  8 48 18  0  0
13 19  92000 129005572 2129956 45960312    0    0 1077040 719128 246394 984385 27  9 45 18  0  0
43 20  92000 129008992 2129956 45960328    0    0 1044512 716808 244422 964929 27  9 46 19  0  0
11  2  92000 128998664 2129956 45960348    0    0 1060432 703540 246609 978162 27  9 46 18  0  0
37 27  92000 129000888 2129956 45960368    0    0 1061536 721888 246790 977296 27  9 46 19  0  0
26  5  92000 128999496 2129956 45960392    0    0 1059008 725068 246889 979860 27  9 45 19  0  0
30 22  92000 129004184 2129956 45960412    0    0 1074288 704120 246174 984385 27  9 46 18  0  0
12 10  92000 128981652 2129956 45960428    0    0 1062784 720452 244854 971234 27  8 47 18  0  0
19 15  92000 128990736 2129956 45960816    0    0 1074544 739040 248624 990878 28  8 44 19  0  0
34 29  92000 129008944 2129956 45960468    0    0 1063936 718040 245719 973450 27  9 46 18  0  0
procs -----------memory---------- ---swap-- -----io---- -system-- -------cpu-------
 r  b   swpd   free   buff  cache   si   so    bi    bo   in   cs us sy id wa st gu
13  4  92000 128994872 2129956 45960492    0    0 1067456 708388 246233 981479 27  9 46 18  0  0
11  3  92000 129002940 2129956 45960516    0    0 1052304 719544 246153 978108 27  9 46 18  0  0
35 28  92000 128992936 2129956 45960540    0    0 1046160 714864 242877 960103 27  9 47 18  0  0
13  1  92000 129000460 2129956 45960560    0    0 1050048 711308 243304 968689 27  9 47 18  0  0
31 19  92000 129005924 2129956 45960580    0    0 1066400 716356 246069 976596 27  8 46 18  0  0
 8  6  92000 128974456 2129956 45960592    0    0 1051952 724892 243849 965889 27  8 47 19  0  0
39 17  92000 128989956 2129956 45960612    0    0 1062592 719800 247198 978368 27  9 45 19  0  0
35 27  92000 129009644 2129956 45960628    0    0 1077600 719432 249335 989093 28  9 45 18  0  0
18  9  92000 128987240 2129956 45960648    0    0 1070448 727732 247249 980448 27  9 45 19  0  0
18 11  92000 128987792 2129956 45960672    0    0 1051376 712068 244730 969402 27  9 47 18  0  0
41 19  92000 128998104 2129956 45960688    0    0 1075152 730776 248302 991270 27  9 45 19  0  0
32 24  92000 128998472 2129956 45960708    0    0 1078096 740744 249099 992578 28  9 45 19  0  0
32 26  92000 128992872 2129956 45960724    0    0 1070032 721924 246523 983003 27  7 47 19  0  0
33 24  92000 128991352 2129956 45960732    0    0 1045008 719104 244528 967115 26  8 48 18  0  0
38 31  92000 129004020 2129956 45960756    0    0 1083632 732132 248601 998796 27  9 45 19  0  0
12  2  92000 129000884 2129956 45960776    0    0 1088512 723932 251133 1003566 28  9 45 18  0  0
35 10  92000 129004944 2129956 45960800    0    0 1060992 711344 244846 975314 27  9 46 18  0  0
36 15  92000 129005456 2129960 45960816    0    0 1061632 719732 245092 969472 27  9 46 18  0  0
27 30  92000 129005692 2129960 45960840    0    0 1072336 740180 250685 991895 28  9 44 19  0  0
35 18  92000 129008752 2129960 45960864    0    0 1064368 710244 246605 976718 27  8 47 17  0  0
41 21  92000 128992660 2129964 45960940    0    0 1060112 715696 244422 967182 27  8 47 18  0  0
procs -----------memory---------- ---swap-- -----io---- -system-- -------cpu-------
 r  b   swpd   free   buff  cache   si   so    bi    bo   in   cs us sy id wa st gu
43 10  92000 128992688 2129964 45960960    0    0 1038496 707828 242373 954918 27  9 46 19  0  0
43 15  92000 129003468 2129964 45960992    0    0 1036816 716012 242709 961739 27  9 46 19  0  0
33 21  92000 129002840 2129964 45961012    0    0 1060576 699208 245174 975476 27  9 45 19  0  0
32 20  92000 128994204 2129964 45961028    0    0 1036912 704848 242665 956104 27  9 46 19  0  0
18 13  92000 128998120 2129964 45961052    0    0 1065920 728052 246429 986889 27  9 44 20  0  0
46 20  92000 129009232 2129964 45961068    0    0 1035456 693040 239770 951595 26  9 47 18  0  0
35 27  92000 128997752 2129964 45961088    0    0 1055376 730124 244517 967083 26  8 47 20  0  0
41 20  92000 128987776 2129964 45961096    0    0 1044336 699908 240935 963507 27  8 46 19  0  0
37 22  92000 129004572 2129964 45961116    0    0 1057296 712968 243504 970956 27  9 45 20  0  0
35 30  92000 129006184 2129968 45961132    0    0 1052080 704632 244262 969899 27  9 45 19  0  0
28 28  92000 129007040 2129968 45961152    0    0 1035728 702316 241987 947865 27  8 47 18  0  0
39 13  92000 129005888 2129968 45961176    0    0 1052256 692748 242791 965774 27  8 46 19  0  0
34 25  92000 128992340 2129968 45961196    0    0 1058960 719276 257865 978752 27  9 45 19  0  0
16 14  92000 129013992 2129968 45961212    0    0 1086800 724668 249039 1001670 27  9 43 20  0  0
16  8  92000 128991248 2129972 45961228    0    0 1057248 715328 244272 972870 27  7 46 20  0  0
39 19  92000 128998056 2129972 45961252    0    0 1044672 707296 243596 965877 27  9 46 19  0  0
49 13  92000 129012868 2129972 45961272    0    0 1076272 723808 248522 991704 28  9 44 20  0  0
 7  7  92000 129015280 2129972 45961292    0    0 1036672 701756 242365 952888 27  9 46 19  0  0
 6  3  92000 129004680 2129972 45961312    0    0 1048688 708288 243550 963122 27  9 47 17  0  0
16  5  92000 128998268 2129976 45961324    0    0 1054336 737812 248118 973195 27  9 47 17  0  0
30 26  92000 128996176 2129976 45961352    0    0 1100608 736680 252685 1006378 28  9 44 19  0  0
procs -----------memory---------- ---swap-- -----io---- -system-- -------cpu-------
 r  b   swpd   free   buff  cache   si   so    bi    bo   in   cs us sy id wa st gu
33 17  92000 128997536 2129976 45961376    0    0 1065088 732092 248133 983993 27  8 47 18  0  0
35 25  92000 128989876 2129976 45961384    0    0 1082272 734660 249572 998259 27  8 46 18  0  0
37 23  92000 129002792 2129976 45961404    0    0 1094624 743688 252343 1008008 28  9 45 18  0  0
39 20  92000 129008008 2129976 45961428    0    0 1087664 736312 252144 1004829 28  9 45 19  0  0
15  4  92000 129006048 2129976 45961444    0    0 1075664 731028 248790 990791 27  9 46 18  0  0
38 21  92000 129003256 2129976 45961464    0    0 1066224 715596 245684 986778 27  9 44 20  0  0
12  0  92000 129007528 2129976 45961480    0    0 1047088 700072 241151 960948 26  9 46 19  0  0
31 27  92000 129000320 2129976 45961504    0    0 1029392 706132 240273 952297 26  8 46 19  0  0
13 18  92000 128987524 2129976 45961520    0    0 1061984 719804 244527 974817 27  7 46 20  0  0
30  9  92000 129001344 2129976 45961532    0    0 1068592 716872 247592 987500 27  9 44 20  0  0
 8  2  92000 128997036 2129976 45961556    0    0 1037968 722816 243545 959004 26  9 46 19  0  0
42 14  92000 129010620 2129976 45961576    0    0 1064336 710032 245602 976497 27  9 45 19  0  0
37 18  92000 129004344 2129976 45961592    0    0 1061328 719524 246035 976296 27  9 45 19  0  0
27 26  92000 129002056 2129976 45961616    0    0 1050320 708088 244235 963281 27  9 46 18  0  0
37 27  92000 128999060 2129976 45961632    0    0 1071440 710688 246053 982351 27  9 45 19  0  0
29 27  92000 128995452 2129976 45961652    0    0 1057552 716676 244679 968478 27  8 47 19  0  0
39 28  92000 128994100 2129976 45961668    0    0 1105296 747856 253106 1011910 28  8 45 19  0  0
48 16  92000 129007876 2129976 45961676    0    0 1087616 745772 251828 1000152 28  9 45 18  0  0
13 15  92000 128994688 2129976 45961700    0    0 1073248 731940 248790 992208 28  9 46 18  0  0
29 28  92000 128996052 2129976 45961720    0    0 1066656 713404 247264 985864 27  9 45 19  0  0
13  0  92000 128991408 2129976 45961736    0    0 1067968 718064 246701 981884 27  9 45 19  0  0
procs -----------memory---------- ---swap-- -----io---- -system-- -------cpu-------
 r  b   swpd   free   buff  cache   si   so    bi    bo   in   cs us sy id wa st gu
36 25  92000 129005248 2129976 45961764    0    0 1040320 714068 242548 953840 27  9 46 19  0  0
31 21  92000 129010428 2129976 45961792    0    0 1070032 720268 247127 980032 27  9 46 18  0  0
12  1  92000 128997464 2129976 45961800    0    0 1071376 724116 247300 986562 27  7 48 18  0  0
38 28  92000 129008080 2129976 45961816    0    0 1076832 734164 250452 988458 28  9 46 18  0  0
16  9  92000 129013656 2129976 45961832    0    0 1083504 746084 250834 999062 28  9 45 18  0  0
38 15  92000 129004032 2129976 45961856    0    0 1090896 725764 254125 1004878 28  9 45 18  0  0
31 24  92000 128999708 2129976 45961868    0    0 1078992 746680 253266 994612 28  9 45 18  0  0
40 25  92000 129008952 2129976 45961892    0    0 1108944 736348 254689 1018649 28  9 43 19  0  0
34 28  92000 129002008 2129976 45961912    0    0 1077952 745808 251158 993324 28  9 45 18  0  0
34 15  92000 129001752 2129976 45961928    0    0 1094384 720544 250293 1001892 27  8 46 18  0  0
36 21  92000 129007216 2129976 45961940    0    0 1076736 747288 249554 987388 27  8 47 18  0  0
38 19  92000 129007716 2129976 45961964    0    0 1099984 733428 252953 1005274 28  9 44 19  0  0
31 27  92000 129014680 2129976 45961980    0    0 1064272 739608 247236 983162 27  9 45 19  0  0
42 22  92000 129008076 2129976 45961996    0    0 1082144 729868 249657 997618 27  9 44 20  0  0
35 25  92000 129005296 2129976 45962020    0    0 1070352 710020 246697 993234 27  9 44 20  0  0
35 16  92000 129004556 2129980 45962040    0    0 1100000 733940 252924 1018065 28  9 43 20  0  0
46 21  92000 129000972 2129980 45962060    0    0 1101184 755272 254938 1019522 28  9 44 19  0  0
32 26  92000 129004920 2129980 45962144    0    0 1089760 733564 249791 1002616 27  8 46 19  0  0
 9 13  92000 129006016 2129980 45962160    0    0 1093856 745304 253066 1009902 28  9 45 19  0  0
15  5  92000 129006928 2129980 45962172    0    0 1081792 732212 251131 999725 28  9 45 18  0  0
21 13  92000 129006700 2129980 45962196    0    0 1108624 739236 254114 1022743 28  9 44 19  0  0
procs -----------memory---------- ---swap-- -----io---- -system-- -------cpu-------
 r  b   swpd   free   buff  cache   si   so    bi    bo   in   cs us sy id wa st gu
44 18  92000 129003856 2129980 45962220    0    0 1087152 735776 253096 1001745 28  9 45 18  0  0
43 11  92000 129010020 2129980 45962240    0    0 1106624 742628 255342 1021153 28  9 44 19  0  0
31 20  92000 129007228 2129980 45962260    0    0 1090480 746676 253036 1008669 28  9 45 18  0  0
32 22  92000 129012232 2129980 45962276    0    0 1089152 738040 253155 1000032 28  9 45 19  0  0
 5  1  92000 128996708 2129984 45962288    0    0 1085968 728812 248950 998379 27  8 45 20  0  0
32 22  92000 128990884 2129984 45962308    0    0 1061216 707288 245903 984959 27  9 45 19  0  0
43 21  92000 129001396 2129984 45962328    0    0 1073392 725852 248548 992157 27  9 44 19  0  0
36 18  92000 128995796 2129984 45962348    0    0 1085104 726532 249365 1001392 28  9 44 19  0  0
37 19  92000 129004028 2129984 45962364    0    0 1057280 730008 247267 983448 27  9 46 18  0  0
43 22  92000 129011872 2129988 45962380    0    0 1091984 728148 251289 1003196 28  9 44 19  0  0
34 31  92000 128990564 2129988 45962408    0    0 1087856 738320 252153 1004198 28  9 45 19  0  0
35 22  92000 128989860 2129988 45962424    0    0 1096000 749328 253826 1014363 27  8 46 19  0  0
15  3  92000 128993976 2129988 45962436    0    0 1084688 738024 250677 1006183 28  8 46 18  0  0
27  8  92000 129003880 2129988 45962456    0    0 1113200 737496 255226 1026843 28  9 43 19  0  0
18 38  92000 129001628 2129988 45962472    0    0 1082800 751772 251648 1004148 27  9 46 18  0  0
33 22  92000 129002564 2129988 45962492    0    0 1121968 754080 256867 1038966 29  9 42 20  0  0
 8  3  92000 128995304 2129988 45962512    0    0 1086768 734976 252178 1003336 28  9 45 18  0  0
35 16  92000 129000968 2129988 45962536    0    0 1081248 731632 248649 998927 27  9 46 18  0  0
 6  8  92000 129011748 2129988 45962552    0    0 1070448 715512 246723 987579 27  9 44 19  0  0
51 23  92000 128995204 2129988 45962568    0    0 1071504 727400 247742 987069 27  8 46 20  0  0
12  4  92000 128997092 2129988 45962588    0    0 1045856 707448 243935 963753 27  9 46 19  0  0
procs -----------memory---------- ---swap-- -----io---- -system-- -------cpu-------
 r  b   swpd   free   buff  cache   si   so    bi    bo   in   cs us sy id wa st gu
38 13  92000 129001640 2129988 45962608    0    0 1090336 720888 251467 1011630 28  9 44 19  0  0
31 23  92000 129000480 2129988 45962628    0    0 1091568 741528 252225 1012352 28  9 44 20  0  0
23 18  92000 129004700 2129988 45962644    0    0 1108800 748268 254618 1027256 28  9 43 19  0  0
32 29  92000 129006772 2129988 45962664    0    0 1079424 734624 250894 997960 27  9 45 18  0  0
19  6  92000 129009576 2129992 45962684    0    0 1106656 736312 255259 1027595 29  9 44 19  0  0
25 30  92000 128989548 2129992 45962708    0    0 1073344 730804 248388 990356 27  8 47 18  0  0
33 23  92000 128971816 2129992 45962716    0    0 1097552 753800 254160 1014186 28  8 45 19  0  0
40 17  92000 128985056 2129992 45962736    0    0 1077104 723652 248457 991462 28  9 45 19  0  0
33 23  92000 128997516 2129992 45962752    0    0 1062800 727800 247739 988629 27  9 44 20  0  0
 7  2  92000 128999188 2129992 45962780    0    0 1082336 730232 250436 1001738 28  9 45 19  0  0
14 11  92000 129007992 2129992 45962800    0    0 1100192 747456 253890 1021182 28  9 44 19  0  0
11  7  92000 129001912 2129992 45962816    0    0 1069856 721232 248828 994075 28  9 45 19  0  0
11 12  92000 129002628 2129992 45962836    0    0 1084032 722092 248798 995881 27  9 45 19  0  0
18 15  92000 129000864 2129992 45962852    0    0 1099856 738624 251518 1012886 28  8 44 20  0  0
38 18  92000 128986236 2129992 45962868    0    0 1089424 737032 251509 1002662 28  8 46 18  0  0
16 10  92000 129002144 2129992 45962892    0    0 1110672 750324 256711 1030237 28  9 44 19  0  0
13  5  92000 129006568 2129992 45962912    0    0 1110528 745864 255060 1026115 28  9 44 18  0  0
37 22  92000 129007088 2129992 45962932    0    0 1101552 743552 255558 1019355 28  9 44 18  0  0
 7  3  92000 129002580 2129992 45962948    0    0 1103008 758092 257056 1023487 28  9 45 18  0  0
13 25  92000 129011044 2129996 45962976    0    0 1112784 754060 256381 1027176 28  9 44 18  0  0
 2  5  92000 129004768 2129996 45963000    0    0 1124432 743980 257684 1034010 29  9 44 18  0  0
procs -----------memory---------- ---swap-- -----io---- -system-- -------cpu-------
 r  b   swpd   free   buff  cache   si   so    bi    bo   in   cs us sy id wa st gu
14 12  92000 128985164 2129996 45963012    0    0 1083952 743224 250073 999910 27  8 48 18  0  0
23  1  92000 129007540 2129996 45963024    0    0 1110944 762752 257867 1027827 29  9 44 18  0  0
41 25  92000 129003384 2129996 45963040    0    0 1113296 749188 255966 1025106 28  9 45 18  0  0
39 20  92000 128999216 2129996 45963060    0    0 1062912 729160 247800 979058 27  9 46 18  0  0
 9  1  92000 129009796 2129996 45963084    0    0 1088496 730640 251211 1004613 28  9 44 19  0  0
38 26  92000 128996892 2129996 45963104    0    0 1075936 726920 247551 988367 27  9 45 19  0  0
39 21  92000 128998948 2129996 45963120    0    0 1087200 728776 250206 1005667 28  9 44 19  0  0
40 13  92000 128992700 2129996 45963144    0    0 1080352 730056 255881 996119 28  8 46 18  0  0
29  2  92000 128989040 2129996 45963160    0    0 1103552 750604 253333 1015875 28  8 46 18  0  0
37 22  92000 128986684 2129996 45963188    0    0 1094272 753292 254702 1011316 28  9 45 18  0  0
46 17  92000 128995436 2129996 45963204    0    0 1085376 734136 254398 1002442 28  9 45 17  0  0
34 19  92000 129000520 2129996 45963220    0    0 1081568 738748 252620 989302 28  9 47 17  0  0
26 34  92000 128987944 2129996 45963244    0    0 1094992 755120 253259 1013742 28  9 45 18  0  0
19  4  92000 128996860 2129996 45963264    0    0 1128176 746588 258432 1038621 29  9 44 18  0  0
11  8  92000 128991152 2129996 45963368    0    0 1108688 772192 258164 1024105 29  9 44 18  0  0
32 16  92000 128992232 2129996 45963388    0    0 1112224 755076 253989 1018869 28  8 46 18  0  0
32  7  92000 128991636 2129996 45963396    0    0 1099408 753548 252193 1014605 28  8 46 18  0  0
30 22  92000 128992336 2129996 45963420    0    0 1067744 718824 247123 989954 27  9 45 19  0  0
35 22  92000 129005724 2129996 45963444    0    0 1089584 736812 251225 1003513 28  9 44 19  0  0
33 22  92000 129005772 2129996 45963460    0    0 1090432 728492 249776 1002772 28  9 44 19  0  0
20  4  92000 129000348 2129996 45963480    0    0 1101648 747292 252297 1010359 28  9 45 19  0  0
procs -----------memory---------- ---swap-- -----io---- -system-- -------cpu-------
 r  b   swpd   free   buff  cache   si   so    bi    bo   in   cs us sy id wa st gu
 6  5  92000 128994412 2129996 45963496    0    0 1090896 746708 251807 1005009 28  9 46 17  0  0
39 26  92000 128998060 2129996 45963524    0    0 1098640 752864 253727 1013466 28  8 46 18  0  0
36 20  92000 128986828 2130000 45963540    0    0 1111264 750400 253238 1014072 27  8 46 18  0  0
39 20  92000 128991984 2130000 45963560    0    0 1100592 737736 253728 1014475 28  9 45 18  0  0
24  9  92000 128997188 2130000 45963576    0    0 1089328 750588 253464 998524 28  9 46 17  0  0
29 27  92000 129003080 2130000 45963596    0    0 1096784 752380 253184 1015509 28  9 46 17  0  0
36 24  92000 129005460 2130000 45963616    0    0 1081600 741248 249884 991196 27  9 47 17  0  0
38 25  92000 128999128 2130008 45963624    0    0 1114384 752004 256016 1033219 28  9 44 18  0  0
37 24  92000 129000552 2130008 45963660    0    0 1100192 752976 254346 1019431 28  9 45 18  0  0
13 18  92000 128993756 2130008 45963676    0    0 1107024 751252 252861 1024356 28  8 46 19  0  0
27 35  92000 128982244 2130008 45963684    0    0 1059424 710540 244112 974863 27  8 46 19  0  0
 7  8  92000 128990404 2130008 45963704    0    0 1055040 723188 245056 970541 27  9 46 18  0  0
38 17  92000 128996872 2130012 45963728    0    0 1080368 733224 249387 995766 28  9 45 19  0  0
30 10  92000 128992468 2130012 45963752    0    0 1088656 735792 250598 1006126 28  9 44 19  0  0
17 12  92000 128992796 2130012 45963776    0    0 1084592 725764 249174 996799 28  9 45 19  0  0
34 20  92000 128999872 2130012 45963800    0    0 1070592 727284 247746 986187 27  9 45 19  0  0
38 18  92000 128993640 2130012 45963816    0    0 1039344 703712 241458 957123 26  8 47 18  0  0
33 17  92000 128979792 2130020 45963824    0    0 1058832 718896 243937 976839 26  7 47 19  0  0
43 18  92000 128988832 2130020 45963848    0    0 1064256 729068 246673 983402 27  9 45 19  0  0
34 22  92000 128998032 2130020 45963868    0    0 1070112 715396 246559 987099 27  9 44 20  0  0
42 20  92000 128989236 2130020 45963888    0    0 1061568 729848 245881 977974 27  9 47 18  0  0
procs -----------memory---------- ---swap-- -----io---- -system-- -------cpu-------
 r  b   swpd   free   buff  cache   si   so    bi    bo   in   cs us sy id wa st gu
33 29  92000 128990360 2130020 45963904    0    0 1079104 734964 249963 993021 27  9 45 19  0  0
39 21  92000 129001716 2130020 45963928    0    0 1102384 750656 253216 1016094 28  9 44 20  0  0
37 18  92000 128992644 2130020 45963944    0    0 1087328 722892 249219 1000965 28  9 44 19  0  0
15  9  92000 128989556 2130020 45963968    0    0 1055952 738076 245448 969657 27  8 46 19  0  0
14 37  92000 128975168 2130020 45963976    0    0 1058160 730744 245762 974282 27  8 47 18  0  0
19 14  92000 128990512 2130020 45963996    0    0 1089584 738080 249582 1001699 28  9 45 18  0  0
29 28  92000 128997232 2130020 45964012    0    0 1093216 735808 251530 1006862 28  9 44 19  0  0
32 34  92000 128986048 2130020 45964036    0    0 1084336 739116 248131 997481 27  9 45 19  0  0
28 19  92000 128993320 2130020 45964060    0    0 1046016 712376 241596 960202 27  9 46 18  0  0
34 16  92000 128993220 2130020 45964076    0    0 1096960 728724 251836 1006565 28  9 45 19  0  0
30 25  92000 129002468 2130020 45964092    0    0 1089360 751140 251425 1001285 28  9 46 18  0  0
36 16  92000 128979228 2130024 45964112    0    0 1080352 731436 248457 981916 27  8 48 17  0  0
38 16  92000 128996260 2130024 45964136    0    0 1118720 763716 255565 1029449 29  9 44 18  0  0
32 19  92000 128990540 2130024 45964156    0    0 1096176 745924 254165 1007723 28  9 45 17  0  0
11  5  92000 128999868 2130024 45964176    0    0 1077776 732368 249720 992441 27  9 45 19  0  0
 6  8  92000 128999752 2130024 45964192    0    0 1065392 729984 246028 974446 27  9 46 18  0  0
38 22  92000 128992300 2130024 45964208    0    0 1063952 717512 245056 972396 27  9 46 18  0  0
22 11  92000 128993468 2130024 45964232    0    0 1085008 739312 250711 990107 28  9 45 18  0  0
41 23  92000 128995452 2130024 45964248    0    0 1120800 753044 255505 1020599 28  9 45 18  0  0
23  7  92000 128981400 2130024 45964256    0    0 1111104 748968 254836 1018674 28  8 45 18  0  0
30 19  92000 128995628 2130024 45964272    0    0 1088688 737400 251696 998508 28  9 46 17  0  0
procs -----------memory---------- ---swap-- -----io---- -system-- -------cpu-------
 r  b   swpd   free   buff  cache   si   so    bi    bo   in   cs us sy id wa st gu
10  2  92000 128991864 2130024 45964300    0    0 1069680 744428 254022 987711 28  9 46 17  0  0
33 25  92000 128988904 2130024 45964316    0    0 1114960 739932 256021 1028160 29  9 44 18  0  0
44 18  92000 128999596 2130024 45964340    0    0 1118720 755624 256174 1028289 29  9 44 18  0  0
10 10  92000 128993660 2130024 45964356    0    0 1094928 752976 253726 1007982 28  9 45 18  0  0
 8  7  92000 128983568 2130024 45964376    0    0 1109216 747604 254140 1017262 28  9 45 18  0  0
 8  3  92000 128978440 2130028 45964384    0    0 1105632 747320 253709 1010958 28  8 47 18  0  0
37 19  92000 128973888 2130028 45964404    0    0 1112464 754552 255412 1023994 28  9 45 18  0  0
35 22  92000 128982328 2130028 45964428    0    0 1091568 744340 252100 1001871 28  9 46 17  0  0
35 25  92000 128977436 2130028 45964448    0    0 1123824 753852 257244 1028001 29  9 44 18  0  0
43  8  92000 128983992 2130028 45964468    0    0 1099472 742124 253364 1007888 28  9 45 18  0  0
42 18  92000 128982984 2130032 45964488    0    0 1100560 754356 253686 1014817 28  9 45 17  0  0
41 19  92000 128990172 2130032 45964576    0    0 1095280 743036 252040 1002731 28  9 46 17  0  0
35 24  92000 128992096 2130032 45964604    0    0 1128240 766360 257924 1034418 29  8 44 19  0  0
42 23  92000 128975748 2130032 45964616    0    0 1104160 739592 253198 1012042 28  8 46 18  0  0
37 20  92000 128976608 2130032 45964628    0    0 1098240 752424 252523 1009777 28  9 45 18  0  0
39 17  92000 128989176 2130036 45964648    0    0 1115488 750472 255550 1029306 28  9 44 18  0  0
38 21  92000 128979616 2130036 45964668    0    0 1085472 751428 251641 1002315 28  9 45 18  0  0
30 24  92000 128982464 2130036 45964688    0    0 1106832 737960 253615 1019592 28  9 45 18  0  0
42 16  92000 128990620 2130036 45964712    0    0 1100672 757880 255363 1011891 28  9 45 18  0  0
 8  1  92000 128983140 2130036 45964732    0    0 1099168 740856 253510 1017926 28  9 45 17  0  0
12 11  92000 128984912 2130036 45964752    0    0 1104928 750008 252793 1016058 28  8 46 18  0  0
procs -----------memory---------- ---swap-- -----io---- -system-- -------cpu-------
 r  b   swpd   free   buff  cache   si   so    bi    bo   in   cs us sy id wa st gu
 8  5  92000 128975976 2130040 45964764    0    0 1089312 756696 251511 1005784 28  8 46 18  0  0
14 12  92000 128989132 2130040 45964788    0    0 1106640 757324 255855 1016143 28  9 45 18  0  0
13  4  92000 128977656 2130040 45964808    0    0 1087504 731816 251218 1004787 27  9 47 17  0  0
 8 10  92000 128979048 2130040 45964828    0    0 1084304 739668 250826 995683 28  9 46 17  0  0
40 18  92000 128981540 2130040 45964848    0    0 1100288 736040 254073 1003075 28  9 45 17  0  0
33 20  92000 128987820 2130044 45964868    0    0 1106544 757128 255842 1019002 29  9 44 18  0  0
34 14  92000 128998004 2130044 45964884    0    0 1116544 760500 256840 1025841 28  9 45 18  0  0
40 11  92000 128971364 2130044 45964904    0    0 1092240 746256 252276 1003278 28  8 46 18  0  0
45 20  92000 128978716 2130044 45964916    0    0 1102720 756280 254370 1016206 28  9 45 18  0  0
36 21  92000 128988984 2130044 45964940    0    0 1084032 740736 251677 996175 28  9 46 18  0  0
11  1  92000 128984492 2130048 45964956    0    0 1116000 750260 256068 1025671 29  9 44 18  0  0
15 10  92000 128991576 2130048 45965024    0    0 1104768 764444 255040 1013923 28  9 45 18  0  0
36 18  92000 128987584 2130048 45965044    0    0 1098096 737972 253730 1006845 28  9 46 17  0  0
24 14  92000 128980312 2130048 45965068    0    0 1089776 746920 252507 1003340 28  9 46 17  0  0
43 12  92000 128975532 2130048 45965088    0    0 1087920 738968 251174 995858 28  8 47 17  0  0
36 24  92000 128972320 2130052 45965096    0    0 1095328 753520 252519 1007485 28  9 46 18  0  0
21 11  92000 128992520 2130052 45965112    0    0 1112064 753380 255854 1022673 28  9 45 18  0  0
16  6  92000 128987008 2130052 45965140    0    0 1110688 756672 254812 1022137 28  9 45 18  0  0
38 17  92000 128979836 2130052 45965160    0    0 1135216 760716 257459 1047919 29  9 44 19  0  0
34 22  92000 128985844 2130052 45965180    0    0 1098192 749800 253849 1012119 28  9 45 17  0  0
31  7  92000 128989064 2130056 45965196    0    0 1118096 749920 254864 1028227 28  9 45 18  0  0
procs -----------memory---------- ---swap-- -----io---- -system-- -------cpu-------
 r  b   swpd   free   buff  cache   si   so    bi    bo   in   cs us sy id wa st gu
38 15  92000 128991192 2130056 45965216    0    0 1108784 762820 254483 1020279 28  9 45 19  0  0
39 22  92000 128978800 2130056 45965228    0    0 1107424 750060 253434 1018407 27  8 46 19  0  0
39 23  92000 128989656 2130056 45965244    0    0 1088304 745472 252583 1005559 28  9 46 17  0  0
38 20  92000 128987868 2130056 45965268    0    0 1105648 750072 255082 1019883 28  9 45 18  0  0
37 20  92000 128985688 2130056 45965296    0    0 1103344 759764 255445 1019931 28  9 45 18  0  0
33 21  92000 128978316 2130056 45965316    0    0 1102912 739368 259025 1012183 28  9 45 17  0  0
36 18  92000 128994340 2130056 45965332    0    0 1102752 743284 255908 1012030 28  9 45 18  0  0
30 26  92000 128985072 2130056 45965352    0    0 1102976 749240 256270 1020488 28  9 44 18  0  0
30 27  92000 128980316 2130056 45965376    0    0 1098304 740148 252009 1009767 28  8 45 19  0  0
22 23  92000 128968144 2130056 45965384    0    0 1084512 725316 248362 998288 28  8 45 19  0  0
13 12  92000 128987268 2130056 45965400    0    0 1077024 724428 247279 987786 27  9 45 19  0  0
38 19  92000 128995704 2130056 45965416    0    0 1110624 748584 252990 1017878 28  9 43 20  0  0
26 21  92000 128987836 2130056 45965444    0    0 1109776 745368 254341 1018708 28  9 45 18  0  0
38 19  92000 128986092 2130056 45965464    0    0 1112784 769528 256246 1024298 28  9 44 19  0  0
34 19  92000 128982604 2130060 45965484    0    0 1097696 753444 252206 1010046 28  9 45 18  0  0
47 19  92000 128984200 2130060 45965512    0    0 1090672 742740 252286 1003697 28  9 45 18  0  0
31 26  92000 128982396 2130060 45965528    0    0 1108784 750200 253816 1016089 28  8 46 18  0  0
42 13  92000 128985032 2130060 45965544    0    0 1102720 747228 253767 1011961 28  9 46 17  0  0
34 18  92000 128989940 2130060 45965560    0    0 1093744 735912 254080 998598 28  9 46 17  0  0
30 31  92000 128984728 2130060 45965584    0    0 1081392 717536 248327 984202 27  9 46 18  0  0
30 26  92000 128981528 2130060 45965608    0    0 1063456 717956 246028 979449 27  9 45 19  0  0
procs -----------memory---------- ---swap-- -----io---- -system-- -------cpu-------
 r  b   swpd   free   buff  cache   si   so    bi    bo   in   cs us sy id wa st gu
24 30  92000 128981528 2130060 45965624    0    0 1078720 733012 248374 990999 27  9 44 20  0  0
28 39  92000 128982420 2130060 45965648    0    0 1045776 704844 243075 955071 27  8 46 19  0  0
19 25  92000 128995072 2130060 45965668    0    0 1049008 720824 241674 958783 27  8 46 20  0  0
16 22  92000 128979892 2130064 45965676    0    0 1040816 705560 239811 956460 26  7 47 19  0  0
17 47  92000 128992452 2130064 45965696    0    0 1049328 701224 242333 965664 27  9 45 19  0  0
25 20  92000 128988752 2130064 45965716    0    0 1079056 737932 249224 990536 28  9 44 19  0  0
31 31  92000 128995300 2130064 45965736    0    0 1071168 719844 246986 986436 27  9 45 19  0  0
30 36  92000 128999904 2130064 45965752    0    0 1043440 711080 242850 955592 27  8 47 18  0  0
29 31  92000 128990880 2130068 45965840    0    0 1093536 726376 251815 1002711 28  9 45 18  0  0
34 31  92000 128987312 2130068 45965868    0    0 1091104 761144 253059 1009481 28  9 45 18  0  0
33 31  92000 128979676 2130068 45965884    0    0 1117120 759236 257023 1025635 28  8 46 18  0  0
23 38  92000 128986200 2130068 45965896    0    0 1115376 756296 256629 1023801 29  9 44 18  0  0
31 36  92000 128988132 2130068 45965920    0    0 1110128 753832 256609 1020498 28  9 45 18  0  0
33 29  92000 128990664 2130068 45965940    0    0 1120512 760584 255360 1026851 29  9 44 18  0  0
21 43  92000 128987848 2130068 45965956    0    0 1120480 760228 258579 1030654 29 10 43 18  0  0
28 31  92000 128988568 2130068 45965980    0    0 1097488 730516 251804 1002333 28  9 45 18  0  0
38 30  92000 128993940 2130068 45965996    0    0 1086448 722748 250225 998129 28  9 45 19  0  0
17 45  92000 128995608 2130068 45966024    0    0 1082848 740288 250845 999026 28  9 45 19  0  0
32 30  92000 128983804 2130072 45966032    0    0 1107264 742884 252835 1011543 28  8 45 19  0  0
19 35  92000 128985968 2130072 45966048    0    0 1088640 743880 251550 999467 28  9 46 17  0  0
20 38  92000 128996256 2130072 45966060    0    0 1101584 748688 256177 1017529 28  9 45 18  0  0
procs -----------memory---------- ---swap-- -----io---- -system-- -------cpu-------
 r  b   swpd   free   buff  cache   si   so    bi    bo   in   cs us sy id wa st gu
22 33  92000 128984172 2130072 45966084    0    0 1119280 740508 256101 1030185 29  9 44 18  0  0
53 23  92000 128987680 2130072 45966116    0    0 1090688 749576 252339 1004026 28  9 45 18  0  0
31 33  92000 128990008 2130072 45966132    0    0 1104528 735204 253989 1014170 28  9 46 17  0  0
30 38  92000 128985852 2130072 45966152    0    0 1103264 751140 254306 1011142 28  9 45 17  0  0
21 38  92000 128975508 2130072 45966168    0    0 1110400 758336 255163 1022327 28  8 45 18  0  0
25 42  92000 128983680 2130072 45966176    0    0 1115184 741428 254818 1028105 28  9 45 18  0  0
27 30  92000 129000472 2130072 45966204    0    0 1103504 739188 252801 1009722 28  9 46 17  0  0
21 37  92000 128997276 2130072 45966224    0    0 1081696 751548 252267 994826 28  9 46 17  0  0
23 29  92000 128988716 2130072 45966240    0    0 1054416 699584 242883 966502 27  9 45 19  0  0
24 39  92000 128995120 2130072 45966260    0    0 1085552 733904 251487 996146 28  9 44 19  0  0
31 28  92000 128989900 2130072 45966284    0    0 1096704 731916 252410 1003320 28  9 46 17  0  0
28 35  92000 128990080 2130072 45966308    0    0 1110576 749816 255497 1024461 28  9 45 18  0  0
26 40  92000 128985012 2130080 45966312    0    0 1132800 756968 255227 1031978 28  8 45 19  0  0
32 28  92000 128985560 2130080 45966332    0    0 1112080 758456 256386 1025910 28  9 44 18  0  0
37 28  92000 128990976 2130080 45966352    0    0 1108544 752080 256390 1026317 29  9 44 19  0  0
38 24  92000 128985224 2130080 45966368    0    0 1117552 760912 257762 1032980 29  9 43 19  0  0
38 35  92000 128993964 2130080 45966392    0    0 1102016 755760 254729 1016243 28  9 45 18  0  0
24 42  92000 128992356 2130084 45966404    0    0 1112112 757344 256580 1022446 28  9 44 18  0  0
42 24  92000 128994872 2130084 45966428    0    0 1111904 758264 253780 1019610 28  9 45 18  0  0
45 23  92000 128987836 2130084 45966448    0    0 1100240 727836 250705 1007012 28  8 44 20  0  0
30 40  92000 128983596 2130084 45966456    0    0 1073664 722516 246161 982554 27  8 46 19  0  0
procs -----------memory---------- ---swap-- -----io---- -system-- -------cpu-------
 r  b   swpd   free   buff  cache   si   so    bi    bo   in   cs us sy id wa st gu
27 37  92000 128990700 2130084 45966480    0    0 1079328 727228 250237 998024 28  9 44 19  0  0
30 33  92000 128987024 2130084 45966500    0    0 1098336 752064 253862 1016208 28  9 44 19  0  0
34 31  92000 128985272 2130084 45966516    0    0 1098368 728904 251148 1008587 28  9 44 19  0  0
30 35  92000 128988912 2130084 45966536    0    0 1095968 730452 251426 1010075 28  9 43 20  0  0
35 27  92000 128990408 2130084 45966552    0    0 1093424 729492 249921 1006147 28  9 45 19  0  0
27 38  92000 128996036 2130084 45966584    0    0 1098576 749756 254048 1006848 28  9 45 17  0  0
36 37  92000 128980412 2130084 45966600    0    0 1111392 759300 254039 1018849 28  8 46 19  0  0
21 42  92000 128988984 2130084 45966608    0    0 1091744 742232 252793 998684 28  9 46 18  0  0
35 29  92000 128983664 2130084 45966632    0    0 1103152 747624 253346 1018917 28  9 45 18  0  0
43 28  92000 128996340 2130084 45966652    0    0 1095664 740948 253469 1009342 28  9 46 17  0  0
27 39  92000 128994008 2130084 45966672    0    0 1102224 746948 254756 1017024 28  9 45 18  0  0
32 35  92000 128992864 2130084 45966696    0    0 1102832 740920 251895 1015121 28  9 44 19  0  0
38 34  92000 128997588 2130084 45966716    0    0 1075568 740384 250070 995981 28  9 44 20  0  0
11 16  92000 128978996 2130084 45966728    0    0 1077552 729124 248076 991905 27  8 45 20  0  0
30 29  92000 128980484 2130084 45966740    0    0 1080032 736388 248432 988782 27  8 45 20  0  0
11  1  92000 128976976 2130084 45966760    0    0 1078272 710200 246800 989060 27  9 43 21  0  0
30 28  92000 128985432 2130084 45966784    0    0 1034848 717320 240536 943583 26  9 46 19  0  0
39 19  92000 128980056 2130088 45966808    0    0 1042320 697552 240312 955669 27  8 45 19  0  0
38 26  92000 128980932 2130088 45966828    0    0 1053744 715892 244381 971535 27  9 46 19  0  0
23 38  92000 128986560 2130088 45966848    0    0 1092128 741500 250299 1007534 28  9 44 20  0  0
15 28  92000 128990180 2130088 45966868    0    0 1059920 720540 246158 976729 27  9 46 18  0  0
procs -----------memory---------- ---swap-- -----io---- -system-- -------cpu-------
 r  b   swpd   free   buff  cache   si   so    bi    bo   in   cs us sy id wa st gu
32 22  92000 128988496 2130088 45966888    0    0 1071824 720000 247432 986843 27  7 46 20  0  0
13 26  92000 128991224 2130092 45966896    0    0 1068352 731204 248041 986280 27  8 45 19  0  0
11  6  92000 129001308 2130092 45966916    0    0 1093328 737144 250998 1006154 28  9 44 19  0  0
33 22  92000 128992668 2130092 45966932    0    0 1082528 725956 248488 996814 28  9 44 19  0  0
40 15  92000 128987252 2130092 45966956    0    0 1080656 726048 248060 992630 28  9 45 19  0  0
36 22  92000 128982576 2130092 45967048    0    0 1076656 726364 249479 995443 28  9 44 19  0  0
47 14  92000 128992972 2130092 45967064    0    0 1081120 732264 248459 992683 28  9 44 20  0  0
36 19  92000 128989216 2130092 45967084    0    0 1061760 725712 245423 974957 27  8 47 19  0  0
31 26  92000 128979644 2130092 45967096    0    0 1039616 683824 235943 948521 26  7 45 22  0  0
36 21  92000 128997828 2130092 45967104    0    0 1101680 752476 252694 1015372 28  9 43 20  0  0
41 21  92000 128979436 2130092 45967132    0    0 1067168 717832 246833 989617 27  9 46 18  0  0
16 13  92000 128991060 2130096 45967148    0    0 1124400 763672 256444 1032235 28  9 44 18  0  0
29 28  92000 128994728 2130096 45967168    0    0 1092544 735480 252626 1003295 28  9 46 17  0  0
 9  2  92000 128995736 2130096 45967184    0    0 1095152 745692 253303 1016233 28  9 45 18  0  0
34 17  92000 128983660 2130096 45967208    0    0 1080064 735040 250728 997410 28  9 46 18  0  0
37 15  92000 128974840 2130096 45967232    0    0 1091824 757104 252934 1003279 27  8 47 18  0  0
32 19  92000 128979308 2130100 45967240    0    0 1101488 736444 251204 1010526 28  9 45 19  0  0
 7  1  92000 128989780 2130100 45967256    0    0 1083488 743776 250403 1000640 28  9 45 19  0  0
13 10  92000 128995212 2130100 45967284    0    0 1068784 718988 247796 985857 28  9 46 18  0  0
16 24  92000 128990992 2130100 45967300    0    0 1090512 740108 250863 1005909 28  9 44 19  0  0
11 12  92000 128996216 2130100 45967324    0    0 1099200 743184 254200 1012752 28  9 45 18  0  0
procs -----------memory---------- ---swap-- -----io---- -system-- -------cpu-------
 r  b   swpd   free   buff  cache   si   so    bi    bo   in   cs us sy id wa st gu
40 22  92000 128996040 2130100 45967340    0    0 1095200 748936 253138 1012074 28  9 45 18  0  0
37 23  92000 128994576 2130100 45967368    0    0 1090672 732188 250740 1003231 27  9 44 19  0  0
 9  2  92000 128972940 2130100 45967380    0    0 1058576 724172 243812 971870 27  7 48 18  0  0
21 13  92000 128990112 2130100 45967400    0    0 1070592 730200 247936 983271 28  9 45 18  0  0
17 18  92000 128983944 2130100 45967420    0    0 1089632 743340 253460 1008430 28  9 46 17  0  0
44 18  92000 128992644 2130100 45967436    0    0 1118896 742684 253861 1022128 28  9 45 18  0  0
35 28  92000 128991460 2130100 45967456    0    0 1108752 770492 256048 1021297 28  9 44 18  0  0
16 17  92000 128987692 2130100 45967480    0    0 1117472 747896 254309 1019501 28  9 44 19  0  0
15 15  92000 128987248 2130100 45967496    0    0 1091488 749660 254420 1006673 28  9 45 18  0  0
32 17  92000 128992076 2130100 45967516    0    0 1137792 759800 258342 1043986 28  8 44 19  0  0
42 20  92000 128991476 2130104 45967524    0    0 1119088 769084 256965 1029015 28  9 45 18  0  0
31 29  92000 128989668 2130104 45967544    0    0 1092384 745288 252776 1005415 28  9 46 17  0  0
15  6  92000 128988228 2130104 45967572    0    0 1108848 755668 255065 1018171 28  9 45 18  0  0
32 27  92000 128986460 2130104 45967592    0    0 1116624 763704 263896 1023734 29  9 44 18  0  0
31 29  92000 128989844 2130104 45967612    0    0 1068432 722860 248085 978318 28  9 45 18  0  0
34 38  92000 128997460 2130108 45967628    0    0 1044672 715460 242290 959084 27  8 45 20  0  0
37 15  92000 128993016 2130108 45967652    0    0 1074880 710532 246218 986539 27  9 46 18  0  0
27 26  92000 128972016 2130108 45967672    0    0 1073232 749108 245509 982088 27  7 46 20  0  0
11  5  92000 128977376 2130108 45967680    0    0 1068400 725848 247583 986130 27  9 45 18  0  0
36 24  92000 128987108 2130108 45967700    0    0 1072544 722436 247366 986758 28  9 45 19  0  0
36 21  92000 128991496 2130108 45967724    0    0 1078448 716340 249428 993001 28  9 44 20  0  0
procs -----------memory---------- ---swap-- -----io---- -system-- -------cpu-------
 r  b   swpd   free   buff  cache   si   so    bi    bo   in   cs us sy id wa st gu
39 20  92000 128976052 2130108 45967744    0    0 1038720 720820 245200 957175 26  9 47 18  0  0
33 19  92000 128990020 2130116 45967752    0    0 1062464 706892 245146 980850 27  9 46 19  0  0
38 27  92000 128988052 2130116 45967788    0    0 1040416 719472 244505 962143 26  9 47 18  0  0
35 19  92000 128984144 2130116 45967804    0    0 1084672 721372 249710 999495 27  8 46 19  0  0
38 16  92000 128984296 2130116 45967820    0    0 1075216 719932 245074 984460 27  8 46 19  0  0
33 25  92000 128997116 2130116 45967832    0    0 1061872 718136 247355 982822 27  9 46 19  0  0
29 22  92000 128992164 2130120 45967852    0    0 1058400 714724 246939 975795 27  9 45 19  0  0
34 23  92000 128988708 2130120 45967872    0    0 1062848 720848 248051 983480 27  9 45 19  0  0
39 19  92000 128985016 2130120 45967892    0    0 1059648 711684 247521 977124 28  9 46 18  0  0
31 24  92000 128985228 2130120 45967912    0    0 1075200 724076 249439 997715 27  9 45 19  0  0
14  1  92000 128978068 2130120 45967936    0    0 1091248 741948 251596 1009154 28  9 44 19  0  0
35 20  92000 128977204 2130120 45967956    0    0 1104112 748972 254795 1017241 27  8 46 18  0  0
37 18  92000 128970116 2130120 45967972    0    0 1080176 732360 250183 996027 28  8 47 17  0  0
34 24  92000 128990528 2130120 45967988    0    0 1107440 757820 255841 1023055 28  9 45 18  0  0
28 26  92000 128991904 2130120 45968012    0    0 1092224 738392 253918 1008175 28  9 45 18  0  0
11 13  92000 128983000 2130120 45968028    0    0 1090288 736192 253432 1011544 28  9 45 18  0  0
36 20  92000 128988384 2130120 45968056    0    0 1077520 729852 251879 996009 28  9 47 17  0  0
13 11  92000 128990444 2130120 45968076    0    0 1117664 755612 256748 1035758 29  9 44 18  0  0
32 20  92000 128988872 2130120 45968096    0    0 1105152 755000 255628 1023449 28  8 46 18  0  0
16 11  92000 128971188 2130120 45968108    0    0 1107952 758320 254677 1016949 28  8 46 18  0  0
18  0  92000 128982860 2130120 45968120    0    0 1079664 717880 249000 997107 28  9 45 18  0  0
procs -----------memory---------- ---swap-- -----io---- -system-- -------cpu-------
 r  b   swpd   free   buff  cache   si   so    bi    bo   in   cs us sy id wa st gu
38 21  92000 128975636 2130120 45968140    0    0 1051456 727560 246523 971082 27  9 46 18  0  0
37 19  92000 128981656 2130120 45968160    0    0 1065760 722168 249502 986836 28  9 45 18  0  0
32 28  92000 128987920 2130120 45968244    0    0 1056000 716664 248231 981032 27  9 46 18  0  0
13 10  92000 128980620 2130120 45968260    0    0 1084336 735204 252860 1009695 28  9 45 18  0  0
35 29  92000 128979604 2130120 45968284    0    0 1108864 753352 255548 1023039 28  9 45 18  0  0
11  2  92000 128986228 2130120 45968304    0    0 1082080 736592 250955 997903 27  8 47 17  0  0
36 23  92000 128976920 2130120 45968316    0    0 1078176 737244 250979 988424 27  8 47 17  0  0
11  1  92000 128988868 2130120 45968332    0    0 1090960 728060 251969 1002724 28  9 45 18  0  0
10 13  92000 128991752 2130120 45968352    0    0 1099088 748280 255155 1009741 28  9 45 18  0  0
35 24  92000 128983376 2130124 45968368    0    0 1113504 765868 256779 1029361 29  9 44 18  0  0
46 15  92000 128968720 2130124 45968396    0    0 1107360 742052 256586 1022637 28  9 45 18  0  0
38 18  92000 128983180 2130124 45968412    0    0 1083888 740872 256837 1003502 28  9 46 17  0  0
46 22  92000 128981556 2130124 45968436    0    0 1082192 745856 252340 1001449 28  9 47 17  0  0
20 15  92000 128966904 2130124 45968448    0    0 1093984 747352 252900 1008645 28  8 47 18  0  0
17  4  92000 128972364 2130124 45968464    0    0 1090896 732364 253152 1009227 28  9 46 17  0  0
 9  2  92000 128975992 2130124 45968476    0    0 1091696 743848 255197 1009628 28  9 45 18  0  0
34 23  92000 128978324 2130124 45968500    0    0 1114128 732428 258124 1021858 28  9 45 18  0  0
37 21  92000 128985196 2130124 45968520    0    0 1107296 746840 255519 1022339 28  9 45 18  0  0
12  6  92000 128981928 2130124 45968540    0    0 1083584 747128 251988 995779 28  9 46 17  0  0
39 15  92000 128984432 2130128 45968556    0    0 1137024 745152 259647 1036527 29 10 43 19  0  0
 9  4  92000 128982156 2130128 45968584    0    0 1096496 747008 254760 1007123 28  9 46 18  0  0
procs -----------memory---------- ---swap-- -----io---- -system-- -------cpu-------
 r  b   swpd   free   buff  cache   si   so    bi    bo   in   cs us sy id wa st gu
16  7  92000 128978816 2130128 45968600    0    0 1108864 730920 255180 1019696 28  8 45 19  0  0
38 20  92000 128978276 2130128 45968612    0    0 1103024 735336 254941 1018325 28  9 44 19  0  0
31 28  92000 128978616 2130128 45968632    0    0 1060784 724708 247501 970753 27  9 46 18  0  0
31 10  92000 128993972 2130132 45968652    0    0 1075824 704036 249585 989866 28  9 45 19  0  0
16  7  92000 128984808 2130132 45968684    0    0 1065712 724288 248889 984474 27  9 45 19  0  0
15 15  92000 128989020 2130132 45968704    0    0 1106864 749756 256932 1022510 28  9 44 18  0  0
33 25  92000 128987888 2130132 45968724    0    0 1117968 752068 257447 1022740 29  9 44 18  0  0
19  5  92000 128988120 2130132 45968740    0    0 1106192 748500 254119 1017512 28  8 46 18  0  0
47 24  92000 128972332 2130132 45968752    0    0 1121216 754176 257824 1028664 28  9 44 19  0  0
37 13  92000 128978780 2130132 45968780    0    0 1120320 741276 257448 1025255 29  9 44 18  0  0
36 21  92000 128985892 2130132 45968800    0    0 1105920 748376 256176 1014554 28  9 45 18  0  0
39 20  92000 128983116 2130132 45968812    0    0 1114736 750392 257184 1019535 29  9 44 18  0  0
36 20  92000 128986604 2130132 45968832    0    0 1108896 743220 256782 1014183 28  9 45 18  0  0
 8  4  92000 128972344 2130132 45968848    0    0 1108896 742200 256471 1016212 28  9 44 18  0  0
29 37  92000 128974388 2130132 45968876    0    0 1098816 741688 253930 999702 28  9 46 18  0  0
10  8  92000 128965960 2130132 45968892    0    0 1088688 727880 250675 1003833 27  8 46 19  0  0
36 20  92000 128975864 2130132 45968904    0    0 1067776 712452 249017 989038 27  9 45 19  0  0
26 28  92000 128974664 2130132 45968924    0    0 1057376 718412 246880 982604 27  9 46 18  0  0
13 17  92000 128983176 2130136 45968940    0    0 1080208 710604 247699 989155 27  9 45 18  0  0
41 18  92000 128979880 2130136 45968968    0    0 1115456 752484 257230 1029061 28  9 44 18  0  0
33 23  92000 128985008 2130136 45968988    0    0 1118672 740152 256571 1023181 28  9 44 18  0  0
procs -----------memory---------- ---swap-- -----io---- -system-- -------cpu-------
 r  b   swpd   free   buff  cache   si   so    bi    bo   in   cs us sy id wa st gu
34 19  92000 128984696 2130136 45969004    0    0 1080896 738968 252194 993649 28  9 46 17  0  0
44 14  92000 128992620 2130136 45969024    0    0 1111488 753216 256708 1019039 28  9 45 18  0  0
42 20  92000 128987696 2130136 45969032    0    0 1099712 747708 254477 1011387 28  8 46 18  0  0
32 18  92000 128971452 2130136 45969052    0    0 1086944 735112 254143 1001540 28  9 46 17  0  0
34 24  92000 128975748 2130136 45969076    0    0 1118384 741184 257535 1031518 29  9 44 18  0  0
31 21  92000 128981620 2130136 45969092    0    0 1110960 733668 256316 1016989 28  9 44 18  0  0
32 25  92000 128981740 2130136 45969112    0    0 1081616 742008 253491 996651 28  9 45 18  0  0
34 25  92000 128977772 2130136 45969132    0    0 1118352 751340 257013 1027154 28  9 44 19  0  0
35 26  92000 128982480 2130136 45969152    0    0 1091152 717324 251067 1005094 28  9 43 20  0  0
19 14  92000 128982096 2130136 45969172    0    0 1074256 730516 247460 990445 27  7 46 20  0  0
37 26  92000 128980380 2130136 45969180    0    0 1063712 712600 246695 974612 27  8 46 19  0  0
41 16  92000 128977600 2130136 45969196    0    0 1083632 723848 252130 999131 28  9 44 19  0  0
26  8  92000 128980300 2130136 45969224    0    0 1087680 720392 251309 1000677 28  9 44 19  0  0
33 24  92000 128984120 2130136 45969252    0    0 1082864 727064 250803 996210 28  9 44 20  0  0
 8 16  92000 128975552 2130136 45969276    0    0 1079088 739204 251142 1000007 27  9 44 20  0  0
33 20  92000 128980628 2130136 45969292    0    0 1086752 730104 251089 997192 28  9 44 19  0  0
 4  8  92000 128985500 2130136 45969308    0    0 1098272 724184 250993 1007850 28  9 44 20  0  0
36 22  92000 128976396 2130140 45969320    0    0 1076432 731804 251796 990292 27  7 46 20  0  0
17  6  92000 128986020 2130140 45969348    0    0 1064416 718344 248577 984147 27  9 45 19  0  0
30 37  92000 128982404 2130140 45969364    0    0 1085536 722524 251214 996747 28  9 44 19  0  0
30 19  92000 128982392 2130140 45969476    0    0 1073680 721852 249408 985111 27  9 44 20  0  0
procs -----------memory---------- ---swap-- -----io---- -system-- -------cpu-------
 r  b   swpd   free   buff  cache   si   so    bi    bo   in   cs us sy id wa st gu
18  9  92000 128980232 2130140 45969496    0    0 1087120 721488 250832 996970 28  9 44 19  0  0
32 30  92000 128983116 2130144 45969512    0    0 1055296 718068 246437 970377 27  9 46 19  0  0
21  5  92000 128975400 2130144 45969536    0    0 1068352 718980 247717 982735 27  9 45 18  0  0
28 10  92000 128975788 2130144 45969560    0    0 1089264 736788 249935 992448 27  8 46 19  0  0
40 12  92000 128970528 2130144 45969564    0    0 1088624 715348 250121 995258 28  8 45 19  0  0
16  9  92000 128973204 2130144 45969580    0    0 1071488 722364 248242 981868 27  9 45 19  0  0
 9  8  92000 128977416 2130148 45969592    0    0 1077840 730228 249273 988093 27  9 45 19  0  0
31 26  92000 128983356 2130148 45969624    0    0 1044256 713088 242281 966603 27  8 45 20  0  0
35 20  92000 128977564 2130148 45969644    0    0 1060016 705512 243332 979080 27  9 45 19  0  0
35 17  92000 128988592 2130148 45969664    0    0 1076320 722740 249174 988164 28  9 45 19  0  0
35 36  92000 128990500 2130148 45969684    0    0 1083616 734100 250193 994934 28  9 44 20  0  0
31 25  92000 128981792 2130148 45969700    0    0 1091456 724504 249373 993944 27  7 45 20  0  0
45 16  92000 128985836 2130148 45969716    0    0 1082848 719412 250458 996453 28  9 44 19  0  0
34 20  92000 128986116 2130148 45969736    0    0 1070704 721360 249423 984106 28  9 44 19  0  0
11  2  92000 128983228 2130148 45969752    0    0 1076080 727964 249310 987396 27  9 45 19  0  0
35 20  92000 128979156 2130148 45969772    0    0 1065744 709832 247683 973194 27  9 45 19  0  0
35 17  92000 128985648 2130148 45969788    0    0 1068144 718824 248871 981535 27  9 45 19  0  0
13  0  92000 128977908 2130148 45969816    0    0 1053904 710700 246845 968112 27  9 46 18  0  0
15  8  92000 128977136 2130148 45969840    0    0 1088208 716476 249647 993132 27  8 45 19  0  0
16 48  92000 128972124 2130148 45969856    0    0 1071840 730828 248505 986713 27  8 46 19  0  0
 8  9  92000 128980580 2130148 45969868    0    0 1087424 721076 251062 993622 28  9 44 19  0  0
procs -----------memory---------- ---swap-- -----io---- -system-- -------cpu-------
 r  b   swpd   free   buff  cache   si   so    bi    bo   in   cs us sy id wa st gu
29  2  92000 128981136 2130152 45969884    0    0 1083808 718332 251613 996205 27  9 45 19  0  0
38 22  92000 128976036 2130152 45969908    0    0 1099008 743580 252948 1004607 28  9 43 20  0  0
18 11  92000 128967768 2130152 45969932    0    0 1073856 721836 247164 981927 27  9 45 19  0  0
15 15  92000 128963496 2130152 45969948    0    0 1090800 731656 250612 1000819 28  9 44 19  0  0
16 15  92000 128977060 2130152 45969972    0    0 1087200 722656 250311 991520 28  9 44 19  0  0
33 30  92000 128981092 2130152 45969988    0    0 1077040 713024 247477 983564 26  8 47 19  0  0
10  5  92000 128982092 2130152 45970004    0    0 1061472 719804 246194 970067 27  9 46 18  0  0
37 19  92000 128974996 2130152 45970028    0    0 1100528 739528 254904 1003298 28  9 45 18  0  0
42 22  92000 128986136 2130152 45970048    0    0 1084208 731908 252068 994630 28  9 46 17  0  0
35 18  92000 128986668 2130152 45970064    0    0 1122432 737860 256381 1030003 29  9 44 18  0  0
37 15  92000 128984708 2130152 45970084    0    0 1117024 753008 258254 1025551 29  9 44 18  0  0
34 19  92000 128988008 2130152 45970104    0    0 1114624 753692 257233 1023745 29  9 44 18  0  0
28 28  92000 128985664 2130152 45970128    0    0 1091184 740812 251868 995406 27  9 46 18  0  0
15  4  92000 128974220 2130152 45970140    0    0 1068752 724176 247643 974736 27  8 46 19  0  0
32 29  92000 128970412 2130152 45970156    0    0 1069120 719552 249037 979155 27  9 46 18  0  0
40 18  92000 128985236 2130152 45970172    0    0 1091312 722912 249652 996114 27  9 44 19  0  0
42 16  92000 128985848 2130152 45970196    0    0 1104304 743768 254447 1014558 28  9 45 18  0  0
40 18  92000 128984620 2130152 45970212    0    0 1093264 748076 255029 1005919 28  9 46 17  0  0
44 17  92000 128985776 2130152 45970236    0    0 1104304 741924 255222 1011694 28  9 45 18  0  0
12 12  92000 128977920 2130152 45970252    0    0 1111744 750516 256496 1019665 29  9 44 18  0  0
12 11  92000 128966876 2130152 45970272    0    0 1079136 724900 250610 990202 27  8 47 18  0  0
procs -----------memory---------- ---swap-- -----io---- -system-- -------cpu-------
 r  b   swpd   free   buff  cache   si   so    bi    bo   in   cs us sy id wa st gu
32 23  92000 128964176 2130152 45970284    0    0 1124032 743432 256589 1019319 29  9 44 18  0  0
28 23  92000 128975712 2130152 45970300    0    0 1100704 744540 255618 1011305 28  9 44 18  0  0
 8  3  92000 128984624 2130152 45970324    0    0 1115264 729072 255254 1017996 28  9 45 18  0  0
44 20  92000 128980888 2130152 45970344    0    0 1103008 754628 256051 1009654 28  9 45 17  0  0
22  1  92000 128975068 2130152 45970360    0    0 1095136 740924 254377 1003777 28  9 46 17  0  0
17 38  92000 128974148 2130152 45970384    0    0 1112992 747744 256331 1012074 28  9 45 18  0  0
37 20  92000 128980184 2130152 45970408    0    0 1114832 736796 255471 1017596 28  9 46 18  0  0
39 19  92000 128972200 2130152 45970428    0    0 1130720 756424 257103 1028613 28  8 45 19  0  0
26  8  92000 128975012 2130152 45970440    0    0 1079072 737256 261934 996716 28  9 46 17  0  0
47 23  92000 128975156 2130152 45970456    0    0 1088384 733300 254486 999465 28  9 46 17  0  0
27 31  92000 128975712 2130152 45970480    0    0 1115440 750888 258185 1025715 28  9 44 18  0  0
10 10  92000 128976184 2130152 45970500    0    0 1083696 717556 252948 989162 28  9 46 17  0  0
18  7  92000 128979004 2130152 45970524    0    0 1114976 749544 258718 1021986 28  9 44 18  0  0
13  7  92000 128983024 2130152 45970540    0    0 1070784 717860 249714 987378 27  9 46 17  0  0
12  7  92000 128980616 2130152 45970560    0    0 1094848 737392 251436 1000708 27  8 47 18  0  0
34 20  92000 128981016 2130152 45970572    0    0 1067824 709036 247419 977458 27  8 48 17  0  0
22  3  92000 128982196 2130152 45970592    0    0 1088624 746704 253692 997666 28  9 46 17  0  0
11  3  92000 128984752 2130152 45970688    0    0 1122368 743260 256811 1031684 29  9 44 18  0  0
13  7  92000 128980304 2130152 45970704    0    0 1089408 732912 254836 1003847 28  9 45 17  0  0
16 13  92000 128978180 2130152 45970724    0    0 1091232 738556 253316 998985 28  9 45 17  0  0
34 25  92000 128979252 2130156 45970740    0    0 1084128 738712 251646 993839 28  9 46 17  0  0
procs -----------memory---------- ---swap-- -----io---- -system-- -------cpu-------
 r  b   swpd   free   buff  cache   si   so    bi    bo   in   cs us sy id wa st gu
45 17  92000 128977720 2130156 45970764    0    0 1098992 724888 252643 1006301 28  9 46 17  0  0
40 14  92000 128969036 2130156 45970788    0    0 1114560 738488 253268 1010467 28  8 46 18  0  0
31 33  92000 128980780 2130156 45970804    0    0 1095248 750932 254235 1000455 28  9 45 17  0  0
44 11  92000 128975528 2130156 45970828    0    0 1111968 724604 255314 1012182 28  9 45 17  0  0
37 11  92000 128981900 2130156 45970848    0    0 1095664 736860 253107 997808 28  9 46 17  0  0
35 30  92000 128983536 2130156 45970876    0    0 1117856 772996 258765 1028056 29  9 43 19  0  0
43 16  92000 128982344 2130156 45970900    0    0 1104640 722668 252106 1015596 28  9 43 20  0  0
21 16  92000 128972776 2130156 45970916    0    0 1078480 742224 248562 988531 27  9 45 19  0  0
 7  4  92000 128982576 2130156 45970932    0    0 1061296 708288 244571 968978 27  8 47 18  0  0
39 20  92000 128974528 2130156 45970948    0    0 1073600 730284 248786 981176 27  8 46 19  0  0
 9  5  92000 128983640 2130156 45970960    0    0 1108448 748312 256502 1012163 28  9 45 18  0  0
37 23  92000 128976296 2130156 45970976    0    0 1101152 735652 253676 1007378 28  9 45 18  0  0
29 40  92000 128978832 2130156 45971004    0    0 1091440 751932 254224 1004505 28  9 45 18  0  0
33 29  92000 128981460 2130156 45971020    0    0 1126544 741040 256619 1023810 29  9 44 18  0  0
37 26  92000 128976160 2130160 45971040    0    0 1106016 735540 254540 1016345 28  9 45 18  0  0
36 19  92000 128978812 2130160 45971064    0    0 1102576 742600 254099 1002123 28  9 45 17  0  0
32 32  92000 128979128 2130160 45971080    0    0 1116288 760220 257395 1016306 28  8 46 18  0  0
38 18  92000 128976036 2130160 45971092    0    0 1102032 727128 253392 999620 28  9 46 18  0  0
35 18  92000 128981520 2130160 45971108    0    0 1079504 735732 251702 985320 28  9 46 17  0  0
23 12  92000 128970896 2130160 45971136    0    0 1093088 731252 252290 1001619 28  9 45 18  0  0
36 20  92000 128973560 2130160 45971152    0    0 1068592 714116 248192 981368 27  9 44 19  0  0
procs -----------memory---------- ---swap-- -----io---- -system-- -------cpu-------
 r  b   swpd   free   buff  cache   si   so    bi    bo   in   cs us sy id wa st gu
10  3  92000 128980872 2130160 45971176    0    0 1043888 718404 245062 952877 27  9 46 18  0  0
44 23  92000 128986252 2130160 45971200    0    0 1071648 711060 246180 978988 27  9 45 19  0  0
28 25  92000 128968500 2130160 45971220    0    0 1080032 729192 249578 988564 27  9 45 19  0  0
23  6  92000 128962108 2130164 45971232    0    0 1080864 727392 253934 983341 27  7 46 20  0  0
10  1  92000 128978548 2130164 45971248    0    0 1060816 706244 246701 969756 27  9 45 18  0  0
28 24  92000 128979128 2130164 45971264    0    0 1080512 721460 249859 985777 28  9 44 19  0  0
21 16  92000 128972096 2130164 45971284    0    0 1073072 722684 252173 980908 28  9 45 19  0  0
17  8  92000 128969988 2130164 45971304    0    0 1078512 710164 248897 987304 28  9 45 19  0  0
14  5  92000 128967956 2130164 45971328    0    0 1060416 723680 246572 969062 27  9 46 18  0  0
41 18  92000 128979528 2130164 45971348    0    0 1094016 724260 249732 995362 28  9 44 19  0  0
 6  6  92000 128981692 2130164 45971372    0    0 1069344 719108 247027 976178 27  8 46 19  0  0
40 18  92000 128972064 2130164 45971384    0    0 1064544 710832 246298 974903 27  8 46 19  0  0
35 21  92000 128968408 2130164 45971400    0    0 1052528 711804 245118 967075 27  9 45 19  0  0
36 25  92000 128972896 2130164 45971420    0    0 1054880 710704 243388 959246 27  9 47 18  0  0
 9 13  92000 128978800 2130164 45971440    0    0 1081872 721372 249470 988180 28  9 44 19  0  0
 8  1  92000 128975316 2130164 45971456    0    0 1071520 722276 247592 976457 28  9 45 19  0  0
 9  4  92000 128976020 2130164 45971476    0    0 1078736 724400 249319 985630 27  9 45 19  0  0
30 30  92000 128978380 2130164 45971496    0    0 1071584 718280 247583 977673 27  9 45 19  0  0
32 28  92000 128969192 2130168 45971512    0    0 1078016 719380 248866 987924 27  8 46 19  0  0
41 13  92000 128974484 2130168 45971528    0    0 1112624 722216 252722 1011467 28  9 44 19  0  0
37 22  92000 128974616 2130168 45971548    0    0 1057424 721532 244406 967050 27  9 45 19  0  0
procs -----------memory---------- ---swap-- -----io---- -system-- -------cpu-------
 r  b   swpd   free   buff  cache   si   so    bi    bo   in   cs us sy id wa st gu
 4  6  92000 128977892 2130168 45971568    0    0 1056128 714152 246116 970648 27  9 45 19  0  0
10  9  92000 128977576 2130168 45971588    0    0 1089184 716072 249722 995367 27  9 44 19  0  0
44 14  92000 128977508 2130168 45971616    0    0 1068336 715096 247041 977178 27  9 45 19  0  0
36 21  92000 128979284 2130168 45971628    0    0 1076352 713008 247081 977543 28  9 45 18  0  0
31 28  92000 128973460 2130168 45971644    0    0 1067104 730728 247422 978678 27  8 46 19  0  0
29 32  92000 128961128 2130168 45971656    0    0 1075328 700696 244349 976922 27  8 46 19  0  0
12  1  92000 128977716 2130168 45971672    0    0 1070016 713636 248091 984884 27  9 45 19  0  0
43 24  92000 128974792 2130172 45971692    0    0 1066784 720276 246908 975156 27  9 46 19  0  0
37 30  92000 128980120 2130172 45971716    0    0 1043568 708936 243018 955379 27  8 47 18  0  0
30 20  92000 128975056 2130172 45971736    0    0 1081328 704756 249135 983043 28  9 45 19  0  0
21  0  92000 128968008 2130172 45971760    0    0 1074672 714852 248065 981316 27  9 45 18  0  0
17 45  92000 128972516 2130172 45971780    0    0 1039488 715400 244966 960142 27  9 47 18  0  0
28 23  92000 128963296 2130176 45971804    0    0 1087456 721652 249101 989496 27  8 46 19  0  0
43 15  92000 128960528 2130176 45971820    0    0 1058640 713016 245346 963603 27  8 47 18  0  0
38 20  92000 128973724 2130176 45971900    0    0 1053584 713040 245468 963801 27  9 46 18  0  0
44 18  92000 128966284 2130176 45971916    0    0 1077520 716452 249556 990693 28  9 45 19  0  0
14  0  92000 128969532 2130176 45971952    0    0 1089120 735504 251835 1001235 28  9 44 20  0  0
34 20  92000 128975172 2130176 45971964    0    0 1078080 712392 248856 983693 27  9 45 18  0  0
36 21  92000 128977440 2130176 45971984    0    0 1093696 732568 251980 998852 28  9 45 18  0  0
37 20  92000 128975440 2130176 45972000    0    0 1094288 728580 253372 998289 28  9 45 18  0  0
30 19  92000 128967268 2130176 45972016    0    0 1106784 730444 252398 1008876 28  8 47 18  0  0
procs -----------memory---------- ---swap-- -----io---- -system-- -------cpu-------
 r  b   swpd   free   buff  cache   si   so    bi    bo   in   cs us sy id wa st gu
46 12  92000 128969056 2130176 45972032    0    0 1063424 724608 254976 965587 27  9 47 17  0  0
12  6  92000 128959276 2130180 45972048    0    0 1082592 728312 251102 985456 28  9 46 17  0  0
33 12  92000 128961036 2130180 45972068    0    0 1088864 729196 252616 991906 28  9 46 17  0  0
13  3  92000 128972032 2130180 45972088    0    0 1086448 741292 254737 996410 28  9 46 17  0  0
37 23  92000 128976308 2130180 45972108    0    0 1073264 735060 250001 982828 27  9 46 18  0  0
37 26  92000 128975156 2130180 45972144    0    0 1079488 718328 248353 986361 28  9 45 19  0  0
34 11  92000 128974924 2130180 45972160    0    0 1074304 706636 246116 974897 27  8 46 18  0  0
16 14  92000 128960692 2130180 45972172    0    0 1076064 733268 249032 989900 27  8 46 19  0  0
33 21  92000 128974428 2130180 45972188    0    0 1095040 737148 253661 1001913 28  9 45 17  0  0
53 12  92000 128980708 2130180 45972204    0    0 1095632 726028 252390 998811 28  9 46 17  0  0
38 18  92000 128978196 2130180 45972224    0    0 1064976 724900 249217 963637 27  9 48 16  0  0
36 23  92000 128975328 2130184 45972244    0    0 1098192 752144 253755 1006641 28  9 45 18  0  0
42 15  92000 128973156 2130184 45972264    0    0 1093536 724136 252699 997224 28  9 45 17  0  0
37 23  92000 128968492 2130184 45972280    0    0 1099696 739072 253876 1005086 28  9 45 18  0  0
10 11  92000 128961656 2130184 45972304    0    0 1090480 738700 250107 993792 27  8 48 18  0  0
12  3  92000 128962980 2130184 45972320    0    0 1091088 724544 250445 999137 28  8 46 18  0  0
38 14  92000 128968428 2130184 45972332    0    0 1082448 728104 250550 986776 27  9 47 17  0  0
27  5  92000 128968984 2130184 45972356    0    0 1097792 753836 254677 1009539 28  9 45 18  0  0
42 17  92000 128964248 2130184 45972376    0    0 1114704 734292 256080 1019530 28  9 45 18  0  0
32 25  92000 128976120 2130184 45972392    0    0 1107328 745008 254249 1014661 28  9 45 18  0  0
42 19  92000 128971684 2130184 45972412    0    0 1088864 746136 252398 1002622 28  9 46 17  0  0
procs -----------memory---------- ---swap-- -----io---- -system-- -------cpu-------
 r  b   swpd   free   buff  cache   si   so    bi    bo   in   cs us sy id wa st gu
35 22  92000 128967800 2130192 45972432    0    0 1107232 736716 253291 1004201 28  9 46 17  0  0
36 24  92000 128948420 2130192 45972456    0    0 1093984 745200 251139 1005001 27  8 47 18  0  0
35 25  92000 128977684 2130192 45972468    0    0 1091904 744500 254095 1002770 28  9 46 17  0  0
31 21  92000 128975008 2130192 45972488    0    0 1100128 732080 253490 999013 28  9 46 17  0  0
48 16  92000 128965892 2130192 45972512    0    0 1105824 744068 255671 1013112 28  9 45 18  0  0
34 24  92000 128973760 2130192 45972532    0    0 1088992 727164 251289 996442 28  9 46 18  0  0
42 17  92000 128968132 2130196 45972552    0    0 1084880 725372 250578 989727 28  9 46 17  0  0
31 18  92000 128967748 2130196 45972572    0    0 1092000 737552 253361 996008 28  9 46 17  0  0
12  4  92000 128963056 2130196 45972588    0    0 1065760 730740 249843 969092 27  8 48 17  0  0
14  6  92000 128968972 2130196 45972600    0    0 1092096 734448 252012 993891 28  9 47 17  0  0
 8  1  92000 128970268 2130196 45972620    0    0 1117776 733040 255377 1017773 29  9 44 18  0  0
15 16  92000 128963772 2130200 45972644    0    0 1085776 748724 252682 991992 28  9 46 17  0  0
17 19  92000 128966944 2130200 45972668    0    0 1116160 738928 256361 1013860 28  9 44 18  0  0
39 12  92000 128960560 2130200 45972684    0    0 1108560 747252 253741 1009088 28  9 45 18  0  0
16  3  92000 128979552 2130200 45972704    0    0 1105248 741460 255413 1009629 28  9 45 18  0  0
31 24  92000 128971800 2130200 45972732    0    0 1099200 743312 253909 1003679 28  9 46 17  0  0
32 23  92000 128956520 2130200 45972744    0    0 1114960 756396 255254 1019630 28  8 46 18  0  0
53 13  92000 128966172 2130200 45972756    0    0 1114368 746736 254322 1018890 28  9 45 18  0  0
34 18  92000 128960184 2130200 45972776    0    0 1082736 732552 250298 991027 27  9 45 18  0  0
10  5  92000 128960480 2130200 45972808    0    0 1050272 705188 244112 964498 27  9 45 19  0  0
 7  3  92000 128968276 2130200 45972832    0    0 1058816 699772 245742 968223 27  9 46 19  0  0
procs -----------memory---------- ---swap-- -----io---- -system-- -------cpu-------
 r  b   swpd   free   buff  cache   si   so    bi    bo   in   cs us sy id wa st gu
35 22  92000 128969224 2130200 45972844    0    0 1073936 717964 247029 978493 27  9 45 19  0  0
30 25  92000 128966004 2130200 45972864    0    0 1064240 709668 244772 968532 27  9 46 18  0  0
10  3  92000 128970292 2130200 45972884    0    0 1081136 742196 250588 986527 27  8 45 19  0  0
38 21  92000 128975196 2130200 45972900    0    0 1069600 713328 247208 973688 27  8 46 19  0  0
37 21  92000 128966508 2130200 45972916    0    0 1063056 714624 246006 975185 27  9 45 18  0  0
37 14  92000 128966608 2130200 45972944    0    0 1098288 721564 249977 998890 28  9 44 20  0  0
33 29  92000 128968644 2130200 45972952    0    0 1074320 724796 248004 981825 27  9 45 19  0  0
33 18  92000 128970064 2130200 45972968    0    0 1083440 722080 249094 992818 28  9 44 19  0  0
39 20  92000 128971936 2130200 45972996    0    0 1058544 725232 246479 969460 27  9 46 18  0  0
36 20  92000 128958120 2130200 45973024    0    0 1093664 714880 248189 997616 28  9 44 19  0  0
22 15  92000 128957700 2130200 45973044    0    0 1057024 729404 245544 966846 27  8 47 18  0  0
13  7  92000 128954704 2130200 45973124    0    0 1069344 715772 246163 976934 27  8 46 19  0  0
31 33  92000 128978188 2130200 45973144    0    0 1041616 705604 242508 956023 27  9 46 18  0  0
32 31  92000 128975060 2130200 45973176    0    0 1092640 735076 251132 1001024 28  9 44 20  0  0
38 26  92000 128965984 2130200 45973184    0    0 1087632 715624 248262 991556 28  9 45 19  0  0
18 10  92000 128965984 2130200 45973216    0    0 1083440 721816 249581 991133 28  9 44 19  0  0
37 19  92000 128969456 2130200 45973240    0    0 1057504 724672 245942 973961 27  9 46 18  0  0
35 23  92000 128965760 2130200 45973260    0    0 1096960 733380 252889 995403 28  9 44 19  0  0
38 18  92000 128957668 2130200 45973272    0    0 1095168 733960 251233 992674 27  8 47 18  0  0
39 20  92000 128973400 2130200 45973288    0    0 1099184 729604 253702 1003923 28  9 46 17  0  0
45 14  92000 128957252 2130204 45973312    0    0 1098480 739924 252766 997668 28  9 46 17  0  0
procs -----------memory---------- ---swap-- -----io---- -system-- -------cpu-------
 r  b   swpd   free   buff  cache   si   so    bi    bo   in   cs us sy id wa st gu
35 27  92000 128962200 2130204 45973332    0    0 1104800 759524 256232 1015243 28  9 45 18  0  0
35 25  92000 128974704 2130204 45973348    0    0 1100240 726932 253568 1003296 28  9 45 17  0  0
42 23  92000 128966396 2130204 45973368    0    0 1115232 754464 257892 1021283 29  9 44 18  0  0
37 13  92000 128965496 2130204 45973392    0    0 1103856 728944 252339 1000195 28  9 45 17  0  0
40 16  92000 128968420 2130204 45973412    0    0 1097440 747852 253935 1005180 28  8 46 18  0  0
35 12  92000 128952612 2130204 45973420    0    0 1099024 729432 252221 997035 28  8 45 18  0  0
15  3  92000 128960576 2130204 45973436    0    0 1105776 754188 253774 1013125 28  9 45 18  0  0
36 31  92000 128949872 2130204 45973460    0    0 1092608 737708 253566 1001011 28  9 45 18  0  0
32 20  92000 128964508 2130204 45973484    0    0 1123680 747816 257383 1024000 28  9 44 18  0  0
37 16  92000 128962044 2130204 45973496    0    0 1097984 738804 254089 1006394 28  9 46 17  0  0
25 29  92000 128970616 2130204 45973516    0    0 1126128 755792 259054 1029016 29  9 43 18  0  0
43 10  92000 128965428 2130204 45973536    0    0 1109200 725632 254777 1017202 28  9 45 18  0  0
43 19  92000 128948692 2130204 45973552    0    0 1053008 720200 245579 959964 26  7 48 18  0  0
29 38  92000 128949996 2130204 45973568    0    0 1044992 714104 245807 957332 27  9 46 18  0  0
39 16  92000 128965240 2130204 45973588    0    0 1073072 702392 246312 980060 27  9 45 19  0  0
34 15  92000 128972712 2130204 45973592    0    0 1066432 722020 246655 972120 27  9 45 19  0  0
24 14  92000 128963224 2130204 45973612    0    0 1059264 710208 244971 965340 27  9 46 18  0  0
27 30  92000 128951968 2130204 45973644    0    0 1065744 727240 249333 976745 27  9 45 19  0  0
39 20  92000 128959120 2130204 45973668    0    0 1069536 699308 246851 974154 27  9 45 19  0  0
37 24  92000 128973460 2130204 45973676    0    0 1065536 722416 247047 972982 27  8 46 19  0  0
39 10  92000 128960632 2130204 45973692    0    0 1048384 699112 241948 951478 27  7 48 18  0  0
procs -----------memory---------- ---swap-- -----io---- -system-- -------cpu-------
 r  b   swpd   free   buff  cache   si   so    bi    bo   in   cs us sy id wa st gu
32 23  92000 128962616 2130204 45973704    0    0 1038032 711508 241959 950117 26  9 47 18  0  0
40 23  92000 128961536 2130204 45973724    0    0 1056832 719388 244958 972756 27  9 46 18  0  0
36 18  92000 128960136 2130204 45973752    0    0 1055664 722480 246422 970997 27  9 46 19  0  0
30 28  92000 128965960 2130208 45973764    0    0 1048528 707488 242530 954922 27  9 47 18  0  0
28 13  92000 128968304 2130208 45973792    0    0 1095392 716900 251177 1001041 28  9 44 19  0  0
31 30  92000 128970752 2130208 45973816    0    0 1051136 725156 246393 966031 27  9 46 18  0  0
36 18  92000 128962400 2130208 45973836    0    0 1091680 716368 249457 990340 27  8 45 20  0  0
19 14  92000 128961756 2130208 45973848    0    0 1057856 720912 244741 969387 27  8 46 19  0  0
46 11  92000 128971612 2130216 45973860    0    0 1092160 726180 250486 998982 27  9 44 19  0  0
12  6  92000 128975520 2130216 45973892    0    0 1059552 730068 247830 976994 27  9 46 18  0  0
39 22  92000 128977860 2130216 45973908    0    0 1100416 725064 252125 1001993 28  9 45 18  0  0
42 23  92000 128961748 2130216 45973928    0    0 1098288 754344 255214 1005140 28  9 45 18  0  0
18  0  92000 128969428 2130216 45973948    0    0 1093344 735600 252020 996664 28  9 46 18  0  0
38 26  92000 128964336 2130216 45973980    0    0 1083744 726104 249776 992263 28  9 46 17  0  0
34 24  92000 128955608 2130216 45973992    0    0 1093056 736832 251580 995011 27  8 47 18  0  0
 7 14  92000 128965328 2130216 45974004    0    0 1113952 742248 253950 1013020 28  9 45 18  0  0
30 41  92000 128963596 2130216 45974024    0    0 1077408 741120 249625 985577 28  9 46 17  0  0
40 17  92000 128969028 2130216 45974048    0    0 1089392 721980 249497 996164 28  9 44 19  0  0
39 18  92000 128974148 2130216 45974060    0    0 1077584 715048 249411 987504 27  9 45 18  0  0
