procs -----------memory---------- ---swap-- -----io---- -system-- -------cpu-------
 r  b   swpd   free   buff  cache   si   so    bi    bo   in   cs us sy id wa st gu
 4  0  64296 97950112 2220208 52901276    0    2 41272 36973 9166    7  4  1 95  1  0  0
26  0  64296 96162220 2220208 52901356    0    0     0 320108 363276 456383  9 15 76  0  0  0
54  1  64296 94863068 2220208 52901376    0    0     0 384736 793687 993753 38 48 15  0  0  0
56  1  64296 94660144 2220208 52901392    0    0     0 464152 280955 1844272 61 17 22  0  0  0
59  0  64296 94433300 2220208 52901408    0    0     0 466208 260098 1828665 57 17 26  0  0  0
54  1  64296 94290408 2220212 52901424    0    0     0 466636 248193 1829944 57 17 26  0  0  0
53  0  64296 94194796 2220212 52901452    0    0     0 463752 228413 1810030 57 16 27  0  0  0
56  1  64296 94099944 2220212 52901472    0    0     0 471564 299040 1790279 57 17 25  0  0  0
56  1  64296 93936944 2220212 52901484    0    0     0 476220 227130 1838682 56 14 29  0  0  0
61  0  64296 93986608 2220212 52901492    0    0     0 474644 232712 1834658 56 15 29  0  0  0
58  0  64296 93994324 2220212 52901512    0    0     0 474108 232564 1863419 56 15 28  0  0  0
49  0  64296 94052884 2220212 52901540    0    0     0 467788 222275 1860350 56 15 29  0  0  0
70  0  64296 94057688 2220212 52901560    0    0     0 470116 218914 1882739 56 15 29  0  0  0
52  1  64296 94055584 2220212 52901576    0    0     0 470884 221553 1847913 56 15 28  0  0  0
49  1  64296 94049660 2220212 52901596    0    0     0 473752 222076 1843190 56 15 28  0  0  0
54  0  64296 94022372 2220212 52901612    0    0     0 470708 227404 1830519 56 16 28  0  0  0
53  0  64296 93953500 2220212 52901636    0    0     0 474556 222516 1860945 56 15 29  0  0  0
50  0  64296 93976568 2220212 52901644    0    0     0 482096 219570 1869189 56 15 29  0  0  0
51  1  64296 93993952 2220212 52901660    0    0     0 466060 223243 1861777 56 16 28  0  0  0
57  0  64296 93996024 2220212 52901676    0    0     0 472640 224121 1863224 56 16 28  0  0  0
60  0  64296 93979980 2220212 52901696    0    0     0 479660 229218 1835249 56 16 27  0  0  0
procs -----------memory---------- ---swap-- -----io---- -system-- -------cpu-------
 r  b   swpd   free   buff  cache   si   so    bi    bo   in   cs us sy id wa st gu
52  0  64296 94014752 2220212 52901720    0    0     0 468888 221301 1867426 56 15 28  0  0  0
59  0  64296 94007496 2220212 52901740    0    0     0 431000 223138 1844637 56 16 27  0  0  0
52  0  64296 93975416 2220212 52901760    0    0     0 439040 225034 1826742 56 16 28  0  0  0
49  0  64296 93904688 2220212 52901772    0    0     0 421680 217192 1824876 55 14 30  0  0  0
51  0  64296 93976816 2220212 52901780    0    0     0 434348 215472 1870572 56 14 30  0  0  0
52  0  64296 93992604 2220212 52901804    0    0     0 414616 215175 1806161 55 15 29  1  0  0
54  0  64296 93994276 2220212 52901824    0    0     0 427328 220775 1808436 56 16 28  0  0  0
51  0  64296 93980744 2220212 52901840    0    0     0 433332 216062 1852226 56 15 29  0  0  0
52  0  64296 93978236 2220212 52901864    0    0     0 431912 221944 1830418 56 16 27  0  0  0
56  1  64296 93983844 2220212 52901884    0    0     0 439648 218235 1875132 56 15 28  0  0  0
59  0  64296 93974620 2220212 52901904    0    0     0 438084 221350 1855162 57 16 27  0  0  0
51  0  64296 93888932 2220212 52902000    0    0     0 441392 216393 1896307 56 14 29  0  0  0
50  0  64296 93937896 2220212 52902008    0    0     0 436224 221635 1818486 57 15 28  0  0  0
54  0  64296 93957112 2220212 52902024    0    0     0 440528 221888 1840358 56 16 27  0  0  0
52  0  64296 93968552 2220212 52902044    0    0     0 435404 217993 1868603 56 16 27  0  0  0
53  0  64296 93965168 2220212 52902064    0    0     0 438520 218853 1858960 56 15 28  0  0  0
53  0  64296 93968380 2220212 52902084    0    0     0 441576 216227 1891065 57 15 28  0  0  0
60  0  64296 93935740 2220212 52902104    0    0     0 444656 225997 1827226 56 16 27  0  0  0
52  1  64296 93967740 2220212 52902124    0    0     0 445964 218882 1867670 56 15 28  0  0  0
53  1  64296 93891424 2220212 52902144    0    0     0 438236 218667 1855034 56 14 30  0  0  0
50  1  64296 93917788 2220212 52902152    0    0     0 438312 222101 1819288 56 15 28  0  0  0
procs -----------memory---------- ---swap-- -----io---- -system-- -------cpu-------
 r  b   swpd   free   buff  cache   si   so    bi    bo   in   cs us sy id wa st gu
69  0  64296 93935648 2220212 52902172    0    0     0 442844 222199 1832011 57 16 27  0  0  0
51  0  64296 93943544 2220212 52902196    0    0     0 441740 218575 1875752 57 15 27  0  0  0
52  0  64296 93943476 2220212 52902212    0    0     0 439032 222586 1813136 56 16 27  0  0  0
60  1  64296 93901992 2220212 52902232    0    0     0 450464 222370 1857697 57 16 27  0  0  0
52  0  64296 93918468 2220212 52902248    0    0     0 443700 222928 1830701 56 16 28  0  0  0
66  1  64296 93956708 2220212 52902280    0    0     0 449504 217861 1860884 56 15 28  0  0  0
56  1  64296 93898120 2220212 52902296    0    0     0 457324 217002 1880765 56 15 29  0  0  0
54  6  64296 93879128 2220212 52902308    0    0     0 443524 218879 1839879 56 14 29  0  0  0
49  4  64296 93911288 2220212 52902324    0    0     0 443236 219833 1837904 56 16 28  0  0  0
53  6  64296 93923808 2220212 52902344    0    0     0 432516 217333 1805403 56 15 28  0  0  0
64  1  64296 93919104 2220212 52902368    0    0     0 456964 222480 1822981 57 16 27  0  0  0
54  1  64296 93900424 2220212 52902388    0    0     0 446324 222577 1796496 55 16 29  0  0  0
35  6  64296 93930560 2220212 52902400    0    0     0 444716 212978 1836842 56 15 28  0  0  0
47  3  64296 93919608 2220212 52902416    0    0     0 467032 218846 1850326 56 15 29  0  0  0
35  4  64296 93864356 2220212 52902432    0    0     0 459588 220133 1837520 55 15 29  0  0  0
71  1  64296 93856740 2220212 52902444    0    0     0 466064 217224 1860636 56 14 29  0  0  0
71  2  64296 93856080 2220212 52902464    0    0     0 462388 221075 1846387 56 16 28  0  0  0
54  1  64296 93881984 2220212 52902488    0    0     0 462216 223388 1843619 57 16 27  0  0  0
65  5  64296 93880736 2220220 52902500    0    0     0 468796 223157 1835618 56 16 27  0  0  0
48  2  64296 93884316 2220220 52902528    0    0     0 460108 220136 1861789 57 15 27  0  0  0
53  3  64296 93896124 2220220 52902552    0    0     0 463772 221961 1845712 57 16 27  0  0  0
procs -----------memory---------- ---swap-- -----io---- -system-- -------cpu-------
 r  b   swpd   free   buff  cache   si   so    bi    bo   in   cs us sy id wa st gu
37  4  64296 93873324 2220220 52902576    0    0     0 472532 225234 1813782 56 16 27  0  0  0
56  5  64296 93730856 2220220 52902592    0    0     0 465336 230066 1865339 56 15 29  0  0  0
56  0  64296 93681960 2220220 52902600    0    0     0 461164 322727 1806133 56 16 28  0  0  0
85  2  64296 93603000 2220220 52902616    0    0     0 453420 491032 1765038 56 19 25  0  0  0
72  1  64296 93657064 2220220 52902636    0    0     0 456144 320124 1816324 57 17 26  0  0  0
35  2  64296 93748032 2220220 52902660    0    0     0 458704 220106 1852436 57 16 27  0  0  0
35  2  64296 93693896 2220220 52902680    0    0     0 459116 393763 1819309 56 18 26  0  0  0
65  1  64296 93662848 2220220 52902700    0    0     0 459240 256550 1846597 56 17 26  0  0  0
37  4  64296 93668652 2220220 52902712    0    0     0 464920 224609 1856099 57 16 27  0  0  0
40  5  64296 93694572 2220220 52902732    0    0     0 461344 230051 1851489 57 15 28  0  0  0
51  1  64296 93687424 2220220 52902748    0    0     0 465448 215478 1867871 56 14 30  0  0  0
37  2  64296 93759180 2220220 52902760    0    0     0 472828 217853 1875900 57 15 28  0  0  0
64  2  64296 93835104 2220224 52902776    0    0     0 461588 219203 1845030 57 16 27  0  0  0
48  2  64296 93846468 2220224 52902796    0    0     0 478808 215212 1875736 57 15 29  0  0  0
30  1  64296 93825532 2220224 52902816    0    0     0 440172 219321 1821059 56 15 28  0  0  0
48  2  64296 93842956 2220224 52902840    0    0     0 460324 217597 1826612 55 15 29  0  0  0
36  2  64296 93837580 2220224 52902864    0    0     0 453696 222576 1799858 55 15 29  0  0  0
113  5  64296 93822936 2220224 52902888    0    0     0 462276 218848 1828220 55 15 29  0  0  0
37  4  64296 93682148 2220224 52902900    0    0     0 444432 211417 1772192 54 13 32  1  0  0
38  2  64296 93759832 2220224 52902916    0    0     0 492884 221863 1795800 56 15 29  0  0  0
55  1  64296 93758180 2220224 52902936    0    0     0 476772 220527 1858789 56 16 28  0  0  0
procs -----------memory---------- ---swap-- -----io---- -system-- -------cpu-------
 r  b   swpd   free   buff  cache   si   so    bi    bo   in   cs us sy id wa st gu
54  4  64296 93797528 2220224 52902956    0    0     0 479696 220312 1852666 57 15 27  0  0  0
49  4  64296 93810624 2220228 52902972    0    0     0 487348 222088 1846242 56 15 28  0  0  0
65  5  64296 93742272 2220228 52902992    0    0     0 475640 225123 1868335 57 16 27  0  0  0
38  2  64296 93759396 2220228 52903008    0    0     0 486120 219730 1880178 57 15 28  0  0  0
60  2  64296 93775372 2220228 52903032    0    0     0 477808 218613 1891798 57 15 28  0  0  0
45  5  64296 93717692 2220228 52903052    0    0     0 479480 223437 1838268 56 14 29  0  0  0
116  2  64296 93714912 2220232 52903056    0    0     0 476480 224019 1864607 57 15 28  0  0  0
71  4  64296 93760200 2220232 52903076    0    0     0 480892 219858 1865760 57 15 27  0  0  0
40  1  64296 93719156 2220232 52903160    0    0     0 476608 225436 1831032 56 16 28  0  0  0
48  2  64296 93748936 2220232 52903180    0    0     0 475348 222195 1826413 56 16 28  0  0  0
58  4  64296 93734496 2220232 52903204    0    0     0 488388 224802 1845679 57 16 27  0  0  0
50  3  64296 93756080 2220232 52903224    0    0     0 478156 221172 1846962 57 16 27  0  0  0
92  5  64296 93782380 2220232 52903244    0    0     0 479604 217294 1880095 57 15 28  0  0  0
59  2  64296 93717892 2220232 52903264    0    0     0 486272 220972 1849546 56 15 28  0  0  0
82  5  64296 93686084 2220232 52903280    0    0     0 488460 225819 1839801 56 14 29  0  0  0
48  1  64296 93740092 2220232 52903300    0    0     0 480568 222437 1860431 57 16 27  0  0  0
46  2  64296 93754964 2220236 52903316    0    0     0 482276 221693 1867874 57 15 27  0  0  0
60  1  64296 93744116 2220236 52903336    0    0     0 474116 225508 1838296 56 16 28  0  0  0
20  3  64296 93751032 2220236 52903356    0    0     0 481324 221330 1842877 57 15 28  0  0  0
29  2  64296 93746420 2220236 52903380    0    0     0 459252 218315 1798498 56 15 28  0  0  0
35  2  64296 93779512 2220236 52903400    0    0     0 466000 220357 1816986 56 15 28  0  0  0
procs -----------memory---------- ---swap-- -----io---- -system-- -------cpu-------
 r  b   swpd   free   buff  cache   si   so    bi    bo   in   cs us sy id wa st gu
56  3  64296 93733136 2220240 52903416    0    0     0 500700 221729 1819588 56 14 29  0  0  0
35  2  64296 93647364 2220240 52903428    0    0     0 456056 214874 1798454 55 14 30  1  0  0
42  6  64296 93734696 2220240 52903444    0    0     0 518828 221341 1816155 56 15 29  0  0  0
47  2  64296 93771484 2220240 52903464    0    0     0 550548 221888 1857055 57 15 28  0  0  0
33  2  64296 93740860 2220240 52903484    0    0     0 528444 223240 1831940 56 15 28  0  0  0
35  2  64296 93755856 2220240 52903508    0    0     0 527012 223179 1809996 56 16 28  0  0  0
39  4  64296 93761168 2220240 52903528    0    0     0 550220 226136 1804823 56 16 28  0  0  0
56  3  64296 93739276 2220240 52903548    0    0     0 525072 223080 1851699 57 15 28  0  0  0
29  4  64296 93672596 2220240 52903568    0    0     0 520080 220625 1888926 56 14 29  0  0  0
67  2  64296 93645672 2220240 52903580    0    0     0 527524 218257 1860989 56 14 30  0  0  0
30  2  64296 93708748 2220240 52903604    0    0     0 525700 222755 1841957 56 16 28  0  0  0
98  1  64296 93746988 2220240 52903620    0    0     0 520884 223824 1827163 56 16 28  0  0  0
31  2  64296 93763240 2220240 52903640    0    0     0 520808 220270 1876289 57 15 28  0  0  0
92  5  64296 93772036 2220240 52903660    0    0     0 531952 223484 1832672 56 16 28  0  0  0
41  2  64296 93753556 2220240 52903688    0    0     0 520028 225377 1834607 56 16 28  0  0  0
41  2  64296 93720516 2220240 52903712    0    0     0 521748 225687 1866659 57 15 28  0  0  0
29  1  64296 93684200 2220240 52903732    0    0     0 522644 223827 1838170 56 16 28  0  0  0
48  1  64296 93647792 2220240 52903744    0    0     0 508744 221107 1859489 56 14 30  0  0  0
103  1  64296 93693164 2220240 52903748    0    0     0 518216 224111 1862485 56 15 28  0  0  0
120  2  64296 93670744 2220240 52903772    0    0     0 513692 225394 1837274 56 16 28  0  0  0
54  2  64296 93698320 2220240 52903796    0    0     0 499432 214071 1840662 57 15 28  0  0  0
procs -----------memory---------- ---swap-- -----io---- -system-- -------cpu-------
 r  b   swpd   free   buff  cache   si   so    bi    bo   in   cs us sy id wa st gu
59  2  64296 93703452 2220240 52903828    0    0     0 482304 222678 1830964 55 15 29  0  0  0
46  5  64296 93717304 2220240 52903844    0    0     0 522524 223540 1821425 55 15 29  0  0  0
54  2  64296 93710256 2220240 52903860    0    0     0 501120 221632 1845921 56 15 28  0  0  0
43  3  64296 93704016 2220240 52903884    0    0     0 490160 219401 1765310 56 15 29  1  0  0
43  6  64296 93632348 2220240 52903900    0    0     0 554744 223720 1817868 55 14 30  0  0  0
26  4  64296 93657376 2220240 52903908    0    0     0 512156 221301 1840754 56 15 29  0  0  0
47  1  64296 93687216 2220240 52903928    0    0     0 515756 225642 1829895 56 16 27  0  0  0
39  4  64296 93701236 2220240 52903952    0    0     0 504820 220944 1874353 57 15 28  0  0  0
37  4  64296 93722376 2220240 52903972    0    0     0 518076 221454 1852981 56 15 28  0  0  0
49  1  64296 93675840 2220240 52903992    0    0     0 491424 251225 1786468 56 17 27  0  0  0
50  2  64296 93669364 2220240 52904016    0    0     0 516320 224835 1831914 56 16 27  0  0  0
60  4  64296 93681528 2220240 52904036    0    0     0 495032 234551 1830129 56 16 28  0  0  0
37  2  64296 93585148 2220240 52904048    0    0     0 517052 226183 1836364 56 15 29  0  0  0
56  1  64296 93668668 2220240 52904060    0    0     0 509096 221842 1852751 56 15 29  0  0  0
34  3  64296 93673700 2220240 52904080    0    0     0 510664 224300 1824005 57 16 27  0  0  0
41  3  64296 93665684 2220240 52904100    0    0     0 518128 226701 1825568 56 16 27  0  0  0
41  3  64296 93701616 2220240 52904120    0    0     0 506264 223151 1844983 57 16 28  0  0  0
54  4  64296 93706060 2220240 52904136    0    0     0 524468 222584 1878682 56 15 28  0  0  0
37  2  64296 93702036 2220240 52904152    0    0     0 504244 223295 1844957 56 15 28  0  0  0
89  2  64296 93723020 2220240 52904176    0    0     0 520136 228342 1815878 57 16 27  0  0  0
16  2  64296 93654168 2220240 52904204    0    0     0 499392 222368 1860450 57 14 29  0  0  0
procs -----------memory---------- ---swap-- -----io---- -system-- -------cpu-------
 r  b   swpd   free   buff  cache   si   so    bi    bo   in   cs us sy id wa st gu
44  2  64296 93714840 2220240 52904212    0    0     0 514860 221026 1832061 56 15 29  0  0  0
49  5  64296 93706656 2220240 52904228    0    0     0 492904 220395 1807172 56 16 27  0  0  0
77  2  64296 93708188 2220240 52904248    0    0     0 457900 222992 1827894 56 16 28  0  0  0
47  2  64296 93714188 2220244 52904264    0    0     0 502228 222883 1794910 56 15 28  0  0  0
26  3  64296 93705060 2220244 52904292    0    0     0 535980 223128 1826888 56 16 28  0  0  0
49  5  64296 93710032 2220244 52904376    0    0     0 463700 217674 1791762 56 15 28  0  0  0
92  1  64296 93693992 2220244 52904396    0    0     0 526060 227816 1780991 56 16 28  0  0  0
34  3  64296 93631248 2220244 52904408    0    0     0 522080 225209 1812417 55 14 30  0  0  0
67  1  64296 93690304 2220248 52904420    0    0     0 510648 220272 1862805 56 15 29  0  0  0
42  4  64296 93731336 2220248 52904448    0    0     0 513612 219294 1886669 56 15 28  0  0  0
48  2  64296 93719320 2220248 52904464    0    0     0 505564 221154 1845910 56 16 28  0  0  0
23  2  64296 93708020 2220248 52904484    0    0     0 487952 225142 1818864 56 16 28  0  0  0
53  2  64296 93689592 2220248 52904504    0    0     0 501620 223716 1851265 57 16 27  0  0  0
55  5  64296 93694056 2220252 52904524    0    0     0 502836 225972 1785017 56 16 27  0  0  0
33  3  64296 93705400 2220252 52904552    0    0     0 523160 220937 1848702 56 15 28  0  0  0
52  2  64296 93620568 2220252 52904568    0    0     0 476728 225063 1828560 56 14 29  0  0  0
87  1  64296 93661524 2220252 52904576    0    0     0 494244 221700 1801028 55 15 29  0  0  0
54  3  64296 93683692 2220252 52904596    0    0     0 497132 225793 1813040 56 16 28  0  0  0
33  1  64296 93715180 2220252 52904628    0    0     0 510588 224959 1805744 56 15 28  0  0  0
51  2  64296 93712108 2220252 52904648    0    0     0 490112 225326 1810060 56 16 28  0  0  0
43  1  64296 93728060 2220252 52904668    0    0     0 491760 224387 1830197 56 15 28  0  0  0
procs -----------memory---------- ---swap-- -----io---- -system-- -------cpu-------
 r  b   swpd   free   buff  cache   si   so    bi    bo   in   cs us sy id wa st gu
109  3  64296 93696132 2220252 52904688    0    0     0 499208 230933 1748109 56 17 27  0  0  0
45  2  64296 93652848 2220256 52904704    0    0     0 486912 224805 1816742 57 15 28  0  0  0
32  1  64296 93592520 2220256 52904720    0    0     0 503468 221519 1824280 56 14 30  0  0  0
128  4  64296 93675740 2220256 52904728    0    0     0 515100 222696 1816643 56 15 29  0  0  0
37  6  64296 93697528 2220256 52904752    0    0     0 441492 221076 1756950 56 16 28  0  0  0
37  2  64296 93717464 2220256 52904772    0    0     0 501228 221385 1836081 56 15 29  0  0  0
120  2  64296 93703492 2220256 52904796    0    0     0 488280 224685 1795967 56 15 28  0  0  0
35  2  64296 93702496 2220256 52904820    0    0     0 505776 221527 1837456 56 16 28  0  0  0
83  5  64296 93725540 2220256 52904840    0    0     0 445224 216448 1737551 55 15 29  1  0  0
27  2  64296 93687896 2220256 52904860    0    0     0 578972 225443 1838760 56 15 29  0  0  0
102  3  64296 93642452 2220256 52904876    0    0     0 504104 219981 1887999 56 14 29  0  0  0
52  1  64296 93665744 2220260 52904884    0    0     0 505524 221183 1851711 57 15 28  0  0  0
58  3  64296 93689808 2220260 52904904    0    0     0 489652 222762 1843457 57 16 27  0  0  0
59  5  64296 93696456 2220260 52904924    0    0     0 513244 224723 1846203 57 15 27  0  0  0
57  3  64296 93719880 2220260 52904944    0    0     0 485240 223217 1852801 57 16 27  0  0  0
159  2  64296 93701760 2220260 52904964    0    0     0 496180 222221 1863100 57 15 27  0  0  0
50  6  64296 93702168 2220260 52904984    0    0     0 497512 218461 1881344 57 15 28  0  0  0
78  1  64296 93698536 2220260 52905004    0    0     0 512124 223181 1858136 57 15 28  0  0  0
45  4  64296 93649160 2220260 52905024    0    0     0 493580 221485 1873288 56 14 29  0  0  0
91  1  64296 93659216 2220260 52905040    0    0     0 479484 221780 1857175 57 15 28  0  0  0
69  2  64296 93649136 2220260 52905056    0    0     0 506684 223554 1834698 57 16 27  0  0  0
procs -----------memory---------- ---swap-- -----io---- -system-- -------cpu-------
 r  b   swpd   free   buff  cache   si   so    bi    bo   in   cs us sy id wa st gu
45  6  64296 93689932 2220260 52905072    0    0     0 510312 223957 1866131 57 15 28  0  0  0
46  1  64296 93678340 2220260 52905092    0    0     0 485064 224263 1824794 56 16 27  0  0  0
34  3  64296 93679328 2220260 52905112    0    0     0 501092 224297 1835092 56 16 27  0  0  0
60  4  64296 93676628 2220260 52905128    0    0     0 490452 223744 1836628 57 16 27  0  0  0
61  1  64296 93676400 2220260 52905148    0    0     0 483084 262851 1812320 56 16 27  0  0  0
65  2  64296 93594756 2220260 52905168    0    0     0 494780 220210 1869570 56 14 29  0  0  0
44  4  64296 93614268 2220260 52905180    0    0     0 483588 225699 1788472 57 16 27  0  0  0
55  2  64296 93631960 2220260 52905200    0    0     0 430968 219761 1792597 57 16 27  0  0  0
42  2  64296 93641880 2220260 52905220    0    0     0 478552 249445 1754542 55 16 28  0  0  0
96  2  64296 93624784 2220260 52905272    0    0     0 555624 229907 1770973 56 17 26  0  0  0
91  0  64296 93628752 2220260 52905268    0    0     0 482608 230749 1761106 57 17 26  0  0  0
75  2  64296 93674632 2220260 52905288    0    0     0 435796 216664 1778821 56 16 27  0  0  0
63  0  64296 93626400 2220260 52905312    0    0     0 512668 234106 1755736 55 16 28  0  0  0
77  2  64296 93513496 2220260 52905324    0    0     0 529356 227382 1790133 56 15 28  0  0  0
81  0  64296 93594556 2220260 52905344    0    0     0 494060 228637 1779008 56 16 27  0  0  0
56  2  64296 93621276 2220260 52905364    0    0     0 499060 236974 1744369 56 17 26  0  0  0
46  2  64296 93600644 2220260 52905384    0    0     0 517276 233043 1764911 56 17 27  0  0  0
53  2  64296 93586208 2220260 52905412    0    0     0 506000 239984 1727451 56 17 27  0  0  0
58  3  64296 93598268 2220260 52905428    0    0     0 498480 234386 1764544 57 17 26  0  0  0
55  4  64296 93648892 2220260 52905456    0    0     0 483436 223083 1828386 57 16 27  0  0  0
30  4  64296 93627056 2220260 52905468    0    0     0 501560 221467 1847667 56 15 29  0  0  0
procs -----------memory---------- ---swap-- -----io---- -system-- -------cpu-------
 r  b   swpd   free   buff  cache   si   so    bi    bo   in   cs us sy id wa st gu
46  2  64296 93587324 2220260 52905480    0    0     0 470208 219030 1845676 56 14 29  0  0  0
46  2  64296 93673972 2220260 52905496    0    0     0 483932 222389 1828257 57 16 27  0  0  0
73  1  64296 93666724 2220260 52905604    0    0     0 485540 220216 1851391 57 15 27  0  0  0
79  1  64296 93660804 2220260 52905628    0    0     0 517452 223641 1850949 57 16 27  0  0  0
110  1  64296 93630164 2220260 52905648    0    0     0 519168 223540 1845233 57 16 27  0  0  0
51  3  64296 93654164 2220260 52905668    0    0     0 492068 223828 1817533 56 16 28  0  0  0
102  0  64296 93613672 2220260 52905684    0    0     0 492324 230203 1806551 56 16 27  0  0  0
51  3  64296 93570684 2220260 52905708    0    0     0 495204 223464 1841216 56 15 28  0  0  0
50  3  64296 93566692 2220260 52905720    0    0     0 494752 218818 1833628 56 14 30  0  0  0
37  2  64296 93616540 2220260 52905736    0    0     0 484400 228267 1803880 56 16 28  0  0  0
42  6  64296 93612912 2220260 52905756    0    0     0 478772 218961 1790984 56 15 28  0  0  0
28  2  64296 93594024 2220260 52905780    0    0     0 461600 227620 1782709 56 16 27  0  0  0
67  1  64296 93643936 2220260 52905808    0    0     0 553664 223595 1821069 55 15 29  0  0  0
122  4  64296 93608996 2220260 52905828    0    0     0 491500 225376 1839824 57 16 27  0  0  0
65  2  64296 93601436 2220260 52905848    0    0     0 422968 219748 1817179 56 16 28  0  0  0
41  2  64296 93539480 2220260 52905864    0    0     0 512652 218200 1820100 56 15 29  0  0  0
88  4  64296 93532832 2220260 52905876    0    0     0 525792 223866 1812336 56 15 29  0  0  0
47  4  64296 93566332 2220260 52905888    0    0     0 494912 226071 1829758 57 16 27  0  0  0
123  1  64296 93598364 2220260 52905908    0    0     0 496788 224204 1826516 56 16 28  0  0  0
73  2  64296 93605000 2220260 52905932    0    0     0 486688 225386 1807073 56 16 28  0  0  0
65  0  64296 93643316 2220260 52905948    0    0     0 498916 222661 1842188 56 15 28  0  0  0
procs -----------memory---------- ---swap-- -----io---- -system-- -------cpu-------
 r  b   swpd   free   buff  cache   si   so    bi    bo   in   cs us sy id wa st gu
83  0  64296 93648048 2220260 52905968    0    0     0 496932 222060 1843575 56 16 28  0  0  0
67  2  64296 93626448 2220260 52905992    0    0     0 494860 225060 1812945 57 16 27  0  0  0
47  1  64296 93553812 2220260 52906016    0    0     0 492664 223266 1826847 57 15 28  0  0  0
83  1  64296 93561112 2220260 52906024    0    0     0 482080 217456 1835849 56 14 29  0  0  0
23  2  64296 93615168 2220260 52906048    0    0     0 486820 221875 1845782 56 15 28  0  0  0
39  4  64296 93601484 2220260 52906064    0    0     0 478756 222381 1831488 56 15 28  0  0  0
84  0  64296 93637228 2220260 52906088    0    0     0 524120 223638 1839038 57 16 27  0  0  0
59  1  64296 93635032 2220260 52906108    0    0     0 484768 223289 1836003 57 15 27  0  0  0
50  0  64296 93654988 2220260 52906128    0    0     0 504752 223873 1829382 56 15 28  0  0  0
70  3  64296 93626696 2220260 52906148    0    0     0 489092 219714 1864975 56 15 28  0  0  0
60  4  64296 93589688 2220260 52906164    0    0     0 481520 220337 1815912 56 15 29  0  0  0
67  3  64296 93537208 2220260 52906180    0    0     0 502524 217567 1851825 55 14 31  0  0  0
53  1  64296 93620536 2220264 52906200    0    0     0 484540 216102 1820417 56 15 28  0  0  0
77  0  64296 93598016 2220264 52906220    0    0     0 500644 244788 1801499 56 16 28  0  0  0
 9  2  64296 93601656 2220264 52906240    0    0     0 439180 220461 1796102 56 16 28  0  0  0
60  2  64296 93592116 2220264 52906264    0    0     0 528676 224174 1809325 56 15 28  0  0  0
70  0  64296 93565224 2220264 52906280    0    0     0 498820 245934 1819784 57 16 27  0  0  0
16  6  64296 93576256 2220264 52906304    0    0     0 435832 226781 1805711 55 15 29  0  0  0
116  2  64296 93519464 2220264 52906324    0    0     0 495844 221235 1786668 55 15 29  1  0  0
57  0  64296 93472996 2220264 52906344    0    0     0 534152 223315 1852838 56 14 30  0  0  0
55  0  64296 93588432 2220264 52906360    0    0     0 489708 223074 1864952 57 16 27  0  0  0
procs -----------memory---------- ---swap-- -----io---- -system-- -------cpu-------
 r  b   swpd   free   buff  cache   si   so    bi    bo   in   cs us sy id wa st gu
61  0  64296 93615036 2220264 52906376    0    0     0 498024 223378 1858321 56 15 28  0  0  0
54  0  64296 93615512 2220264 52906404    0    0     0 491580 223596 1826516 56 15 28  0  0  0
76  1  64296 93639064 2220264 52906424    0    0     0 490472 222786 1844152 57 15 28  0  0  0
54  0  64296 93626636 2220264 52906440    0    0     0 509924 224338 1846777 57 16 27  0  0  0
63  0  64296 93655952 2220264 52906460    0    0     0 492016 223247 1858835 56 16 28  0  0  0
54  0  64296 93597924 2220264 52906480    0    0     0 491164 221492 1861212 57 15 28  0  0  0
62  1  64296 93539912 2220264 52906492    0    0     0 492880 219180 1861161 56 14 30  0  0  0
46  1  64296 93649848 2220264 52906504    0    0     0 490572 222057 1864898 57 15 28  0  0  0
67  1  64296 93650592 2220264 52906528    0    0     0 495292 221120 1868581 57 15 28  0  0  0
55  1  64296 93672852 2220264 52906544    0    0     0 491948 221578 1858573 56 16 28  0  0  0
58  0  64296 93657352 2220264 52906564    0    0     0 494840 220335 1862925 56 15 28  0  0  0
68  1  64296 93649488 2220264 52906588    0    0     0 503272 219316 1903677 57 15 28  0  0  0
53  1  64296 93656776 2220264 52906604    0    0     0 498792 221711 1872063 57 15 27  0  0  0
59  0  64296 93632448 2220264 52906624    0    0     0 494760 221905 1845451 56 16 28  0  0  0
65  0  64296 93536304 2220264 52906644    0    0     0 494256 220983 1856717 56 14 29  0  0  0
68  1  64296 93588836 2220264 52906652    0    0     0 492392 221969 1819783 56 14 29  0  0  0
52  1  64296 93608980 2220264 52906672    0    0     0 480864 219709 1806848 56 15 28  0  0  0
30  2  64296 93641864 2220264 52906692    0    0     0 484108 217976 1825645 56 15 29  0  0  0
60  0  64296 93640628 2220264 52906712    0    0     0 519700 222912 1852064 56 15 29  0  0  0
54  0  64296 93659516 2220264 52906740    0    0     0 502572 221289 1858860 57 15 28  0  0  0
58  6  64296 93637932 2220264 52906824    0    0     0 454304 218997 1825658 56 15 29  0  0  0
procs -----------memory---------- ---swap-- -----io---- -system-- -------cpu-------
 r  b   swpd   free   buff  cache   si   so    bi    bo   in   cs us sy id wa st gu
72  1  64296 93626328 2220264 52906844    0    0     0 503656 222048 1766247 55 15 29  0  0  0
71  0  64296 93588136 2220264 52906864    0    0     0 500148 223438 1834298 56 14 30  0  0  0
54  0  64296 93584708 2220264 52906876    0    0     0 502956 224445 1840080 57 15 28  0  0  0
63  1  64296 93602892 2220264 52906892    0    0     0 495656 222242 1856526 57 15 28  0  0  0
74  1  64296 93622160 2220264 52906916    0    0     0 491408 222173 1842776 56 15 28  0  0  0
60  0  64296 93643288 2220264 52906928    0    0     0 488728 220618 1853547 57 15 28  0  0  0
59  1  64296 93641388 2220264 52906952    0    0     0 501852 220197 1852507 57 15 28  0  0  0
67  0  64296 93648328 2220264 52906972    0    0     0 493160 220756 1843749 57 15 27  0  0  0
63  1  64296 93633716 2220264 52907000    0    0     0 495196 221073 1872023 56 15 28  0  0  0
51  0  64296 93594988 2220264 52907020    0    0     0 492904 218344 1895525 57 14 28  0  0  0
59  0  64296 93537028 2220264 52907032    0    0     0 494472 218858 1860944 55 14 30  0  0  0
57  0  64296 93623672 2220264 52907044    0    0     0 491808 219188 1852580 57 15 28  0  0  0
60  0  64296 93630960 2220264 52907060    0    0     0 503252 222416 1841253 56 16 28  0  0  0
48  1  64296 93643408 2220264 52907088    0    0     0 498636 219113 1866424 57 15 28  0  0  0
61  0  64296 93638744 2220264 52907104    0    0     0 502148 220580 1860659 57 15 27  0  0  0
65  0  64296 93637732 2220264 52907124    0    0     0 492268 219931 1859678 56 15 28  0  0  0
65  0  64296 93626636 2220264 52907148    0    0     0 501060 220929 1844899 56 15 28  0  0  0
54  0  64296 93620348 2220264 52907172    0    0     0 508680 224723 1844584 57 15 28  0  0  0
55  1  64296 93552912 2220264 52907184    0    0     0 505700 219285 1854538 55 14 30  0  0  0
50  1  64296 93615784 2220264 52907196    0    0     0 473068 212854 1806373 56 14 30  1  0  0
59  0  64296 93656756 2220264 52907212    0    0     0 483920 221981 1818576 56 15 29  0  0  0
procs -----------memory---------- ---swap-- -----io---- -system-- -------cpu-------
 r  b   swpd   free   buff  cache   si   so    bi    bo   in   cs us sy id wa st gu
58  1  64296 93641448 2220264 52907240    0    0     0 490116 221819 1843116 56 16 28  0  0  0
75  1  64296 93629664 2220264 52907256    0    0     0 490720 222474 1850305 56 16 28  0  0  0
155  1  64296 93625800 2220264 52907276    0    0     0 471772 219672 1779649 55 15 30  0  0  0
59  0  64296 93641020 2220264 52907292    0    0     0 485668 218668 1786797 56 15 28  1  0  0
59  0  64296 93633940 2220264 52907308    0    0     0 505628 219454 1900189 57 15 27  0  0  0
56  1  64296 93568832 2220264 52907336    0    0     0 511332 219781 1897448 56 14 29  0  0  0
54  1  64296 93598152 2220264 52907348    0    0     0 493660 217469 1859831 56 14 29  0  0  0
57  1  64296 93611204 2220264 52907364    0    0     0 491772 227514 1787148 56 16 27  0  0  0
59  1  64296 93598604 2220264 52907384    0    0     0 495888 222626 1863409 57 16 27  0  0  0
59  1  64296 93619232 2220264 52907404    0    0     0 492996 218545 1868004 56 15 28  0  0  0
56  1  64296 93587536 2220264 52907424    0    0     0 489760 220686 1866607 56 15 28  0  0  0
49  0  64296 93596852 2220264 52907440    0    0     0 497736 221339 1857586 56 16 28  0  0  0
60  0  64296 93613068 2220264 52907460    0    0     0 486820 219072 1842706 56 15 28  0  0  0
56  0  64296 93556628 2220264 52907480    0    0     0 490336 221460 1835584 56 15 28  0  0  0
56  0  64296 93495376 2220264 52907492    0    0     0 491032 217798 1840115 56 14 30  0  0  0
69  1  64296 93599388 2220264 52907504    0    0     0 500844 220490 1855626 57 15 28  0  0  0
54  0  64296 93608884 2220264 52907528    0    0     0 490840 222499 1850861 56 16 28  0  0  0
70  1  64296 93583208 2220264 52907556    0    0     0 491208 223703 1852388 57 16 27  0  0  0
52  0  64296 93597084 2220264 52907576    0    0     0 490596 220993 1859002 57 15 27  0  0  0
66  0  64296 93621524 2220264 52907592    0    0     0 492672 220334 1861704 57 15 28  0  0  0
58  0  64296 93635152 2220264 52907608    0    0     0 492908 220945 1868080 56 15 28  0  0  0
procs -----------memory---------- ---swap-- -----io---- -system-- -------cpu-------
 r  b   swpd   free   buff  cache   si   so    bi    bo   in   cs us sy id wa st gu
62  1  64296 93576976 2220264 52907628    0    0     0 486712 222758 1796895 56 15 29  0  0  0
57  0  64296 93516936 2220264 52907640    0    0     0 481196 215197 1828562 56 14 30  0  0  0
55  0  64296 93612492 2220264 52907660    0    0     0 507660 223251 1829748 56 15 28  0  0  0
53  0  64296 93585968 2220268 52907672    0    0     0 495604 221796 1845706 56 16 28  0  0  0
61  0  64296 93606056 2220268 52907704    0    0     0 494744 220304 1839129 57 15 28  0  0  0
48  0  64296 93633204 2220268 52907724    0    0     0 497640 220655 1779778 55 15 30  0  0  0
55  0  64296 93626120 2220268 52907740    0    0     0 482356 217178 1804990 55 15 29  1  0  0
90  0  64296 93623668 2220268 52907764    0    0     0 501856 223607 1841573 56 15 28  0  0  0
67  1  64296 93573692 2220268 52907780    0    0     0 512000 242360 1800309 56 16 27  0  0  0
48  1  64296 93482364 2220268 52907800    0    0     0 512692 226512 1821408 56 15 29  0  0  0
56  0  64296 93567964 2220268 52907812    0    0     0 500644 220414 1822748 56 15 29  0  0  0
56  0  64296 93592824 2220268 52907832    0    0     0 496148 222972 1845114 57 15 27  0  0  0
52  0  64296 93601628 2220268 52907848    0    0     0 499888 222705 1849227 57 15 28  0  0  0
61  0  64296 93612800 2220268 52907872    0    0     0 491832 221171 1860739 56 16 28  0  0  0
60  1  64296 93592300 2220268 52907892    0    0     0 494344 237833 1817031 57 16 27  0  0  0
57  0  64296 93562736 2220268 52907908    0    0     0 509164 228647 1788679 56 17 27  0  0  0
85  1  64296 93558904 2220268 52907928    0    0     0 507232 226450 1824358 56 16 27  0  0  0
51  0  64296 93491596 2220268 52908012    0    0     0 508208 221689 1842217 56 15 29  0  0  0
51  0  64296 93529504 2220268 52908020    0    0     0 498580 230318 1829984 56 15 28  0  0  0
54  0  64296 93571784 2220268 52908040    0    0     0 492500 228226 1846021 57 15 28  0  0  0
48  0  64296 93587372 2220268 52908064    0    0     0 503984 225363 1847218 57 16 27  0  0  0
procs -----------memory---------- ---swap-- -----io---- -system-- -------cpu-------
 r  b   swpd   free   buff  cache   si   so    bi    bo   in   cs us sy id wa st gu
58  0  64296 93599228 2220268 52908080    0    0     0 498612 221599 1862992 56 16 28  0  0  0
62  0  64296 93572948 2220268 52908100    0    0     0 506268 227818 1796123 56 16 27  0  0  0
66  1  64296 93580568 2220268 52908120    0    0     0 503628 222756 1843234 56 16 28  0  0  0
65  1  64296 93582132 2220268 52908144    0    0     0 484316 220719 1780976 55 15 29  0  0  0
50  1  64296 93490940 2220268 52908164    0    0     0 482952 217742 1807954 56 14 30  0  0  0
74  0  64296 93578412 2220268 52908176    0    0     0 495868 221394 1837930 57 15 28  0  0  0
49  1  64296 93607440 2220268 52908192    0    0     0 493744 221157 1829445 56 15 29  0  0  0
50  0  64296 93613184 2220272 52908216    0    0     0 486132 221845 1822722 56 15 28  0  0  0
54  0  64296 93613416 2220272 52908240    0    0     0 474404 215891 1808048 55 15 29  1  0  0
59  1  64296 93615848 2220272 52908260    0    0     0 491676 223212 1817825 56 16 29  0  0  0
52  0  64296 93585416 2220272 52908284    0    0     0 492260 221259 1876096 56 15 28  0  0  0
53  1  64296 93615308 2220272 52908300    0    0     0 500372 219112 1863568 57 15 28  0  0  0
57  0  64296 93564020 2220276 52908316    0    0     0 501716 217249 1873744 56 14 30  0  0  0
61  0  64296 93571092 2220276 52908328    0    0     0 491248 223337 1808099 56 15 29  0  0  0
58  1  64296 93588056 2220276 52908344    0    0     0 486068 224516 1795915 56 16 28  0  0  0
52  1  64296 93595884 2220276 52908372    0    0     0 487312 223743 1805597 56 15 28  0  0  0
62  0  64296 93604768 2220276 52908388    0    0     0 494904 221419 1833079 56 15 28  0  0  0
51  1  64296 93586484 2220276 52908408    0    0     0 494584 223126 1839052 57 15 27  0  0  0
59  1  64296 93591316 2220276 52908432    0    0     0 490480 224601 1820099 56 16 28  0  0  0
53  0  64296 93578316 2220276 52908452    0    0     0 499072 223394 1817164 56 15 28  0  0  0
50  1  64296 93517660 2220276 52908472    0    0     0 493780 218781 1847219 56 14 30  0  0  0
procs -----------memory---------- ---swap-- -----io---- -system-- -------cpu-------
 r  b   swpd   free   buff  cache   si   so    bi    bo   in   cs us sy id wa st gu
54  1  64296 93539772 2220276 52908484    0    0     0 501012 221047 1824566 56 14 29  0  0  0
59  0  64296 93575332 2220276 52908504    0    0     0 488212 222431 1822134 56 15 28  0  0  0
53  0  64296 93590176 2220276 52908524    0    0     0 489192 221741 1816750 56 15 28  0  0  0
57  0  64296 93571000 2220276 52908548    0    0     0 493104 222484 1845040 57 15 28  0  0  0
65  0  64296 93589332 2220276 52908568    0    0     0 492128 221870 1862434 56 15 28  0  0  0
53  1  64296 93594724 2220276 52908588    0    0     0 493296 225162 1817755 57 16 27  0  0  0
52  0  64296 93565396 2220280 52908604    0    0     0 491432 218982 1816618 56 15 28  0  0  0
60  1  64296 93511964 2220280 52908628    0    0     0 501812 225173 1834502 56 15 29  0  0  0
95  1  64296 93525164 2220280 52908632    0    0     0 492920 223641 1817351 56 15 29  0  0  0
61  0  64296 93551952 2220280 52908648    0    0     0 507188 243231 1776003 57 16 27  0  0  0
70  1  64296 93503504 2220280 52908668    0    0     0 505816 245830 1714741 56 17 27  0  0  0
64  1  64296 93539488 2220284 52908696    0    0     0 483540 242557 1673560 55 17 28  1  0  0
47  1  64296 93540556 2220284 52908716    0    0     0 480976 233088 1752978 56 16 27  0  0  0
62  0  64296 93535012 2220284 52908740    0    0     0 494300 228974 1766717 56 16 27  0  0  0
75  0  64296 93508796 2220284 52908760    0    0     0 500360 241755 1792740 56 16 27  0  0  0
52  1  64296 93439512 2220284 52908776    0    0     0 495048 230427 1729765 56 16 28  0  0  0
57  1  64296 93488348 2220284 52908784    0    0     0 500496 229567 1759798 56 16 27  0  0  0
94  1  64296 93537600 2220284 52908808    0    0     0 508328 244691 1796672 57 16 26  0  0  0
64  0  64296 93512168 2220284 52908828    0    0     0 511272 232167 1799095 57 17 26  0  0  0
65  1  64296 93516156 2220284 52908844    0    0     0 510528 226603 1835719 56 16 27  0  0  0
67  1  64296 93555964 2220284 52908872    0    0     0 508960 226774 1805642 56 16 27  0  0  0
procs -----------memory---------- ---swap-- -----io---- -system-- -------cpu-------
 r  b   swpd   free   buff  cache   si   so    bi    bo   in   cs us sy id wa st gu
59  0  64296 93590600 2220284 52908892    0    0     0 499836 223496 1838895 57 15 28  0  0  0
56  0  64296 93515524 2220284 52908916    0    0     0 508480 224107 1826925 56 15 28  0  0  0
55  1  64296 93446640 2220284 52908932    0    0     0 511092 220364 1854552 56 14 29  0  0  0
75  0  64296 93538864 2220284 52908944    0    0     0 507700 220907 1853916 56 15 28  0  0  0
52  1  64296 93554004 2220284 52908960    0    0     0 509844 227736 1820117 57 16 26  0  0  0
60  0  64296 93596108 2220284 52908980    0    0     0 506256 219505 1888080 56 15 28  0  0  0
58  0  64296 93586668 2220284 52909004    0    0     0 502884 221602 1847454 56 15 28  0  0  0
58  0  64296 93565944 2220284 52909020    0    0     0 506356 223359 1839145 56 16 28  0  0  0
71  0  64296 93580000 2220284 52909040    0    0     0 499560 222566 1815336 56 16 28  0  0  0
58  1  64296 93564784 2220284 52909064    0    0     0 492140 220264 1810216 56 15 29  1  0  0
64  1  64296 93507400 2220284 52909076    0    0     0 508808 220372 1850448 56 14 30  0  0  0
58  1  64296 93547280 2220284 52909088    0    0     0 503780 220082 1860605 56 15 28  0  0  0
63  1  64296 93588104 2220284 52909112    0    0     0 504100 222072 1850554 57 15 27  0  0  0
60  0  64296 93596888 2220284 52909128    0    0     0 496960 221894 1773705 55 15 29  0  0  0
65  1  64296 93595916 2220284 52909220    0    0     0 496704 222098 1815920 56 15 28  0  0  0
63  0  64296 93562692 2220284 52909244    0    0     0 496348 222535 1822475 57 15 27  0  0  0
62  1  64296 93551040 2220284 52909260    0    0     0 509476 226803 1829003 57 16 27  0  0  0
51  0  64296 93529000 2220284 52909284    0    0     0 509124 225078 1838768 57 16 28  0  0  0
56  0  64296 93449808 2220284 52909300    0    0     0 510568 220990 1876494 56 14 30  0  0  0
48  1  64296 93522356 2220284 52909316    0    0     0 505804 222578 1837338 56 15 28  0  0  0
60  0  64296 93523632 2220284 52909336    0    0     0 508196 224619 1850976 57 16 27  0  0  0
procs -----------memory---------- ---swap-- -----io---- -system-- -------cpu-------
 r  b   swpd   free   buff  cache   si   so    bi    bo   in   cs us sy id wa st gu
56  0  64296 93560872 2220284 52909352    0    0     0 508088 219698 1893357 57 15 28  0  0  0
57  0  64296 93554768 2220284 52909372    0    0     0 509196 221357 1867706 57 16 27  0  0  0
56  0  64296 93548004 2220284 52909388    0    0     0 508308 222130 1881445 56 16 28  0  0  0
54  0  64296 93564560 2220284 52909412    0    0     0 506384 220850 1866049 57 15 28  0  0  0
58  0  64296 93543676 2220284 52909428    0    0     0 504692 221612 1836510 56 16 28  0  0  0
59  0  64296 93463528 2220284 52909448    0    0     0 510388 223356 1854457 56 15 29  0  0  0
64  0  64296 93472036 2220284 52909464    0    0     0 509252 220699 1851762 56 14 29  0  0  0
62  0  64296 93499104 2220284 52909480    0    0     0 509596 224368 1847711 56 16 28  0  0  0
57  0  64296 93516956 2220284 52909504    0    0     0 505056 226010 1826510 56 16 28  0  0  0
52  0  64296 93501732 2220284 52909520    0    0     0 506236 224193 1833898 56 16 28  0  0  0
62  0  64296 93551004 2220284 52909540    0    0     0 503056 224083 1826580 57 16 27  0  0  0
59  0  64296 93570976 2220284 52909564    0    0     0 494820 219396 1808987 56 15 29  0  0  0
64  0  64296 93543404 2220284 52909580    0    0     0 489280 219246 1813414 56 15 28  0  0  0
53  0  64296 93463024 2220284 52909596    0    0     0 507780 221174 1857982 56 14 29  0  0  0
67  1  64296 93475596 2220284 52909612    0    0     0 508580 240618 1812601 56 15 29  0  0  0
65  0  64296 93492572 2220284 52909632    0    0     0 506924 227333 1820412 57 16 27  0  0  0
71  0  64296 93524868 2220284 52909656    0    0     0 499204 224986 1783335 56 16 28  0  0  0
58  1  64296 93519576 2220284 52909676    0    0     0 487460 226066 1780516 56 16 28  0  0  0
55  0  64296 93545520 2220284 52909696    0    0     0 485004 218177 1854591 57 15 28  0  0  0
52  0  64296 93523400 2220288 52909712    0    0     0 495264 223463 1848933 56 16 28  0  0  0
55  1  64296 93513992 2220288 52909732    0    0     0 504184 224122 1844538 57 16 28  0  0  0
procs -----------memory---------- ---swap-- -----io---- -system-- -------cpu-------
 r  b   swpd   free   buff  cache   si   so    bi    bo   in   cs us sy id wa st gu
54  0  64296 93448856 2220288 52909752    0    0     0 496088 221852 1860585 56 15 29  0  0  0
55  1  64296 93480880 2220288 52909764    0    0     0 498256 224481 1812943 57 15 28  0  0  0
52  1  64296 93484392 2220288 52909776    0    0     0 505196 244413 1798030 57 16 26  0  0  0
60  0  64296 93513872 2220292 52909796    0    0     0 502432 226802 1820621 57 16 27  0  0  0
56  0  64296 93506872 2220292 52909820    0    0     0 509256 224305 1833773 56 16 27  0  0  0
54  1  64296 93511024 2220292 52909848    0    0     0 501256 221454 1860149 57 16 27  0  0  0
62  0  64296 93546784 2220292 52909864    0    0     0 502300 220557 1868448 56 15 28  0  0  0
59  0  64296 93501972 2220292 52909884    0    0     0 508388 225362 1837968 57 16 27  0  0  0
50  1  64296 93466096 2220292 52909904    0    0     0 504476 221528 1876657 56 15 29  0  0  0
55  0  64296 93479996 2220292 52909916    0    0     0 504952 216736 1876143 56 14 30  0  0  0
61  1  64296 93517456 2220292 52909928    0    0     0 506152 222189 1843319 56 15 28  0  0  0
76  0  64296 93550064 2220292 52909956    0    0     0 506340 226879 1815574 56 16 27  0  0  0
51  1  64296 93539128 2220292 52909976    0    0     0 511436 226687 1823389 56 16 27  0  0  0
59  0  64296 93528556 2220292 52909996    0    0     0 511256 226192 1817589 57 16 27  0  0  0
51  0  64296 93527056 2220292 52910012    0    0     0 501556 224468 1774503 56 16 27  0  0  0
53  0  64296 93524492 2220292 52910036    0    0     0 495380 220464 1833937 57 16 27  0  0  0
59  1  64296 93485200 2220292 52910060    0    0     0 496884 220565 1831686 56 14 30  0  0  0
64  0  64296 93514132 2220292 52910068    0    0     0 502900 223025 1820637 56 15 28  0  0  0
58  0  64296 93521212 2220292 52910088    0    0     0 492816 225585 1811075 57 16 27  0  0  0
53  1  64296 93520256 2220292 52910108    0    0     0 487372 221272 1815661 56 15 28  0  0  0
67  0  64296 93531096 2220292 52910128    0    0     0 481140 220067 1827765 57 16 27  0  0  0
procs -----------memory---------- ---swap-- -----io---- -system-- -------cpu-------
 r  b   swpd   free   buff  cache   si   so    bi    bo   in   cs us sy id wa st gu
49  0  64296 93525416 2220292 52910144    0    0     0 495092 223267 1868391 57 15 28  0  0  0
52  0  64296 93531796 2220292 52910172    0    0     0 498320 223394 1836871 57 16 28  0  0  0
58  0  64296 93521812 2220292 52910196    0    0     0 495684 224015 1843864 56 15 28  0  0  0
52  0  64296 93468044 2220292 52910216    0    0     0 502400 222557 1859409 56 14 29  0  0  0
55  1  64296 93490560 2220292 52910224    0    0     0 497388 220088 1869645 56 14 29  0  0  0
60  0  64296 93533956 2220292 52910240    0    0     0 502836 224289 1862745 57 15 28  0  0  0
54  0  64296 93516320 2220292 52910260    0    0     0 507864 224247 1858625 56 16 28  0  0  0
64  1  64296 93515328 2220292 52910280    0    0     0 487296 221106 1859469 57 15 27  0  0  0
68  0  64296 93554268 2220292 52910304    0    0     0 458532 211860 1793531 57 15 28  1  0  0
57  0  64296 93563424 2220292 52910320    0    0     0 456712 211961 1792685 56 15 28  1  0  0
60  0  64296 93568316 2220296 52910332    0    0     0 459084 210034 1797135 56 15 28  1  0  0
53  1  64296 93493336 2220296 52910468    0    0     0 464360 213742 1772044 56 15 29  1  0  0
70  0  64296 93492624 2220296 52910476    0    0     0 490084 222116 1794763 56 15 29  0  0  0
61  0  64296 93516852 2220296 52910500    0    0     0 488360 221341 1821946 57 16 27  0  0  0
51  1  64296 93544568 2220296 52910516    0    0     0 486104 220826 1807640 56 15 28  0  0  0
60  0  64296 93543268 2220296 52910536    0    0     0 486260 222252 1827435 56 15 28  0  0  0
71  0  64296 93539156 2220296 52910556    0    0     0 489048 223779 1792145 56 15 28  0  0  0
56  0  64296 93547432 2220296 52910576    0    0     0 479992 221429 1754346 55 15 29  1  0  0
56  0  64296 93561756 2220296 52910600    0    0     0 483900 224695 1788045 56 16 28  0  0  0
54  0  64296 93480708 2220296 52910616    0    0     0 491624 219862 1816954 55 15 30  1  0  0
61  0  64296 93491552 2220296 52910628    0    0     0 473080 215018 1803403 55 14 30  1  0  0
procs -----------memory---------- ---swap-- -----io---- -system-- -------cpu-------
 r  b   swpd   free   buff  cache   si   so    bi    bo   in   cs us sy id wa st gu
55  0  64296 93526596 2220296 52910644    0    0     0 490372 219857 1828281 56 15 28  0  0  0
48  1  64296 93562812 2220296 52910660    0    0     0 485020 215098 1810211 55 15 29  0  0  0
63  1  64296 93546712 2220296 52910688    0    0     0 482168 216503 1809133 56 15 28  0  0  0
67  0  64296 93560624 2220296 52910704    0    0     0 496452 219527 1856880 57 15 27  0  0  0
63  0  64296 93546564 2220296 52910720    0    0     0 496532 222088 1845984 56 15 28  0  0  0
51  1  64296 93521360 2220296 52910748    0    0     0 503220 224656 1805512 56 16 27  0  0  0
54  1  64296 93479328 2220296 52910768    0    0     0 488432 223758 1800238 56 15 29  0  0  0
76  1  64296 93453400 2220296 52910784    0    0     0 494788 220755 1806393 56 14 29  0  0  0
49  0  64296 93494580 2220296 52910796    0    0     0 489724 221385 1818747 56 15 29  0  0  0
65  0  64296 93510540 2220296 52910816    0    0     0 493236 222234 1818374 57 16 27  0  0  0
62  0  64296 93525136 2220296 52910832    0    0     0 502528 220568 1871229 57 15 27  0  0  0
56  1  64296 93540844 2220296 52910860    0    0     0 506144 224489 1846662 56 16 28  0  0  0
59  1  64296 93502804 2220296 52910884    0    0     0 504048 223034 1836378 57 15 27  0  0  0
63  1  64296 93490116 2220296 52910900    0    0     0 491712 223412 1812591 56 15 29  0  0  0
57  1  64296 93439348 2220296 52910920    0    0     0 504400 224109 1842845 56 15 29  0  0  0
47  0  64296 93432472 2220296 52910932    0    0     0 506536 220273 1856459 57 14 28  0  0  0
54  1  64296 93518732 2220296 52910952    0    0     0 504184 221556 1856739 57 16 28  0  0  0
52  0  64296 93513996 2220296 52910972    0    0     0 500964 220202 1855546 57 15 28  0  0  0
66  1  64296 93515052 2220296 52910992    0    0     0 492488 222891 1843074 57 16 27  0  0  0
56  0  64296 93520196 2220296 52911016    0    0     0 497828 224523 1793491 57 16 27  0  0  0
55  0  64296 93528040 2220296 52911040    0    0     0 494288 222142 1827666 56 15 28  0  0  0
procs -----------memory---------- ---swap-- -----io---- -system-- -------cpu-------
 r  b   swpd   free   buff  cache   si   so    bi    bo   in   cs us sy id wa st gu
66  0  64296 93502348 2220296 52911064    0    0     0 496872 232143 1763644 56 16 27  0  0  0
51  0  64296 93432636 2220296 52911088    0    0     0 504708 224245 1816550 56 15 29  0  0  0
50  0  64296 93450232 2220296 52911100    0    0     0 512120 225383 1810806 57 15 28  0  0  0
57  0  64296 93483428 2220296 52911108    0    0     0 506132 226443 1815260 57 16 27  0  0  0
49  0  64296 93533968 2220296 52911128    0    0     0 484308 220078 1813930 56 15 28  0  0  0
53  0  64296 93535628 2220296 52911148    0    0     0 488752 220485 1826960 56 15 28  0  0  0
68  0  64296 93522872 2220300 52911164    0    0     0 505976 226396 1822038 57 16 27  0  0  0
64  0  64296 93507796 2220300 52911188    0    0     0 506368 230034 1814488 56 17 27  0  0  0
61  0  64296 93504968 2220300 52911212    0    0     0 503032 227101 1801627 56 16 27  0  0  0
60  0  64296 93454412 2220300 52911232    0    0     0 503504 223680 1819360 56 15 29  0  0  0
53  0  64296 93467880 2220300 52911248    0    0     0 496500 224771 1823326 56 15 28  0  0  0
54  0  64296 93496364 2220300 52911260    0    0     0 498492 224091 1849877 57 15 28  0  0  0
67  1  64296 93493576 2220300 52911288    0    0     0 510348 226224 1837993 57 16 27  0  0  0
62  1  64296 93506712 2220300 52911304    0    0     0 507500 226715 1821994 57 16 27  0  0  0
74  1  64296 93525740 2220300 52911324    0    0     0 493132 222854 1837206 56 16 28  0  0  0
55  0  64296 93503424 2220304 52911356    0    0     0 503640 224241 1815414 56 16 27  0  0  0
66  0  64296 93497544 2220304 52911380    0    0     0 504464 222813 1826342 57 16 28  0  0  0
56  1  64296 93434328 2220304 52911408    0    0     0 511476 223893 1838252 56 15 29  0  0  0
58  0  64296 93442776 2220304 52911416    0    0     0 503072 222274 1824634 56 15 29  0  0  0
54  0  64296 93492796 2220304 52911428    0    0     0 502612 223462 1846276 56 16 27  0  0  0
45  0  64296 93485036 2220304 52911456    0    0     0 504584 227931 1794471 57 16 27  0  0  0
procs -----------memory---------- ---swap-- -----io---- -system-- -------cpu-------
 r  b   swpd   free   buff  cache   si   so    bi    bo   in   cs us sy id wa st gu
59  1  64296 93491548 2220304 52911472    0    0     0 496252 225649 1824092 57 16 27  0  0  0
57  0  64296 93507584 2220304 52911496    0    0     0 501092 223268 1828058 57 16 27  0  0  0
66  1  64296 93527560 2220304 52911516    0    0     0 500056 222365 1840267 57 15 28  0  0  0
52  0  64296 93510604 2220304 52911536    0    0     0 502668 224950 1797121 56 16 28  0  0  0
48  0  64296 93419560 2220304 52911552    0    0     0 499060 226929 1819399 56 15 28  0  0  0
53  1  64296 93444184 2220304 52911568    0    0     0 501476 220364 1829736 56 15 29  0  0  0
60  0  64296 93479156 2220304 52911584    0    0     0 504924 221766 1852320 56 15 28  0  0  0
52  0  64296 93484400 2220304 52911600    0    0     0 487304 220735 1804133 56 15 28  0  0  0
50  0  64296 93502332 2220304 52911716    0    0     0 483576 220466 1828460 56 15 28  0  0  0
57  0  64296 93493228 2220304 52911740    0    0     0 490160 224426 1835556 57 16 27  0  0  0
51  1  64296 93467992 2220304 52911760    0    0     0 502164 240746 1753905 56 17 27  0  0  0
62  1  64296 93469432 2220304 52911780    0    0     0 507180 224494 1855320 56 16 27  0  0  0
56  1  64296 93385980 2220304 52911800    0    0     0 506512 221531 1878272 56 14 29  0  0  0
45  0  64296 93421300 2220304 52911816    0    0     0 505092 225487 1840578 56 15 29  0  0  0
55  1  64296 93479428 2220304 52911832    0    0     0 501632 226224 1856987 57 16 27  0  0  0
52  0  64296 93487664 2220304 52911856    0    0     0 503116 233786 1847448 57 16 27  0  0  0
57  0  64296 93481440 2220304 52911876    0    0     0 502076 225371 1841864 57 16 27  0  0  0
67  1  64296 93485016 2220304 52911896    0    0     0 502652 227008 1850120 56 16 27  0  0  0
59  0  64296 93475284 2220304 52911920    0    0     0 501424 224176 1845893 57 16 27  0  0  0
52  0  64296 93472068 2220304 52911932    0    0     0 500656 225962 1854995 56 16 28  0  0  0
52  0  64296 93365448 2220304 52911956    0    0     0 506400 225200 1845400 56 15 28  0  0  0
procs -----------memory---------- ---swap-- -----io---- -system-- -------cpu-------
 r  b   swpd   free   buff  cache   si   so    bi    bo   in   cs us sy id wa st gu
67  0  64296 93395504 2220304 52911968    0    0     0 504184 222558 1848979 56 15 29  0  0  0
54  1  64296 93467308 2220304 52911984    0    0     0 505560 225792 1835451 57 15 28  0  0  0
58  0  64296 93511692 2220304 52912004    0    0     0 493184 222409 1851078 57 15 27  0  0  0
61  0  64296 93499184 2220304 52912024    0    0     0 495876 222156 1845467 56 15 28  0  0  0
61  1  64296 93506896 2220304 52912048    0    0     0 498564 224929 1848795 56 16 28  0  0  0
59  0  64296 93505224 2220304 52912068    0    0     0 502024 225241 1847109 57 16 27  0  0  0
68  1  64296 93495748 2220304 52912088    0    0     0 501120 224283 1838705 56 16 28  0  0  0
48  0  64296 93430620 2220304 52912116    0    0     0 514488 221269 1874806 56 15 29  0  0  0
53  0  64296 93381816 2220304 52912128    0    0     0 506532 221864 1838554 56 14 30  0  0  0
48  1  64296 93480384 2220304 52912140    0    0     0 499676 219318 1853972 57 15 27  0  0  0
53  0  64296 93472212 2220304 52912160    0    0     0 497676 219856 1788413 55 15 29  0  0  0
47  1  64296 93472016 2220304 52912180    0    0     0 507148 224335 1797649 56 16 28  0  0  0
56  1  64296 93457584 2220304 52912200    0    0     0 511092 226036 1831255 56 16 27  0  0  0
59  1  64296 93474860 2220308 52912212    0    0     0 503640 222732 1848738 57 16 27  0  0  0
62  0  64296 93506424 2220308 52912236    0    0     0 502532 221502 1865064 57 15 27  0  0  0
57  1  64296 93428536 2220308 52912256    0    0     0 507280 223588 1841719 56 15 29  0  0  0
57  0  64296 93376780 2220308 52912280    0    0     0 512308 219352 1885554 56 14 30  0  0  0
47  0  64296 93446532 2220308 52912296    0    0     0 512664 222970 1861205 57 15 28  0  0  0
54  0  64296 93453156 2220308 52912308    0    0     0 507508 222646 1866131 56 15 28  0  0  0
57  0  64296 93462032 2220308 52912328    0    0     0 504660 221268 1879268 56 15 28  0  0  0
52  0  64296 93494464 2220308 52912352    0    0     0 505500 221527 1849911 57 16 27  0  0  0
procs -----------memory---------- ---swap-- -----io---- -system-- -------cpu-------
 r  b   swpd   free   buff  cache   si   so    bi    bo   in   cs us sy id wa st gu
62  0  64296 93482224 2220308 52912368    0    0     0 505608 222962 1833621 56 15 28  0  0  0
50  1  64296 93473784 2220308 52912400    0    0     0 505868 222411 1842621 57 16 27  0  0  0
54  0  64296 93416736 2220312 52912416    0    0     0 510908 222895 1847363 56 15 28  0  0  0
55  0  64296 93360512 2220312 52912432    0    0     0 507956 217569 1881445 56 14 30  0  0  0
56  1  64296 93437676 2220312 52912452    0    0     0 505132 223315 1863241 57 15 28  0  0  0
57  1  64296 93470152 2220312 52912472    0    0     0 504460 224218 1841377 57 16 27  0  0  0
51  1  64296 93502216 2220312 52912492    0    0     0 499292 220962 1834543 56 15 28  0  0  0
57  0  64296 93500636 2220312 52912508    0    0     0 504232 221991 1862663 56 15 28  0  0  0
64  0  64296 93524968 2220312 52912528    0    0     0 499620 222289 1851183 56 15 28  0  0  0
58  1  64296 93508736 2220312 52912540    0    0     0 502256 223919 1827872 56 16 27  0  0  0
51  0  64296 93459348 2220312 52912572    0    0     0 500536 223040 1831699 56 15 28  0  0  0
56  1  64296 93390948 2220312 52912592    0    0     0 496784 220483 1828268 57 14 29  0  0  0
61  0  64296 93485636 2220312 52912604    0    0     0 492244 218316 1853691 57 15 28  0  0  0
56  1  64296 93521504 2220312 52912616    0    0     0 495400 221220 1815087 56 15 28  0  0  0
62  0  64296 93519880 2220312 52912648    0    0     0 491968 223021 1830270 57 15 28  0  0  0
64  1  64296 93542144 2220312 52912672    0    0     0 495264 222580 1856510 57 15 27  0  0  0
62  0  64296 93519660 2220312 52912684    0    0     0 498052 224083 1836496 57 16 27  0  0  0
55  0  64296 93510956 2220312 52912700    0    0     0 497492 222350 1841138 56 15 28  0  0  0
52  0  64296 93507972 2220312 52912720    0    0     0 501236 223303 1833311 57 15 28  0  0  0
51  1  64296 93435168 2220312 52912744    0    0     0 501360 222370 1856674 56 14 29  0  0  0
67  0  64296 93444152 2220312 52912756    0    0     0 504184 220974 1840564 56 14 29  0  0  0
procs -----------memory---------- ---swap-- -----io---- -system-- -------cpu-------
 r  b   swpd   free   buff  cache   si   so    bi    bo   in   cs us sy id wa st gu
59  1  64296 93484552 2220312 52912776    0    0     0 502148 223438 1850065 57 16 27  0  0  0
63  0  64296 93500128 2220312 52912788    0    0     0 502676 222614 1863651 57 15 27  0  0  0
67  1  64296 93494256 2220312 52912808    0    0     0 506384 222975 1848127 57 15 27  0  0  0
58  0  64296 93489028 2220312 52912828    0    0     0 504020 223702 1819116 56 16 28  0  0  0
51  0  64296 93491456 2220312 52912860    0    0     0 498752 224369 1835229 57 15 27  0  0  0
60  0  64296 93464280 2220312 52912944    0    0     0 498348 223824 1827278 57 16 27  0  0  0
61  1  64296 93440024 2220312 52912964    0    0     0 494584 221663 1850238 57 15 28  0  0  0
58  1  64296 93437420 2220312 52912976    0    0     0 495968 221118 1836922 56 14 29  0  0  0
70  1  64296 93493484 2220312 52912992    0    0     0 489900 223206 1834705 56 15 29  0  0  0
68  0  64296 93509920 2220312 52913004    0    0     0 494980 221062 1811072 56 15 29  0  0  0
60  0  64296 93485488 2220312 52913028    0    0     0 496072 224108 1815517 56 16 28  0  0  0
54  1  64296 93469852 2220312 52913048    0    0     0 504328 223451 1815604 56 16 28  0  0  0
55  0  64296 93513532 2220312 52913076    0    0     0 498624 221910 1812674 56 15 29  0  0  0
61  1  64296 93496420 2220312 52913088    0    0     0 495768 223573 1803464 56 16 28  0  0  0
57  1  64296 93449556 2220312 52913116    0    0     0 490736 219221 1839808 56 15 28  0  0  0
50  0  64296 93395124 2220312 52913128    0    0     0 491028 216878 1821008 55 14 30  0  0  0
48  1  64296 93491440 2220312 52913144    0    0     0 498376 221204 1842210 57 15 28  0  0  0
56  0  64296 93487200 2220312 52913168    0    0     0 500020 223079 1850504 56 16 28  0  0  0
58  1  64296 93493664 2220312 52913180    0    0     0 500032 221949 1837331 56 15 28  0  0  0
52  0  64296 93477112 2220312 52913200    0    0     0 508128 222332 1853872 57 16 27  0  0  0
58  0  64296 93485440 2220312 52913224    0    0     0 499688 221563 1860171 56 15 28  0  0  0
procs -----------memory---------- ---swap-- -----io---- -system-- -------cpu-------
 r  b   swpd   free   buff  cache   si   so    bi    bo   in   cs us sy id wa st gu
58  1  64296 93477604 2220312 52913252    0    0     0 503888 224032 1852266 57 15 28  0  0  0
57  0  64296 93437492 2220312 52913264    0    0     0 512224 223879 1847278 57 15 28  0  0  0
61  0  64296 93407132 2220312 52913280    0    0     0 498644 219431 1875267 56 14 30  0  0  0
54  0  64296 93461112 2220312 52913300    0    0     0 497700 221992 1840857 56 15 28  0  0  0
64  1  64296 93466180 2220312 52913312    0    0     0 500984 223828 1839309 57 15 28  0  0  0
54  0  64296 93454776 2220316 52913332    0    0     0 510232 228832 1792634 56 16 27  0  0  0
47  0  64296 93494844 2220316 52913356    0    0     0 507504 222661 1844070 57 15 27  0  0  0
57  0  64296 93460768 2220316 52913372    0    0     0 508344 243111 1791966 57 16 27  0  0  0
78  1  64296 93466312 2220316 52913404    0    0     0 509496 224945 1835893 57 16 27  0  0  0
58  1  64296 93453740 2220316 52913428    0    0     0 509252 222945 1832784 57 16 27  0  0  0
60  0  64296 93417088 2220316 52913436    0    0     0 503772 224299 1828803 56 14 29  0  0  0
67  0  64296 93485028 2220316 52913456    0    0     0 493112 224297 1805221 56 15 28  0  0  0
69  0  64296 93473720 2220316 52913472    0    0     0 493096 241833 1798952 56 16 28  0  0  0
56  0  64296 93487136 2220316 52913492    0    0     0 494760 225670 1840958 56 16 28  0  0  0
57  0  64296 93473496 2220316 52913516    0    0     0 499876 224971 1850244 57 16 27  0  0  0
56  0  64296 93463028 2220316 52913528    0    0     0 508472 221242 1867429 57 15 28  0  0  0
66  0  64296 93469956 2220316 52913560    0    0     0 495788 227639 1816921 57 16 27  0  0  0
51  0  64296 93447608 2220316 52913580    0    0     0 482764 222139 1813581 57 15 28  0  0  0
75  0  64296 93349016 2220316 52913584    0    0     0 486976 233933 1745364 55 14 31  0  0  0
54  1  64296 93446504 2220316 52913592    0    0     0 494240 223072 1781314 55 15 30  0  0  0
71  0  64296 93466712 2220320 52913624    0    0     0 505604 226764 1831778 57 16 27  0  0  0
procs -----------memory---------- ---swap-- -----io---- -system-- -------cpu-------
 r  b   swpd   free   buff  cache   si   so    bi    bo   in   cs us sy id wa st gu
55  0  64296 93444064 2220320 52913636    0    0     0 502472 224205 1825115 57 16 27  0  0  0
54  1  64296 93482296 2220320 52913656    0    0     0 496088 222842 1851720 56 15 28  0  0  0
62  0  64296 93475984 2220320 52913672    0    0     0 493056 223124 1827823 56 16 28  0  0  0
49  1  64296 93484428 2220320 52913688    0    0     0 481952 219415 1835974 57 15 27  0  0  0
55  1  64296 93499052 2220320 52913720    0    0     0 466640 212095 1797473 57 15 27  1  0  0
50  1  64296 93431580 2220320 52913732    0    0     0 466388 210441 1806949 57 14 29  1  0  0
53  0  64296 93464320 2220320 52913740    0    0     0 460468 207434 1810541 56 14 29  1  0  0
63  0  64296 93485908 2220320 52913772    0    0     0 459308 216424 1760993 57 16 27  1  0  0
66  0  64296 93478088 2220320 52913784    0    0     0 484536 234679 1733323 56 16 27  0  0  0
60  0  64296 93484844 2220320 52913808    0    0     0 499552 222249 1787504 56 16 28  0  0  0
54  0  64296 93487736 2220320 52913836    0    0     0 502820 225278 1790897 57 16 27  0  0  0
63  0  64296 93459720 2220320 52913864    0    0     0 501324 226190 1773907 56 16 28  0  0  0
57  0  64296 93480036 2220320 52913884    0    0     0 497132 223385 1812864 56 16 28  0  0  0
54  0  64296 93398236 2220320 52913888    0    0     0 494136 219622 1838678 55 14 30  0  0  0
67  0  64296 93452648 2220320 52913904    0    0     0 490732 221434 1794343 56 15 29  0  0  0
67  1  64296 93424476 2220320 52913924    0    0     0 491436 223356 1797373 56 15 28  0  0  0
58  1  64296 93424680 2220320 52913936    0    0     0 491756 224919 1833479 56 16 28  0  0  0
58  0  64296 93426332 2220320 52913956    0    0     0 492872 223736 1826598 56 15 28  0  0  0
50  1  64296 93471368 2220320 52913988    0    0     0 491152 218463 1824726 56 15 28  0  0  0
59  1  64296 93463380 2220320 52914008    0    0     0 494444 220403 1844805 56 15 29  0  0  0
56  1  64296 93457768 2220320 52914016    0    0     0 493128 219524 1864222 56 15 28  0  0  0
procs -----------memory---------- ---swap-- -----io---- -system-- -------cpu-------
 r  b   swpd   free   buff  cache   si   so    bi    bo   in   cs us sy id wa st gu
51  0  64296 93409756 2220320 52914036    0    0     0 493164 216419 1813433 54 14 31  1  0  0
55  0  64296 93408336 2220320 52914044    0    0     0 486376 220729 1788276 56 14 30  0  0  0
55  1  64296 93491808 2220320 52914136    0    0     0 487568 221776 1844232 56 16 27  0  0  0
56  0  64296 93448136 2220320 52914152    0    0     0 488816 220106 1832652 56 15 29  0  0  0
65  0  64296 93437680 2220320 52914172    0    0     0 490452 223161 1804243 56 16 28  0  0  0
54  0  64296 93460640 2220320 52914196    0    0     0 492992 222246 1805166 56 16 28  0  0  0
57  0  64296 93446444 2220320 52914216    0    0     0 495452 224089 1816689 57 16 27  0  0  0
65  1  64296 93464932 2220320 52914236    0    0     0 495184 223271 1827404 56 16 28  0  0  0
58  1  64296 93381280 2220320 52914264    0    0     0 501712 220700 1852654 56 14 29  0  0  0
58  0  64296 93402928 2220320 52914276    0    0     0 500732 221441 1837345 56 15 29  0  0  0
50  0  64296 93434084 2220320 52914296    0    0     0 498632 223105 1818987 56 16 28  0  0  0
55  0  64296 93463724 2220320 52914312    0    0     0 499068 220951 1852254 57 15 27  0  0  0
56  0  64296 93453232 2220320 52914324    0    0     0 495756 223846 1827649 57 16 27  0  0  0
55  0  64296 93465292 2220320 52914348    0    0     0 498844 226096 1806397 57 16 26  0  0  0
62  0  64296 93482784 2220320 52914376    0    0     0 497924 221890 1847412 57 15 27  0  0  0
55  0  64296 93452612 2220320 52914384    0    0     0 504688 224061 1850844 57 16 27  0  0  0
52  0  64296 93348332 2220320 52914404    0    0     0 502864 222125 1867309 56 15 29  0  0  0
53  1  64296 93344348 2220320 52914416    0    0     0 500972 217671 1854486 56 14 30  0  0  0
61  0  64296 93435600 2220324 52914444    0    0     0 495516 222937 1847516 57 16 27  0  0  0
50  1  64296 93439432 2220324 52914464    0    0     0 501920 224979 1820277 56 16 27  0  0  0
57  0  64296 93424480 2220324 52914480    0    0     0 507708 224393 1821106 56 16 28  0  0  0
procs -----------memory---------- ---swap-- -----io---- -system-- -------cpu-------
 r  b   swpd   free   buff  cache   si   so    bi    bo   in   cs us sy id wa st gu
56  0  64296 93423800 2220324 52914500    0    0     0 504080 222877 1847387 57 16 27  0  0  0
55  1  64296 93409976 2220324 52914532    0    0     0 497204 222850 1850336 56 15 28  0  0  0
60  0  64296 93415368 2220324 52914548    0    0     0 499236 225111 1856418 57 16 27  0  0  0
57  0  64296 93392200 2220324 52914568    0    0     0 492436 220751 1861859 56 14 29  0  0  0
58  0  64296 93307156 2220324 52914580    0    0     0 497276 221363 1835110 56 14 30  0  0  0
47  1  64296 93452024 2220324 52914592    0    0     0 495848 222877 1861266 57 16 27  0  0  0
55  1  64296 93469496 2220324 52914608    0    0     0 495616 222280 1835668 56 15 28  0  0  0
55  1  64296 93466512 2220328 52914620    0    0     0 501536 224713 1850355 56 16 28  0  0  0
52  0  64296 93441224 2220328 52914644    0    0     0 505060 221779 1857777 57 15 28  0  0  0
54  1  64296 93444056 2220328 52914664    0    0     0 502204 223672 1853827 57 16 27  0  0  0
58  0  64296 93441612 2220328 52914684    0    0     0 504520 225427 1846050 57 16 27  0  0  0
50  1  64296 93393492 2220328 52914700    0    0     0 499536 223605 1840184 56 16 28  0  0  0
53  0  64296 93329272 2220328 52914716    0    0     0 495628 224151 1824684 56 14 29  0  0  0
63  0  64296 93406616 2220332 52914728    0    0     0 500916 223545 1859157 56 16 28  0  0  0
70  0  64296 93426364 2220332 52914748    0    0     0 501168 221110 1869645 57 15 28  0  0  0
58  0  64296 93421240 2220332 52914780    0    0     0 505072 221656 1879104 57 15 27  0  0  0
56  0  64296 93468464 2220332 52914788    0    0     0 501808 223722 1880598 57 16 27  0  0  0
67  1  64296 93496636 2220332 52914804    0    0     0 500820 222752 1864388 56 15 28  0  0  0
53  0  64296 93487072 2220332 52914836    0    0     0 498848 223790 1840017 57 16 27  0  0  0
59  1  64296 93443984 2220332 52914868    0    0     0 497668 220553 1859980 57 15 27  0  0  0
55  0  64296 93400684 2220332 52914880    0    0     0 497288 218892 1855308 56 14 30  0  0  0
procs -----------memory---------- ---swap-- -----io---- -system-- -------cpu-------
 r  b   swpd   free   buff  cache   si   so    bi    bo   in   cs us sy id wa st gu
76  0  64296 93449180 2220332 52914880    0    0     0 491592 233826 1805773 56 15 28  0  0  0
62  0  64296 93426432 2220332 52914900    0    0     0 508292 230664 1744317 56 17 27  0  0  0
67  1  64296 93425912 2220332 52914940    0    0     0 502460 226320 1832219 56 16 27  0  0  0
61  0  64296 93437376 2220332 52914956    0    0     0 500624 224622 1825361 57 16 27  0  0  0
56  1  64296 93437316 2220332 52914980    0    0     0 502232 226349 1800897 56 16 27  0  0  0
91  0  64296 93437756 2220332 52914992    0    0     0 505960 225817 1817065 56 16 27  0  0  0
61  0  64296 93405228 2220332 52915016    0    0     0 501840 225652 1802030 56 16 28  0  0  0
60  0  64296 93368340 2220332 52915024    0    0     0 501792 222580 1832938 56 14 29  0  0  0
57  0  64296 93426424 2220332 52915036    0    0     0 507212 223856 1817155 57 15 28  0  0  0
52  1  64296 93438224 2220332 52915064    0    0     0 507684 224204 1837070 56 16 28  0  0  0
60  1  64296 93400508 2220332 52915080    0    0     0 503604 225098 1802576 56 16 28  0  0  0
66  1  64296 93452636 2220332 52915100    0    0     0 496780 224707 1828659 56 16 28  0  0  0
68  1  64296 93435604 2220332 52915132    0    0     0 507492 226575 1814071 57 16 27  0  0  0
57  0  64296 93441392 2220332 52915140    0    0     0 506800 223702 1843148 57 16 27  0  0  0
55  1  64296 93411952 2220332 52915164    0    0     0 500968 220758 1861991 57 15 28  0  0  0
49  0  64296 93342424 2220332 52915184    0    0     0 503528 218934 1883978 56 14 29  0  0  0
60  1  64296 93455892 2220332 52915196    0    0     0 495756 223863 1843368 57 15 27  0  0  0
60  0  64296 93486528 2220332 52915216    0    0     0 498136 224544 1804440 56 16 28  0  0  0
57  1  64296 93463684 2220332 52915240    0    0     0 503052 222242 1865305 57 16 27  0  0  0
58  1  64296 93444860 2220332 52915336    0    0     0 508512 224288 1855511 57 16 26  0  0  0
60  0  64296 93466808 2220332 52915348    0    0     0 505696 224951 1816852 57 16 27  0  0  0
procs -----------memory---------- ---swap-- -----io---- -system-- -------cpu-------
 r  b   swpd   free   buff  cache   si   so    bi    bo   in   cs us sy id wa st gu
66  0  64296 93434176 2220332 52915356    0    0     0 509988 226724 1804243 56 16 27  0  0  0
53  0  64296 93424548 2220332 52915384    0    0     0 507656 225512 1838874 57 16 27  0  0  0
58  0  64296 93344936 2220332 52915396    0    0     0 506372 222801 1820775 56 14 30  0  0  0
61  0  64296 93441296 2220332 52915412    0    0     0 503628 224831 1810145 56 15 28  0  0  0
53  0  64296 93440472 2220332 52915432    0    0     0 509360 227160 1828550 56 16 27  0  0  0
68  0  64296 93447352 2220332 52915460    0    0     0 510940 221205 1867174 57 15 27  0  0  0
74  0  64296 93424876 2220336 52915464    0    0     0 508340 222341 1858099 57 15 27  0  0  0
52  1  64296 93450928 2220336 52915500    0    0     0 504324 221006 1860064 56 16 28  0  0  0
54  0  64296 93468112 2220336 52915520    0    0     0 508640 224475 1821955 57 16 27  0  0  0
53  0  64296 93429160 2220336 52915544    0    0     0 502900 228887 1760652 56 16 28  0  0  0
51  1  64296 93366352 2220336 52915548    0    0     0 512840 223485 1843693 56 14 29  0  0  0
50  0  64296 93437592 2220336 52915568    0    0     0 503260 224542 1828774 56 15 28  0  0  0
64  1  64296 93434624 2220336 52915592    0    0     0 504036 225235 1842035 56 16 28  0  0  0
57  0  64296 93427612 2220336 52915608    0    0     0 507396 225540 1842154 56 16 27  0  0  0
57  0  64296 93440596 2220336 52915624    0    0     0 507228 224501 1844118 57 16 27  0  0  0
51  0  64296 93420252 2220336 52915652    0    0     0 508556 226376 1831319 57 16 27  0  0  0
59  0  64296 93431824 2220336 52915672    0    0     0 511016 228791 1841830 57 16 27  0  0  0
63  0  64296 93397772 2220336 52915680    0    0     0 511088 229906 1796932 56 16 27  0  0  0
62  1  64296 93322204 2220336 52915704    0    0     0 507688 224160 1836197 56 15 29  0  0  0
70  0  64296 93391740 2220336 52915712    0    0     0 504488 232383 1757696 56 16 27  0  0  0
60  0  64296 93414984 2220336 52915740    0    0     0 507952 227524 1781527 56 17 26  0  0  0
procs -----------memory---------- ---swap-- -----io---- -system-- -------cpu-------
 r  b   swpd   free   buff  cache   si   so    bi    bo   in   cs us sy id wa st gu
61  0  64296 93436840 2220336 52915756    0    0     0 498628 226234 1829173 57 16 27  0  0  0
50  0  64296 93446600 2220336 52915776    0    0     0 499312 220713 1863774 57 15 28  0  0  0
55  0  64296 93453772 2220336 52915804    0    0     0 498508 219604 1873957 56 15 28  0  0  0
59  0  64296 93468024 2220336 52915824    0    0     0 495896 221432 1881609 57 16 27  0  0  0
55  0  64296 93441128 2220336 52915840    0    0     0 493600 221367 1858860 57 15 27  0  0  0
62  1  64296 93342652 2220336 52915852    0    0     0 497932 219226 1864878 56 14 29  0  0  0
67  1  64296 93432828 2220336 52915864    0    0     0 483228 218070 1817053 57 15 28  0  0  0
63  0  64296 93448180 2220336 52915892    0    0     0 501956 223845 1841121 57 15 27  0  0  0
62  0  64296 93464780 2220336 52915908    0    0     0 495584 222068 1850856 56 16 28  0  0  0
58  0  64296 93453968 2220336 52915936    0    0     0 494032 220968 1844000 56 15 28  0  0  0
48  1  64296 93434196 2220336 52915956    0    0     0 497308 223040 1833261 56 16 28  0  0  0
54  1  64296 93456968 2220336 52915972    0    0     0 498956 224141 1836290 56 16 28  0  0  0
52  0  64296 93446448 2220336 52915996    0    0     0 498812 224670 1823308 56 15 28  0  0  0
53  0  64296 93353936 2220336 52916012    0    0     0 497340 223341 1829182 56 15 29  0  0  0
54  0  64296 93368220 2220336 52916012    0    0     0 497148 223404 1801798 56 15 28  0  0  0
50  1  64296 93403448 2220336 52916036    0    0     0 500624 223700 1840853 56 16 28  0  0  0
58  1  64296 93430868 2220336 52916060    0    0     0 496920 225629 1803661 56 16 28  0  0  0
53  0  64296 93420264 2220336 52916076    0    0     0 493960 223231 1838840 56 16 28  0  0  0
62  0  64296 93440552 2220336 52916104    0    0     0 495152 226287 1829291 56 16 27  0  0  0
57  0  64296 93425068 2220336 52916128    0    0     0 502464 231158 1801277 56 16 27  0  0  0
49  1  64296 93414956 2220336 52916144    0    0     0 504252 223565 1839159 56 16 27  0  0  0
procs -----------memory---------- ---swap-- -----io---- -system-- -------cpu-------
 r  b   swpd   free   buff  cache   si   so    bi    bo   in   cs us sy id wa st gu
53  0  64296 93326104 2220336 52916160    0    0     0 499160 226588 1845953 57 15 28  0  0  0
51  0  64296 93370940 2220336 52916176    0    0     0 507720 223165 1841617 57 15 28  0  0  0
89  0  64296 93376652 2220336 52916188    0    0     0 504896 229476 1776088 56 16 27  0  0  0
55  0  64296 93417564 2220336 52916224    0    0     0 498372 225396 1816657 57 16 27  0  0  0
57  0  64296 93417628 2220336 52916240    0    0     0 509188 225301 1814747 57 16 27  0  0  0
55  0  64296 93455004 2220336 52916248    0    0     0 499108 221742 1866108 56 15 28  0  0  0
62  0  64296 93476444 2220336 52916272    0    0     0 500184 223767 1845542 56 15 28  0  0  0
54  1  64296 93433260 2220336 52916296    0    0     0 505956 227660 1805190 56 16 27  0  0  0
55  0  64296 93362928 2220336 52916312    0    0     0 504044 224147 1832547 56 14 29  0  0  0
57  0  64296 93405268 2220340 52916320    0    0     0 495864 216721 1818927 56 14 29  1  0  0
59  1  64296 93433612 2220340 52916340    0    0     0 504144 222922 1847115 56 15 28  0  0  0
55  1  64296 93412860 2220340 52916376    0    0     0 506152 222826 1856383 56 15 28  0  0  0
55  0  64296 93430840 2220340 52916396    0    0     0 500632 222114 1843087 56 15 28  0  0  0
55  0  64296 93440688 2220340 52916412    0    0     0 506256 223689 1846373 56 16 28  0  0  0
55  1  64296 93447536 2220340 52916432    0    0     0 500572 222733 1851809 57 15 27  0  0  0
58  0  64296 93472456 2220340 52916444    0    0     0 491636 220616 1836610 56 15 28  0  0  0
52  0  64296 93399796 2220340 52916540    0    0     0 497784 223856 1828350 56 15 28  0  0  0
62  1  64296 93381468 2220340 52916548    0    0     0 502232 221963 1832825 57 14 29  0  0  0
67  0  64296 93438220 2220340 52916568    0    0     0 502628 225719 1815530 56 16 28  0  0  0
57  1  64296 93451816 2220340 52916588    0    0     0 497452 224921 1811651 56 16 28  0  0  0
63  0  64296 93422816 2220340 52916604    0    0     0 501536 224283 1843557 56 16 28  0  0  0
procs -----------memory---------- ---swap-- -----io---- -system-- -------cpu-------
 r  b   swpd   free   buff  cache   si   so    bi    bo   in   cs us sy id wa st gu
53  0  64296 93457204 2220340 52916620    0    0     0 511152 222263 1868647 56 15 28  0  0  0
57  0  64296 93458080 2220340 52916660    0    0     0 496992 224239 1831460 56 16 28  0  0  0
70  0  64296 93471196 2220340 52916668    0    0     0 498004 224581 1825842 57 16 27  0  0  0
60  1  64296 93381892 2220340 52916688    0    0     0 506808 224417 1845294 57 15 28  0  0  0
54  0  64296 93370496 2220340 52916700    0    0     0 508340 220048 1869128 56 14 30  0  0  0
73  1  64296 93437188 2220340 52916708    0    0     0 502544 224775 1838889 57 16 27  0  0  0
74  0  64296 93456188 2220340 52916736    0    0     0 500400 223157 1858246 57 16 27  0  0  0
65  0  64296 93445720 2220340 52916748    0    0     0 507004 225329 1850207 57 16 27  0  0  0
62  0  64296 93460916 2220340 52916780    0    0     0 504896 222637 1862885 57 16 27  0  0  0
60  0  64296 93476612 2220340 52916796    0    0     0 496660 224263 1838107 57 16 27  0  0  0
64  0  64296 93459240 2220340 52916812    0    0     0 496284 223251 1840873 57 16 27  0  0  0
48  0  64296 93427416 2220340 52916828    0    0     0 493504 222590 1832257 56 15 28  0  0  0
54  1  64296 93375160 2220340 52916848    0    0     0 482632 215294 1829483 56 13 30  0  0  0
55  0  64296 93471532 2220340 52916848    0    0     0 498520 221635 1854435 56 15 28  0  0  0
52  0  64296 93450748 2220340 52916868    0    0     0 493360 224686 1832280 56 16 27  0  0  0
51  0  64296 93448388 2220340 52916904    0    0     0 497308 222907 1838440 56 15 28  0  0  0
54  0  64296 93473376 2220340 52916924    0    0     0 495960 221848 1856816 57 15 28  0  0  0
57  0  64296 93447384 2220340 52916952    0    0     0 500864 224542 1782664 56 16 28  0  0  0
62  0  64296 93456964 2220340 52916968    0    0     0 502804 222793 1838686 57 15 28  0  0  0
63  0  64296 93448040 2220340 52916980    0    0     0 501488 222619 1852989 57 15 28  0  0  0
55  0  64296 93369424 2220340 52917004    0    0     0 498072 224354 1865766 56 14 29  0  0  0
procs -----------memory---------- ---swap-- -----io---- -system-- -------cpu-------
 r  b   swpd   free   buff  cache   si   so    bi    bo   in   cs us sy id wa st gu
57  0  64296 93430112 2220340 52917020    0    0     0 501536 220830 1842326 56 15 28  0  0  0
73  1  64296 93431616 2220340 52917044    0    0     0 505756 224408 1832546 56 16 28  0  0  0
55  0  64296 93422072 2220340 52917056    0    0     0 507116 226228 1806786 57 16 26  0  0  0
58  1  64296 93449436 2220340 52917080    0    0     0 496152 223082 1830394 57 16 27  0  0  0
62  0  64296 93436460 2220340 52917092    0    0     0 495060 227797 1833812 57 16 27  0  0  0
54  0  64296 93454344 2220340 52917120    0    0     0 506200 224806 1851624 56 16 27  0  0  0
49  0  64296 93426640 2220340 52917144    0    0     0 506616 226103 1827317 56 16 28  0  0  0
55  0  64296 93346924 2220340 52917156    0    0     0 496404 221089 1871089 57 14 29  0  0  0
60  0  64296 93413640 2220340 52917160    0    0     0 494404 221455 1860493 57 15 28  0  0  0
64  0  64296 93441472 2220340 52917176    0    0     0 501860 228329 1792648 56 16 27  0  0  0
54  0  64296 93422540 2220340 52917212    0    0     0 495440 227441 1836631 56 16 27  0  0  0
60  0  64296 93436716 2220340 52917220    0    0     0 499256 222579 1839785 56 16 28  0  0  0
56  0  64296 93445072 2220344 52917252    0    0     0 492888 224295 1834043 57 16 27  0  0  0
58  0  64296 93439888 2220344 52917280    0    0     0 494908 223350 1848584 57 15 27  0  0  0
53  0  64296 93470764 2220344 52917284    0    0     0 474056 218211 1764153 55 15 29  1  0  0
61  0  64296 93370996 2220344 52917308    0    0     0 492352 224309 1817777 56 14 30  0  0  0
54  1  64296 93436540 2220344 52917328    0    0     0 493516 222596 1839921 56 15 29  0  0  0
50  1  64296 93462080 2220344 52917344    0    0     0 500044 221284 1854542 56 15 28  0  0  0
53  0  64296 93448912 2220344 52917368    0    0     0 504456 224294 1834371 56 16 28  0  0  0
54  1  64296 93454876 2220344 52917380    0    0     0 494576 221594 1852701 56 16 28  0  0  0
55  1  64296 93470776 2220344 52917408    0    0     0 491592 226131 1779875 56 16 27  0  0  0
procs -----------memory---------- ---swap-- -----io---- -system-- -------cpu-------
 r  b   swpd   free   buff  cache   si   so    bi    bo   in   cs us sy id wa st gu
48  1  64296 93456608 2220344 52917428    0    0     0 505488 222541 1844747 56 15 28  0  0  0
52  0  64296 93449692 2220344 52917444    0    0     0 503348 222131 1875482 57 15 28  0  0  0
60  0  64296 93410092 2220344 52917464    0    0     0 498792 221984 1868325 56 14 29  0  0  0
62  0  64296 93395984 2220344 52917472    0    0     0 497304 221767 1837589 56 15 29  0  0  0
58  0  64296 93421472 2220344 52917492    0    0     0 504288 224058 1846437 56 16 28  0  0  0
46  1  64296 93418596 2220348 52917516    0    0     0 502500 242191 1807052 57 17 27  0  0  0
53  0  64296 93435492 2220348 52917540    0    0     0 495044 225346 1857925 57 16 27  0  0  0
62  0  64296 93433416 2220348 52917556    0    0     0 498188 220596 1878052 56 15 28  0  0  0
60  0  64296 93467776 2220348 52917572    0    0     0 497168 221899 1866829 57 15 28  0  0  0
54  1  64296 93449800 2220348 52917596    0    0     0 495444 224477 1845835 57 16 27  0  0  0
54  0  64296 93381680 2220348 52917616    0    0     0 494280 224710 1844370 56 15 29  0  0  0
53  0  64296 93400680 2220348 52917628    0    0     0 506960 222238 1829862 56 14 29  0  0  0
58  1  64296 93435416 2220348 52917648    0    0     0 499936 224782 1863307 57 15 27  0  0  0
56  1  64296 93416140 2220348 52917756    0    0     0 506520 225485 1841474 57 16 27  0  0  0
55  0  64296 93469128 2220348 52917776    0    0     0 501076 221289 1861219 57 15 28  0  0  0
63  0  64296 93463068 2220348 52917792    0    0     0 503528 224969 1819336 57 16 27  0  0  0
51  0  64296 93447480 2220348 52917816    0    0     0 506668 222687 1847505 56 15 28  0  0  0
49  1  64296 93447656 2220348 52917832    0    0     0 479348 216694 1807360 57 15 28  0  0  0
52  0  64296 93401224 2220348 52917848    0    0     0 498320 223248 1853046 56 15 29  0  0  0
48  0  64296 93384476 2220348 52917860    0    0     0 496568 223178 1825239 56 14 29  0  0  0
58  1  64296 93449080 2220348 52917880    0    0     0 494220 222270 1828982 56 15 28  0  0  0
procs -----------memory---------- ---swap-- -----io---- -system-- -------cpu-------
 r  b   swpd   free   buff  cache   si   so    bi    bo   in   cs us sy id wa st gu
61  0  64296 93474608 2220348 52917904    0    0     0 496712 221275 1864641 56 15 28  0  0  0
74  1  64296 93458172 2220348 52917924    0    0     0 493988 225154 1806149 56 16 28  0  0  0
63  0  64296 93444076 2220348 52917944    0    0     0 490288 223440 1803178 56 16 28  0  0  0
54  0  64296 93427752 2220348 52917960    0    0     0 489068 225839 1785321 56 16 27  0  0  0
68  0  64296 93430664 2220348 52917984    0    0     0 492488 223797 1836122 57 16 28  0  0  0
56  1  64296 93392104 2220348 52918008    0    0     0 496732 223820 1849237 56 15 28  0  0  0
57  1  64296 93339696 2220348 52918016    0    0     0 497300 219475 1841244 55 14 31  0  0  0
54  0  64296 93401616 2220348 52918032    0    0     0 502584 222558 1839675 56 15 28  0  0  0
61  0  64296 93435960 2220348 52918056    0    0     0 508560 223044 1862657 57 16 27  0  0  0
60  0  64296 93437288 2220348 52918072    0    0     0 492916 223401 1852214 56 16 28  0  0  0
63  1  64296 93444880 2220352 52918104    0    0     0 493208 226110 1809964 57 16 27  0  0  0
53  0  64296 93444596 2220352 52918116    0    0     0 495452 226463 1810110 57 16 27  0  0  0
57  0  64296 93426820 2220352 52918136    0    0     0 500664 225465 1820958 56 16 28  0  0  0
56  0  64296 93409548 2220352 52918148    0    0     0 494700 223338 1824421 56 15 29  0  0  0
49  0  64296 93344188 2220352 52918168    0    0     0 496536 224669 1811007 56 15 29  0  0  0
50  1  64296 93403840 2220360 52918196    0    0     0 502472 224084 1845617 57 15 27  0  0  0
54  0  64296 93418104 2220360 52918220    0    0     0 491788 223954 1836728 56 15 28  0  0  0
51  1  64296 93449528 2220360 52918240    0    0     0 489304 222539 1831144 56 15 28  0  0  0
53  0  64296 93444180 2220360 52918256    0    0     0 497172 223038 1845792 57 16 27  0  0  0
65  0  64296 93427168 2220360 52918284    0    0     0 487456 230628 1720395 55 16 29  0  0  0
59  0  64296 93414128 2220360 52918308    0    0     0 477948 225052 1704027 55 16 28  0  0  0
procs -----------memory---------- ---swap-- -----io---- -system-- -------cpu-------
 r  b   swpd   free   buff  cache   si   so    bi    bo   in   cs us sy id wa st gu
49  0  64296 93352904 2220360 52918332    0    0     0 492784 226561 1803200 57 16 27  0  0  0
55  0  64296 93324660 2220360 52918340    0    0     0 502632 226256 1824428 56 14 29  0  0  0
60  1  64296 93384936 2220360 52918356    0    0     0 507528 225772 1813483 56 16 28  0  0  0
71  0  64296 93402208 2220360 52918372    0    0     0 496112 227248 1804644 56 16 27  0  0  0
55  1  64296 93437432 2220360 52918404    0    0     0 493408 228961 1799428 57 16 27  0  0  0
58  0  64296 93401852 2220360 52918424    0    0     0 506760 240016 1738567 56 17 27  0  0  0
55  1  64296 93420040 2220360 52918440    0    0     0 504532 227992 1793900 57 16 27  0  0  0
53  0  64296 93422892 2220360 52918460    0    0     0 509892 224806 1820771 56 16 27  0  0  0
55  1  64296 93383960 2220360 52918476    0    0     0 505004 223483 1846028 56 15 28  0  0  0
55  0  64296 93345296 2220364 52918488    0    0     0 498700 224004 1839465 57 14 28  0  0  0
54  0  64296 93445668 2220364 52918512    0    0     0 506584 221574 1882362 56 15 28  0  0  0
52  0  64296 93457368 2220364 52918532    0    0     0 507200 221608 1872237 57 15 28  0  0  0
76  1  64296 93432008 2220364 52918548    0    0     0 503588 223627 1852839 56 16 28  0  0  0
55  1  64296 93458720 2220364 52918568    0    0     0 497784 222451 1850014 57 15 28  0  0  0
53  0  64296 93464376 2220368 52918584    0    0     0 497560 224551 1837813 56 16 28  0  0  0
51  1  64296 93458008 2220368 52918608    0    0     0 495740 221948 1849023 56 15 28  0  0  0
58  1  64296 93462428 2220368 52918628    0    0     0 503580 221174 1879808 57 15 28  0  0  0
61  0  64296 93384292 2220368 52918640    0    0     0 505556 221134 1853241 55 14 30  0  0  0
53  1  64296 93421688 2220368 52918656    0    0     0 504896 218293 1866669 56 14 30  0  0  0
54  0  64296 93438372 2220372 52918672    0    0     0 496032 222846 1866736 57 16 27  0  0  0
56  0  64296 93447480 2220372 52918700    0    0     0 495032 222825 1867011 57 16 27  0  0  0
procs -----------memory---------- ---swap-- -----io---- -system-- -------cpu-------
 r  b   swpd   free   buff  cache   si   so    bi    bo   in   cs us sy id wa st gu
68  0  64296 93434600 2220372 52918716    0    0     0 491056 222769 1835187 57 15 28  0  0  0
61  0  64296 93468740 2220372 52918732    0    0     0 483448 217757 1820189 57 15 28  1  0  0
57  0  64296 93441564 2220372 52918756    0    0     0 504536 225573 1838362 57 16 27  0  0  0
60  1  64296 93452324 2220372 52918780    0    0     0 493124 227286 1816287 57 16 27  0  0  0
53  0  64296 93395972 2220372 52918796    0    0     0 495452 221380 1864078 56 15 29  0  0  0
61  1  64296 93356308 2220372 52918804    0    0     0 500880 218088 1860676 56 14 31  0  0  0
54  0  64296 93448688 2220372 52918828    0    0     0 489976 222617 1835656 57 15 27  0  0  0
53  1  64296 93442540 2220372 52918844    0    0     0 498472 223959 1845997 57 16 27  0  0  0
57  0  64296 93434928 2220372 52918864    0    0     0 489940 223618 1832243 56 15 28  0  0  0
51  0  64296 93443576 2220372 52918892    0    0     0 501728 223082 1844642 57 16 27  0  0  0
59  0  64296 93451300 2220372 52918972    0    0     0 495224 220714 1871484 56 15 28  0  0  0
57  0  64296 93458496 2220372 52918992    0    0     0 491640 222440 1849150 57 16 28  0  0  0
57  1  64296 93455884 2220372 52919008    0    0     0 477656 221853 1802365 57 15 27  0  0  0
63  0  64296 93376256 2220372 52919016    0    0     0 498240 221504 1874613 56 14 30  0  0  0
73  1  64296 93423124 2220372 52919044    0    0     0 513164 224406 1850195 57 15 28  0  0  0
48  1  64296 93424556 2220372 52919060    0    0     0 497884 221851 1878132 57 15 28  0  0  0
53  0  64296 93464100 2220372 52919080    0    0     0 504696 220135 1885665 56 15 28  0  0  0
59  0  64296 93448408 2220372 52919100    0    0     0 500708 222906 1855358 57 16 27  0  0  0
53  0  64296 93459204 2220372 52919116    0    0     0 499620 221932 1873304 57 15 27  0  0  0
55  0  64296 93458488 2220372 52919148    0    0     0 501696 220436 1863481 57 15 28  0  0  0
81  0  64296 93443892 2220372 52919168    0    0     0 504444 223263 1851307 57 15 27  0  0  0
procs -----------memory---------- ---swap-- -----io---- -system-- -------cpu-------
 r  b   swpd   free   buff  cache   si   so    bi    bo   in   cs us sy id wa st gu
55  1  64296 93390132 2220372 52919176    0    0     0 490960 226145 1815042 56 15 29  0  0  0
64  1  64296 93379596 2220372 52919184    0    0     0 492704 221809 1842826 56 14 29  0  0  0
59  0  64296 93440552 2220372 52919208    0    0     0 501684 223314 1834703 56 15 28  0  0  0
49  0  64296 93427048 2220372 52919232    0    0     0 487460 221220 1819078 56 15 29  0  0  0
53  0  64296 93438132 2220372 52919260    0    0     0 474772 216444 1841156 56 15 28  0  0  0
64  0  64296 93421480 2220372 52919276    0    0     0 497556 227044 1835386 57 16 27  0  0  0
55  0  64296 93409320 2220372 52919300    0    0     0 499052 225266 1847856 57 16 27  0  0  0
49  1  64296 93398516 2220376 52919316    0    0     0 490964 224998 1836520 57 16 27  0  0  0
51  0  64296 93381900 2220376 52919340    0    0     0 494308 223333 1835686 57 15 28  0  0  0
52  1  64296 93270924 2220376 52919352    0    0     0 491772 245688 1803477 56 15 28  0  0  0
55  1  64296 93338260 2220376 52919364    0    0     0 485820 227017 1733000 55 16 28  0  0  0
49  0  64296 93392408 2220376 52919388    0    0     0 492224 229550 1839614 57 16 27  0  0  0
62  1  64296 93374076 2220380 52919412    0    0     0 489576 230664 1829293 56 16 27  0  0  0
58  0  64296 93411180 2220380 52919428    0    0     0 495128 224417 1850095 56 16 28  0  0  0
48  1  64296 93377448 2220380 52919452    0    0     0 493352 224279 1836727 56 15 28  0  0  0
66  0  64296 93383832 2220380 52919476    0    0     0 483860 217202 1832946 56 15 28  0  0  0
52  1  64296 93385592 2220380 52919496    0    0     0 502548 226048 1831246 56 16 27  0  0  0
52  0  64296 93312828 2220380 52919504    0    0     0 498716 224518 1852040 56 14 29  0  0  0
56  0  64296 93365980 2220380 52919516    0    0     0 494284 224290 1859757 56 15 28  0  0  0
 2  0  64296 94038268 2220380 52919544    0    0     0 459724 560276 1467971 46 20 34  0  0  0
