procs -----------memory---------- ---swap-- -----io---- -system-- -------cpu-------
 r  b   swpd   free   buff  cache   si   so    bi    bo   in   cs us sy id wa st gu
 7  2  70952 139394424 2113100 45877320    0    2 40994 36482 7572    7  4  1 95  1  0  0
32  3  70952 138075788 2113100 45877376    0    0 181440 215180 418560 541882 10 19 69  2  0  0
20  0  70952 136998680 2113100 45877424    0    0 232256 158364 390664 1236026 31 41 27  1  0  0
46  7  70952 136922732 2113100 45877440    0    0 339968 76804 269977 1473486 41 34 24  1  0  0
48  3  70952 136946328 2113100 45877460    0    0 247424 65640 252534 1457393 39 36 24  1  0  0
78  0  70952 136925696 2113100 45877476    0    0 254736 66424 251293 1470926 38 36 25  1  0  0
95  5  70952 136899008 2113100 45877508    0    0 255904 123616 230200 1357415 35 32 32  1  0  0
72  0  70952 136892992 2113100 45877520    0    0 254672 141952 232328 1346195 34 32 33  1  0  0
50  1  70952 136858156 2113100 45877532    0    0 260544 142504 226837 1345454 34 32 33  1  0  0
56  3  70952 136821628 2113100 45877548    0    0 275280 142684 225552 1347222 35 33 31  1  0  0
 4  0  70952 136804864 2113100 45877568    0    0 273920 147672 228533 1361635 35 32 32  1  0  0
39  1  70952 136766592 2113100 45877588    0    0 281504 159096 248708 1349685 36 31 32  1  0  0
101  0  70952 136741736 2113100 45877612    0    0 293296 174532 247122 1371217 36 31 31  2  0  0
20  0  70952 136734292 2113100 45877624    0    0 283104 163704 236083 1358937 35 32 32  2  0  0
75  4  70952 136744188 2113100 45877644    0    0 286528 161008 240976 1372002 35 32 32  1  0  0
54  3  70952 136699692 2113100 45877652    0    0 271872 151388 231070 1343234 35 33 31  1  0  0
12  1  70952 136686724 2113100 45877676    0    0 268192 152092 225874 1331549 34 32 33  1  0  0
35  6  70952 136669424 2113100 45877700    0    0 270816 148024 229420 1350447 35 33 31  1  0  0
67  1  70952 136650072 2113100 45877720    0    0 270016 155160 237550 1354196 35 32 31  1  0  0
82  4  70952 136655104 2113100 45877736    0    0 272928 133796 235525 1379514 36 32 31  1  0  0
 4  0  70952 136641944 2113100 45877756    0    0 287504 193268 259923 1405513 37 31 30  2  0  0
procs -----------memory---------- ---swap-- -----io---- -system-- -------cpu-------
 r  b   swpd   free   buff  cache   si   so    bi    bo   in   cs us sy id wa st gu
95  7  70952 136644012 2113100 45877776    0    0 257792 150480 230573 1341472 35 33 31  1  0  0
52  1  70952 136603724 2113100 45877784    0    0 288704 152544 223783 1303024 34 33 32  1  0  0
53  0  70952 136594452 2113100 45877800    0    0 258496 141728 222991 1317818 33 34 31  1  0  0
73  6  70952 136579704 2113100 45877824    0    0 268880 155580 241388 1373830 36 32 31  1  0  0
 6  0  70952 136575540 2113100 45877836    0    0 277472 161936 233547 1354732 35 33 31  1  0  0
83  4  70952 136557412 2113104 45877856    0    0 272752 150540 232464 1340572 35 32 31  1  0  0
99 13  70952 136558052 2113104 45877892    0    0 272464 148532 235214 1353659 34 33 32  1  0  0
69  2  70952 136557916 2113104 45877896    0    0 268032 140688 232790 1358649 35 33 31  1  0  0
118  1  70952 136535340 2113104 45877904    0    0 281920 166132 236699 1391265 36 33 29  1  0  0
81  6  70952 136506756 2113104 45877916    0    0 294432 168100 241524 1347797 36 31 32  1  0  0
 3  0  70952 136498208 2113104 45877944    0    0 277312 168156 236291 1350975 34 33 32  1  0  0
47  1  70952 136481520 2113104 45877960    0    0 269296 157232 228503 1335536 35 32 32  1  0  0
39  8  70952 136466128 2113104 45877980    0    0 272336 169668 251009 1384081 37 31 31  1  0  0
39  0  70952 136447872 2113104 45878008    0    0 285408 150676 229465 1354126 35 32 32  1  0  0
39  0  70952 136451744 2113108 45878016    0    0 279520 153440 233818 1358900 35 32 31  1  0  0
38 22  70952 136434440 2113108 45878032    0    0 270192 152948 246034 1378558 35 32 32  1  0  0
34  1  70952 136402476 2113108 45878044    0    0 270432 151412 237215 1354036 35 33 31  1  0  0
34  2  70952 136393068 2113108 45878072    0    0 269600 152764 232213 1363056 35 33 31  1  0  0
47  0  70952 136378080 2113108 45878088    0    0 311424 168608 239915 1351605 35 32 31  2  0  0
35  0  70952 136372588 2113108 45878108    0    0 268928 148816 228368 1346813 35 33 31  1  0  0
18  0  70952 136356604 2113108 45878120    0    0 273376 156700 228053 1348480 34 33 32  1  0  0
procs -----------memory---------- ---swap-- -----io---- -system-- -------cpu-------
 r  b   swpd   free   buff  cache   si   so    bi    bo   in   cs us sy id wa st gu
108  0  70952 136368080 2113108 45878144    0    0 259632 134188 223574 1326843 35 33 31  1  0  0
102 23  70952 136358840 2113108 45878152    0    0 272336 169104 230061 1328627 34 34 31  1  0  0
87  9  70952 136339196 2113108 45878172    0    0 260896 139740 221904 1313704 34 34 31  1  0  0
12  0  70952 136336288 2113108 45878188    0    0 280416 164392 239788 1333974 36 32 31  2  0  0
103  2  70952 136320720 2113108 45878220    0    0 272784 172104 246568 1382004 37 32 31  1  0  0
52 17  70952 136304032 2113108 45878228    0    0 270704 159020 239352 1374428 35 33 31  1  0  0
84  5  70952 136275788 2113108 45878248    0    0 271488 145820 240909 1384869 35 32 31  1  0  0
88 28  70952 136281856 2113108 45878264    0    0 276352 139364 241916 1381975 35 32 31  1  0  0
75 10  70952 136273812 2113108 45878348    0    0 270880 166896 250748 1396664 36 32 31  1  0  0
85  8  70952 136262796 2113108 45878368    0    0 281312 153020 240334 1380144 35 33 31  1  0  0
21 32  70952 136242364 2113108 45878392    0    0 272992 146968 230155 1362980 35 32 31  1  0  0
92 13  70952 136246140 2113108 45878404    0    0 268992 144112 230433 1353205 34 33 31  1  0  0
17  1  70952 136226652 2113108 45878416    0    0 276992 175040 249679 1380567 37 32 30  1  0  0
29  2  70952 136223048 2113108 45878440    0    0 249280 141964 238055 1374812 35 33 30  1  0  0
66  0  70952 136219552 2113108 45878460    0    0 275232 129096 234218 1376159 35 33 31  1  0  0
49  4  70952 136213604 2113108 45878480    0    0 266624 173540 273669 1397317 35 33 31  1  0  0
60  2  70952 136181060 2113108 45878492    0    0 275232 144016 245060 1405062 36 33 31  1  0  0
98  3  70952 136188276 2113108 45878512    0    0 270000 142616 240484 1362873 34 33 32  1  0  0
59  7  70952 136169916 2113112 45878532    0    0 271504 163508 231245 1363892 35 33 31  1  0  0
137 10  70952 136151148 2113112 45878556    0    0 275456 135104 224771 1365924 34 33 31  1  0  0
44  5  70952 136145048 2113112 45878572    0    0 270000 145940 224938 1354005 35 32 31  1  0  0
procs -----------memory---------- ---swap-- -----io---- -system-- -------cpu-------
 r  b   swpd   free   buff  cache   si   so    bi    bo   in   cs us sy id wa st gu
25  5  70952 136151676 2113112 45878592    0    0 272144 159660 239879 1391700 36 32 31  1  0  0
19  1  70952 136140988 2113112 45878608    0    0 282128 157508 232909 1372677 35 32 32  1  0  0
57  0  70952 136140244 2113112 45878628    0    0 275728 140756 240351 1397764 35 33 30  1  0  0
95 13  70952 136111972 2113112 45878648    0    0 270400 180048 265132 1412047 36 33 30  1  0  0
23  0  70952 136118668 2113112 45878676    0    0 280192 167072 248875 1400485 35 33 30  1  0  0
82  0  70952 136113428 2113112 45878692    0    0 283008 160048 247604 1398453 37 31 30  2  0  0
81  7  70952 136106544 2113112 45878708    0    0 267424 175808 243801 1399021 36 33 30  1  0  0
70 14  70952 136115924 2113112 45878732    0    0 269520 120528 228334 1362693 34 33 32  1  0  0
113  0  70952 136115148 2113112 45878736    0    0 263280 144336 229117 1360128 36 32 31  1  0  0
65  6  70952 136086592 2113112 45878744    0    0 264416 161624 231165 1379334 35 34 29  1  0  0
59  8  70952 136075988 2113112 45878776    0    0 276864 153036 235760 1383455 36 32 31  1  0  0
74  3  70952 136069872 2113112 45878804    0    0 271072 143628 230922 1378171 35 33 30  1  0  0
106  3  70952 136063744 2113112 45878816    0    0 274592 183476 251385 1395256 37 31 30  1  0  0
79  7  70952 136054060 2113112 45878836    0    0 277088 135308 233650 1369729 36 32 31  1  0  0
36  1  70952 136069312 2113112 45878852    0    0 268688 154144 232269 1378475 35 33 31  1  0  0
138 11  70952 136057192 2113112 45878868    0    0 261200 185956 234273 1391523 37 34 28  1  0  0
61  5  70952 136038568 2113112 45878896    0    0 267344 104040 233287 1386901 36 33 30  1  0  0
113  5  70952 136033848 2113116 45878900    0    0 273152 173772 238451 1388499 36 32 31  1  0  0
63  0  70952 136035624 2113116 45878928    0    0 272256 167164 242261 1371734 37 32 30  1  0  0
90  1  70952 136026552 2113116 45878960    0    0 269600 148084 234373 1372244 36 32 31  1  0  0
49  0  70952 136019760 2113116 45878968    0    0 277200 134404 233855 1364254 35 32 31  1  0  0
procs -----------memory---------- ---swap-- -----io---- -system-- -------cpu-------
 r  b   swpd   free   buff  cache   si   so    bi    bo   in   cs us sy id wa st gu
54  0  70952 136024416 2113116 45878984    0    0 273504 166908 234584 1364333 35 33 31  1  0  0
37 10  70952 136012112 2113120 45878996    0    0 288176 157668 249116 1385704 37 31 31  1  0  0
99  9  70952 136000856 2113120 45879012    0    0 269872 175452 248497 1389518 37 32 30  1  0  0
16  1  70952 135986600 2113120 45879028    0    0 290832 138796 233850 1353271 36 31 31  2  0  0
68  4  70952 135982024 2113120 45879048    0    0 264640 169340 245470 1390039 36 32 31  1  0  0
32  6  70952 135967936 2113120 45879064    0    0 271024 147816 239305 1386536 35 33 30  1  0  0
50  0  70952 135976472 2113120 45879084    0    0 263632 157960 248134 1389996 37 32 30  1  0  0
52  2  70952 135978100 2113120 45879104    0    0 272672 150556 235079 1376226 36 33 30  1  0  0
47  0  70952 135979624 2113120 45879112    0    0 278368 149924 239377 1373502 35 32 31  1  0  0
43  3  70952 135962436 2113120 45879132    0    0 271392 149888 229636 1357643 35 33 31  1  0  0
49  0  70952 135957712 2113120 45879144    0    0 272896 153844 228494 1360513 35 34 30  1  0  0
27  0  70952 135947784 2113120 45879164    0    0 267248 129376 228848 1367531 35 34 30  1  0  0
61  1  70952 135937144 2113120 45879184    0    0 275632 146188 229372 1348226 35 33 31  1  0  0
49  3  70952 135934912 2113120 45879204    0    0 274016 158788 222915 1326004 35 33 31  1  0  0
67  3  70952 135940848 2113120 45879228    0    0 274480 165260 229093 1331637 34 34 30  1  0  0
77  1  70952 135941824 2113120 45879244    0    0 261744 147084 225168 1325573 34 35 30  1  0  0
98  0  70952 135944204 2113120 45879252    0    0 271808 138108 224731 1320963 35 33 31  1  0  0
74  5  70952 135932152 2113120 45879276    0    0 270896 137652 221945 1317304 34 35 31  1  0  0
20 11  70952 135922768 2113120 45879288    0    0 262864 160976 225869 1338594 35 33 30  1  0  0
76  1  70952 135907188 2113120 45879324    0    0 280880 136476 232655 1362678 35 33 31  1  0  0
86  0  70952 135926328 2113120 45879336    0    0 267712 181332 247531 1357583 37 33 29  1  0  0
procs -----------memory---------- ---swap-- -----io---- -system-- -------cpu-------
 r  b   swpd   free   buff  cache   si   so    bi    bo   in   cs us sy id wa st gu
42  1  70952 135906736 2113120 45879352    0    0 273536 178348 257871 1397536 37 32 29  1  0  0
41  1  70952 135916960 2113120 45879372    0    0 288624 159672 245562 1374937 36 32 30  1  0  0
53 13  70952 135907508 2113120 45879392    0    0 272208 168256 239682 1363916 36 33 30  1  0  0
102  1  70952 135905440 2113120 45879408    0    0 269088 159316 249455 1395822 38 32 29  1  0  0
27  1  70952 135906444 2113120 45879484    0    0 286384 167088 242802 1368052 36 33 30  2  0  0
42  2  70952 135887524 2113120 45879516    0    0 277232 144200 234776 1362682 36 33 31  1  0  0
79 20  70952 135885232 2113120 45879528    0    0 277120 168528 232254 1343449 35 33 31  1  0  0
91  9  70952 135865504 2113120 45879560    0    0 273808 144256 230634 1356648 35 33 30  1  0  0
69  3  70952 135881616 2113120 45879560    0    0 281088 168156 248143 1385122 37 31 31  1  0  0
35  0  70952 135879448 2113120 45879572    0    0 275024 148992 230982 1369667 35 33 31  1  0  0
31  0  70952 135876052 2113124 45879596    0    0 271584 154392 227637 1366280 35 33 31  1  0  0
78 18  70952 135871480 2113124 45879604    0    0 269840 147652 228353 1364635 35 33 31  1  0  0
119  0  70952 135869052 2113124 45879632    0    0 261216 138188 226120 1363463 35 34 30  1  0  0
73  0  70952 135858724 2113124 45879652    0    0 259824 134180 225092 1347465 35 34 30  1  0  0
86  0  70952 135869016 2113124 45879676    0    0 265488 159180 243653 1387433 36 33 30  1  0  0
 4  0  70952 135871788 2113128 45879680    0    0 286864 167776 241606 1390641 36 32 30  1  0  0
 2  5  70952 135861792 2113128 45879696    0    0 277056 157468 238497 1394534 37 31 31  1  0  0
45 17  70952 135855160 2113128 45879716    0    0 269152 148820 232316 1382899 35 34 30  1  0  0
99 12  70952 135852112 2113128 45879736    0    0 281648 153548 235646 1380781 36 33 30  1  0  0
48 12  70952 135855012 2113128 45879756    0    0 262336 155368 231378 1369997 34 35 30  1  0  0
87  9  70952 135846532 2113132 45879784    0    0 277632 144200 241914 1395717 36 32 31  1  0  0
procs -----------memory---------- ---swap-- -----io---- -system-- -------cpu-------
 r  b   swpd   free   buff  cache   si   so    bi    bo   in   cs us sy id wa st gu
80 15  70952 135839204 2113132 45879796    0    0 280208 165744 240323 1378053 35 33 31  1  0  0
150  2  70952 135848368 2113132 45879816    0    0 267536 142512 229156 1377372 35 34 30  1  0  0
65  4  70952 135841656 2113132 45879824    0    0 282032 163372 248751 1396744 37 32 30  1  0  0
 3  0  70952 135832872 2113132 45879840    0    0 273328 168016 243791 1389046 36 33 30  1  0  0
48  1  70952 135843344 2113132 45879864    0    0 274736 146840 235111 1379819 35 34 30  1  0  0
13  4  70952 135835052 2113132 45879892    0    0 275232 163204 238479 1368298 36 32 30  1  0  0
 4  6  70952 135833456 2113132 45879900    0    0 279584 184664 248375 1397897 37 32 30  1  0  0
95  8  70952 135830700 2113132 45879932    0    0 261664 151236 230843 1370331 35 34 30  1  0  0
 2  0  70952 135839840 2113132 45879948    0    0 271184 142484 231781 1400730 36 34 29  1  0  0
58  2  70952 135841176 2113132 45879952    0    0 269760 148176 232372 1371693 35 33 31  1  0  0
 3  1  70952 135842752 2113132 45879964    0    0 278592 161112 239875 1392576 36 33 29  1  0  0
11  7  70952 135831892 2113132 45879980    0    0 276720 136444 229670 1371740 36 33 30  1  0  0
 3  3  70952 135831420 2113132 45879996    0    0 265776 148348 227694 1361536 36 33 30  1  0  0
21 26  70952 135832364 2113132 45880020    0    0 280304 155120 239557 1376811 36 33 30  1  0  0
 6  0  70952 135836080 2113132 45880044    0    0 277040 173412 248247 1390587 37 32 30  1  0  0
11  0  70952 135826964 2113132 45880056    0    0 270832 167216 250855 1389767 37 32 30  1  0  0
 5  0  70952 135822900 2113132 45880076    0    0 278272 181664 259573 1421540 38 32 29  1  0  0
32  1  70952 135819468 2113132 45880092    0    0 286720 157536 247416 1375011 36 32 30  1  0  0
83  0  70952 135814460 2113132 45880108    0    0 275040 163376 232782 1363287 35 33 31  1  0  0
50  4  70952 135819076 2113140 45880132    0    0 276640 147168 232839 1352884 35 33 31  1  0  0
16  0  70952 135803804 2113140 45880148    0    0 274688 150116 230781 1352506 35 33 30  1  0  0
procs -----------memory---------- ---swap-- -----io---- -system-- -------cpu-------
 r  b   swpd   free   buff  cache   si   so    bi    bo   in   cs us sy id wa st gu
83  6  70952 135817180 2113140 45880172    0    0 274784 153332 239173 1375449 34 34 30  1  0  0
65  4  70952 135815240 2113140 45880188    0    0 285968 159100 249932 1398615 37 31 30  1  0  0
56  2  70952 135817280 2113140 45880208    0    0 271296 160340 250778 1397807 37 31 31  1  0  0
 9  0  70952 135810352 2113140 45880216    0    0 268400 148868 232680 1378262 36 33 30  1  0  0
38  0  70952 135807304 2113140 45880236    0    0 248336 141236 225409 1351044 35 34 30  1  0  0
96  4  70952 135822000 2113140 45880248    0    0 277184 146588 236541 1388270 37 33 29  1  0  0
 6  2  70952 135812768 2113140 45880272    0    0 276336 160080 242107 1381027 36 33 30  1  0  0
116  8  70952 135817436 2113140 45880292    0    0 270432 152592 236366 1372783 35 33 31  1  0  0
62  1  70952 135800684 2113140 45880320    0    0 274480 166464 252028 1396998 36 32 31  1  0  0
41  4  70952 135804416 2113140 45880336    0    0 289968 175392 256535 1397478 37 31 31  1  0  0
 1  1  70952 135795960 2113140 45880336    0    0 274672 161400 243057 1392370 37 32 30  1  0  0
14 26  70952 135798284 2113140 45880348    0    0 271616 148756 230559 1361266 35 33 30  1  0  0
 5  1  70952 135792436 2113140 45880376    0    0 269200 166552 231634 1333340 36 34 29  1  0  0
29  5  70952 135794600 2113140 45880388    0    0 255696 142916 226068 1346010 35 35 29  1  0  0
 5  0  70952 135789092 2113140 45880416    0    0 250784 136980 231749 1351619 35 35 29  1  0  0
49  4  70952 135795368 2113140 45880440    0    0 268144 141360 239887 1391414 36 33 30  1  0  0
97 13  70952 135801056 2113140 45880456    0    0 287360 157064 241976 1384406 36 33 30  1  0  0
128  0  70952 135790212 2113140 45880468    0    0 273040 170096 241938 1372291 36 32 31  1  0  0
10  0  70952 135778660 2113144 45880476    0    0 277760 160968 232684 1354834 36 32 31  1  0  0
83 10  70952 135783648 2113144 45880492    0    0 258096 130636 231353 1373339 36 32 31  1  0  0
42  1  70952 135784376 2113144 45880532    0    0 267520 141436 232009 1380882 35 34 30  1  0  0
procs -----------memory---------- ---swap-- -----io---- -system-- -------cpu-------
 r  b   swpd   free   buff  cache   si   so    bi    bo   in   cs us sy id wa st gu
74  1  70952 135768124 2113144 45880544    0    0 274304 154284 230031 1359953 35 32 31  1  0  0
47  0  70952 135764872 2113144 45880592    0    0 276112 156160 248096 1401557 37 33 29  1  0  0
60 11  70952 135777448 2113144 45880692    0    0 263344 169092 257530 1432409 37 33 29  1  0  0
75  1  70952 135781348 2113144 45880692    0    0 261504 140760 239900 1379566 35 32 31  1  0  0
120  0  70952 135775724 2113144 45880712    0    0 279152 156012 248083 1403370 36 32 30  1  0  0
109  0  70952 135788364 2113144 45880732    0    0 265632 155700 228591 1348528 35 33 31  1  0  0
30  5  70952 135771132 2113144 45880748    0    0 278336 138964 225307 1327967 35 34 30  1  0  0
44  6  70952 135781728 2113148 45880768    0    0 263952 152412 230022 1352386 36 33 30  1  0  0
30 10  70952 135785408 2113148 45880772    0    0 277456 149332 231119 1373484 36 33 30  1  0  0
 4  0  70952 135784012 2113148 45880804    0    0 282240 160228 239125 1374812 36 32 30  1  0  0
 2  0  70952 135798356 2113148 45880820    0    0 260736 152164 245042 1370757 35 34 30  1  0  0
22  0  70952 135796104 2113148 45880828    0    0 261504 144880 234191 1383143 36 33 30  1  0  0
90  9  70952 135779616 2113152 45880844    0    0 271616 152680 241565 1384515 37 33 29  1  0  0
 7  1  70952 135784696 2113152 45880864    0    0 266416 154196 240720 1377807 37 33 29  1  0  0
39  1  70952 135766044 2113152 45880876    0    0 269984 159932 237018 1377757 36 33 30  1  0  0
58  0  70952 135769724 2113152 45880908    0    0 277968 168376 246758 1390318 37 32 30  1  0  0
74  6  70952 135773656 2113152 45880928    0    0 273120 148196 236325 1383322 36 34 30  1  0  0
45  2  70952 135782876 2113152 45880944    0    0 262160 141764 236442 1383763 36 33 30  1  0  0
22  0  70952 135768388 2113152 45880944    0    0 279920 161700 249055 1386331 37 32 30  1  0  0
 1  1  70952 135760292 2113152 45880960    0    0 260608 169640 227575 1358030 35 33 31  1  0  0
77  3  70952 135774720 2113152 45880984    0    0 276208 154152 246898 1382982 37 32 30  1  0  0
procs -----------memory---------- ---swap-- -----io---- -system-- -------cpu-------
 r  b   swpd   free   buff  cache   si   so    bi    bo   in   cs us sy id wa st gu
92  3  70952 135769628 2113152 45881000    0    0 280064 163044 245288 1381769 37 33 29  1  0  0
61  2  70952 135777008 2113152 45881028    0    0 275520 169652 248868 1397114 37 32 30  1  0  0
68  0  70952 135775664 2113152 45881044    0    0 280144 160476 239417 1374971 36 32 30  1  0  0
24  7  70952 135763840 2113152 45881064    0    0 266432 154124 233579 1358879 36 32 31  1  0  0
42  7  70952 135776184 2113152 45881072    0    0 289376 156568 247911 1403284 36 33 30  1  0  0
32 12  70952 135749444 2113152 45881092    0    0 259840 155288 229173 1363959 35 33 31  1  0  0
90  6  70952 135769756 2113152 45881128    0    0 287760 171048 248749 1425039 38 32 28  1  0  0
98  7  70952 135767648 2113152 45881140    0    0 245008 128156 227649 1356546 35 34 30  1  0  0
35  2  70952 135771512 2113152 45881168    0    0 262256 142672 237569 1385956 36 34 30  1  0  0
96  0  70952 135777644 2113152 45881184    0    0 253280 145512 231226 1374136 36 33 30  1  0  0
37  3  70952 135772244 2113152 45881208    0    0 279936 154184 233916 1373258 36 33 30  1  0  0
 3  0  70952 135774076 2113152 45881220    0    0 270224 170972 243530 1403205 38 34 28  1  0  0
 1  1  70952 135765520 2113152 45881228    0    0 255120 133568 235143 1385144 36 33 30  1  0  0
39  1  70952 135762364 2113152 45881240    0    0 261856 130900 231893 1376594 36 33 30  1  0  0
56  5  70952 135752220 2113152 45881256    0    0 275728 164324 229069 1342712 34 33 31  1  0  0
102  2  70952 135761580 2113152 45881272    0    0 252192 131108 232600 1386780 35 34 30  1  0  0
64  0  70952 135761508 2113152 45881292    0    0 273488 155908 232533 1369909 35 33 31  1  0  0
14  0  70952 135759884 2113156 45881320    0    0 269216 173792 263273 1442053 37 34 28  1  0  0
124  7  70952 135773476 2113156 45881336    0    0 259744 133064 234249 1372948 35 36 28  1  0  0
68  5  70952 135762592 2113156 45881348    0    0 247024 138180 223241 1353723 35 34 30  1  0  0
33  9  70952 135750096 2113156 45881360    0    0 277840 150784 221356 1336472 35 33 31  1  0  0
procs -----------memory---------- ---swap-- -----io---- -system-- -------cpu-------
 r  b   swpd   free   buff  cache   si   so    bi    bo   in   cs us sy id wa st gu
107  1  70952 135761868 2113156 45881380    0    0 257184 139804 227689 1381092 35 35 28  1  0  0
57  4  70952 135755812 2113160 45881408    0    0 283312 152540 235207 1380514 36 33 30  1  0  0
60  3  70952 135740736 2113160 45881424    0    0 275648 167112 234850 1350436 35 32 31  1  0  0
126  0  70952 135740200 2113160 45881436    0    0 278336 161276 232601 1374716 35 33 31  1  0  0
 8  0  70952 135760116 2113160 45881456    0    0 265808 160408 242001 1387916 35 33 30  1  0  0
69  1  70952 135757296 2113160 45881472    0    0 270064 162280 233019 1391912 36 34 29  1  0  0
134  0  70952 135752968 2113160 45881488    0    0 272192 137108 231601 1381321 35 33 31  1  0  0
62  0  70952 135750160 2113160 45881508    0    0 260000 138664 232619 1386301 35 34 30  1  0  0
56 18  70952 135747936 2113160 45881524    0    0 267440 146512 228567 1368659 35 34 30  1  0  0
93 20  70952 135738852 2113160 45881544    0    0 249472 142256 231601 1380813 35 34 30  1  0  0
 3  0  70952 135755132 2113160 45881556    0    0 265936 145368 232043 1386456 36 34 29  1  0  0
129  7  70952 135746364 2113164 45881568    0    0 261088 142720 237696 1389010 36 34 30  1  0  0
18  3  70952 135750272 2113164 45881588    0    0 268752 150008 236146 1390674 35 33 30  1  0  0
 4  2  70952 135739484 2113164 45881596    0    0 273920 160400 236190 1350921 36 33 30  1  0  0
56  3  70952 135751296 2113164 45881608    0    0 275344 162644 235353 1380878 36 34 29  1  0  0
71  7  70952 135747152 2113164 45881636    0    0 253424 128772 235793 1394699 37 34 29  1  0  0
85  9  70952 135759916 2113164 45881668    0    0 262688 145332 231304 1377890 35 34 30  1  0  0
 2  0  70952 135747408 2113164 45881688    0    0 271632 165864 242643 1384637 37 33 30  1  0  0
 7  3  70952 135733296 2113164 45881712    0    0 266656 145480 236232 1358550 35 34 30  1  0  0
66  0  70952 135745068 2113164 45881800    0    0 279920 168748 244962 1399011 36 32 30  1  0  0
111  1  70952 135744800 2113164 45881808    0    0 267344 142820 235102 1390991 35 34 30  1  0  0
procs -----------memory---------- ---swap-- -----io---- -system-- -------cpu-------
 r  b   swpd   free   buff  cache   si   so    bi    bo   in   cs us sy id wa st gu
22  2  70952 135741212 2113164 45881816    0    0 273856 151384 240480 1373592 36 33 30  1  0  0
76 10  70952 135741644 2113164 45881836    0    0 271840 158464 235694 1356820 35 32 31  1  0  0
29  1  70952 135728256 2113164 45881864    0    0 274832 151056 231062 1368195 36 33 30  1  0  0
19  3  70952 135741104 2113164 45881876    0    0 281744 158772 245182 1401717 36 33 30  1  0  0
103 11  70952 135743056 2113164 45881908    0    0 273472 165164 244261 1396386 36 33 30  1  0  0
71  9  70952 135748072 2113164 45881932    0    0 273616 154172 245668 1397392 36 33 30  1  0  0
68  7  70952 135754632 2113164 45881940    0    0 254448 133260 244008 1425943 36 34 29  1  0  0
72  3  70952 135745752 2113164 45881948    0    0 284480 149084 237582 1378474 36 32 31  1  0  0
61  1  70952 135743276 2113164 45881972    0    0 273360 170100 239004 1405253 37 33 28  1  0  0
78  1  70952 135741584 2113164 45881988    0    0 274256 170548 240050 1380601 36 32 31  1  0  0
68  2  70952 135742788 2113168 45882000    0    0 270656 148548 236686 1402177 36 33 29  1  0  0
52  1  70952 135734576 2113168 45882016    0    0 251312 137820 232772 1391028 36 34 30  1  0  0
 6  1  70952 135739952 2113168 45882044    0    0 276592 159464 248251 1404849 37 32 30  1  0  0
40  1  70952 135742084 2113168 45882060    0    0 268016 149964 252208 1429006 36 33 29  1  0  0
76  1  70952 135733336 2113168 45882072    0    0 275408 164392 248476 1393704 35 33 31  1  0  0
40  5  70952 135732888 2113172 45882092    0    0 274400 156736 241228 1420367 37 34 28  1  0  0
 8  0  70952 135741084 2113172 45882116    0    0 278768 174612 245405 1384039 37 31 30  1  0  0
109  3  70952 135735032 2113172 45882132    0    0 255760 120024 230542 1404199 36 34 29  1  0  0
73  0  70952 135733000 2113172 45882152    0    0 271920 151544 228965 1368080 35 33 32  1  0  0
 3  0  70952 135745388 2113172 45882160    0    0 277840 147920 229218 1368106 35 33 31  1  0  0
92  3  70952 135737724 2113172 45882184    0    0 277232 163820 246850 1403424 37 32 30  1  0  0
procs -----------memory---------- ---swap-- -----io---- -system-- -------cpu-------
 r  b   swpd   free   buff  cache   si   so    bi    bo   in   cs us sy id wa st gu
90  8  70952 135738896 2113172 45882200    0    0 267888 148224 237533 1404805 35 33 30  1  0  0
79  5  70952 135734208 2113172 45882212    0    0 272256 151436 241993 1408969 36 33 30  1  0  0
113  8  70952 135736196 2113172 45882228    0    0 282240 156836 236899 1388548 35 33 30  1  0  0
 6  3  70952 135745744 2113172 45882248    0    0 284288 178984 249715 1387785 37 32 30  1  0  0
 3  0  70952 135733500 2113176 45882256    0    0 257328 147252 237008 1389250 36 34 30  1  0  0
78  4  70952 135726644 2113176 45882280    0    0 280960 151364 234245 1414933 36 34 28  1  0  0
119  8  70952 135729836 2113176 45882316    0    0 280176 145204 234373 1370125 36 32 30  1  0  0
 6  0  70952 135743744 2113180 45882328    0    0 267408 164820 230776 1364321 35 33 31  1  0  0
 4  1  70952 135736052 2113180 45882332    0    0 260368 137264 233978 1386702 36 33 30  1  0  0
75  7  70952 135735804 2113180 45882352    0    0 280400 163332 250341 1408690 37 32 30  1  0  0
30  9  70952 135735612 2113180 45882368    0    0 275344 149356 233644 1385529 36 33 30  1  0  0
84  9  70952 135728784 2113180 45882384    0    0 271760 167984 243601 1368960 36 31 32  1  0  0
81  3  70952 135727004 2113184 45882404    0    0 274112 151440 247059 1413620 37 33 29  1  0  0
 1  1  70952 135737536 2113184 45882432    0    0 277296 155064 231000 1378163 35 32 31  1  0  0
 2  0  70952 135727780 2113184 45882440    0    0 272416 161768 241891 1383465 36 32 30  1  0  0
108  0  70952 135729012 2113184 45882452    0    0 275264 164480 238272 1398090 35 33 30  1  0  0
 9  8  70952 135727432 2113184 45882472    0    0 281520 168808 245801 1392573 36 32 31  1  0  0
65  1  70952 135731080 2113184 45882492    0    0 279488 169520 250976 1395571 37 32 30  1  0  0
83  3  70952 135730176 2113184 45882508    0    0 271424 142716 233270 1384865 35 34 30  1  0  0
26  2  70952 135734316 2113184 45882528    0    0 274304 156140 232768 1381979 35 34 30  1  0  0
54  9  70952 135728240 2113184 45882544    0    0 276336 153608 231312 1349885 35 34 30  1  0  0
procs -----------memory---------- ---swap-- -----io---- -system-- -------cpu-------
 r  b   swpd   free   buff  cache   si   so    bi    bo   in   cs us sy id wa st gu
67  7  70952 135721684 2113184 45882576    0    0 272480 147936 230854 1364964 36 33 30  1  0  0
39  0  70952 135732332 2113184 45882588    0    0 290896 168540 242455 1364283 36 31 31  2  0  0
 3  0  70952 135724180 2113184 45882600    0    0 273344 159600 241765 1380309 36 32 31  1  0  0
13  1  70952 135730684 2113184 45882608    0    0 269440 141824 235437 1381697 36 33 30  1  0  0
31  0  70952 135724060 2113184 45882628    0    0 269248 157344 230205 1358145 35 33 31  1  0  0
117  8  70952 135718824 2113184 45882652    0    0 277376 161380 241617 1372225 36 33 30  1  0  0
43  6  70952 135721092 2113184 45882676    0    0 271808 157116 248742 1393073 37 33 29  1  0  0
79 10  70952 135732104 2113184 45882696    0    0 268432 161784 237577 1376355 37 32 30  1  0  0
48  8  70952 135738248 2113184 45882696    0    0 257216 136592 241002 1388983 35 34 29  1  0  0
100 18  70952 135726900 2113184 45882716    0    0 277120 163008 247597 1395129 36 32 30  1  0  0
145  9  70952 135732572 2113184 45882740    0    0 272464 158832 239458 1378693 36 32 31  1  0  0
14  4  70952 135728208 2113188 45882760    0    0 267552 160388 238424 1352157 36 32 31  1  0  0
62  0  70952 135723132 2113188 45882776    0    0 286752 155972 241502 1390389 36 32 30  1  0  0
77  0  70952 135725788 2113188 45882788    0    0 261840 161340 240351 1388005 36 33 30  1  0  0
56  0  70952 135722220 2113188 45882804    0    0 263568 149144 236713 1381757 36 34 29  1  0  0
116 15  70952 135736880 2113188 45882816    0    0 278080 153244 246687 1387267 36 33 30  1  0  0
54  6  70952 135724772 2113196 45882904    0    0 274672 160352 252296 1411333 37 33 29  1  0  0
36  2  70952 135710608 2113196 45882924    0    0 268944 157312 235529 1368540 35 33 31  1  0  0
 4  0  70952 135727016 2113196 45882948    0    0 269968 159400 237654 1376648 36 33 30  1  0  0
52  1  70952 135721960 2113196 45882968    0    0 268544 147500 240083 1385521 37 32 30  1  0  0
92  2  70952 135717892 2113196 45882996    0    0 277824 159568 240948 1385404 36 33 30  1  0  0
procs -----------memory---------- ---swap-- -----io---- -system-- -------cpu-------
 r  b   swpd   free   buff  cache   si   so    bi    bo   in   cs us sy id wa st gu
52  7  70952 135699452 2113196 45883024    0    0 269616 175400 247158 1391764 36 32 30  1  0  0
 6  0  70952 135699732 2113196 45883028    0    0 269760 165856 242504 1387513 36 33 29  1  0  0
82  5  70952 135693900 2113196 45883036    0    0 271408 149496 240817 1391133 36 33 30  1  0  0
64  4  70952 135704324 2113196 45883056    0    0 281200 156596 248920 1385428 36 33 30  1  0  0
39  6  70952 135716540 2113196 45883076    0    0 265680 152216 227628 1351115 35 33 31  1  0  0
84  7  70952 135724604 2113200 45883096    0    0 262272 144692 229968 1371389 36 34 30  1  0  0
46  1  70952 135715244 2113200 45883128    0    0 274416 142260 228875 1373435 36 34 29  1  0  0
64  1  70952 135708000 2113200 45883148    0    0 265760 148700 228519 1368079 36 32 31  1  0  0
 4  0  70952 135711944 2113200 45883164    0    0 273520 151884 232998 1372545 35 33 30  1  0  0
83  0  70952 135709072 2113200 45883176    0    0 288512 168052 245289 1392027 36 32 31  1  0  0
140  0  70952 135709300 2113200 45883180    0    0 274768 177088 250726 1400097 37 31 30  1  0  0
 4  0  70952 135702700 2113200 45883212    0    0 264960 143252 234260 1379940 35 33 31  1  0  0
25 28  70952 135714776 2113200 45883228    0    0 270512 162200 241843 1387542 36 32 30  1  0  0
61  1  70952 135710988 2113200 45883240    0    0 277984 164048 239081 1392960 36 32 30  1  0  0
36  0  70952 135705872 2113200 45883272    0    0 270208 151872 232202 1385317 36 33 30  1  0  0
136  3  70952 135715256 2113200 45883288    0    0 275184 156140 244085 1404420 37 32 30  1  0  0
36  1  70952 135711260 2113200 45883296    0    0 276912 153540 241001 1369291 34 33 32  1  0  0
83  8  70952 135702852 2113200 45883300    0    0 271968 157392 235980 1399076 35 33 30  1  0  0
87  4  70952 135716632 2113200 45883324    0    0 260320 137508 231175 1381838 35 34 30  1  0  0
96  0  70952 135713788 2113200 45883340    0    0 272880 166904 243795 1393197 37 32 29  1  0  0
89  3  70952 135711104 2113200 45883364    0    0 281232 161804 250834 1403300 37 31 31  1  0  0
procs -----------memory---------- ---swap-- -----io---- -system-- -------cpu-------
 r  b   swpd   free   buff  cache   si   so    bi    bo   in   cs us sy id wa st gu
58  2  70952 135711708 2113200 45883392    0    0 269184 152260 232039 1384864 35 33 31  1  0  0
54  0  70952 135713152 2113200 45883420    0    0 261792 146864 232144 1383581 35 34 30  1  0  0
66  2  70952 135715264 2113200 45883432    0    0 278336 151960 232700 1374825 36 32 30  1  0  0
81 12  70952 135704568 2113200 45883440    0    0 260336 147888 234805 1385920 36 33 30  1  0  0
41  5  70952 135703596 2113200 45883468    0    0 280112 163580 243485 1385748 36 33 30  1  0  0
 4  0  70952 135703628 2113200 45883480    0    0 268912 154004 228063 1358623 35 33 31  1  0  0
70  2  70952 135714444 2113200 45883500    0    0 264496 144468 231057 1380206 35 34 30  1  0  0
27  0  70952 135709928 2113200 45883516    0    0 265040 174464 237958 1395074 37 33 29  1  0  0
65  0  70952 135710452 2113200 45883540    0    0 269536 149352 241360 1401214 37 33 30  1  0  0
11  0  70952 135717040 2113200 45883552    0    0 272240 159040 248011 1403248 36 33 30  1  0  0
101  5  70952 135709608 2113200 45883564    0    0 270080 164004 250605 1400180 37 31 31  1  0  0
46  8  70952 135709368 2113200 45883588    0    0 282384 153496 248822 1400205 36 33 29  1  0  0
14 13  70952 135709144 2113200 45883608    0    0 265904 161544 256719 1418906 37 32 30  1  0  0
98  8  70952 135701700 2113200 45883616    0    0 271056 164560 238305 1395787 36 34 29  1  0  0
99 11  70952 135707828 2113200 45883640    0    0 255936 131176 232958 1392190 35 34 30  1  0  0
 6  5  70952 135706704 2113200 45883668    0    0 273360 147884 228981 1373041 35 33 30  1  0  0
83 12  70952 135716164 2113200 45883684    0    0 269648 157408 229147 1357210 34 34 31  1  0  0
154  6  70952 135713216 2113200 45883692    0    0 272400 142876 232745 1385498 36 33 30  1  0  0
53  3  70952 135710008 2113200 45883708    0    0 269776 150804 230192 1328810 35 33 31  1  0  0
84  5  70952 135726992 2113200 45883728    0    0 261968 145516 238075 1379555 36 34 29  1  0  0
56  3  70952 135710472 2113204 45883748    0    0 276368 159460 238113 1380903 37 33 30  1  0  0
procs -----------memory---------- ---swap-- -----io---- -system-- -------cpu-------
 r  b   swpd   free   buff  cache   si   so    bi    bo   in   cs us sy id wa st gu
13  0  70952 135711364 2113204 45883764    0    0 284768 164868 246080 1372512 37 32 30  1  0  0
73  0  70952 135705044 2113204 45883776    0    0 264160 168196 244627 1378853 38 34 28  1  0  0
 5  0  70952 135709916 2113204 45883796    0    0 279760 157860 238445 1357350 35 33 30  1  0  0
87  3  70952 135706360 2113204 45883808    0    0 273184 164500 246424 1369230 36 34 29  1  0  0
27  4  70952 135705900 2113212 45883832    0    0 268672 152860 229944 1336581 36 33 30  1  0  0
79  7  70952 135696204 2113212 45883852    0    0 270208 165588 232988 1341192 36 32 31  1  0  0
105 16  70952 135702560 2113212 45883872    0    0 283600 164364 240478 1393590 37 33 29  1  0  0
52  3  70952 135697996 2113212 45883892    0    0 290096 153392 232852 1380816 36 33 30  1  0  0
85  4  70952 135699804 2113212 45883912    0    0 267904 142596 239117 1390730 37 32 30  1  0  0
17  4  70952 135718340 2113216 45883924    0    0 268064 159280 235661 1371618 35 33 31  1  0  0
87  0  70952 135717568 2113216 45883932    0    0 274832 148104 232168 1366308 35 32 32  1  0  0
63  2  70952 135710960 2113216 45883956    0    0 289504 159984 233810 1377021 36 32 31  2  0  0
 3  3  70952 135696268 2113216 45883980    0    0 251648 147028 232213 1381776 36 33 30  1  0  0
50  6  70952 135707496 2113216 45884068    0    0 270208 164596 235873 1396026 36 34 29  1  0  0
61  2  70952 135709772 2113216 45884092    0    0 259872 138372 231712 1371258 35 34 30  1  0  0
12  0  70952 135692968 2113216 45884112    0    0 274240 161676 246954 1382264 36 33 30  1  0  0
93 10  70952 135698800 2113216 45884120    0    0 265504 177900 251025 1394135 37 33 29  1  0  0
171  0  70952 135704172 2113216 45884128    0    0 251888 128268 234846 1394021 36 34 30  1  0  0
48 11  70952 135691548 2113216 45884140    0    0 280592 152864 235627 1378410 36 33 30  1  0  0
34  0  70952 135687236 2113220 45884180    0    0 269008 153204 229948 1374517 35 33 30  1  0  0
31  0  70952 135701124 2113220 45884192    0    0 276336 150120 233744 1369656 36 32 31  1  0  0
procs -----------memory---------- ---swap-- -----io---- -system-- -------cpu-------
 r  b   swpd   free   buff  cache   si   so    bi    bo   in   cs us sy id wa st gu
56  0  70952 135686192 2113220 45884220    0    0 271216 167420 235782 1358901 35 32 31  1  0  0
82  2  70952 135676740 2113220 45884240    0    0 268272 152608 224578 1333076 35 34 30  1  0  0
48  0  70952 135700564 2113220 45884260    0    0 251776 133044 223864 1352092 34 35 29  1  0  0
60  1  70952 135698224 2113220 45884268    0    0 264400 151504 238711 1393561 36 33 30  1  0  0
55  3  70952 135690120 2113220 45884284    0    0 266816 159284 239832 1370317 36 33 30  1  0  0
45  8  70952 135692432 2113220 45884304    0    0 274064 175532 240330 1369373 36 33 30  1  0  0
92 10  70952 135695296 2113220 45884324    0    0 254048 130024 236979 1398019 36 33 30  1  0  0
127  0  70952 135696160 2113220 45884340    0    0 256704 129392 228806 1359605 35 35 29  1  0  0
144  1  70952 135692572 2113220 45884364    0    0 278800 165500 231414 1374896 35 35 29  1  0  0
103  8  70952 135700352 2113220 45884380    0    0 270496 149620 233049 1367694 36 33 30  1  0  0
50 10  70952 135700932 2113220 45884392    0    0 273792 146736 231681 1362044 35 33 31  1  0  0
 5  1  70952 135686328 2113220 45884400    0    0 283440 154900 242755 1389638 36 33 31  1  0  0
64  6  70952 135692240 2113220 45884420    0    0 261760 141704 239158 1394041 35 34 31  1  0  0
 5  0  70952 135685744 2113220 45884444    0    0 258048 146932 236361 1370240 35 34 30  1  0  0
32  0  70952 135687604 2113220 45884456    0    0 258528 147472 229639 1342694 35 34 30  1  0  0
56  6  70952 135680904 2113220 45884484    0    0 264224 143076 225453 1343454 34 36 29  1  0  0
34  8  70952 135667888 2113220 45884500    0    0 267072 145660 227180 1358348 35 34 30  1  0  0
85  2  70952 135661956 2113220 45884512    0    0 266736 148188 232452 1400329 36 33 30  1  0  0
115  5  70952 135664912 2113220 45884524    0    0 252544 140936 229721 1404513 36 34 29  1  0  0
121  1  70952 135678044 2113220 45884548    0    0 267792 153012 229217 1381359 36 33 30  1  0  0
55  1  70952 135684440 2113220 45884572    0    0 278000 158428 236530 1415840 35 34 30  1  0  0
procs -----------memory---------- ---swap-- -----io---- -system-- -------cpu-------
 r  b   swpd   free   buff  cache   si   so    bi    bo   in   cs us sy id wa st gu
107  3  70952 135673432 2113220 45884588    0    0 277504 167184 240401 1438182 37 34 28  1  0  0
62  3  70952 135677220 2113220 45884608    0    0 275888 154548 232909 1400051 35 33 30  1  0  0
52  3  70952 135693216 2113220 45884624    0    0 268336 163748 229489 1363698 35 33 31  1  0  0
 5  0  70952 135697260 2113220 45884632    0    0 279904 145168 235682 1390138 36 33 30  1  0  0
48  4  70952 135697528 2113220 45884648    0    0 273936 154824 235040 1394879 36 33 30  1  0  0
47  2  70952 135696812 2113220 45884668    0    0 267600 162480 231530 1396447 36 33 30  1  0  0
98  2  70952 135681472 2113220 45884688    0    0 276752 142072 242873 1421889 37 33 29  1  0  0
94  0  70952 135671024 2113220 45884708    0    0 275648 173512 239009 1401668 35 33 30  1  0  0
63  2  70952 135685176 2113220 45884732    0    0 254336 123100 228013 1404937 36 34 29  1  0  0
78 11  70952 135682492 2113220 45884760    0    0 284464 161804 234974 1373175 35 31 32  1  0  0
31  4  70952 135690044 2113220 45884772    0    0 276624 171180 247861 1401738 36 32 31  1  0  0
97  3  70952 135686136 2113220 45884780    0    0 272784 147240 241645 1411986 37 32 30  1  0  0
164 11  70952 135686884 2113228 45884792    0    0 262144 152288 235575 1391303 36 33 30  1  0  0
23  4  70952 135682272 2113228 45884824    0    0 283456 163396 234995 1385316 36 32 30  1  0  0
76  1  70952 135675884 2113228 45884836    0    0 286576 158668 232098 1379554 35 32 31  1  0  0
60  1  70952 135668872 2113228 45884864    0    0 272048 158324 233890 1360051 35 32 31  1  0  0
44  1  70952 135679520 2113228 45884888    0    0 268448 163808 230745 1379083 36 33 30  1  0  0
33  0  70952 135686288 2113228 45884904    0    0 283232 144988 235733 1408323 36 33 29  1  0  0
32  0  70952 135689748 2113228 45884916    0    0 272288 151988 238872 1407259 36 33 30  1  0  0
56  4  70952 135682412 2113228 45884920    0    0 267600 150596 237619 1380165 36 32 31  1  0  0
51 17  70952 135682228 2113228 45884940    0    0 263648 142964 227606 1364283 34 34 31  1  0  0
procs -----------memory---------- ---swap-- -----io---- -system-- -------cpu-------
 r  b   swpd   free   buff  cache   si   so    bi    bo   in   cs us sy id wa st gu
104  4  70952 135680392 2113228 45884956    0    0 269072 154280 248320 1409227 37 33 29  1  0  0
53  3  70952 135675976 2113228 45884972    0    0 287168 173788 246221 1409037 37 33 29  1  0  0
42  0  70952 135673692 2113228 45885008    0    0 270016 165992 230418 1371624 35 33 31  1  0  0
142  4  70952 135680724 2113228 45885024    0    0 257248 148520 231705 1385927 36 34 29  1  0  0
90  1  70952 135687488 2113228 45885036    0    0 310032 153648 245144 1406592 37 32 29  2  0  0
30  2  70952 135683896 2113228 45885048    0    0 303280 163316 238589 1370515 36 30 32  1  0  0
80  0  70952 135672540 2113232 45885068    0    0 279872 157880 234145 1347043 35 32 32  1  0  0
59  5  70952 135674112 2113232 45885084    0    0 275472 173260 251006 1402055 38 31 31  1  0  0
30  0  70952 135672692 2113232 45885116    0    0 262656 159252 242395 1361257 36 32 31  1  0  0
60  6  70952 135680156 2113232 45885136    0    0 279632 161368 232710 1387328 37 33 29  1  0  0
17  0  70952 135672936 2113232 45885212    0    0 276256 130360 236651 1383297 37 33 29  1  0  0
56  3  70952 135687700 2113232 45885228    0    0 275984 167440 238901 1413127 37 34 28  1  0  0
 7  2  70952 135681704 2113232 45885244    0    0 283024 155692 238371 1382705 36 32 30  1  0  0
34  3  70952 135676916 2113232 45885260    0    0 276016 154460 235261 1368590 36 31 32  1  0  0
10  0  70952 135674908 2113232 45885280    0    0 259376 109308 229083 1370488 36 33 30  1  0  0
62  6  70952 135678816 2113232 45885300    0    0 291744 202892 238517 1395464 37 33 29  1  0  0
23  0  70952 135676620 2113232 45885320    0    0 272560 154452 237209 1374197 36 33 29  1  0  0
55  1  70952 135668920 2113232 45885336    0    0 275072 147492 243372 1394081 37 33 29  1  0  0
106  3  70952 135664420 2113232 45885360    0    0 272464 165468 234226 1374257 35 33 31  1  0  0
94  1  70952 135663608 2113232 45885372    0    0 253936 124572 231734 1380697 36 34 29  1  0  0
37  2  70952 135661088 2113232 45885388    0    0 275488 158152 230276 1362044 36 33 30  1  0  0
procs -----------memory---------- ---swap-- -----io---- -system-- -------cpu-------
 r  b   swpd   free   buff  cache   si   so    bi    bo   in   cs us sy id wa st gu
82  0  70952 135680320 2113232 45885412    0    0 277936 145368 232192 1361168 35 33 30  1  0  0
50  1  70952 135676800 2113232 45885432    0    0 283184 176576 240745 1361268 36 32 31  1  0  0
72  1  70952 135677076 2113232 45885452    0    0 275824 148044 238592 1392089 37 32 30  1  0  0
118  0  70952 135667440 2113232 45885476    0    0 258496 156296 234132 1379470 36 33 30  1  0  0
39  1  70952 135669420 2113232 45885496    0    0 271776 148260 231156 1403509 36 34 29  1  0  0
72  0  70952 135675828 2113240 45885496    0    0 261472 131584 230831 1388906 36 33 30  1  0  0
108  8  70952 135661368 2113240 45885512    0    0 273584 154860 232287 1384591 35 33 31  1  0  0
39  0  70952 135660616 2113240 45885536    0    0 278112 165860 243675 1395081 37 32 31  1  0  0
61  0  70952 135677880 2113240 45885556    0    0 282400 155440 234866 1392930 36 33 30  1  0  0
83  1  70952 135674788 2113240 45885576    0    0 277088 182204 240760 1381287 36 32 30  1  0  0
64 14  70952 135672356 2113244 45885592    0    0 264320 162364 230559 1377293 35 34 30  1  0  0
13  0  70952 135676932 2113244 45885604    0    0 279936 120696 237967 1365441 37 32 30  1  0  0
53  1  70952 135681208 2113244 45885620    0    0 261744 176092 229791 1395290 36 35 28  1  0  0
76  0  70952 135677112 2113244 45885632    0    0 268816 146148 229525 1375366 35 34 30  1  0  0
122  4  70952 135654564 2113244 45885648    0    0 274704 150112 239889 1404792 36 34 29  1  0  0
54  7  70952 135663636 2113244 45885676    0    0 257536 144264 237733 1376384 36 33 30  1  0  0
21  0  70952 135665008 2113244 45885700    0    0 277808 158044 229967 1363672 35 33 30  1  0  0
108  8  70952 135665104 2113244 45885716    0    0 273440 159360 240848 1386241 36 33 30  1  0  0
22  1  70952 135670744 2113244 45885740    0    0 277408 147152 234409 1384061 36 32 31  1  0  0
32  7  70952 135669504 2113244 45885752    0    0 279664 169592 234983 1360799 35 32 31  1  0  0
27  1  70952 135665212 2113248 45885756    0    0 276016 143396 227472 1360272 35 32 32  1  0  0
procs -----------memory---------- ---swap-- -----io---- -system-- -------cpu-------
 r  b   swpd   free   buff  cache   si   so    bi    bo   in   cs us sy id wa st gu
51  1  70952 135650100 2113248 45885768    0    0 274128 147872 228388 1352655 35 33 31  1  0  0
47  3  70952 135664184 2113248 45885792    0    0 253440 150084 219788 1322397 35 33 31  1  0  0
151 13  70952 135667064 2113248 45885816    0    0 245904 134864 222741 1344929 35 34 29  1  0  0
22  8  70952 135671448 2113248 45885836    0    0 253664 121140 222348 1337255 35 35 29  1  0  0
31 23  70952 135672456 2113248 45885852    0    0 266736 174272 224582 1352463 35 34 29  1  0  0
50  0  70952 135680828 2113248 45885876    0    0 278608 135780 230405 1361087 35 34 30  1  0  0
29 22  70952 135680328 2113248 45885884    0    0 285712 162444 231475 1357623 36 31 32  1  0  0
 9  0  70952 135666232 2113248 45885904    0    0 257952 138764 225807 1330196 35 34 30  1  0  0
51  1  70952 135664572 2113248 45885924    0    0 273360 158176 221716 1320056 35 33 31  1  0  0
120  2  70952 135657968 2113248 45885936    0    0 265840 120116 229260 1379019 36 34 30  1  0  0
104  0  70952 135651696 2113252 45886004    0    0 272304 182304 249333 1419898 37 33 29  1  0  0
122  0  70952 135660232 2113252 45886020    0    0 262320 146260 229855 1375316 36 33 31  1  0  0
55  2  70952 135664984 2113252 45886036    0    0 259552 153112 248220 1407034 37 33 29  1  0  0
94  5  70952 135660836 2113252 45886048    0    0 288784 166496 235768 1370456 36 33 30  1  0  0
11  0  70952 135645916 2113260 45886068    0    0 307232 166608 238462 1368982 37 31 31  1  0  0
54  0  70952 135655556 2113260 45886092    0    0 265616 155292 228398 1362116 35 33 31  1  0  0
44  1  70952 135658572 2113260 45886112    0    0 261424 146752 229665 1371517 35 34 30  1  0  0
71  4  70952 135656876 2113260 45886128    0    0 278880 134880 230880 1373412 35 33 31  1  0  0
47  1  70952 135643924 2113260 45886148    0    0 271344 149700 239753 1390146 37 33 29  1  0  0
85  1  70952 135648636 2113264 45886168    0    0 282528 182192 246128 1401351 37 33 28  1  0  0
123  3  70952 135646916 2113264 45886176    0    0 288160 168516 237927 1377216 36 33 30  1  0  0
procs -----------memory---------- ---swap-- -----io---- -system-- -------cpu-------
 r  b   swpd   free   buff  cache   si   so    bi    bo   in   cs us sy id wa st gu
95  9  70952 135647612 2113264 45886184    0    0 260544 157556 241712 1383927 36 33 30  1  0  0
39  6  70952 135650052 2113264 45886212    0    0 273616 148752 242749 1392601 36 33 30  1  0  0
32  8  70952 135662188 2113264 45886232    0    0 248144 142796 231243 1372570 35 34 30  1  0  0
87  3  70952 135652900 2113264 45886248    0    0 257232 113520 232045 1383352 37 33 29  1  0  0
120 10  70952 135659336 2113264 45886272    0    0 266800 187756 250248 1452070 38 35 26  1  0  0
86  1  70952 135646440 2113264 45886288    0    0 257504 115868 240101 1404745 37 34 29  1  0  0
14  0  70952 135634648 2113264 45886312    0    0 281056 172972 241407 1402806 36 34 29  1  0  0
117  0  70952 135628196 2113264 45886412    0    0 282880 155196 232098 1349155 35 32 32  1  0  0
116  7  70952 135644304 2113268 45886432    0    0 260128 139308 229005 1373431 36 32 31  1  0  0
102  9  70952 135648788 2113268 45886448    0    0 276400 143492 229216 1379436 35 33 31  1  0  0
55  8  70952 135645248 2113268 45886464    0    0 272672 154524 233291 1379818 35 33 30  1  0  0
52  1  70952 135630324 2113268 45886496    0    0 286224 162804 249566 1383158 37 32 30  1  0  0
77  5  70952 135648324 2113268 45886516    0    0 259264 154180 239729 1362008 36 33 30  1  0  0
23  0  70952 135658676 2113268 45886528    0    0 267056 160972 229630 1374731 35 34 31  1  0  0
71  2  70952 135645876 2113268 45886536    0    0 271584 129532 241315 1396127 36 33 30  1  0  0
72  7  70952 135650128 2113268 45886548    0    0 287184 180052 235781 1382228 36 33 29  1  0  0
68  5  70952 135651512 2113268 45886572    0    0 250448 153780 239309 1388842 36 34 30  1  0  0
56 10  70952 135645176 2113268 45886596    0    0 254784 147472 233469 1379199 35 34 30  1  0  0
75  2  70952 135646956 2113268 45886612    0    0 266144 153012 252602 1424130 37 33 29  1  0  0
38  1  70952 135636860 2113268 45886632    0    0 267360 123932 240260 1379244 36 33 30  1  0  0
71 10  70952 135658152 2113268 45886648    0    0 279072 171232 238881 1407712 36 33 30  1  0  0
procs -----------memory---------- ---swap-- -----io---- -system-- -------cpu-------
 r  b   swpd   free   buff  cache   si   so    bi    bo   in   cs us sy id wa st gu
39  1  70952 135652344 2113268 45886660    0    0 254912 147808 230711 1382827 35 34 30  1  0  0
24  2  70952 135648968 2113268 45886676    0    0 292560 144080 228264 1364962 36 32 31  2  0  0
100  0  70952 135652912 2113268 45886700    0    0 259312 185380 234273 1404960 37 35 28  1  0  0
64 14  70952 135645784 2113268 45886716    0    0 254160 125680 226451 1377851 36 35 29  1  0  0
30 25  70952 135648304 2113268 45886736    0    0 282400 156136 237814 1393764 35 33 30  1  0  0
62  6  70952 135637080 2113268 45886752    0    0 270432 157232 251030 1387194 36 32 30  1  0  0
60  8  70952 135648016 2113268 45886772    0    0 252480 158112 236721 1382484 35 33 31  1  0  0
33  1  70952 135641760 2113272 45886772    0    0 257392 145072 229900 1374942 35 34 30  1  0  0
80  0  70952 135643112 2113272 45886800    0    0 287200 150200 230506 1363582 34 33 31  2  0  0
69  4  70952 135634748 2113272 45886820    0    0 262000 150596 238783 1392552 37 33 29  1  0  0
118  6  70952 135643340 2113272 45886844    0    0 250256 122700 227733 1380021 35 34 30  1  0  0
27 28  70952 135643488 2113272 45886876    0    0 279120 178492 237904 1382097 36 33 30  1  0  0
43  2  70952 135649024 2113280 45886892    0    0 262400 125080 233460 1388027 36 33 30  1  0  0
19  1  70952 135658532 2113280 45886900    0    0 261120 170212 241931 1403916 36 32 30  1  0  0
47 12  70952 135659956 2113280 45886908    0    0 267120 146532 229752 1379545 35 33 31  1  0  0
20  1  70952 135644260 2113280 45886920    0    0 267840 160340 239164 1368182 37 32 30  1  0  0
77  0  70952 135647424 2113280 45886944    0    0 271264 132540 227802 1356435 35 33 31  1  0  0
67  0  70952 135648404 2113280 45886980    0    0 262112 122508 226387 1357059 35 35 29  1  0  0
77  5  70952 135643592 2113280 45887000    0    0 266080 169900 233415 1398620 36 34 29  1  0  0
62  0  70952 135644116 2113280 45887016    0    0 257104 147188 235971 1391858 36 34 29  1  0  0
17  0  70952 135643228 2113280 45887032    0    0 276416 135896 231045 1379115 35 33 30  1  0  0
procs -----------memory---------- ---swap-- -----io---- -system-- -------cpu-------
 r  b   swpd   free   buff  cache   si   so    bi    bo   in   cs us sy id wa st gu
15  0  70952 135646152 2113280 45887040    0    0 263408 158336 235747 1393266 36 34 29  1  0  0
41  3  70952 135643660 2113280 45887048    0    0 268992 130980 230775 1371767 36 34 29  1  0  0
55  0  70952 135647692 2113280 45887076    0    0 268576 179016 243064 1374867 36 34 28  1  0  0
84  2  70952 135654324 2113280 45887100    0    0 284224 153288 233906 1342152 35 34 30  1  0  0
132  2  70952 135643148 2113280 45887120    0    0 268896 155768 235415 1354143 35 34 30  1  0  0
128 13  70952 135636088 2113280 45887136    0    0 273488 158648 255450 1419542 37 32 29  1  0  0
81  2  70952 135648148 2113284 45887156    0    0 273152 146748 246356 1368821 35 33 30  1  0  0
84  1  70952 135656260 2113284 45887168    0    0 272128 159304 242478 1391449 37 32 30  1  0  0
28  1  70952 135651084 2113284 45887184    0    0 272096 167760 228396 1343392 35 33 31  1  0  0
40  1  70952 135631280 2113284 45887204    0    0 252688 136452 225601 1353542 35 34 29  1  0  0
118  2  70952 135640928 2113284 45887224    0    0 270976 148764 227775 1358610 35 34 29  1  0  0
60  3  70952 135631404 2113284 45887244    0    0 273584 152504 241395 1386597 37 32 29  1  0  0
56 14  70952 135636824 2113284 45887268    0    0 267808 162924 235393 1383097 35 33 30  1  0  0
41  0  70952 135639480 2113284 45887288    0    0 272352 128256 238610 1381244 35 33 31  1  0  0
29  5  70952 135647952 2113284 45887296    0    0 271456 132440 239087 1367426 35 33 32  1  0  0
60  1  70952 135633596 2113284 45887300    0    0 263952 171084 242391 1392056 35 33 31  1  0  0
83  1  70952 135620024 2113284 45887324    0    0 268160 142268 230994 1364925 36 32 31  1  0  0
104  0  70952 135535528 2113284 45887344    0    0 261344 159660 254906 1410992 37 34 28  1  0  0
62  3  70952 135545520 2113284 45887368    0    0 266240 133056 233421 1383926 35 34 30  1  0  0
35  7  70952 135507092 2113284 45887384    0    0 267744 149776 232537 1367456 35 34 30  1  0  0
108  5  70952 135473648 2113284 45887396    0    0 272880 176952 244347 1392154 37 32 30  1  0  0
procs -----------memory---------- ---swap-- -----io---- -system-- -------cpu-------
 r  b   swpd   free   buff  cache   si   so    bi    bo   in   cs us sy id wa st gu
46  9  70952 135521632 2113284 45887420    0    0 278160 135736 248377 1393985 35 33 30  1  0  0
49  0  70952 135497712 2113284 45887428    0    0 271136 160888 237109 1400604 36 34 29  1  0  0
72  6  70952 135518540 2113284 45887444    0    0 244928 142624 228119 1369289 35 34 30  1  0  0
80  2  70952 135503712 2113284 45887464    0    0 264912 131084 230759 1372913 35 35 29  1  0  0
51  1  70952 135499744 2113284 45887560    0    0 283488 153672 229626 1347389 35 33 31  1  0  0
37  0  70952 135535168 2113284 45887580    0    0 257200 163420 231104 1365624 35 34 29  1  0  0
38  1  70952 135547320 2113284 45887600    0    0 258944 116524 235657 1372460 35 34 30  1  0  0
81  1  70952 135553264 2113284 45887612    0    0 271728 155156 237437 1391603 36 34 29  1  0  0
40  0  70952 135538844 2113284 45887620    0    0 265392 157672 232151 1383045 35 33 31  1  0  0
18  6  70952 135540972 2113284 45887636    0    0 275712 161596 248708 1412371 37 32 29  1  0  0
73 12  70952 135544168 2113284 45887664    0    0 266304 161396 249416 1405982 37 32 29  1  0  0
91  6  70952 135546280 2113284 45887684    0    0 264560 153948 233008 1383671 36 33 30  1  0  0
78  2  70952 135546960 2113284 45887696    0    0 268896 144564 230692 1382802 35 34 30  1  0  0
126  5  70952 135517144 2113284 45887716    0    0 255792 132408 231738 1380915 35 34 30  1  0  0
139  0  70952 135510852 2113284 45887720    0    0 265312 147472 243913 1401458 36 33 31  1  0  0
48  0  70952 135542600 2113288 45887744    0    0 265152 165168 233910 1391627 36 33 30  1  0  0
73  2  70952 135536840 2113288 45887764    0    0 278112 150616 237332 1375289 35 33 30  1  0  0
56  4  70952 135541428 2113288 45887780    0    0 243280 160812 225433 1366438 35 36 28  1  0  0
77  8  70952 135551300 2113288 45887792    0    0 263040 112768 230263 1384224 34 35 29  1  0  0
98  7  70952 135527448 2113288 45887820    0    0 267808 153312 231702 1377095 35 33 31  1  0  0
96  0  70952 135541932 2113288 45887836    0    0 269264 161212 236786 1379283 35 33 30  1  0  0
procs -----------memory---------- ---swap-- -----io---- -system-- -------cpu-------
 r  b   swpd   free   buff  cache   si   so    bi    bo   in   cs us sy id wa st gu
107 10  70952 135527808 2113288 45887856    0    0 280560 150144 244067 1402203 36 32 31  1  0  0
20 27  70952 135537256 2113288 45887864    0    0 275024 156780 241573 1398228 36 32 31  1  0  0
 3  0  70952 135531516 2113288 45887888    0    0 267136 155852 233114 1380441 36 33 30  1  0  0
37  1  70952 135542576 2113288 45887916    0    0 273280 155416 244860 1403809 36 33 30  1  0  0
37 14  70952 135552136 2113288 45887924    0    0 273968 164420 246351 1405967 37 32 30  1  0  0
116  0  70952 135534832 2113288 45887944    0    0 265328 159552 245641 1404682 37 33 29  1  0  0
129  0  70952 135517920 2113288 45887976    0    0 277520 167768 233514 1402242 36 33 29  1  0  0
45  3  70952 135514464 2113288 45887992    0    0 265600 127936 232674 1401422 36 34 29  1  0  0
 1  0  70952 135521788 2113288 45887996    0    0 265072 163736 240058 1398846 36 33 30  1  0  0
 6  0  70952 135528968 2113292 45887992    0    0 270896 141328 240837 1403507 35 33 31  1  0  0
 3  0  70952 135543772 2113292 45888024    0    0 270160 148400 230746 1363225 34 33 31  1  0  0
 9  0  70952 135547784 2113292 45888048    0    0 267584 135316 228206 1375509 36 34 30  1  0  0
43 10  70952 135532924 2113292 45888064    0    0 271008 162052 235821 1372399 35 32 31  1  0  0
48  0  70952 135543444 2113296 45888088    0    0 279168 153008 236677 1388384 37 33 29  1  0  0
66  1  70952 135577680 2113296 45888112    0    0 257744 150008 231137 1380669 35 34 30  1  0  0
112  0  70952 135574016 2113296 45888128    0    0 262880 148812 239026 1402883 36 33 31  1  0  0
29  1  70952 135564984 2113296 45888140    0    0 275248 163268 258808 1427254 37 32 30  1  0  0
60  9  70952 135552536 2113296 45888156    0    0 263776 159864 245470 1410131 37 33 30  1  0  0
92  1  70952 135551656 2113296 45888176    0    0 270704 153972 243047 1401816 37 32 29  1  0  0
109  0  70952 135550640 2113296 45888184    0    0 274896 152556 232612 1374966 36 33 30  1  0  0
70  1  70952 135546900 2113296 45888216    0    0 250752 144824 229874 1367753 35 33 31  1  0  0
procs -----------memory---------- ---swap-- -----io---- -system-- -------cpu-------
 r  b   swpd   free   buff  cache   si   so    bi    bo   in   cs us sy id wa st gu
74  7  70952 135559436 2113296 45888228    0    0 269248 162016 227631 1366742 34 34 30  1  0  0
85  1  70952 135556448 2113296 45888256    0    0 250240 136464 228454 1370642 35 35 29  1  0  0
14  3  70952 135555740 2113296 45888264    0    0 268896 153704 241549 1413971 36 34 28  1  0  0
149  2  70952 135549048 2113296 45888280    0    0 264624 140716 232381 1371011 35 34 30  1  0  0
 3  0  70952 135568500 2113296 45888288    0    0 272192 149936 234079 1387895 36 33 30  1  0  0
86  2  70952 135550264 2113296 45888320    0    0 271984 162120 238227 1373807 36 32 31  1  0  0
102 12  70952 135545420 2113296 45888332    0    0 273376 158132 227012 1341681 35 34 30  1  0  0
74  5  70952 135563856 2113296 45888348    0    0 255248 128388 227364 1382957 35 35 29  1  0  0
107  2  70952 135557052 2113296 45888372    0    0 260736 158464 232450 1392638 36 36 27  1  0  0
 1  1  70952 135560788 2113296 45888384    0    0 254976 132224 231814 1394952 36 33 30  1  0  0
26  1  70952 135561316 2113296 45888400    0    0 272736 151964 251441 1413490 36 33 30  1  0  0
127  1  70952 135563156 2113296 45888416    0    0 272704 169404 242592 1374953 36 32 31  1  0  0
93  5  70952 135573264 2113300 45888440    0    0 287312 151632 236589 1367011 36 32 31  1  0  0
11  0  70952 135542300 2113300 45888468    0    0 271504 160460 237053 1378104 36 32 30  1  0  0
146  0  70952 135547264 2113300 45888484    0    0 266656 145980 231294 1380705 36 33 30  1  0  0
53 18  70952 135570032 2113300 45888504    0    0 269136 149312 241250 1388331 36 33 29  1  0  0
55  2  70952 135566040 2113300 45888516    0    0 273024 161692 237973 1375903 36 33 30  1  0  0
38  1  70952 135575828 2113308 45888528    0    0 258240 153584 236079 1387540 35 35 29  1  0  0
73  0  70952 135574044 2113308 45888552    0    0 266960 132784 236326 1389775 35 34 30  1  0  0
77  7  70952 135567876 2113308 45888568    0    0 257728 146452 229700 1373638 35 33 31  1  0  0
83  1  70952 135562920 2113308 45888592    0    0 265264 153032 232869 1356319 35 32 31  1  0  0
procs -----------memory---------- ---swap-- -----io---- -system-- -------cpu-------
 r  b   swpd   free   buff  cache   si   so    bi    bo   in   cs us sy id wa st gu
37  2  70952 135561880 2113308 45888612    0    0 288912 162724 239050 1360796 36 32 31  2  0  0
14  0  70952 135561708 2113308 45888696    0    0 278848 157700 233973 1374075 36 32 30  1  0  0
50  1  70952 135558712 2113308 45888704    0    0 274432 148328 237635 1393220 36 34 29  1  0  0
116  0  70952 135566800 2113308 45888712    0    0 270480 160296 229610 1350323 34 34 31  1  0  0
78  2  70952 135560860 2113308 45888744    0    0 263216 135348 233479 1396109 36 34 29  1  0  0
 6  6  70952 135570788 2113308 45888764    0    0 270448 156376 242963 1400236 37 33 30  1  0  0
57  7  70952 135556472 2113312 45888776    0    0 273616 168180 248951 1392563 36 32 30  1  0  0
99  0  70952 135552236 2113312 45888796    0    0 289232 186052 240380 1376769 36 31 31  1  0  0
102  3  70952 135563684 2113312 45888820    0    0 243712 136248 229569 1388097 35 34 30  1  0  0
41  1  70952 135568312 2113312 45888844    0    0 270096 142120 232242 1376876 36 34 30  1  0  0
66  4  70952 135570788 2113312 45888856    0    0 277104 164688 255660 1419933 36 32 30  1  0  0
 6  1  70952 135566536 2113312 45888872    0    0 274208 148196 232855 1378679 36 32 31  1  0  0
 5  1  70952 135564544 2113312 45888880    0    0 269008 166780 231701 1369531 36 33 30  1  0  0
47  1  70952 135547332 2113312 45888908    0    0 283344 145940 233142 1372349 35 33 31  1  0  0
51  4  70952 135572196 2113312 45888932    0    0 282528 152080 231310 1377789 35 34 30  1  0  0
 3  0  70952 135568628 2113312 45888952    0    0 278912 165148 239034 1371444 37 32 30  1  0  0
49 10  70952 135577780 2113312 45888960    0    0 268672 150520 231873 1369746 35 33 31  1  0  0
14  0  70952 135578356 2113312 45888968    0    0 254336 132952 231791 1385923 35 34 30  1  0  0
39  1  70952 135584532 2113312 45888984    0    0 258576 147808 232238 1381789 35 34 30  1  0  0
41  0  70952 135574904 2113312 45888996    0    0 269200 148040 232303 1378826 35 34 30  1  0  0
45  0  70952 135575836 2113312 45889028    0    0 267968 159512 228673 1364416 36 34 29  1  0  0
procs -----------memory---------- ---swap-- -----io---- -system-- -------cpu-------
 r  b   swpd   free   buff  cache   si   so    bi    bo   in   cs us sy id wa st gu
87  7  70952 135569420 2113312 45889048    0    0 260128 139028 228690 1388338 36 34 29  1  0  0
 4  0  70952 135582008 2113312 45889064    0    0 262640 135016 230952 1394969 36 35 29  1  0  0
34  0  70952 135572784 2113312 45889080    0    0 269184 148608 230494 1371381 36 33 30  1  0  0
108  0  70952 135572960 2113312 45889100    0    0 264816 145676 237490 1393568 37 33 30  1  0  0
32  1  70952 135566212 2113312 45889116    0    0 267120 150320 235551 1379215 36 32 31  1  0  0
154  0  70952 135570300 2113312 45889140    0    0 278032 156556 233908 1364532 35 34 30  1  0  0
55  0  70952 135573772 2113312 45889148    0    0 276048 152920 235665 1384377 36 32 30  1  0  0
 3  0  70952 135577048 2113312 45889168    0    0 276400 157024 233704 1376770 36 33 30  1  0  0
81  1  70952 135571764 2113312 45889188    0    0 250672 137828 228650 1365748 36 36 27  1  0  0
87  7  70952 135569872 2113312 45889208    0    0 290576 175764 250849 1427140 37 33 28  2  0  0
49  5  70952 135571644 2113312 45889220    0    0 289552 171780 256733 1400479 36 32 31  1  0  0
 2  1  70952 135567248 2113312 45889236    0    0 272896 188916 235100 1338594 35 32 32  1  0  0
116  4  70952 135574732 2113312 45889260    0    0 261056 127804 231038 1387163 36 33 30  1  0  0
27  4  70952 135552084 2113312 45889280    0    0 277344 150176 233171 1383909 36 34 29  1  0  0
30  0  70952 135556948 2113312 45889292    0    0 267168 148548 228868 1356230 35 34 30  1  0  0
174  0  70952 135561384 2113312 45889312    0    0 274928 158776 224928 1343064 35 33 31  1  0  0
76 12  70952 135548564 2113312 45889340    0    0 248912 135500 232425 1357805 35 35 29  1  0  0
58  4  70952 135561420 2113312 45889348    0    0 255584 143664 236253 1355686 35 35 29  1  0  0
65  2  70952 135576308 2113312 45889356    0    0 273120 150996 253527 1422480 38 32 29  1  0  0
108  0  70952 135573616 2113316 45889376    0    0 276736 164208 243517 1391267 37 33 29  1  0  0
 4  0  70952 135561008 2113316 45889412    0    0 270576 152576 231465 1373830 36 33 30  1  0  0
procs -----------memory---------- ---swap-- -----io---- -system-- -------cpu-------
 r  b   swpd   free   buff  cache   si   so    bi    bo   in   cs us sy id wa st gu
62  2  70952 135537540 2113316 45889428    0    0 269536 140204 230506 1368411 35 33 31  1  0  0
41  1  70952 135562380 2113316 45889448    0    0 277120 164696 242170 1386731 37 32 30  1  0  0
19  0  70952 135566188 2113316 45889468    0    0 283168 166472 237877 1363490 36 32 31  1  0  0
86  1  70952 135567924 2113316 45889488    0    0 280208 161216 254805 1415356 37 33 30  1  0  0
50  1  70952 135563524 2113316 45889500    0    0 250752 138796 239339 1383793 35 35 30  1  0  0
86  7  70952 135578808 2113316 45889504    0    0 264688 141336 240526 1397751 36 33 30  1  0  0
41  2  70952 135570428 2113316 45889532    0    0 263792 153240 252256 1421312 37 33 29  1  0  0
91  0  70952 135565492 2113316 45889552    0    0 274752 150200 231182 1370928 36 33 30  1  0  0
95 12  70952 135554896 2113316 45889576    0    0 270576 152872 231981 1362541 36 33 30  1  0  0
93  7  70952 135550264 2113316 45889608    0    0 259120 139396 229610 1372844 35 35 29  1  0  0
41  1  70952 135561880 2113316 45889620    0    0 274928 146920 234740 1385564 36 33 30  1  0  0
17  5  70952 135571080 2113316 45889628    0    0 281184 161892 242755 1390013 37 32 30  1  0  0
77  1  70952 135568040 2113316 45889628    0    0 258320 164364 233445 1394038 36 34 29  1  0  0
158  6  70952 135547828 2113316 45889664    0    0 258832 137928 242227 1406757 36 34 29  1  0  0
14  0  70952 135558752 2113316 45889688    0    0 268576 150124 250793 1410751 37 33 29  1  0  0
61  5  70952 135552524 2113316 45889708    0    0 275040 166444 240581 1378095 35 33 31  1  0  0
40  4  70952 135566244 2113316 45889728    0    0 272352 144712 236472 1382552 36 33 30  1  0  0
37  0  70952 135571984 2113316 45889748    0    0 283760 166212 244248 1392246 37 32 30  1  0  0
72  7  70952 135570756 2113316 45889748    0    0 263744 180156 245119 1388880 36 32 30  1  0  0
82  0  70952 135582812 2113316 45889832    0    0 276272 156048 253629 1416749 36 33 30  1  0  0
56  1  70952 135565964 2113316 45889848    0    0 258256 145080 243016 1401122 35 34 30  1  0  0
procs -----------memory---------- ---swap-- -----io---- -system-- -------cpu-------
 r  b   swpd   free   buff  cache   si   so    bi    bo   in   cs us sy id wa st gu
11  0  70952 135564336 2113316 45889860    0    0 277184 167876 254679 1405241 36 32 31  1  0  0
106  8  70952 135570988 2113316 45889880    0    0 269232 157664 237437 1399467 37 33 29  1  0  0
123  6  70952 135564012 2113316 45889908    0    0 266128 154584 239729 1376316 36 32 31  1  0  0
18  1  70952 135550372 2113320 45889920    0    0 277488 155588 241947 1389401 37 33 29  1  0  0
78  6  70952 135561988 2113320 45889936    0    0 265344 144464 235491 1394162 36 33 30  1  0  0
94  0  70952 135568384 2113320 45889952    0    0 272272 162304 240754 1385774 36 32 30  1  0  0
10  0  70952 135552820 2113320 45889964    0    0 273328 150116 232841 1373603 34 33 31  1  0  0
10  0  70952 135554036 2113320 45889980    0    0 266848 155440 238131 1388243 36 32 31  1  0  0
151  0  70952 135561128 2113320 45890000    0    0 260064 135028 239289 1398590 36 32 30  1  0  0
64  1  70952 135541420 2113320 45890020    0    0 255344 145544 229286 1377048 36 33 31  1  0  0
 9  0  70952 135545792 2113320 45890040    0    0 261008 140524 232484 1390685 36 34 29  1  0  0
45  2  70952 135547932 2113320 45890052    0    0 277680 161488 245220 1391720 36 33 30  1  0  0
 5  0  70952 135563952 2113320 45890064    0    0 272512 157920 240695 1390026 36 32 30  1  0  0
63 10  70952 135568364 2113320 45890080    0    0 269088 149884 241702 1406614 37 33 29  1  0  0
39  0  70952 135563276 2113320 45890100    0    0 276736 176864 250522 1412360 37 33 29  1  0  0
19  0  70952 135567712 2113320 45890120    0    0 281680 154544 249962 1406651 36 33 30  1  0  0
 2  0  70952 135562580 2113320 45890140    0    0 256896 147004 230941 1381828 36 33 30  1  0  0
86  3  70952 135538972 2113320 45890156    0    0 266592 155220 235267 1400835 37 34 28  1  0  0
10  0  70952 135561876 2113320 45890184    0    0 277856 136536 232530 1381692 35 34 30  1  0  0
69  0  70952 135579056 2113320 45890196    0    0 279552 154056 235100 1396624 35 33 30  1  0  0
84  6  70952 135576556 2113320 45890200    0    0 268032 156968 233474 1380778 35 33 31  1  0  0
procs -----------memory---------- ---swap-- -----io---- -system-- -------cpu-------
 r  b   swpd   free   buff  cache   si   so    bi    bo   in   cs us sy id wa st gu
29  0  70952 135561148 2113320 45890224    0    0 269264 147660 234013 1385053 36 34 30  1  0  0
 4  2  70952 135561008 2113320 45890244    0    0 274016 155308 240736 1400092 36 34 29  1  0  0
67  4  70952 135540756 2113324 45890260    0    0 294016 165960 242486 1393797 37 32 30  1  0  0
21  2  70952 135538820 2113324 45890284    0    0 266016 170060 226998 1360665 34 34 31  1  0  0
94  1  70952 135541240 2113324 45890300    0    0 265648 159100 239039 1378717 36 33 30  1  0  0
101  0  70952 135556100 2113324 45890316    0    0 259856 140264 236021 1403224 36 33 30  1  0  0
114  4  70952 135557428 2113324 45890332    0    0 274256 152596 237630 1395080 36 34 29  1  0  0
105  2  70952 135565340 2113324 45890356    0    0 274752 150336 235507 1382508 36 33 30  1  0  0
105  4  70952 135558972 2113324 45890376    0    0 268912 151672 240771 1407374 36 33 29  1  0  0
30  1  70952 135543076 2113324 45890404    0    0 257744 141204 231436 1372931 35 33 31  1  0  0
89  0  70952 135532588 2113324 45890424    0    0 267824 144608 226493 1361655 35 35 29  1  0  0
55  0  70952 135540908 2113324 45890432    0    0 268768 161384 239354 1376451 36 33 30  1  0  0
47  1  70952 135540336 2113332 45890460    0    0 275552 160888 239374 1370574 36 32 30  1  0  0
49 15  70952 135545708 2113332 45890472    0    0 268128 150596 236290 1372054 36 33 30  1  0  0
129  0  70952 135556664 2113332 45890484    0    0 261952 163452 234795 1364589 36 34 28  1  0  0
131  0  70952 135532904 2113332 45890504    0    0 266608 134488 235967 1390568 35 35 28  1  0  0
60  7  70952 135518780 2113332 45890524    0    0 274928 148844 232024 1384894 36 33 30  1  0  0
91  5  70952 135531896 2113336 45890540    0    0 263232 159224 232585 1343133 35 32 32  1  0  0
82  3  70952 135533108 2113336 45890564    0    0 262352 137372 230146 1386351 35 34 30  1  0  0
65  0  70952 135531572 2113336 45890588    0    0 259632 143280 232662 1384039 36 34 30  1  0  0
125  2  70952 135522884 2113336 45890600    0    0 276672 145860 235471 1399393 36 34 30  1  0  0
procs -----------memory---------- ---swap-- -----io---- -system-- -------cpu-------
 r  b   swpd   free   buff  cache   si   so    bi    bo   in   cs us sy id wa st gu
 7  3  70952 135530104 2113336 45890608    0    0 279744 164760 245797 1391837 37 32 31  1  0  0
35  1  70952 135531380 2113336 45890620    0    0 277568 174880 256510 1407788 37 32 30  1  0  0
87  1  70952 135536736 2113336 45890648    0    0 265984 155500 241568 1398497 37 32 30  1  0  0
61  0  70952 135539520 2113336 45890664    0    0 270128 168428 248340 1385487 37 32 30  1  0  0
117  1  70952 135539404 2113336 45890684    0    0 269456 165800 251683 1399289 37 32 29  1  0  0
37  0  70952 135556476 2113336 45890704    0    0 285632 154504 236091 1383911 36 33 30  1  0  0
57  6  70952 135581452 2113336 45890712    0    0 266144 156704 234116 1360212 36 34 30  1  0  0
71  7  70952 135575488 2113336 45890736    0    0 247232 143800 227330 1347899 35 34 30  1  0  0
123  0  70952 135555500 2113336 45890744    0    0 281088 153752 240656 1344339 35 33 30  1  0  0
87  7  70952 135549340 2113336 45890764    0    0 265024 149344 229942 1345189 35 33 30  1  0  0
75  3  70952 135547408 2113336 45890792    0    0 267968 160712 222892 1336673 35 35 29  1  0  0
183  0  70952 135531832 2113336 45890812    0    0 246464 142648 221998 1330467 35 34 30  1  0  0
91 11  70952 135542464 2113336 45890828    0    0 263232 144680 223417 1341748 34 35 30  1  0  0
58  5  70952 135551072 2113336 45890852    0    0 269840 146788 233190 1357047 36 34 29  1  0  0
12  0  70952 135555040 2113336 45890860    0    0 267088 156284 232608 1363596 35 33 30  1  0  0
102  0  70952 135556568 2113336 45890868    0    0 274016 172452 258551 1431647 38 34 27  1  0  0
 3  0  70952 135555560 2113336 45890956    0    0 266928 145796 236807 1383164 35 33 30  1  0  0
77  0  70952 135547576 2113336 45890976    0    0 266720 144256 227048 1361167 35 33 30  1  0  0
92  3  70952 135545976 2113336 45891000    0    0 254720 149344 230105 1372132 35 34 30  1  0  0
35  0  70952 135535988 2113336 45891020    0    0 268592 139864 228794 1375044 35 34 30  1  0  0
55  1  70952 135549020 2113336 45891036    0    0 254480 142604 231193 1378839 36 34 29  1  0  0
procs -----------memory---------- ---swap-- -----io---- -system-- -------cpu-------
 r  b   swpd   free   buff  cache   si   so    bi    bo   in   cs us sy id wa st gu
 5  0  70952 135557536 2113336 45891052    0    0 282160 158768 243430 1404448 36 32 30  1  0  0
103  0  70952 135555412 2113336 45891052    0    0 269152 146048 233429 1381341 35 34 30  1  0  0
 4  1  70952 135537916 2113336 45891072    0    0 278080 158532 237503 1395260 36 32 30  1  0  0
61  1  70952 135542376 2113336 45891096    0    0 281888 151700 232164 1366818 35 32 31  1  0  0
65  2  70952 135539172 2113336 45891120    0    0 266432 148440 232257 1380269 35 33 30  1  0  0
38  1  70952 135534440 2113336 45891140    0    0 244704 136324 232182 1388081 36 34 29  1  0  0
35  8  70952 135542716 2113336 45891152    0    0 265136 143652 242177 1405744 36 34 29  1  0  0
46  7  70952 135539864 2113336 45891172    0    0 282096 159680 246723 1410845 37 32 30  1  0  0
36 13  70952 135540872 2113336 45891184    0    0 264352 163940 257519 1425574 37 32 30  1  0  0
82 14  70952 135528296 2113336 45891192    0    0 265040 157596 246205 1422315 37 34 28  1  0  0
71 10  70952 135535324 2113336 45891220    0    0 259648 143576 242122 1428807 37 34 29  1  0  0
30  2  70952 135535860 2113336 45891236    0    0 275440 149468 250318 1401651 36 33 30  1  0  0
23  3  70952 135543540 2113336 45891260    0    0 265248 165116 247017 1410410 37 33 29  1  0  0
39  1  70952 135553824 2113336 45891272    0    0 265200 141056 233345 1380347 35 33 30  1  0  0
29  0  70952 135547480 2113336 45891292    0    0 268368 146008 237960 1399164 36 33 30  1  0  0
40  0  70952 135549088 2113340 45891304    0    0 272336 148932 229924 1368993 35 34 30  1  0  0
89  2  70952 135546188 2113340 45891308    0    0 261552 150140 221724 1319490 35 34 31  1  0  0
53  0  70952 135542568 2113340 45891340    0    0 254768 159044 225350 1344355 35 34 30  1  0  0
 4  0  70952 135540468 2113340 45891356    0    0 272400 151232 242020 1393597 36 33 29  1  0  0
 4  2  70952 135541588 2113340 45891376    0    0 275824 150472 243127 1401838 36 33 29  1  0  0
 4  3  70952 135530456 2113340 45891396    0    0 273184 163424 234781 1378588 36 33 30  1  0  0
procs -----------memory---------- ---swap-- -----io---- -system-- -------cpu-------
 r  b   swpd   free   buff  cache   si   so    bi    bo   in   cs us sy id wa st gu
73  4  70952 135528600 2113340 45891416    0    0 276992 147436 241628 1398081 37 32 29  1  0  0
46  1  70952 135537260 2113340 45891428    0    0 271712 163064 256323 1410556 38 32 29  1  0  0
81  0  70952 135551000 2113340 45891436    0    0 268736 161080 244688 1394015 36 32 31  1  0  0
76  2  70952 135553376 2113340 45891456    0    0 261440 136212 232690 1378179 36 33 30  1  0  0
40  8  70952 135550676 2113340 45891472    0    0 277312 156540 232989 1371216 36 33 30  1  0  0
57  0  70952 135547348 2113340 45891492    0    0 267200 152572 239516 1379574 35 33 31  1  0  0
 6  1  70952 135537156 2113340 45891516    0    0 280224 159660 245843 1387375 36 32 31  1  0  0
56  6  70952 135496956 2113340 45891540    0    0 269056 157608 241746 1385927 36 33 30  1  0  0
48  2  70952 135522200 2113340 45891552    0    0 269744 144864 235939 1383167 35 33 31  1  0  0
93  0  70952 135522716 2113344 45891560    0    0 250816 141596 234578 1396184 36 33 30  1  0  0
52 10  70952 135532048 2113344 45891576    0    0 276992 152644 235533 1392583 36 33 29  1  0  0
83  0  70952 135537048 2113344 45891600    0    0 283024 163820 237983 1374061 36 31 31  1  0  0
11  0  70952 135547244 2113344 45891624    0    0 259648 150068 236525 1379792 35 33 30  1  0  0
53  4  70952 135542740 2113344 45891632    0    0 269824 142792 233623 1371691 35 34 30  1  0  0
32  2  70952 135529752 2113344 45891656    0    0 258320 144384 231877 1380320 36 33 30  1  0  0
59  4  70952 135540592 2113344 45891676    0    0 265456 145640 233893 1383339 35 34 30  1  0  0
103  3  70952 135544276 2113344 45891700    0    0 266976 144500 240337 1410673 36 33 30  1  0  0
111  0  70952 135545208 2113344 45891712    0    0 279632 155816 243020 1389277 37 32 30  1  0  0
38  1  70952 135547564 2113344 45891732    0    0 271952 160844 249506 1396932 36 33 30  1  0  0
19  4  70952 135534984 2113344 45891748    0    0 273280 152876 246756 1399269 36 34 29  1  0  0
104  2  70952 135520172 2113344 45891768    0    0 268112 150596 249689 1405311 36 32 30  1  0  0
procs -----------memory---------- ---swap-- -----io---- -system-- -------cpu-------
 r  b   swpd   free   buff  cache   si   so    bi    bo   in   cs us sy id wa st gu
85  5  70952 135509016 2113344 45891784    0    0 277232 166116 244031 1388315 37 32 30  1  0  0
34  1  70952 135541572 2113344 45891808    0    0 279008 168156 246482 1406680 37 31 30  1  0  0
103  3  70952 135546052 2113344 45891824    0    0 289488 192724 238698 1391388 36 33 30  1  0  0
31  0  70952 135543476 2113344 45891832    0    0 260352 129632 232975 1384500 36 33 30  1  0  0
31  0  70952 135531044 2113344 45891856    0    0 276576 144440 229396 1370778 35 33 31  1  0  0
77  8  70952 135523172 2113344 45891868    0    0 267232 157164 239658 1387668 35 34 30  1  0  0
 5  0  70952 135517332 2113344 45891892    0    0 267424 159300 255293 1416771 37 32 30  1  0  0
91  5  70952 135524976 2113344 45891908    0    0 272336 156352 240286 1382289 36 32 30  1  0  0
112  2  70952 135544964 2113348 45891916    0    0 264752 152352 235267 1378649 36 33 30  1  0  0
97 12  70952 135549864 2113348 45891932    0    0 273648 158432 241013 1390398 36 33 30  1  0  0
118  2  70952 135558804 2113348 45891940    0    0 281440 171128 253957 1420599 38 32 29  1  0  0
79 15  70952 135537544 2113348 45891972    0    0 282160 165060 243826 1392737 37 31 30  1  0  0
53  3  70952 135531680 2113348 45891996    0    0 274336 161808 247988 1396199 37 32 30  1  0  0
44  0  70952 135532700 2113348 45892100    0    0 284080 183920 248297 1397774 36 33 30  2  0  0
114  1  70952 135530628 2113348 45892124    0    0 259328 127384 231140 1396811 36 33 30  1  0  0
94  0  70952 135526576 2113348 45892140    0    0 272032 156368 240132 1393277 35 34 30  1  0  0
102  2  70952 135541816 2113348 45892156    0    0 255552 144052 237722 1390503 36 32 31  1  0  0
79  5  70952 135549616 2113348 45892160    0    0 278080 155424 238035 1395257 36 34 29  1  0  0
76  0  70952 135537728 2113348 45892176    0    0 259072 133652 235923 1379902 36 33 30  1  0  0
90  0  70952 135528344 2113348 45892192    0    0 278080 176436 245734 1432042 37 33 28  1  0  0
124  7  70952 135509860 2113348 45892212    0    0 281488 150256 243888 1397318 36 33 30  1  0  0
procs -----------memory---------- ---swap-- -----io---- -system-- -------cpu-------
 r  b   swpd   free   buff  cache   si   so    bi    bo   in   cs us sy id wa st gu
61  4  70952 135533404 2113348 45892248    0    0 267168 150544 236997 1387919 36 33 30  1  0  0
66  1  70952 135526744 2113348 45892264    0    0 267712 155988 236119 1383929 36 33 30  1  0  0
62  6  70952 135548372 2113348 45892280    0    0 267808 155356 242088 1398619 36 33 29  1  0  0
86  3  70952 135552508 2113348 45892284    0    0 279824 149796 238913 1392848 36 33 30  1  0  0
21  2  70952 135528452 2113348 45892296    0    0 278656 154608 237236 1375197 36 32 31  1  0  0
 5  0  70952 135525088 2113348 45892316    0    0 274784 153156 245728 1405399 36 32 30  1  0  0
122 11  70952 135511872 2113348 45892336    0    0 276656 167604 252647 1395390 36 32 30  1  0  0
11  0  70952 135521800 2113352 45892352    0    0 276640 170988 256166 1419023 37 32 30  1  0  0
14  0  70952 135515832 2113352 45892376    0    0 266352 162204 234730 1394449 36 33 30  1  0  0
52  1  70952 135544168 2113352 45892396    0    0 276608 150956 234197 1374429 36 32 31  1  0  0
63  2  70952 135534608 2113352 45892420    0    0 267664 154712 237585 1392516 36 32 30  1  0  0
59  5  70952 135528608 2113352 45892424    0    0 274928 164912 247803 1404117 37 32 29  1  0  0
112 14  70952 135520536 2113352 45892448    0    0 264544 148016 239331 1403473 36 33 30  1  0  0
51  2  70952 135515888 2113352 45892468    0    0 282064 158820 230546 1368795 35 32 31  1  0  0
41  1  70952 135509848 2113352 45892488    0    0 281328 158980 244806 1391740 36 33 30  1  0  0
51  1  70952 135508688 2113352 45892504    0    0 250400 140688 237476 1385103 36 33 30  1  0  0
123  8  70952 135537308 2113352 45892528    0    0 284080 167864 237481 1379165 35 32 31  1  0  0
126  0  70952 135558360 2113352 45892540    0    0 262480 154540 234947 1388602 35 33 31  1  0  0
148  0  70952 135553804 2113352 45892552    0    0 258848 145116 235823 1391184 35 34 30  1  0  0
206  1  70952 135547276 2113352 45892568    0    0 270576 143300 235395 1396191 37 33 29  1  0  0
86  0  70952 135534892 2113352 45892588    0    0 273632 167412 252982 1409552 37 32 29  1  0  0
procs -----------memory---------- ---swap-- -----io---- -system-- -------cpu-------
 r  b   swpd   free   buff  cache   si   so    bi    bo   in   cs us sy id wa st gu
54  4  70952 135497316 2113352 45892604    0    0 278048 163408 239196 1382588 36 33 30  1  0  0
25  0  70952 135499192 2113352 45892632    0    0 273776 152620 235981 1384560 36 33 30  1  0  0
117  0  70952 135501884 2113352 45892656    0    0 275248 164852 241783 1383175 37 32 30  1  0  0
99  0  70952 135509988 2113352 45892672    0    0 245808 126944 229459 1370870 35 34 30  1  0  0
84  5  70952 135506592 2113352 45892680    0    0 259568 151720 231607 1374834 35 33 31  1  0  0
79  2  70952 135522820 2113352 45892696    0    0 276224 149272 234056 1389389 36 34 30  1  0  0
45  0  70952 135500172 2113352 45892720    0    0 268880 150684 230152 1358078 35 33 31  1  0  0
141  0  70952 135521636 2113352 45892744    0    0 267072 152488 232460 1375304 36 33 30  1  0  0
88  9  70952 135525664 2113352 45892764    0    0 252144 147844 235214 1381358 36 34 30  1  0  0
43  0  70952 135520916 2113352 45892780    0    0 261680 141108 228890 1376446 35 33 31  1  0  0
102  0  70952 135512804 2113352 45892804    0    0 267872 160708 233329 1384549 36 33 30  1  0  0
71  1  70952 135514504 2113352 45892812    0    0 284912 145080 236286 1391936 36 33 30  1  0  0
21  0  70952 135522776 2113356 45892824    0    0 271904 160264 245845 1399151 37 32 29  1  0  0
22  0  70952 135534412 2113356 45892840    0    0 272544 155832 235840 1382618 36 32 30  1  0  0
16  0  70952 135515840 2113356 45892864    0    0 266000 146828 231515 1378083 36 33 30  1  0  0
50  1  70952 135513964 2113356 45892884    0    0 257552 154096 227236 1356937 35 33 31  1  0  0
54 14  70952 135517156 2113356 45892904    0    0 274432 154492 231172 1390530 36 33 30  1  0  0
125  2  70952 135514164 2113356 45892920    0    0 269616 148996 234060 1377713 36 32 30  1  0  0
51  2  70952 135528376 2113356 45892924    0    0 272336 151192 231642 1371044 35 34 30  1  0  0
87  5  70952 135526820 2113356 45892932    0    0 267536 161328 232449 1379002 36 33 30  1  0  0
51  4  70952 135538724 2113356 45892948    0    0 276320 137300 241552 1394914 37 32 29  1  0  0
procs -----------memory---------- ---swap-- -----io---- -system-- -------cpu-------
 r  b   swpd   free   buff  cache   si   so    bi    bo   in   cs us sy id wa st gu
14  0  70952 135528776 2113356 45892976    0    0 269952 149836 226760 1347654 35 33 30  1  0  0
44  0  70952 135522180 2113356 45893004    0    0 272128 157988 226833 1347843 34 33 31  1  0  0
44  3  70952 135517800 2113356 45893020    0    0 276624 166048 236888 1379035 36 32 30  1  0  0
41  0  70952 135508356 2113356 45893044    0    0 259680 136324 232943 1374237 36 33 30  1  0  0
66  1  70952 135523348 2113356 45893056    0    0 283120 160744 236902 1367205 35 34 31  1  0  0
38  0  70952 135522684 2113356 45893064    0    0 280528 169812 247299 1405376 36 32 30  1  0  0
102  0  70952 135521452 2113356 45893084    0    0 249984 152312 237829 1387518 36 33 30  1  0  0
90  0  70952 135518508 2113356 45893108    0    0 273088 142292 236162 1388045 35 35 29  1  0  0
61  0  70952 135503092 2113356 45893128    0    0 273280 163092 242605 1381957 37 32 30  1  0  0
14  0  70952 135525024 2113356 45893148    0    0 271664 162172 239645 1373121 35 33 31  1  0  0
46 11  70952 135513956 2113356 45893236    0    0 275760 152912 229895 1359213 35 34 30  1  0  0
60  0  70952 135529532 2113356 45893248    0    0 261424 139388 230376 1352485 35 34 30  1  0  0
55  1  70952 135530876 2113356 45893256    0    0 283808 160960 234531 1372927 35 33 30  1  0  0
35 26  70952 135526908 2113356 45893268    0    0 273584 163256 234962 1351602 35 33 31  1  0  0
23  0  70952 135533288 2113356 45893292    0    0 268672 152028 235173 1374353 36 33 30  1  0  0
21 31  70952 135515756 2113356 45893316    0    0 265968 159780 242570 1385513 36 32 30  1  0  0
73  0  70952 135514236 2113360 45893328    0    0 262704 136876 245819 1366024 35 34 30  1  0  0
69 11  70952 135501908 2113360 45893352    0    0 269856 171504 246265 1372757 37 33 29  1  0  0
15  0  70952 135520952 2113360 45893376    0    0 266368 132564 230048 1354368 36 33 30  1  0  0
30  2  70952 135519148 2113360 45893388    0    0 259232 162020 224728 1340946 34 35 30  1  0  0
90  1  70952 135522604 2113360 45893404    0    0 255680 153052 224298 1346300 34 35 29  1  0  0
procs -----------memory---------- ---swap-- -----io---- -system-- -------cpu-------
 r  b   swpd   free   buff  cache   si   so    bi    bo   in   cs us sy id wa st gu
15  0  70952 135517128 2113360 45893424    0    0 263152 161964 236094 1350145 36 34 29  1  0  0
51  0  70952 135515488 2113360 45893440    0    0 272432 92320 222003 1324485 33 34 31  1  0  0
29  0  70952 135502396 2113360 45893464    0    0 261184 174092 234980 1367357 35 35 28  1  0  0
115 10  70952 135515572 2113360 45893484    0    0 263424 170684 233948 1381789 35 34 29  1  0  0
63  1  70952 135489532 2113360 45893504    0    0 251792 128128 239716 1382951 35 35 29  1  0  0
68  4  70952 135496800 2113364 45893516    0    0 281616 177320 250260 1409241 37 32 30  1  0  0
60 19  70952 135505436 2113364 45893524    0    0 273568 155512 231625 1392211 35 34 30  1  0  0
106 12  70952 135501904 2113364 45893544    0    0 275712 158000 248119 1386952 35 33 30  1  0  0
19  1  70952 135500912 2113364 45893560    0    0 271712 153664 250712 1403412 37 32 30  1  0  0
63  0  70952 135482584 2113364 45893572    0    0 276192 149752 237966 1385477 36 33 30  1  0  0
38  0  70952 135512828 2113364 45893592    0    0 267072 147276 239298 1393315 36 33 30  1  0  0
65  0  70952 135507924 2113364 45893608    0    0 264752 181452 244465 1436106 37 34 28  1  0  0
59  1  70952 135500996 2113364 45893624    0    0 256912 125100 232864 1408159 36 33 30  1  0  0
67  1  70952 135507104 2113364 45893644    0    0 276832 147452 232179 1381840 36 33 30  1  0  0
76  1  70952 135514876 2113364 45893664    0    0 268464 136100 241304 1380926 36 32 30  1  0  0
93 14  70952 135499664 2113364 45893680    0    0 256272 178292 246031 1416202 37 33 29  1  0  0
 8  0  70952 135493864 2113364 45893700    0    0 265248 150740 245523 1405571 36 33 29  1  0  0
14  0  70952 135503928 2113364 45893720    0    0 269072 142404 238931 1387978 34 33 31  1  0  0
26  4  70952 135499536 2113364 45893740    0    0 275392 176412 256745 1414344 37 32 30  1  0  0
39  2  70952 135490024 2113364 45893756    0    0 280784 149584 252372 1412055 36 32 31  1  0  0
105  5  70952 135483264 2113364 45893764    0    0 277024 156624 248454 1403665 36 32 31  1  0  0
procs -----------memory---------- ---swap-- -----io---- -system-- -------cpu-------
 r  b   swpd   free   buff  cache   si   so    bi    bo   in   cs us sy id wa st gu
103  0  70952 135501580 2113364 45893780    0    0 266320 158044 234418 1376229 36 33 30  1  0  0
48  1  70952 135503388 2113364 45893800    0    0 277888 127508 240640 1380903 36 32 30  1  0  0
32 14  70952 135522200 2113364 45893828    0    0 272272 155544 235413 1377633 36 32 31  1  0  0
68  0  70952 135489332 2113364 45893844    0    0 265664 180276 235121 1403996 36 33 30  1  0  0
48  4  70952 135499932 2113364 45893864    0    0 267552 125796 232189 1386298 36 33 30  1  0  0
53  6  70952 135506964 2113364 45893880    0    0 250928 148744 239567 1414707 37 34 29  1  0  0
93  1  70952 135509340 2113364 45893888    0    0 279056 150108 234329 1387749 35 33 31  1  0  0
49  2  70952 135506648 2113364 45893888    0    0 274768 183504 244453 1395023 37 32 30  1  0  0
88 12  70952 135507832 2113364 45893924    0    0 269680 142548 233680 1382982 36 34 30  1  0  0
99  7  70952 135502860 2113364 45893944    0    0 266896 153672 231463 1376502 36 33 30  1  0  0
54  3  70952 135506472 2113364 45893972    0    0 257648 124444 231374 1382122 36 33 30  1  0  0
36  8  70952 135499924 2113364 45893988    0    0 283648 162672 243090 1392427 37 32 30  1  0  0
30  5  70952 135516948 2113364 45894012    0    0 278784 176692 242840 1384262 36 32 31  1  0  0
48  6  70952 135518332 2113364 45894024    0    0 276304 168288 253425 1406863 38 32 29  1  0  0
58  2  70952 135509516 2113364 45894028    0    0 276896 139672 237097 1367014 36 32 31  1  0  0
74 12  70952 135509516 2113364 45894064    0    0 274864 156144 239816 1378309 36 32 30  1  0  0
62  8  70952 135498404 2113364 45894072    0    0 259360 153532 240223 1396732 37 34 29  1  0  0
87  0  70952 135513656 2113364 45894092    0    0 273728 159760 242769 1380789 36 32 30  1  0  0
98  4  70952 135508564 2113364 45894120    0    0 261136 136776 232318 1390563 36 34 29  1  0  0
72  8  70952 135506512 2113372 45894128    0    0 268288 141508 232682 1384095 36 34 29  1  0  0
68 12  70952 135512696 2113372 45894156    0    0 285024 167548 235383 1379339 35 33 30  1  0  0
procs -----------memory---------- ---swap-- -----io---- -system-- -------cpu-------
 r  b   swpd   free   buff  cache   si   so    bi    bo   in   cs us sy id wa st gu
66  1  70952 135515684 2113372 45894160    0    0 279952 145940 233402 1384803 37 32 30  1  0  0
62  1  70952 135516876 2113372 45894176    0    0 271184 150964 229543 1361986 35 34 30  1  0  0
 9  1  70952 135514452 2113372 45894196    0    0 271056 156964 238762 1366591 36 32 31  1  0  0
 1  1  70952 135516996 2113376 45894216    0    0 270176 143984 235682 1379957 35 34 29  1  0  0
13  0  70952 135511260 2113376 45894248    0    0 264848 150692 229737 1367107 35 34 30  1  0  0
158  0  70952 135514096 2113376 45894264    0    0 261712 153860 227919 1355529 35 34 30  1  0  0
61  5  70952 135516316 2113376 45894280    0    0 252880 135228 242172 1411102 36 34 29  1  0  0
114 10  70952 135527612 2113376 45894352    0    0 268432 139252 235771 1404227 36 33 29  1  0  0
51  2  70952 135523728 2113380 45894364    0    0 268064 178212 238465 1411034 37 33 28  1  0  0
56  1  70952 135528344 2113380 45894388    0    0 263488 119408 231271 1387921 35 35 29  1  0  0
34  0  70952 135500612 2113380 45894400    0    0 259552 161556 238183 1423712 37 35 26  1  0  0
17  0  70952 135509252 2113380 45894424    0    0 266064 134912 231999 1380051 36 34 30  1  0  0
150  0  70952 135495504 2113380 45894456    0    0 269200 145784 243265 1387055 36 33 30  1  0  0
140  5  70952 135510408 2113380 45894464    0    0 268560 178864 242334 1362251 35 31 33  1  0  0
152  0  70952 135523744 2113380 45894488    0    0 275712 152536 239947 1381096 37 32 31  1  0  0
67  4  70952 135537004 2113380 45894504    0    0 271056 150744 229680 1362408 35 33 31  1  0  0
59  2  70952 135511324 2113380 45894524    0    0 285488 151296 234191 1373208 36 34 29  1  0  0
89  2  70952 135508704 2113380 45894540    0    0 268720 145648 230897 1382411 36 34 29  1  0  0
54  9  70952 135498856 2113380 45894556    0    0 278704 167648 246015 1387623 36 32 30  1  0  0
60  3  70952 135736500 2113380 45894576    0    0 271456 166428 282465 1399691 37 31 30  1  0  0
