procs -----------memory---------- ---swap-- -----io---- -system-- -------cpu-------
 r  b   swpd   free   buff  cache   si   so    bi    bo   in   cs us sy id wa st gu
 7  2  98144 133460904 1963760 43184664    4    6 34479 35932 14391    7  4  1 95  1  0  0
27 22  98144 133373596 1963764 43184720    0    0 403776 645420 201273 355596  8  4 78 10  0  0
 7  2  98144 133429236 1963764 43184764    0    0 748080 1021568 244682 653020 14  6 63 17  0  0
 6  2  98144 133444656 1963764 43184780    0    0 737664 1013296 240892 641313 14  5 64 17  0  0
23 22  98144 133436224 1963764 43184800    0    0 728176 1067212 246190 641914 14  5 63 18  0  0
33 16  98144 133422764 1963768 43184812    0    0 718000 1018504 243004 648858 14  5 64 17  0  0
31 25  98144 133424440 1963768 43184844    0    0 737104 1054636 239783 659929 14  5 64 17  0  0
14 19  98144 133423596 1963768 43184856    0    0 851360 970352 252622 728961 16  5 62 17  0  0
25  5  98144 133444200 1963768 43184872    0    0 870448 921060 248950 742752 16  6 61 17  0  0
26 24  98144 133446260 1963768 43184888    0    0 873072 917436 245951 745696 16  6 61 17  0  0
13 11  98144 133439312 1963772 43184904    0    0 891696 956852 254752 761778 17  6 60 17  0  0
26 28  98144 133440148 1963772 43184936    0    0 877600 923896 248792 750824 16  6 60 17  0  0
20 29  98144 133450180 1963772 43184940    0    0 834944 891752 244168 728285 16  6 62 16  0  0
15 36  98144 133447720 1963772 43184960    0    0 846688 915620 242378 734821 16  5 62 17  0  0
23  3  98144 133427400 1963772 43184968    0    0 851104 911616 249827 748900 16  5 61 17  0  0
19 32  98144 133420136 1963776 43184984    0    0 837440 843656 239880 730956 16  6 62 16  0  0
14 35  98144 133416056 1963776 43185012    0    0 869744 894612 245206 752965 17  6 61 16  0  0
19 35  98144 133406676 1963776 43185028    0    0 854016 884568 241809 747392 17  6 62 15  0  0
10 38  98144 133417392 1963776 43185048    0    0 878528 881980 246326 771614 17  6 62 15  0  0
17 33  98144 133419068 1963776 43185064    0    0 861440 880844 248193 754167 17  6 61 16  0  0
 7 36  98144 133401364 1963780 43185080    0    0 879664 879200 246837 770111 17  5 62 17  0  0
procs -----------memory---------- ---swap-- -----io---- -system-- -------cpu-------
 r  b   swpd   free   buff  cache   si   so    bi    bo   in   cs us sy id wa st gu
25 27  98144 133400732 1963780 43185104    0    0 849040 860420 242112 749549 16  6 62 15  0  0
20 31  98144 133405176 1963780 43185124    0    0 868160 823068 237457 765316 17  6 62 15  0  0
17 31  98144 133397116 1963780 43185144    0    0 887808 804068 241041 770651 17  6 61 16  0  0
14 34  98144 133382928 1963780 43185172    0    0 875360 804896 237751 778371 17  6 61 16  0  0
22 29  98144 133384972 1963780 43185268    0    0 864880 789060 235434 767351 17  6 62 16  0  0
 9 40  98144 133387156 1963780 43185292    0    0 889984 771608 236865 775112 17  6 62 15  0  0
12 40  98144 133360336 1963780 43185292    0    0 885408 808588 257151 774403 17  5 62 17  0  0
22 31  98144 133349528 1963780 43185288    0    0 898992 789868 242017 785673 17  6 61 16  0  0
26 24  98144 133347156 1963780 43185308    0    0 907648 772704 237720 790325 18  6 61 15  0  0
18 31  98144 133359752 1963780 43185332    0    0 869168 777792 238668 762980 17  6 63 14  0  0
17 33  98144 133365068 1963780 43185356    0    0 890560 767512 237595 782907 17  6 62 15  0  0
27 38  98144 133351528 1963780 43185376    0    0 879888 767948 234305 777191 17  6 62 15  0  0
29 20  98144 133348124 1963780 43185404    0    0 867408 755728 232641 761180 17  6 62 16  0  0
17  5  98144 133344700 1963780 43185416    0    0 916240 782492 248863 813065 18  5 61 17  0  0
23 28  98144 133359272 1963780 43185432    0    0 864960 789320 234387 769130 17  6 62 15  0  0
30 23  98144 133357372 1963780 43185448    0    0 882384 853720 244245 785465 18  6 59 17  0  0
 7  0  98144 133360612 1963780 43185468    0    0 865296 877352 247844 787819 17  6 59 17  0  0
18 22  98144 133378452 1963780 43185492    0    0 822720 868076 236008 742949 17  6 60 18  0  0
 4  0  98144 133376836 1963780 43185508    0    0 814448 908364 245774 741346 16  6 58 20  0  0
10  2  98144 133374568 1963780 43185536    0    0 853072 924596 243856 753496 17  6 59 18  0  0
 3  0  98144 133347000 1963780 43185536    0    0 871856 963832 251747 785403 17  5 58 19  0  0
procs -----------memory---------- ---swap-- -----io---- -system-- -------cpu-------
 r  b   swpd   free   buff  cache   si   so    bi    bo   in   cs us sy id wa st gu
 6  1  98144 133352928 1963780 43185540    0    0 853104 966844 251728 783066 17  6 57 19  0  0
28 21  98144 133361364 1963780 43185556    0    0 843632 964112 249774 776053 17  6 58 19  0  0
23 25  98144 133345696 1963780 43185580    0    0 886592 946852 257594 807332 18  6 56 20  0  0
26 22  98144 133353912 1963780 43185564    0    0 962512 833492 255747 847991 19  7 56 19  0  0
31 16  98144 133374660 1963780 43185592    0    0 992928 832196 260807 870503 19  7 55 19  0  0
27 18  98144 133365608 1963780 43185584    0    0 987328 816268 257465 866723 19  6 56 19  0  0
 7  9  98144 133347804 1963780 43185584    0    0 967008 823556 256746 839748 19  6 57 19  0  0
 6  4  98144 133332288 1963780 43185600    0    0 974912 817072 258469 866845 19  7 55 19  0  0
28 23  98144 133333948 1963780 43185620    0    0 944496 811000 251852 827196 18  7 56 19  0  0
33 10  98144 133343036 1963780 43185608    0    0 964144 828736 257790 850938 19  7 56 18  0  0
30 16  98144 133356176 1963780 43185628    0    0 955408 832728 258300 843996 19  7 56 19  0  0
25 22  98144 133336632 1963780 43185632    0    0 967472 820628 253997 850897 19  7 56 18  0  0
22 24  98144 133345512 1963780 43185652    0    0 965040 834876 252408 845712 18  6 57 19  0  0
10  2  98144 133340356 1963780 43185612    0    0 938352 805304 251313 831344 19  6 56 19  0  0
17  7  98144 133333980 1963780 43185628    0    0 941744 831232 253824 835868 19  7 57 18  0  0
27 19  98144 133334116 1963780 43185656    0    0 958320 822096 255103 842682 18  7 57 18  0  0
31 15  98144 133343992 1963780 43185672    0    0 957840 835252 254048 843670 19  7 57 18  0  0
19  7  98144 133337172 1963780 43185688    0    0 951328 846060 253920 836041 18  7 56 18  0  0
37 22  98144 133332852 1963780 43185712    0    0 935936 833792 253892 853013 19  7 56 18  0  0
19 27  98144 133325216 1963780 43185716    0    0 965360 842796 256164 849590 19  6 57 19  0  0
 7  2  98144 133316116 1963780 43185728    0    0 934896 823616 250951 823184 19  6 56 19  0  0
procs -----------memory---------- ---swap-- -----io---- -system-- -------cpu-------
 r  b   swpd   free   buff  cache   si   so    bi    bo   in   cs us sy id wa st gu
26 21  98144 133308396 1963780 43185728    0    0 955424 821448 255582 847358 19  7 56 19  0  0
22 27  98144 133312316 1963780 43185752    0    0 975248 822836 256288 855662 19  7 56 19  0  0
26 22  98144 133331908 1963780 43185776    0    0 957312 833196 255917 845023 19  7 56 19  0  0
16  8  98144 133338220 1963780 43185800    0    0 942080 831560 253828 835598 18  6 57 18  0  0
29 20  98144 133330912 1963780 43185820    0    0 950864 816996 255822 849416 19  7 56 19  0  0
20 28  98144 133329340 1963780 43185840    0    0 961216 836436 254916 840881 18  5 57 20  0  0
34 12  98144 133339916 1963780 43185852    0    0 972928 809420 256055 853646 19  6 56 19  0  0
23 27  98144 133337664 1963784 43185864    0    0 956528 825120 253826 839120 19  7 57 18  0  0
25 24  98144 133330812 1963784 43185884    0    0 979744 822908 259706 867053 19  7 55 19  0  0
 7  0  98144 133313528 1963784 43185904    0    0 948528 836628 257360 842107 19  7 56 18  0  0
 2  4  98144 133318716 1963784 43185896    0    0 976048 822792 259845 864729 19  7 55 19  0  0
20 29  98144 133331320 1963784 43185912    0    0 915664 814332 250121 815018 18  7 57 19  0  0
 6  2  98144 133321364 1963784 43185920    0    0 966000 805752 251090 849301 18  6 58 19  0  0
 4  1  98144 133326880 1963784 43185928    0    0 963264 786820 249686 839878 19  6 57 18  0  0
22 25  98144 133326652 1963784 43185944    0    0 945424 803988 252758 854456 18  7 57 18  0  0
30 16  98144 133310656 1963784 43185952    0    0 963904 792956 254994 850942 18  7 56 19  0  0
23 27  98144 133292872 1963784 43185976    0    0 939776 810884 251441 828272 18  7 57 18  0  0
35 16  98144 133307212 1963784 43185996    0    0 961696 810372 254882 849233 19  7 56 19  0  0
10  1  98144 133298632 1963784 43186016    0    0 958224 820328 256189 846338 19  7 56 18  0  0
27 22  98144 133289272 1963784 43186036    0    0 972096 815996 251119 854897 18  6 58 18  0  0
22 26  98144 133301424 1963784 43186052    0    0 969664 822644 255638 858532 19  7 57 18  0  0
procs -----------memory---------- ---swap-- -----io---- -system-- -------cpu-------
 r  b   swpd   free   buff  cache   si   so    bi    bo   in   cs us sy id wa st gu
21 25  98144 133327080 1963784 43186068    0    0 949328 835140 254062 837755 18  7 58 17  0  0
 6  1  98144 133316912 1963784 43186144    0    0 946240 823812 258309 846728 19  7 57 17  0  0
 8  3  98144 133322312 1963784 43186148    0    0 933552 807928 251217 827087 18  6 57 18  0  0
26 23  98144 133321936 1963784 43186164    0    0 961248 815544 256123 850257 19  7 56 18  0  0
25 23  98144 133326344 1963784 43186180    0    0 951312 832644 254743 840606 19  7 57 17  0  0
 4  5  98144 133317860 1963784 43186204    0    0 953120 831988 250965 841167 18  5 58 18  0  0
18  9  98144 133305508 1963784 43186212    0    0 939104 828788 251128 832431 18  6 57 18  0  0
 4  0  98144 133306076 1963788 43186228    0    0 928304 810928 245837 817783 18  7 58 17  0  0
26 19  98144 133311748 1963788 43186232    0    0 951856 801604 252147 839401 18  7 57 18  0  0
 4  0  98144 133305624 1963788 43186248    0    0 931712 817356 247769 816811 18  7 58 17  0  0
10  0  98144 133305460 1963788 43186264    0    0 947904 829052 253351 835264 18  7 58 17  0  0
 6  0  98144 133325304 1963788 43186288    0    0 961344 840188 257239 862277 19  7 57 17  0  0
20 27  98144 133297168 1963792 43186304    0    0 963328 850744 256769 842072 18  5 58 18  0  0
 4  0  98144 133314712 1963792 43186300    0    0 960640 836808 257809 848423 19  7 57 18  0  0
 5  0  98144 133310508 1963792 43186316    0    0 939184 811548 253009 833523 18  7 57 18  0  0
29 20  98144 133328612 1963792 43186336    0    0 949200 803756 249798 837302 19  7 57 18  0  0
 3  1  98144 133325124 1963792 43186352    0    0 935552 823292 249418 828484 18  7 57 18  0  0
24 23  98144 133321088 1963792 43186372    0    0 941424 818148 249838 824459 18  7 58 18  0  0
17 25  98144 133304404 1963792 43186392    0    0 947280 805592 253491 840120 18  6 57 18  0  0
 6  1  98144 133279632 1963792 43186420    0    0 935296 805020 243339 817788 18  5 59 18  0  0
 3  2  98144 133291576 1963792 43186428    0    0 943488 799448 248940 828087 18  7 57 18  0  0
procs -----------memory---------- ---swap-- -----io---- -system-- -------cpu-------
 r  b   swpd   free   buff  cache   si   so    bi    bo   in   cs us sy id wa st gu
32 19  98144 133291476 1963792 43186416    0    0 954752 808480 250368 836969 18  7 58 17  0  0
 8  2  98144 133301428 1963792 43186428    0    0 969424 829276 258117 857337 19  7 57 17  0  0
31 10  98144 133309744 1963792 43186448    0    0 953024 828752 258791 843967 19  7 58 17  0  0
18  3  98144 133302568 1963792 43186456    0    0 961824 806584 252482 849919 18  7 58 17  0  0
10  2  98144 133305592 1963792 43186476    0    0 947856 830432 254620 845811 18  6 59 17  0  0
 4  0  98144 133289216 1963792 43186492    0    0 923808 841012 246688 817100 18  5 59 18  0  0
23 22  98144 133294908 1963800 43186500    0    0 934416 797008 248262 829701 18  6 58 18  0  0
33 16  98144 133299648 1963800 43186508    0    0 888832 805660 241146 814643 18  7 59 17  0  0
 5  1  98144 133313712 1963800 43186532    0    0 916608 804348 244028 818639 18  7 58 17  0  0
25 25  98144 133297808 1963800 43186552    0    0 938384 822928 252183 825239 18  7 57 18  0  0
 4  9  98144 133299400 1963800 43186572    0    0 919712 790676 245711 808295 18  6 58 18  0  0
23 21  98144 133282856 1963800 43186592    0    0 942928 803000 247661 824759 18  6 58 18  0  0
25 22  98144 133268096 1963800 43186592    0    0 959472 806024 249487 834327 18  6 58 18  0  0
28 17  98144 133283432 1963800 43186604    0    0 933696 821532 251963 838451 18  7 58 17  0  0
27 19  98144 133281280 1963800 43186628    0    0 949280 825652 252428 835285 18  7 58 17  0  0
10 14  98144 133302704 1963800 43186648    0    0 947472 811640 250509 831760 19  7 58 17  0  0
18  0  98144 133297252 1963800 43186668    0    0 946048 805528 252094 838808 19  7 58 17  0  0
28 21  98144 133290312 1963800 43186692    0    0 933056 800024 245636 825734 18  7 58 18  0  0
13 34  98144 133281580 1963800 43186704    0    0 907632 806056 240492 796807 17  6 59 17  0  0
17  1  98144 133286004 1963800 43186724    0    0 947520 812788 249310 832699 18  6 58 18  0  0
20 25  98144 133279716 1963800 43186736    0    0 935280 805128 249112 816648 18  7 57 18  0  0
procs -----------memory---------- ---swap-- -----io---- -system-- -------cpu-------
 r  b   swpd   free   buff  cache   si   so    bi    bo   in   cs us sy id wa st gu
 8  0  98144 133296548 1963800 43186756    0    0 929488 805948 247479 825572 18  7 57 18  0  0
11  5  98144 133293132 1963800 43186780    0    0 914128 784960 245338 806996 18  6 58 18  0  0
 5  3  98144 133287532 1963800 43186800    0    0 935632 808096 250708 828595 18  6 58 18  0  0
25 21  98144 133304340 1963800 43186820    0    0 908464 825344 245998 813577 18  6 59 17  0  0
15  3  98144 133304976 1963800 43186848    0    0 952736 821248 250426 854396 18  6 58 18  0  0
35 13  98144 133308296 1963804 43186868    0    0 955392 836388 257094 842670 19  6 57 18  0  0
 9  0  98144 133306812 1963804 43186880    0    0 943728 813492 250866 832539 19  7 58 17  0  0
31 19  98144 133299568 1963808 43186892    0    0 936608 807976 250713 826831 19  7 57 18  0  0
30 20  98144 133294352 1963808 43186904    0    0 950752 795504 251882 839928 19  7 57 18  0  0
 9  4  98144 133296348 1963808 43186908    0    0 919536 800484 246603 813190 18  6 58 17  0  0
 7  3  98144 133279980 1963812 43186924    0    0 920128 776176 244414 818560 18  6 58 17  0  0
31 21  98144 133276640 1963812 43186948    0    0 924768 786580 240164 809937 18  6 60 17  0  0
10  2  98144 133287248 1963812 43186960    0    0 911120 785144 240355 802464 17  6 60 17  0  0
11 15  98144 133295772 1963812 43186980    0    0 910000 790416 244126 809220 18  6 58 17  0  0
28 23  98144 133289772 1963812 43186996    0    0 910048 767620 243799 807832 18  7 58 18  0  0
 4  0  98144 133298280 1963812 43187020    0    0 927440 816536 248439 831265 18  7 58 17  0  0
26 20  98144 133290176 1963812 43187040    0    0 906640 802772 243052 795028 18  6 59 17  0  0
 4  1  98144 133283328 1963812 43187040    0    0 935808 796348 245880 821840 18  6 58 18  0  0
22 24  98144 133285396 1963812 43187064    0    0 934000 807784 245503 820977 18  6 59 18  0  0
 8  1  98144 133299812 1963812 43187148    0    0 922272 807252 246418 821002 18  6 59 17  0  0
 7  2  98144 133300792 1963812 43187176    0    0 939184 809884 250266 824564 18  7 57 18  0  0
procs -----------memory---------- ---swap-- -----io---- -system-- -------cpu-------
 r  b   swpd   free   buff  cache   si   so    bi    bo   in   cs us sy id wa st gu
 7  0  98144 133300556 1963812 43187192    0    0 851440 776868 233099 777514 17  6 59 18  0  0
25 20  98144 133297964 1963812 43187208    0    0 894672 789196 241555 797440 18  6 58 18  0  0
27 18  98144 133285616 1963812 43187216    0    0 916704 783708 243638 800172 18  6 58 18  0  0
10  3  98144 133266308 1963812 43187240    0    0 918256 791020 243237 808918 18  6 58 18  0  0
23 19  98144 133265544 1963812 43187264    0    0 904560 786860 241952 790975 17  5 60 18  0  0
26 21  98144 133269652 1963812 43187276    0    0 925648 770364 247139 816444 18  6 58 18  0  0
 8  0  98144 133283256 1963812 43187296    0    0 926528 783980 250901 821055 18  7 57 19  0  0
29 21  98144 133294956 1963812 43187316    0    0 933504 797108 247784 820542 18  6 58 18  0  0
 3  1  98144 133306896 1963812 43187340    0    0 915392 789072 244782 809581 18  6 59 17  0  0
32 19  98144 133280212 1963816 43187352    0    0 933296 788896 247688 823552 18  7 58 18  0  0
34 17  98144 133274472 1963816 43187376    0    0 908704 796380 245920 807354 18  7 59 17  0  0
20 27  98144 133281872 1963816 43187396    0    0 925472 797140 246574 808541 18  5 59 18  0  0
28 22  98144 133277484 1963816 43187396    0    0 908592 783348 244805 803248 18  6 58 18  0  0
23 28  98144 133281708 1963816 43187416    0    0 896576 783100 242824 798695 18  6 58 17  0  0
 6  1  98144 133277916 1963820 43187436    0    0 920256 789632 244306 806726 18  7 58 18  0  0
 5  0  98144 133290808 1963820 43187460    0    0 906720 776968 245519 803994 18  6 58 18  0  0
24 24  98144 133270040 1963820 43187480    0    0 900816 794980 240873 800605 17  6 59 17  0  0
23 23  98144 133267700 1963824 43187496    0    0 901600 763916 239637 790770 17  6 58 18  0  0
24 21  98144 133273164 1963824 43187524    0    0 842496 770776 228373 766537 16  5 61 18  0  0
35 19  98144 133277912 1963824 43187536    0    0 898336 778740 244515 803072 18  6 58 18  0  0
33 15  98144 133271276 1963824 43187556    0    0 883296 770108 243743 787832 18  6 57 19  0  0
procs -----------memory---------- ---swap-- -----io---- -system-- -------cpu-------
 r  b   swpd   free   buff  cache   si   so    bi    bo   in   cs us sy id wa st gu
23 24  98144 133271136 1963824 43187572    0    0 840784 752380 231993 753051 16  6 58 19  0  0
 5  0  98144 133270984 1963824 43187596    0    0 891680 747656 237202 787141 17  6 58 19  0  0
30 18  98144 133284156 1963824 43187620    0    0 862928 703440 230144 758529 17  6 58 19  0  0
19 25  98144 133278480 1963824 43187636    0    0 826176 716704 225989 737311 17  6 58 19  0  0
 7  0  98144 133264716 1963824 43187656    0    0 856672 708496 227564 744471 17  5 58 20  0  0
 3 21  98144 133274732 1963824 43187664    0    0 839680 719864 229918 744155 17  6 58 20  0  0
 7  0  98144 133288724 1963824 43187684    0    0 846544 712832 230281 745990 17  6 57 20  0  0
22 28  98144 133284388 1963824 43187704    0    0 891376 735828 235902 780155 17  6 58 19  0  0
26 21  98144 133286056 1963828 43187704    0    0 909584 755312 244160 805439 18  6 57 18  0  0
 3  0  98144 133284560 1963828 43187736    0    0 900640 783768 240943 790673 18  6 58 18  0  0
27 16  98144 133274184 1963828 43187748    0    0 920224 775664 240642 811405 18  6 59 17  0  0
19 29  98144 133261368 1963828 43187768    0    0 903728 814308 238451 789076 17  5 60 17  0  0
13  3  98144 133259820 1963828 43187784    0    0 942064 805800 246650 830851 18  7 59 17  0  0
11  1  98144 133272780 1963828 43187800    0    0 936144 805988 246585 825287 18  7 60 16  0  0
26 22  98144 133267896 1963828 43187800    0    0 949040 807392 250117 833704 18  7 58 17  0  0
33 15  98144 133271368 1963828 43187820    0    0 930560 800056 247091 823147 18  6 59 16  0  0
25 23  98144 133285604 1963828 43187840    0    0 900096 809360 244739 821892 18  6 59 16  0  0
18  3  98144 133278384 1963828 43187844    0    0 914288 792988 245473 808951 18  6 59 18  0  0
31 14  98144 133275944 1963832 43187864    0    0 922864 801528 238738 792530 18  5 60 17  0  0
 8 12  98144 133286944 1963832 43187876    0    0 911584 813840 241270 798380 18  6 60 17  0  0
 7  1  98144 133275696 1963832 43187900    0    0 948144 786568 246033 826552 18  6 58 17  0  0
procs -----------memory---------- ---swap-- -----io---- -system-- -------cpu-------
 r  b   swpd   free   buff  cache   si   so    bi    bo   in   cs us sy id wa st gu
 6  0  98144 133277404 1963832 43187916    0    0 918368 802560 240552 801460 18  6 59 17  0  0
 9  0  98144 133279844 1963832 43187920    0    0 946656 798492 249310 833844 18  7 59 17  0  0
28 22  98144 133281288 1963836 43187940    0    0 958624 828940 251885 834619 18  7 58 17  0  0
26 17  98144 133274172 1963836 43187956    0    0 966128 836080 250474 845575 18  6 60 16  0  0
22 18  98144 133264864 1963836 43187972    0    0 988944 847092 257025 860093 19  6 59 17  0  0
11  7  98144 133276860 1963836 43187992    0    0 960128 833532 250507 839931 19  7 59 16  0  0
35 18  98144 133283268 1963840 43188016    0    0 967664 841640 255207 847728 18  7 58 17  0  0
26 23  98144 133278732 1963840 43188052    0    0 926368 807284 244982 814104 18  6 59 17  0  0
 5  0  98144 133274880 1963840 43188060    0    0 940896 791660 245119 824679 18  6 59 17  0  0
23 28  98144 133276984 1963840 43188044    0    0 912144 807268 241487 797432 17  6 59 17  0  0
27 16  98144 133255580 1963840 43188064    0    0 932624 779752 243105 811252 18  6 60 17  0  0
26 21  98144 133262660 1963840 43188076    0    0 898848 778432 234562 780874 17  6 60 17  0  0
33 13  98144 133269104 1963840 43188092    0    0 884384 784604 236053 798305 18  6 60 16  0  0
16  1  98144 133264420 1963840 43188112    0    0 915616 801928 240905 804204 18  6 59 17  0  0
20  1  98144 133258412 1963840 43188132    0    0 937504 812796 245437 818011 18  6 59 16  0  0
30 16  98144 133262924 1963840 43188156    0    0 935088 804232 244635 820688 18  7 59 16  0  0
 7  0  98144 133261040 1963840 43188248    0    0 952976 813968 247421 824649 18  7 59 16  0  0
 8  0  98144 133256140 1963840 43188264    0    0 942720 810592 244409 816486 18  5 60 17  0  0
30 18  98144 133261072 1963840 43188276    0    0 959760 806748 251385 837200 18  6 58 18  0  0
32 17  98144 133255988 1963840 43188300    0    0 922384 795664 243250 812048 18  6 59 17  0  0
 6  1  98144 133259096 1963840 43188312    0    0 917152 805336 240533 802838 18  6 59 17  0  0
procs -----------memory---------- ---swap-- -----io---- -system-- -------cpu-------
 r  b   swpd   free   buff  cache   si   so    bi    bo   in   cs us sy id wa st gu
32 18  98144 133270672 1963840 43188332    0    0 919856 783956 240659 796226 18  6 59 17  0  0
 5  0  98144 133267312 1963840 43188344    0    0 921952 791260 241196 806204 18  6 59 17  0  0
27 20  98144 133268608 1963840 43188364    0    0 942736 795984 245454 821434 18  6 58 17  0  0
27 21  98144 133257320 1963840 43188380    0    0 921056 812016 239741 798501 17  5 60 18  0  0
30 19  98144 133267292 1963840 43188428    0    0 923024 786640 245379 814398 18  6 59 17  0  0
16  2  98144 133268092 1963840 43188440    0    0 928416 809612 245504 814658 18  6 59 16  0  0
25 22  98144 133283804 1963840 43188460    0    0 923984 819460 245936 816447 18  6 59 16  0  0
22 28  98144 133280092 1963840 43188488    0    0 942224 811292 249016 828951 18  7 59 16  0  0
 7  1  98144 133270000 1963840 43188492    0    0 961568 821088 250424 844890 18  7 59 16  0  0
22 26  98144 133245964 1963840 43188516    0    0 928560 813700 244228 839018 18  6 60 16  0  0
 7  0  98144 133229448 1963840 43188528    0    0 926592 815672 238047 803529 18  5 61 17  0  0
 5  3  98144 133257664 1963840 43188536    0    0 899584 779848 235167 784810 17  6 60 17  0  0
40  7  98144 133268900 1963844 43188568    0    0 905808 804280 240169 789800 18  6 59 17  0  0
13  0  98144 133273404 1963844 43188584    0    0 949472 795704 247319 824408 18  6 59 17  0  0
17 28  98144 133287000 1963844 43188612    0    0 943552 815344 249273 825357 18  7 58 17  0  0
30 17  98144 133290592 1963844 43188628    0    0 939792 782564 246360 821306 18  7 59 17  0  0
 9  2  98144 133272208 1963848 43188640    0    0 959792 834096 252204 836131 18  6 60 16  0  0
12 10  98144 133261308 1963848 43188668    0    0 969600 839408 255108 843308 18  6 59 17  0  0
29 21  98144 133284048 1963848 43188668    0    0 943072 822968 250024 829240 18  7 60 16  0  0
 8  1  98144 133280296 1963848 43188684    0    0 961296 824248 251467 843436 18  7 59 16  0  0
33 16  98144 133271928 1963848 43188712    0    0 974848 825816 254610 850382 19  7 59 16  0  0
procs -----------memory---------- ---swap-- -----io---- -system-- -------cpu-------
 r  b   swpd   free   buff  cache   si   so    bi    bo   in   cs us sy id wa st gu
22 25  98144 133268224 1963852 43188728    0    0 946448 847552 250913 832459 18  7 59 16  0  0
10  1  98144 133275808 1963852 43188764    0    0 946352 812748 248774 826451 18  7 59 16  0  0
19 27  98144 133258420 1963852 43188784    0    0 932080 817460 246248 813540 18  6 60 17  0  0
 7  1  98144 133253072 1963852 43188784    0    0 941952 790200 246482 818691 18  5 59 18  0  0
 5  0  98144 133254364 1963852 43188816    0    0 917968 813264 243147 804603 18  6 60 16  0  0
20 25  98144 133276852 1963852 43188824    0    0 925568 794876 240878 820741 18  6 60 16  0  0
25 23  98144 133267052 1963856 43188852    0    0 936112 810668 250098 827155 18  7 59 16  0  0
 6  1  98144 133271248 1963856 43188872    0    0 935872 808988 246867 821316 18  6 59 16  0  0
38 19  98144 133277200 1963856 43188892    0    0 915856 808032 242225 799536 17  6 60 16  0  0
28 17  98144 133253856 1963856 43188908    0    0 953824 783272 245157 832914 18  6 59 17  0  0
 6  2  98144 133258720 1963856 43188928    0    0 924832 799468 239772 803934 18  6 60 16  0  0
29 19  98144 133255732 1963856 43188944    0    0 939248 812540 246349 824556 18  7 59 16  0  0
31 20  98144 133258948 1963856 43188972    0    0 974384 826956 256098 853688 19  7 58 17  0  0
27 21  98144 133268196 1963856 43188980    0    0 930608 809024 241936 814955 18  6 59 16  0  0
 8  1  98144 133264976 1963856 43189000    0    0 925984 798472 245872 816860 18  6 59 16  0  0
30 22  98144 133279688 1963856 43189036    0    0 945456 813420 249372 831198 18  6 59 17  0  0
 4  0  98144 133265640 1963856 43189056    0    0 932912 803480 239683 809099 18  5 60 17  0  0
 5  4  98144 133262080 1963856 43189068    0    0 921456 808836 242887 806725 18  6 60 16  0  0
25 24  98144 133276688 1963856 43189080    0    0 928000 803732 245278 814970 18  6 60 16  0  0
31 20  98144 133271796 1963856 43189100    0    0 925472 823584 243806 807846 18  6 60 16  0  0
29 21  98144 133260368 1963856 43189112    0    0 927024 801232 244063 820672 18  6 60 16  0  0
procs -----------memory---------- ---swap-- -----io---- -system-- -------cpu-------
 r  b   swpd   free   buff  cache   si   so    bi    bo   in   cs us sy id wa st gu
 9  2  98144 133241952 1963856 43189132    0    0 945072 814640 247566 828339 18  6 59 16  0  0
28 17  98144 133255836 1963856 43189148    0    0 925792 803596 242853 820706 18  6 60 16  0  0
23 23  98144 133248416 1963856 43189168    0    0 976288 821892 253218 856143 18  5 60 17  0  0
23 21  98144 133265420 1963856 43189180    0    0 907120 801860 240195 794388 18  6 60 16  0  0
29 21  98144 133263292 1963856 43189200    0    0 902864 772404 236659 788529 17  6 59 17  0  0
 8  0  98144 133264712 1963856 43189220    0    0 931040 777860 242283 811150 18  6 59 17  0  0
 5  2  98144 133272576 1963856 43189244    0    0 921584 788816 239073 800634 18  6 60 17  0  0
27 20  98144 133267876 1963856 43189272    0    0 926448 770824 239726 805934 18  6 58 17  0  0
31 14  98144 133252532 1963856 43189288    0    0 920128 787796 239495 794345 17  6 60 17  0  0
21 27  98144 133248316 1963856 43189304    0    0 928400 791140 239984 808350 18  5 61 16  0  0
 9  1  98144 133262024 1963860 43189316    0    0 937472 808860 246798 819938 18  7 59 16  0  0
21 26  98144 133254124 1963860 43189340    0    0 919680 789520 241414 800242 18  6 60 16  0  0
25 24  98144 133254928 1963860 43189356    0    0 953664 807404 252176 845035 19  6 59 16  0  0
27 22  98144 133271792 1963860 43189428    0    0 924480 810696 244470 819927 18  6 59 16  0  0
31 15  98144 133252116 1963860 43189452    0    0 924656 793576 242213 809902 18  6 60 16  0  0
32 19  98144 133252036 1963868 43189456    0    0 919856 822936 240472 803148 17  6 61 16  0  0
31 14  98144 133250780 1963868 43189492    0    0 940176 785368 240809 811203 18  5 59 17  0  0
20 29  98144 133264472 1963868 43189512    0    0 913312 788564 241453 801303 18  6 59 17  0  0
 7  1  98144 133275752 1963868 43189524    0    0 933072 777668 240940 808950 18  6 59 17  0  0
 9  6  98144 133262152 1963868 43189544    0    0 901792 769152 236287 808370 18  6 60 16  0  0
 5  2  98144 133253200 1963872 43189560    0    0 910832 769296 238689 792920 18  6 59 17  0  0
procs -----------memory---------- ---swap-- -----io---- -system-- -------cpu-------
 r  b   swpd   free   buff  cache   si   so    bi    bo   in   cs us sy id wa st gu
22 27  98144 133264716 1963872 43189584    0    0 925776 790360 244029 809628 18  6 59 17  0  0
26 21  98144 133251812 1963872 43189604    0    0 931600 797224 239047 804708 18  6 61 16  0  0
28 23  98144 133245736 1963872 43189620    0    0 951040 794556 243514 825389 18  6 60 16  0  0
 4  0  98144 133253280 1963872 43189648    0    0 939856 791744 242149 816163 18  7 59 16  0  0
26 23  98144 133269760 1963876 43189664    0    0 954480 803652 255928 827916 18  7 59 16  0  0
 9  0  98144 133247664 1963876 43189716    0    0 933216 796544 242078 812172 18  6 61 15  0  0
13  3  98144 133261344 1963876 43189740    0    0 928992 789808 241519 813970 18  6 60 15  0  0
27 21  98144 133264096 1963876 43189756    0    0 948544 792716 245989 827415 18  6 59 17  0  0
10  5  98144 133259520 1963876 43189756    0    0 917600 783544 238103 805709 17  5 61 17  0  0
 7  1  98144 133250640 1963880 43189772    0    0 928128 799552 243302 815638 18  6 59 17  0  0
31 16  98144 133246872 1963880 43189784    0    0 931072 800308 241003 810433 18  6 59 17  0  0
33 16  98144 133236164 1963880 43189808    0    0 903008 779468 238284 788694 17  6 60 16  0  0
 6  0  98144 133228440 1963880 43189832    0    0 937232 794212 243029 819826 18  6 60 16  0  0
31 21  98144 133247668 1963880 43189848    0    0 957424 815624 251555 831361 18  7 60 15  0  0
28 22  98144 133258732 1963880 43189876    0    0 975312 807676 249640 843481 19  7 59 16  0  0
 8  8  98144 133246696 1963880 43189888    0    0 948416 798664 246246 844727 18  5 61 16  0  0
31 18  98144 133256188 1963880 43189908    0    0 959568 807452 248325 831609 19  6 60 15  0  0
29 20  98144 133270312 1963880 43189924    0    0 952624 799040 250634 831479 18  7 60 16  0  0
25 21  98144 133266548 1963880 43189952    0    0 956816 811728 248396 827511 18  6 59 16  0  0
12 19  98144 133256680 1963880 43189972    0    0 934976 782076 244024 817327 18  7 59 16  0  0
17 14  98144 133248612 1963880 43189992    0    0 945200 755540 239884 815637 18  6 59 16  0  0
procs -----------memory---------- ---swap-- -----io---- -system-- -------cpu-------
 r  b   swpd   free   buff  cache   si   so    bi    bo   in   cs us sy id wa st gu
15 30  98144 133261436 1963880 43190020    0    0 909376 781204 238607 796152 17  6 60 16  0  0
 7  5  98144 133241784 1963880 43190024    0    0 894832 772920 229719 775768 17  5 62 16  0  0
29 20  98144 133235900 1963880 43190048    0    0 933056 780172 243974 813932 18  6 59 16  0  0
11  3  98144 133249092 1963880 43190068    0    0 929504 792468 247355 821315 18  6 60 16  0  0
20 23  98144 133252928 1963880 43190068    0    0 941632 789168 245953 819404 18  6 60 15  0  0
38  9  98144 133256636 1963880 43190084    0    0 971648 807792 252666 847219 19  7 59 16  0  0
 5  0  98144 133248240 1963880 43190104    0    0 942752 817112 249921 833929 18  7 60 15  0  0
 8  0  98144 133244768 1963880 43190128    0    0 949728 792212 248628 830638 18  6 60 16  0  0
 5  0  98144 133242620 1963888 43190128    0    0 949152 823492 248909 825975 18  5 61 16  0  0
 6  5  98144 133264284 1963888 43190132    0    0 926288 807348 247552 822115 18  7 60 16  0  0
24 25  98144 133269764 1963888 43190172    0    0 919808 789476 245125 813757 18  6 60 16  0  0
 9  1  98144 133252244 1963888 43190192    0    0 935728 787340 241722 813588 18  6 59 17  0  0
 2  1  98144 133252520 1963888 43190212    0    0 901360 783168 237076 811385 18  6 60 16  0  0
 4  0  98144 133258052 1963888 43190232    0    0 906832 772844 237678 799005 17  6 61 16  0  0
25 21  98144 133243040 1963888 43190248    0    0 924224 795964 237962 808069 18  6 61 16  0  0
 6  2  98144 133236448 1963888 43190264    0    0 930848 783748 243108 816872 18  5 60 16  0  0
11  4  98144 133257980 1963888 43190284    0    0 971280 803108 245800 848152 19  7 59 16  0  0
12  6  98144 133277608 1963888 43190308    0    0 942000 819772 249840 834473 18  6 61 15  0  0
 9  1  98144 133249484 1963888 43190320    0    0 951936 804876 248985 832197 18  7 60 15  0  0
34 15  98144 133251368 1963888 43190348    0    0 940336 802524 245971 814646 18  7 60 15  0  0
11  1  98144 133250064 1963888 43190368    0    0 953184 813868 255996 840801 19  7 59 15  0  0
procs -----------memory---------- ---swap-- -----io---- -system-- -------cpu-------
 r  b   swpd   free   buff  cache   si   so    bi    bo   in   cs us sy id wa st gu
27 23  98144 133239288 1963888 43190384    0    0 942896 797132 245096 820764 18  6 61 15  0  0
28 22  98144 133243976 1963888 43190400    0    0 947424 814132 246189 825191 18  6 61 15  0  0
11  4  98144 133262272 1963888 43190416    0    0 931744 802464 245620 812956 18  6 60 16  0  0
 8  0  98144 133262784 1963888 43190448    0    0 915648 782588 242583 804604 18  6 60 16  0  0
 9  7  98144 133270132 1963888 43190460    0    0 908256 809676 239824 798577 18  6 60 16  0  0
36 14  98144 133258468 1963888 43190480    0    0 944896 783660 246686 830492 18  6 60 16  0  0
29 18  98144 133267400 1963888 43190508    0    0 920128 806404 242455 801568 18  6 61 15  0  0
 2  5  98144 133252940 1963888 43190524    0    0 959504 796520 243161 829012 18  6 61 16  0  0
23 22  98144 133258992 1963888 43190544    0    0 921456 798032 246695 823809 18  6 61 15  0  0
27 20  98144 133259816 1963888 43190568    0    0 954224 798712 246487 826895 18  7 60 15  0  0
26 23  98144 133264636 1963888 43190676    0    0 939936 798920 244330 821898 18  6 61 15  0  0
29 21  98144 133262588 1963888 43190700    0    0 926960 789944 239669 809110 17  6 61 15  0  0
26 22  98144 133265644 1963888 43190708    0    0 957136 799040 245606 826388 18  7 60 15  0  0
23 26  98144 133261496 1963888 43190736    0    0 943056 793616 243900 819091 18  7 61 15  0  0
23 22  98144 133245780 1963888 43190752    0    0 929376 798744 239989 808629 18  5 61 16  0  0
30 18  98144 133239600 1963888 43190764    0    0 924912 770344 236457 803061 18  6 61 15  0  0
 5  1  98144 133242532 1963888 43190776    0    0 927440 793684 242638 809696 18  6 60 16  0  0
 6  1  98144 133248576 1963888 43190812    0    0 918480 786708 241120 800076 18  6 60 16  0  0
23 24  98144 133256340 1963888 43190828    0    0 935456 788092 245615 816677 18  6 60 16  0  0
22 26  98144 133255220 1963888 43190852    0    0 929664 809408 244427 814600 18  6 60 15  0  0
27 20  98144 133259260 1963888 43190872    0    0 941328 819348 248106 823149 18  6 60 15  0  0
procs -----------memory---------- ---swap-- -----io---- -system-- -------cpu-------
 r  b   swpd   free   buff  cache   si   so    bi    bo   in   cs us sy id wa st gu
 4  1  98144 133243516 1963888 43190888    0    0 969936 832420 251000 844196 18  5 60 16  0  0
29 16  98144 133237528 1963892 43190900    0    0 928976 799472 241747 813221 18  6 61 14  0  0
24 26  98144 133254744 1963892 43190924    0    0 951232 805332 245762 828291 18  7 60 16  0  0
25 23  98144 133254992 1963892 43190948    0    0 956496 804712 247409 829359 18  7 60 15  0  0
21 25  98144 133255536 1963892 43190964    0    0 892544 789832 237672 801148 17  6 60 16  0  0
 4  1  98144 133263080 1963892 43190984    0    0 896256 761012 236068 789071 18  6 60 16  0  0
 6  1  98144 133236756 1963892 43191012    0    0 905376 772344 234970 782698 17  6 61 16  0  0
 8  0  98144 133231072 1963892 43191024    0    0 907408 787532 238683 793027 17  5 61 16  0  0
10  3  98144 133232544 1963892 43191044    0    0 920592 772028 238256 802755 18  6 60 16  0  0
 6  2  98144 133245660 1963892 43191064    0    0 922848 752012 234308 798507 18  6 60 16  0  0
21  0  98144 133238908 1963892 43191080    0    0 908064 779240 240173 802822 18  6 60 16  0  0
30 16  98144 133248460 1963900 43191100    0    0 939616 788872 246772 822343 18  6 59 16  0  0
 5  0  98144 133237744 1963900 43191116    0    0 930288 782876 245192 813631 18  6 60 16  0  0
29 15  98144 133241188 1963900 43191168    0    0 940800 783820 242915 812786 18  6 60 16  0  0
 7  0  98144 133220908 1963900 43191188    0    0 918960 793196 238063 797296 17  6 61 16  0  0
22 26  98144 133214028 1963900 43191200    0    0 923024 776200 243943 809878 18  6 60 15  0  0
17  1  98144 133245908 1963900 43191224    0    0 930496 783364 242911 813329 18  6 60 16  0  0
27 20  98144 133250052 1963900 43191244    0    0 927808 793360 241457 809180 18  6 60 16  0  0
29 23  98144 133248208 1963900 43191272    0    0 900880 763112 233438 785283 17  6 61 15  0  0
29 16  98144 133254272 1963900 43191296    0    0 923504 789268 242602 808566 18  6 60 16  0  0
30 17  98144 133229412 1963900 43191316    0    0 920432 791696 238817 799085 17  5 61 16  0  0
procs -----------memory---------- ---swap-- -----io---- -system-- -------cpu-------
 r  b   swpd   free   buff  cache   si   so    bi    bo   in   cs us sy id wa st gu
28 17  98144 133215588 1963900 43191324    0    0 904880 773372 235643 790067 18  6 61 16  0  0
30 17  98144 133227980 1963900 43191348    0    0 882096 765524 233335 789230 17  6 61 15  0  0
11  4  98144 133266008 1963900 43191368    0    0 921088 771100 242658 813668 18  6 60 16  0  0
 5  1  98144 133248432 1963900 43191376    0    0 937696 804796 250030 823579 18  7 60 16  0  0
 7  1  98144 133236884 1963900 43191400    0    0 939568 787032 245578 826683 18  7 60 16  0  0
25 25  98144 133238112 1963904 43191408    0    0 963712 791672 246882 835696 18  7 60 15  0  0
24 23  98144 133225536 1963904 43191428    0    0 964896 804540 250889 840137 18  5 60 16  0  0
25 23  98144 133242168 1963904 43191440    0    0 952528 798192 247979 830391 18  6 60 15  0  0
29 19  98144 133259840 1963904 43191464    0    0 939104 784312 245832 816014 18  6 60 15  0  0
 3  3  98144 133234956 1963904 43191484    0    0 910240 783664 237752 794997 17  6 61 15  0  0
32 18  98144 133240988 1963904 43191508    0    0 923664 769040 239616 810199 18  6 61 15  0  0
30 16  98144 133260024 1963904 43191540    0    0 931280 785136 239017 807561 18  6 61 15  0  0
28 17  98144 133244492 1963904 43191548    0    0 914432 784976 242990 809888 18  6 61 16  0  0
21 25  98144 133228740 1963904 43191572    0    0 924352 791620 238147 801379 17  5 62 16  0  0
10  1  98144 133233512 1963904 43191592    0    0 941200 824548 246116 823720 18  6 60 15  0  0
20  8  98144 133244176 1963904 43191616    0    0 939808 792296 247270 822788 18  6 60 15  0  0
 8  1  98144 133245592 1963904 43191636    0    0 941664 813452 248412 827703 18  7 60 15  0  0
 8  0  98144 133252656 1963904 43191648    0    0 938016 805456 248288 828052 18  6 60 15  0  0
10  7  98144 133236436 1963904 43191684    0    0 956176 810500 251801 832102 18  6 60 15  0  0
29 16  98144 133224880 1963904 43191700    0    0 927376 792800 242276 826006 18  6 61 15  0  0
 9  3  98144 133221476 1963904 43191708    0    0 945168 800456 246277 830037 18  5 62 15  0  0
procs -----------memory---------- ---swap-- -----io---- -system-- -------cpu-------
 r  b   swpd   free   buff  cache   si   so    bi    bo   in   cs us sy id wa st gu
29 23  98144 133239452 1963904 43191732    0    0 927232 788024 243711 812448 18  6 61 15  0  0
27 20  98144 133256708 1963904 43191756    0    0 940032 791340 246721 824730 18  6 60 16  0  0
27 20  98144 133264508 1963904 43191780    0    0 933792 774728 238304 804690 18  6 61 15  0  0
29 18  98144 133257988 1963904 43191796    0    0 930256 789260 243513 814555 18  7 60 16  0  0
12 10  98144 133240260 1963904 43191808    0    0 911312 774896 234852 790413 17  6 61 15  0  0
27 26  98144 133237104 1963904 43191832    0    0 930320 782184 237942 810875 17  6 62 15  0  0
 4  0  98144 133237116 1963904 43191916    0    0 937184 790396 241664 824714 18  5 62 15  0  0
 4  3  98144 133225728 1963904 43191936    0    0 915984 782956 238169 799781 18  6 62 15  0  0
29 20  98144 133235816 1963904 43191960    0    0 949136 805692 252411 839585 18  7 60 15  0  0
 9  0  98144 133264312 1963904 43191980    0    0 951344 819936 253877 836655 18  7 60 15  0  0
 8  1  98144 133266560 1963904 43191992    0    0 950608 802284 248411 833225 18  6 60 15  0  0
26 18  98144 133255232 1963904 43192024    0    0 925072 784692 243512 811065 18  6 60 16  0  0
 8  4  98144 133236772 1963904 43192048    0    0 905712 780820 234848 784357 17  6 61 16  0  0
 6  1  98144 133236264 1963904 43192056    0    0 911808 777708 238400 795772 17  5 61 16  0  0
 5  0  98144 133246296 1963904 43192080    0    0 921968 793740 241549 808502 18  6 60 16  0  0
14  8  98144 133248444 1963904 43192092    0    0 901392 773316 236158 805412 18  6 61 16  0  0
 3  0  98144 133266728 1963904 43192120    0    0 911600 771964 239544 794620 18  6 60 16  0  0
 8  0  98144 133253340 1963904 43192144    0    0 910560 761236 237234 797057 17  6 61 15  0  0
 6  1  98144 133244616 1963904 43192172    0    0 928352 794924 243146 803485 18  6 60 16  0  0
29 20  98144 133222144 1963908 43192184    0    0 921360 768576 236630 802734 17  5 62 15  0  0
 5  1  98144 133230984 1963908 43192204    0    0 930320 772096 240005 815902 18  6 61 16  0  0
procs -----------memory---------- ---swap-- -----io---- -system-- -------cpu-------
 r  b   swpd   free   buff  cache   si   so    bi    bo   in   cs us sy id wa st gu
 4  4  98144 133245348 1963908 43192216    0    0 932016 774728 242391 815182 18  6 60 16  0  0
 6  1  98144 133249448 1963908 43192248    0    0 922432 777416 240945 804616 18  6 61 15  0  0
10  1  98144 133242356 1963908 43192264    0    0 914992 785168 240211 800203 18  6 61 15  0  0
 5  0  98144 133249692 1963912 43192272    0    0 944528 783956 246992 824855 18  6 59 17  0  0
 6  0  98144 133250920 1963912 43192304    0    0 889680 770076 234622 783269 18  6 61 16  0  0
 6  1  98144 133229264 1963912 43192316    0    0 906512 762376 230835 787557 17  5 62 16  0  0
23 20  98144 133242648 1963912 43192332    0    0 895456 776456 234213 783630 17  6 61 16  0  0
 5  0  98144 133242724 1963912 43192364    0    0 919168 763200 238305 806551 18  6 60 16  0  0
 5  2  98144 133240912 1963912 43192380    0    0 923200 786020 241842 804316 18  6 60 16  0  0
 8  0  98144 133252372 1963912 43192400    0    0 924320 798188 245046 816623 18  6 60 16  0  0
21  0  98144 133251428 1963912 43192420    0    0 920528 778500 241494 808669 18  6 60 16  0  0
 9  2  98144 133252080 1963912 43192436    0    0 924352 771092 241730 816554 18  7 60 16  0  0
 6  0  98144 133235632 1963912 43192456    0    0 915520 799720 240557 822381 17  5 63 15  0  0
29 19  98144 133244316 1963916 43192472    0    0 948688 797416 247949 831268 18  7 61 15  0  0
30 20  98144 133238192 1963916 43192484    0    0 923904 785184 240311 808328 17  6 61 15  0  0
 6  0  98144 133239188 1963916 43192516    0    0 933232 781248 243261 812121 18  6 60 16  0  0
29 21  98144 133220180 1963916 43192524    0    0 898784 764636 235919 789805 17  6 61 16  0  0
 5  0  98144 133243196 1963916 43192548    0    0 906512 743468 233739 800811 17  6 61 16  0  0
 3  0  98144 133224004 1963920 43192572    0    0 913328 763324 234701 793416 17  6 61 16  0  0
 4  3  98144 133237436 1963920 43192580    0    0 907376 767532 233699 789199 17  5 62 16  0  0
28 25  98144 133245748 1963920 43192604    0    0 935824 787752 247592 823538 18  6 60 15  0  0
procs -----------memory---------- ---swap-- -----io---- -system-- -------cpu-------
 r  b   swpd   free   buff  cache   si   so    bi    bo   in   cs us sy id wa st gu
10 11  98144 133235908 1963920 43192612    0    0 963840 798588 249446 838237 19  7 60 15  0  0
17  0  98144 133228724 1963920 43192632    0    0 936528 800240 245668 816755 18  6 61 15  0  0
27 22  98144 133227856 1963920 43192656    0    0 960128 796468 250725 836676 18  7 60 15  0  0
34 12  98144 133252276 1963920 43192676    0    0 931104 790140 243586 815858 18  6 61 15  0  0
22  1  98144 133232080 1963920 43192684    0    0 930384 809104 240124 805581 18  6 62 15  0  0
 5  1  98144 133233332 1963920 43192708    0    0 907728 799588 240333 792242 17  5 62 15  0  0
27 22  98144 133240064 1963920 43192712    0    0 928128 777276 240042 803731 18  6 61 15  0  0
29 21  98144 133254320 1963924 43192752    0    0 903712 771604 234762 784014 17  6 61 16  0  0
26 22  98144 133241072 1963924 43192776    0    0 918992 777216 241770 807651 18  6 59 17  0  0
11  4  98144 133245356 1963924 43192788    0    0 900064 776528 238853 808832 18  6 60 16  0  0
12  9  98144 133235720 1963924 43192812    0    0 906320 771224 237596 799116 17  6 61 16  0  0
25 18  98144 133225828 1963924 43192824    0    0 935648 786556 240198 813153 17  5 62 16  0  0
21  7  98144 133227836 1963924 43192836    0    0 958288 809248 247530 830910 18  6 60 15  0  0
16  3  98144 133235240 1963924 43192856    0    0 941680 777272 245836 822967 18  6 61 15  0  0
25 26  98144 133235072 1963924 43192872    0    0 967600 810288 254980 845546 19  7 59 16  0  0
11 40  98144 133252652 1963924 43192884    0    0 945200 783460 246115 825776 18  7 60 15  0  0
13  3  98144 133253712 1963924 43192908    0    0 925520 797016 246740 819156 18  6 61 15  0  0
19 12  98144 133253560 1963924 43192932    0    0 945872 796468 244208 821868 18  6 61 15  0  0
13 17  98144 133239648 1963924 43192944    0    0 946400 783744 247386 826840 18  5 61 16  0  0
16 35  98144 133244108 1963924 43192960    0    0 931712 769424 241433 811619 18  6 60 17  0  0
15 35  98144 133225820 1963924 43192976    0    0 881584 790568 232731 771216 17  6 61 16  0  0
procs -----------memory---------- ---swap-- -----io---- -system-- -------cpu-------
 r  b   swpd   free   buff  cache   si   so    bi    bo   in   cs us sy id wa st gu
10  4  98144 133228476 1963924 43193000    0    0 913568 779936 239902 797723 18  6 60 16  0  0
 9 16  98144 133228200 1963924 43193028    0    0 897936 768644 234444 784634 17  6 61 16  0  0
13 14  98144 133235872 1963924 43193052    0    0 917808 784476 238515 803911 18  6 62 14  0  0
10 32  98144 133254252 1963924 43193140    0    0 946896 835172 249012 830823 18  6 60 15  0  0
21 29  98144 133243312 1963924 43193152    0    0 972944 805536 251956 845280 18  5 61 16  0  0
11  7  98144 133240396 1963924 43193172    0    0 924528 803052 249716 833838 18  6 61 15  0  0
18 33  98144 133242140 1963928 43193228    0    0 942336 782752 244247 823036 18  7 61 15  0  0
17 33  98144 133245804 1963928 43193248    0    0 947104 793468 248930 828658 18  6 60 15  0  0
21 25  98144 133248968 1963928 43193268    0    0 945472 815868 252942 831597 18  6 60 15  0  0
22 30  98144 133249360 1963928 43193288    0    0 930848 758900 240033 806198 18  6 61 15  0  0
10 39  98144 133250308 1963936 43193352    0    0 915168 736684 235166 796912 18  6 60 16  0  0
26 25  98144 133235424 1963940 43193368    0    0 911392 787724 234659 788332 17  5 61 16  0  0
12 39  98144 133214880 1963940 43193396    0    0 909200 755304 235288 786824 17  6 61 15  0  0
20 28  98144 133219728 1963940 43193416    0    0 903728 764436 237175 789676 17  6 61 16  0  0
 8 42  98144 133222748 1963940 43193436    0    0 922368 765316 239914 803838 18  6 60 16  0  0
34 21  98144 133243696 1963940 43193456    0    0 924800 768436 243369 807334 17  6 61 15  0  0
13 39  98144 133248540 1963944 43193476    0    0 930336 780040 245372 814174 18  6 60 15  0  0
14 35  98144 133231028 1963944 43193496    0    0 916544 767200 237671 801416 18  6 62 15  0  0
36 18  98144 133231960 1963944 43193504    0    0 920768 780944 242737 806464 18  5 61 16  0  0
 6 43  98144 133232952 1963944 43193524    0    0 918432 798648 243513 805829 18  6 60 16  0  0
28 27  98144 133233848 1963944 43193548    0    0 906400 749632 237470 797463 18  6 61 15  0  0
procs -----------memory---------- ---swap-- -----io---- -system-- -------cpu-------
 r  b   swpd   free   buff  cache   si   so    bi    bo   in   cs us sy id wa st gu
15 35  98144 133240444 1963944 43193568    0    0 918448 780576 242069 803736 18  6 60 16  0  0
32 19  98144 133232948 1963944 43193588    0    0 914752 751020 236935 801972 18  6 60 16  0  0
22 28  98144 133239920 1963944 43193612    0    0 884448 778636 237942 797045 17  6 61 16  0  0
18 32  98144 133218520 1963944 43193628    0    0 918112 766216 237825 789810 17  5 60 17  0  0
17 32  98144 133222720 1963944 43193644    0    0 899008 769960 233513 782930 17  5 62 16  0  0
25 26  98144 133230948 1963944 43193656    0    0 931312 764544 238977 810398 18  6 60 16  0  0
18 35  98144 133251556 1963944 43193676    0    0 915664 788284 242548 804116 18  6 59 17  0  0
28 22  98144 133255736 1963944 43193696    0    0 935968 777028 243196 820387 18  6 60 16  0  0
23 27  98144 133238400 1963944 43193716    0    0 925728 783332 243196 815101 18  6 60 16  0  0
24 29  98144 133253120 1963944 43193744    0    0 912816 759904 239435 800458 17  6 62 15  0  0
17 32  98144 133239804 1963948 43193760    0    0 908064 751540 231156 784522 17  5 62 15  0  0
23 27  98144 133240168 1963948 43193776    0    0 900912 764516 236475 784280 17  6 62 15  0  0
25 28  98144 133245820 1963948 43193800    0    0 938176 773320 243178 819415 18  6 60 16  0  0
 6  1  98144 133229368 1963948 43193820    0    0 908304 764848 235721 788070 17  6 61 15  0  0
25 26  98144 133222212 1963948 43193872    0    0 885024 781340 232980 775742 17  6 61 15  0  0
24 27  98144 133254036 1963948 43193892    0    0 915472 772712 239193 802507 18  6 60 16  0  0
29 24  98144 133233756 1963952 43193912    0    0 918912 782752 241567 811116 17  6 61 16  0  0
27 27  98144 133216612 1963952 43193928    0    0 927632 792388 239451 808570 17  5 62 16  0  0
11  2  98144 133218380 1963952 43193948    0    0 923552 790804 244640 813440 18  6 60 16  0  0
21 25  98144 133256116 1963952 43193968    0    0 937664 806240 245840 821590 18  6 61 15  0  0
24 23  98144 133247128 1963956 43193984    0    0 925456 779552 243787 822974 18  7 61 15  0  0
procs -----------memory---------- ---swap-- -----io---- -system-- -------cpu-------
 r  b   swpd   free   buff  cache   si   so    bi    bo   in   cs us sy id wa st gu
20 20  98144 133243792 1963956 43194016    0    0 925136 782444 240304 807160 18  6 61 15  0  0
10  4  98144 133238088 1963956 43194036    0    0 922896 787576 240292 803170 18  6 61 14  0  0
10  5  98144 133227552 1963956 43194060    0    0 936640 808528 249837 820931 18  6 61 15  0  0
 8  5  98144 133211048 1963956 43194068    0    0 964832 783792 243831 833345 18  5 61 16  0  0
29 24  98144 133211952 1963956 43194088    0    0 926704 798028 245854 811500 18  6 60 15  0  0
34 15  98144 133229276 1963956 43194108    0    0 939408 770708 241508 814529 18  6 60 16  0  0
29 16  98144 133228088 1963956 43194132    0    0 917696 767208 239183 800618 17  6 61 15  0  0
23 21  98144 133246440 1963956 43194156    0    0 889952 765204 238578 781419 17  6 60 16  0  0
35 18  98144 133259608 1963956 43194176    0    0 907056 755260 238489 793563 17  6 61 16  0  0
 4  2  98144 133255220 1963956 43194192    0    0 894544 772920 237043 788211 17  6 61 16  0  0
11  7  98144 133243672 1963956 43194204    0    0 918272 783088 239728 804641 17  5 61 16  0  0
12 37  98144 133242476 1963956 43194224    0    0 913184 793740 242428 807513 17  6 61 15  0  0
27 22  98144 133244380 1963956 43194240    0    0 924672 774348 243895 809753 18  6 61 15  0  0
31 20  98144 133236140 1963956 43194264    0    0 913536 775620 239473 799617 17  6 61 16  0  0
24 24  98144 133226612 1963956 43194284    0    0 915024 796336 239841 801632 18  6 61 15  0  0
31 14  98144 133242704 1963956 43194308    0    0 942528 785528 242562 820485 18  6 60 15  0  0
26 23  98144 133237052 1963956 43194332    0    0 934512 804524 244409 816889 17  6 61 16  0  0
25 23  98144 133228548 1963956 43194340    0    0 898400 761988 233798 800357 17  6 62 15  0  0
31 16  98144 133240524 1963956 43194364    0    0 900736 768620 237299 793039 18  6 60 16  0  0
31 19  98144 133238704 1963956 43194376    0    0 905024 761360 237584 789946 17  6 61 16  0  0
28 17  98144 133240628 1963956 43194400    0    0 902400 770852 240591 793016 17  6 60 16  0  0
procs -----------memory---------- ---swap-- -----io---- -system-- -------cpu-------
 r  b   swpd   free   buff  cache   si   so    bi    bo   in   cs us sy id wa st gu
32 19  98144 133243944 1963956 43194488    0    0 918624 761948 241529 803879 18  6 60 16  0  0
15  5  98144 133250024 1963956 43194508    0    0 917360 768804 241046 796543 18  6 60 16  0  0
22 24  98144 133225156 1963956 43194524    0    0 950192 796808 245608 827160 18  6 60 16  0  0
25 21  98144 133233884 1963956 43194540    0    0 942912 793316 246135 819863 18  6 60 16  0  0
26 21  98144 133223688 1963956 43194560    0    0 904800 770468 237146 793076 17  6 62 15  0  0
16 20  98144 133247436 1963956 43194592    0    0 919552 778684 243174 807616 18  6 60 15  0  0
10  5  98144 133244748 1963956 43194608    0    0 932208 780916 245922 820442 18  6 60 15  0  0
 5  5  98144 133221604 1963956 43194636    0    0 931664 784596 245053 822798 18  6 61 15  0  0
 4  4  98144 133225704 1963956 43194652    0    0 910704 775828 236425 795720 17  6 62 15  0  0
 5  6  98144 133194640 1963956 43194668    0    0 913424 792068 236765 794488 17  5 62 16  0  0
32 19  98144 133196252 1963956 43194688    0    0 915456 774964 245494 805723 18  6 60 17  0  0
 4  1  98144 133227728 1963956 43194712    0    0 890768 771060 235085 784568 17  6 62 15  0  0
10  6  98144 133230092 1963956 43194736    0    0 915920 775444 240578 801026 17  6 60 16  0  0
 6  4  98144 133241240 1963956 43194760    0    0 911872 773656 237839 797937 17  6 61 16  0  0
 7  2  98144 133239776 1963956 43194780    0    0 905440 779340 238487 802289 18  6 61 15  0  0
10  2  98144 133244492 1963956 43194804    0    0 942640 784968 247248 824854 18  6 60 16  0  0
27 20  98144 133220964 1963956 43194812    0    0 935664 780584 237628 807648 17  5 62 16  0  0
27 21  98144 133225716 1963956 43194828    0    0 903888 785420 243075 800532 17  6 62 15  0  0
27 21  98144 133235076 1963956 43194848    0    0 944432 763172 244385 824360 18  6 60 15  0  0
25 25  98144 133218776 1963960 43194872    0    0 919600 795540 245350 815012 18  6 61 15  0  0
27 25  98144 133221188 1963960 43194892    0    0 927568 779208 242800 809038 18  6 61 15  0  0
procs -----------memory---------- ---swap-- -----io---- -system-- -------cpu-------
 r  b   swpd   free   buff  cache   si   so    bi    bo   in   cs us sy id wa st gu
22 28  98144 133232516 1963960 43194912    0    0 939200 787452 245790 822324 18  6 60 16  0  0
30 19  98144 133239960 1963960 43194936    0    0 929968 764096 243731 817775 18  6 60 16  0  0
18 26  98144 133223808 1963960 43194944    0    0 893264 764224 233184 779135 17  5 62 16  0  0
12  1  98144 133239664 1963964 43194964    0    0 918704 773508 243244 814451 18  6 60 16  0  0
30 22  98144 133228728 1963964 43194988    0    0 886960 765692 231204 768508 17  6 61 16  0  0
27 19  98144 133231572 1963964 43195004    0    0 898368 770904 237858 788721 17  6 61 15  0  0
 5  0  98144 133251604 1963964 43195024    0    0 919840 784296 243179 804512 18  6 61 16  0  0
 8  1  98144 133241668 1963964 43195044    0    0 914784 779884 238949 800532 18  6 61 15  0  0
20 29  98144 133230276 1963964 43195064    0    0 919600 791736 242198 807350 17  6 61 16  0  0
28 22  98144 133224072 1963964 43195072    0    0 931856 796840 240304 807007 17  5 61 16  0  0
23 23  98144 133236156 1963964 43195100    0    0 918544 783384 243501 812249 18  6 60 16  0  0
30 18  98144 133236520 1963964 43195120    0    0 910912 771536 242344 816734 18  6 61 15  0  0
 7  1  98144 133223056 1963964 43195136    0    0 911504 778160 237585 792901 17  6 61 15  0  0
17  0  98144 133218940 1963964 43195160    0    0 898096 772784 238668 790478 17  6 61 16  0  0
24 25  98144 133247544 1963964 43195176    0    0 904912 760604 234002 785223 17  6 61 16  0  0
21 24  98144 133225460 1963964 43195200    0    0 924432 767416 238007 802023 17  5 61 16  0  0
22 25  98144 133235272 1963964 43195212    0    0 906000 767600 238034 793266 17  5 61 17  0  0
37 14  98144 133233028 1963964 43195232    0    0 924864 762036 241770 808062 18  6 60 16  0  0
13  2  98144 133239460 1963964 43195252    0    0 909920 774832 238594 798113 17  6 60 16  0  0
 9  3  98144 133232192 1963964 43195276    0    0 907312 773568 238512 792730 17  6 61 15  0  0
 7  2  98144 133216764 1963964 43195296    0    0 912800 777856 242103 805773 18  6 61 15  0  0
procs -----------memory---------- ---swap-- -----io---- -system-- -------cpu-------
 r  b   swpd   free   buff  cache   si   so    bi    bo   in   cs us sy id wa st gu
24 27  98144 133228748 1963964 43195316    0    0 924624 782960 243995 811006 18  6 60 16  0  0
26 23  98144 133209628 1963964 43195336    0    0 915072 776820 238822 805487 17  5 62 16  0  0
 8  4  98144 133223288 1963964 43195352    0    0 922752 782444 241845 806088 18  6 61 16  0  0
10  7  98144 133224800 1963964 43195376    0    0 922000 779788 243989 818104 18  6 60 16  0  0
26 21  98144 133242372 1963964 43195396    0    0 901664 802104 238788 789713 17  6 61 15  0  0
16  6  98144 133237708 1963964 43195420    0    0 903632 755056 231912 781918 17  6 61 15  0  0
20 24  98144 133248924 1963964 43195444    0    0 914912 773396 244861 810458 18  6 59 17  0  0
24 22  98144 133231376 1963964 43195468    0    0 887760 748420 230674 777408 17  6 61 15  0  0
24 23  98144 133212996 1963964 43195480    0    0 908880 774648 238338 805645 17  5 62 16  0  0
31 17  98144 133191724 1963964 43195500    0    0 902448 772132 237111 790668 17  6 61 16  0  0
33 17  98144 133224868 1963964 43195500    0    0 915040 769052 236472 793405 17  6 61 15  0  0
 8  0  98144 133230960 1963964 43195520    0    0 914576 789220 240454 798482 17  6 61 15  0  0
18  8  98144 133240536 1963964 43195544    0    0 929232 753876 240014 811381 18  6 61 15  0  0
29 19  98144 133239912 1963964 43195560    0    0 917680 768488 241972 802382 18  6 60 16  0  0
 9  3  98144 133226524 1963964 43195616    0    0 919104 784484 241841 810469 18  6 61 15  0  0
25 22  98144 133202548 1963964 43195624    0    0 944816 777264 240736 817609 18  5 62 16  0  0
 6  0  98144 133218344 1963964 43195648    0    0 911120 785072 240045 801646 18  6 61 15  0  0
11  2  98144 133226836 1963964 43195672    0    0 909504 764520 235585 793124 17  6 61 15  0  0
 7  1  98144 133209808 1963964 43195760    0    0 910112 762036 238067 800759 18  6 60 16  0  0
25 22  98144 133232936 1963964 43195780    0    0 892144 760092 241377 779905 17  6 61 15  0  0
19 29  98144 133237336 1963964 43195836    0    0 892960 784472 240019 785583 17  6 61 16  0  0
procs -----------memory---------- ---swap-- -----io---- -system-- -------cpu-------
 r  b   swpd   free   buff  cache   si   so    bi    bo   in   cs us sy id wa st gu
 2  0  98144 133227420 1963964 43195852    0    0 899616 765056 238916 796681 17  6 61 16  0  0
16 10  98144 133229868 1963964 43195860    0    0 902416 755748 233299 790571 17  5 62 16  0  0
10  0  98144 133235076 1963964 43195884    0    0 903792 785872 238965 792346 17  6 61 15  0  0
26 23  98144 133233852 1963964 43195904    0    0 946304 792588 245369 822490 18  6 60 16  0  0
36 13  98144 133222584 1963964 43195928    0    0 926352 805232 247394 823532 18  6 60 16  0  0
39 11  98144 133231124 1963964 43195948    0    0 902528 756608 238226 820628 18  6 61 15  0  0
 8  7  98144 133252584 1963964 43195964    0    0 927936 791944 249450 825716 18  6 60 16  0  0
21 25  98144 133218500 1963964 43195980    0    0 926880 794852 241459 808310 17  6 62 15  0  0
 7  0  98144 133235380 1963964 43195992    0    0 922288 773660 236087 798365 17  6 62 15  0  0
23 22  98144 133239444 1963964 43196084    0    0 937168 764164 244114 818337 18  6 60 16  0  0
21 25  98144 133234132 1963964 43196104    0    0 892304 761236 235762 782799 17  6 61 16  0  0
22 23  98144 133246168 1963964 43196120    0    0 907248 756360 237666 795627 17  6 60 16  0  0
34 16  98144 133247904 1963964 43196140    0    0 900352 757704 237703 783687 17  6 61 16  0  0
 7  1  98144 133241124 1963964 43196160    0    0 884352 757768 233048 780503 17  6 62 14  0  0
29 19  98144 133224704 1963964 43196188    0    0 931440 771368 240946 809550 17  5 61 16  0  0
32 15  98144 133226480 1963964 43196204    0    0 938240 796036 247858 822996 18  6 60 16  0  0
 8  1  98144 133231532 1963968 43196220    0    0 933248 785656 244043 821480 18  7 60 16  0  0
11  6  98144 133228416 1963968 43196240    0    0 918656 795444 244489 807221 18  6 60 16  0  0
 7  0  98144 133216564 1963968 43196260    0    0 914544 766268 240114 802565 18  6 61 15  0  0
23  9  98144 133224584 1963968 43196288    0    0 913856 769900 236312 797278 17  6 62 15  0  0
29 20  98144 133235420 1963968 43196308    0    0 909344 788796 241377 807939 17  6 61 15  0  0
procs -----------memory---------- ---swap-- -----io---- -system-- -------cpu-------
 r  b   swpd   free   buff  cache   si   so    bi    bo   in   cs us sy id wa st gu
19 24  98144 133220140 1963976 43196308    0    0 902960 784868 233349 785088 17  5 63 15  0  0
24 23  98144 133235176 1963976 43196332    0    0 920768 777248 240877 803552 18  6 60 16  0  0
 2  1  98144 133236768 1963976 43196360    0    0 881952 764628 231903 794979 17  6 61 15  0  0
20  3  98144 133230204 1963976 43196384    0    0 894912 751396 233863 782550 17  6 61 16  0  0
26 24  98144 133236064 1963976 43196436    0    0 902064 769156 241453 792136 17  6 60 16  0  0
31 16  98144 133229916 1963976 43196456    0    0 914336 769572 243742 814239 18  6 60 16  0  0
26 22  98144 133226544 1963976 43196472    0    0 911968 771340 237282 802656 17  6 62 15  0  0
28 20  98144 133208536 1963976 43196488    0    0 929568 772532 240088 808646 17  5 62 15  0  0
24 20  98144 133236872 1963976 43196508    0    0 911744 785500 239383 806379 18  6 61 15  0  0
21  8  98144 133210288 1963976 43196528    0    0 942784 760008 245242 824718 18  6 60 16  0  0
22 26  98144 133241208 1963984 43196536    0    0 933680 795236 250806 815200 18  6 60 16  0  0
29 19  98144 133248164 1963984 43196560    0    0 921072 774048 240255 800484 18  6 61 15  0  0
 6  3  98144 133241600 1963984 43196588    0    0 922736 774348 240829 807861 18  6 61 15  0  0
28 21  98144 133224832 1963984 43196612    0    0 911216 779208 242103 801746 17  6 62 15  0  0
23 25  98144 133211880 1963984 43196620    0    0 930848 789240 246190 816238 18  5 60 17  0  0
29 19  98144 133232092 1963988 43196636    0    0 889536 789864 238181 786354 17  6 61 15  0  0
10  2  98144 133240612 1963988 43196660    0    0 898784 755604 234412 781757 17  6 61 16  0  0
26 23  98144 133231492 1963988 43196684    0    0 915776 765872 241777 802579 18  6 60 16  0  0
32 13  98144 133225440 1963988 43196700    0    0 912176 759648 235395 797667 17  6 61 16  0  0
22 27  98144 133229644 1963988 43196724    0    0 915568 791620 242649 806255 18  6 61 15  0  0
26 21  98144 133220336 1963988 43196744    0    0 896528 774888 232961 799632 17  6 63 14  0  0
procs -----------memory---------- ---swap-- -----io---- -system-- -------cpu-------
 r  b   swpd   free   buff  cache   si   so    bi    bo   in   cs us sy id wa st gu
24 26  98144 133221192 1963992 43196756    0    0 934480 778980 243573 813253 18  6 61 16  0  0
21 28  98144 133233476 1963992 43196780    0    0 911872 770408 239810 801586 18  6 61 15  0  0
 4  5  98144 133217264 1963992 43196804    0    0 919184 799896 246273 810927 18  6 60 16  0  0
29 18  98144 133232148 1963992 43196828    0    0 939792 765072 244447 825613 18  6 60 15  0  0
29 17  98144 133237608 1963992 43196848    0    0 922992 775448 240407 805376 18  6 61 15  0  0
 6  2  98144 133238640 1964000 43196868    0    0 926592 774780 239331 803730 18  6 60 16  0  0
 7  5  98144 133222772 1964000 43196888    0    0 917760 772060 237513 800896 17  5 61 16  0  0
38 12  98144 133220580 1964000 43196900    0    0 921392 767692 240105 803977 17  6 60 17  0  0
17  6  98144 133230696 1964000 43196924    0    0 890640 769420 233975 780475 17  6 61 16  0  0
30 21  98144 133235064 1964000 43196948    0    0 931136 768424 243498 813973 18  6 59 17  0  0
31 21  98144 133241356 1964008 43196968    0    0 893056 771352 232256 773834 17  6 61 16  0  0
30 17  98144 133236820 1964008 43196988    0    0 918544 776548 241774 802664 17  6 60 16  0  0
20 17  98144 133243264 1964016 43197000    0    0 908288 770948 240266 801963 18  6 60 16  0  0
 9  3  98144 133227008 1964016 43197024    0    0 900816 780640 236663 787849 17  5 62 16  0  0
 7  9  98144 133216360 1964016 43197040    0    0 892560 762400 234348 783532 17  6 62 16  0  0
28 19  98144 133234132 1964016 43197152    0    0 902048 770848 234342 785932 17  6 61 16  0  0
24 27  98144 133246480 1964016 43197172    0    0 910960 767852 238576 800422 18  6 60 16  0  0
26 19  98144 133237820 1964024 43197184    0    0 898048 760764 233270 797703 18  6 61 15  0  0
28 22  98144 133211356 1964024 43197224    0    0 909664 773320 236872 791438 17  6 61 15  0  0
17 30  98144 133219592 1964024 43197244    0    0 901456 767856 237089 788061 17  6 61 16  0  0
25 22  98144 133202348 1964024 43197256    0    0 904416 758064 232047 783976 17  5 62 17  0  0
procs -----------memory---------- ---swap-- -----io---- -system-- -------cpu-------
 r  b   swpd   free   buff  cache   si   so    bi    bo   in   cs us sy id wa st gu
33 16  98144 133206784 1964024 43197272    0    0 917520 767984 239842 802054 18  6 60 16  0  0
23 25  98144 133234932 1964028 43197292    0    0 925696 756148 239777 806465 18  6 60 16  0  0
27 25  98144 133240848 1964028 43197316    0    0 903968 773908 237827 791644 17  6 60 16  0  0
28 17  98144 133229100 1964028 43197340    0    0 923760 766652 240979 807587 18  6 60 16  0  0
21 28  98144 133212428 1964028 43197360    0    0 917808 783224 243160 811153 18  6 60 16  0  0
30 22  98144 133219420 1964028 43197380    0    0 925680 783256 246577 813221 18  6 60 16  0  0
20 29  98144 133218756 1964028 43197392    0    0 928496 782552 241873 806338 18  5 61 16  0  0
 9  6  98144 133237988 1964028 43197416    0    0 923296 781192 245433 814130 18  6 61 15  0  0
28 19  98144 133225988 1964028 43197440    0    0 901328 759360 238501 792939 17  6 60 17  0  0
 7  0  98144 133214588 1964028 43197460    0    0 846768 729744 225187 743569 17  6 61 17  0  0
15  7  98144 133232184 1964028 43197476    0    0 870800 750116 228750 759512 17  6 60 17  0  0
10  2  98144 133259124 1964028 43197496    0    0 852112 715912 225413 742841 16  6 60 18  0  0
17 31  98144 133241872 1964032 43197516    0    0 805120 702792 214629 695795 16  5 61 18  0  0
25 20  98144 133231080 1964032 43197536    0    0 842800 712964 222653 738789 16  5 61 18  0  0
34 14  98144 133215668 1964032 43197552    0    0 868624 719680 228248 775156 17  6 60 17  0  0
35 18  98144 133211112 1964032 43197576    0    0 893200 766060 239352 794697 17  6 60 16  0  0
23 24  98144 133223776 1964032 43197600    0    0 900640 754112 235188 786705 17  6 61 16  0  0
29 20  98144 133239968 1964036 43197616    0    0 897392 773212 234385 783217 17  6 62 15  0  0
34 16  98144 133237312 1964036 43197644    0    0 918336 779744 240778 801247 18  6 61 15  0  0
24 21  98144 133235808 1964036 43197660    0    0 935888 776120 240363 820137 17  6 61 16  0  0
26 22  98144 133228556 1964036 43197668    0    0 921632 776680 236563 802970 17  5 62 15  0  0
procs -----------memory---------- ---swap-- -----io---- -system-- -------cpu-------
 r  b   swpd   free   buff  cache   si   so    bi    bo   in   cs us sy id wa st gu
11  1  98144 133234076 1964036 43197688    0    0 902240 759852 233671 792634 17  6 61 15  0  0
 8  1  98144 133239096 1964040 43197704    0    0 905936 768928 235682 797558 18  6 61 15  0  0
29 16  98144 133229924 1964040 43197732    0    0 917040 755764 239880 802057 18  6 60 17  0  0
29 20  98144 133233328 1964040 43197760    0    0 910912 778240 238502 806174 18  6 61 15  0  0
34 27  98144 133241720 1964040 43197776    0    0 929152 785612 246272 815885 18  7 60 15  0  0
30 20  98144 133232388 1964040 43197792    0    0 935888 792304 241306 813691 18  6 61 16  0  0
23 24  98144 133240452 1964048 43197816    0    0 944800 790212 245330 820884 18  6 62 15  0  0
 7  5  98144 133237096 1964048 43197816    0    0 935760 795624 245985 819508 18  6 61 14  0  0
13  5  98144 133229796 1964048 43197836    0    0 948016 813204 248075 829600 18  6 60 15  0  0
33 14  98144 133215020 1964048 43197852    0    0 933888 783352 242475 815990 18  6 62 14  0  0
23 25  98144 133229916 1964048 43197872    0    0 937792 798988 246415 826213 18  6 61 15  0  0
24 24  98144 133248412 1964052 43197888    0    0 917952 809004 247266 833778 18  7 61 15  0  0
32 14  98144 133229904 1964052 43197912    0    0 950592 797076 245509 822525 18  6 61 15  0  0
30 17  98144 133233812 1964052 43197928    0    0 920752 790592 242940 801726 18  6 61 15  0  0
29 22  98144 133215960 1964052 43197948    0    0 924208 785484 241307 805211 18  6 61 15  0  0
 9 13  98144 133211520 1964052 43197964    0    0 929824 776820 242775 819730 18  6 60 15  0  0
 4  2  98144 133242884 1964056 43197996    0    0 912176 757960 237511 794490 17  6 61 15  0  0
30 22  98144 133227408 1964056 43198016    0    0 929840 772372 243164 818884 18  6 60 15  0  0
 8  6  98144 133237048 1964056 43198036    0    0 950592 795492 247163 829675 18  7 61 15  0  0
28 18  98144 133228792 1964056 43198052    0    0 943216 794008 245537 824278 18  6 62 15  0  0
 5  4  98144 133213908 1964056 43198064    0    0 948016 816348 250275 829115 18  6 61 15  0  0
procs -----------memory---------- ---swap-- -----io---- -system-- -------cpu-------
 r  b   swpd   free   buff  cache   si   so    bi    bo   in   cs us sy id wa st gu
25 22  98144 133222220 1964056 43198088    0    0 948304 794604 248363 831594 18  7 61 15  0  0
 8  4  98144 133196788 1964056 43198112    0    0 937968 805692 250398 832616 18  6 61 15  0  0
27 25  98144 133218832 1964056 43198132    0    0 942976 809224 250985 837884 18  7 60 15  0  0
30 22  98144 133243692 1964056 43198152    0    0 945680 807480 250364 826649 18  6 61 15  0  0
23 24  98144 133234188 1964056 43198168    0    0 946464 802852 250834 825422 18  6 60 16  0  0
10  4  98144 133217792 1964060 43198184    0    0 944240 819220 246119 819087 17  5 61 17  0  0
30 18  98144 133228432 1964060 43198204    0    0 931056 780364 239915 807096 18  6 61 15  0  0
18 10  98144 133222436 1964060 43198224    0    0 924384 792024 245381 813128 18  6 60 16  0  0
29 19  98144 133220048 1964060 43198244    0    0 898000 763512 237758 805021 18  6 61 15  0  0
11  2  98144 133219152 1964060 43198264    0    0 924416 788948 245190 813627 18  6 61 15  0  0
24 24  98144 133216128 1964064 43198288    0    0 922512 785712 240073 803716 18  6 62 14  0  0
 9  5  98144 133221136 1964064 43198308    0    0 935024 786688 241562 816004 18  6 62 14  0  0
27 22  98144 133200636 1964064 43198388    0    0 934448 782972 241515 812984 18  5 62 16  0  0
29 20  98144 133230520 1964064 43198404    0    0 923760 765212 240296 801845 18  6 61 15  0  0
25 24  98144 133234268 1964064 43198424    0    0 906736 772960 240717 804019 18  6 61 15  0  0
17 30  98144 133242356 1964064 43198444    0    0 933168 794452 246316 814966 18  6 60 16  0  0
31 19  98144 133225828 1964064 43198468    0    0 962800 799436 253658 842945 18  7 60 15  0  0
16  5  98144 133233520 1964064 43198496    0    0 924816 780436 241275 808048 18  6 61 15  0  0
27 21  98144 133239576 1964064 43198512    0    0 927152 771188 237089 800335 17  6 61 15  0  0
 5  0  98144 133220292 1964064 43198532    0    0 935040 784640 244301 820100 18  5 61 16  0  0
12  6  98144 133236040 1964068 43198548    0    0 898640 770328 236647 785591 17  6 62 15  0  0
procs -----------memory---------- ---swap-- -----io---- -system-- -------cpu-------
 r  b   swpd   free   buff  cache   si   so    bi    bo   in   cs us sy id wa st gu
 3  0  98144 133229804 1964068 43198568    0    0 927072 804412 245530 818949 18  7 60 15  0  0
 8 32  98144 133231940 1964068 43198592    0    0 951952 812964 255727 841590 18  7 60 15  0  0
29 21  98144 133244180 1964068 43198608    0    0 947216 791816 250700 828941 18  7 60 15  0  0
12  4  98144 133227160 1964068 43198632    0    0 937360 802916 248891 822164 18  7 60 15  0  0
 4  0  98144 133225428 1964076 43198652    0    0 934864 773796 241089 814005 18  6 61 16  0  0
16  7  98144 133216868 1964076 43198660    0    0 897472 779040 233961 794858 17  5 63 15  0  0
11  3  98144 133220668 1964076 43198680    0    0 904752 775096 236502 792057 17  6 62 15  0  0
26 25  98144 133222176 1964076 43198704    0    0 926304 783616 244553 813201 18  7 61 15  0  0
32 16  98144 133225364 1964076 43198728    0    0 926624 780732 244032 818218 18  6 60 15  0  0
26 20  98144 133236048 1964084 43198744    0    0 922784 775188 240938 807311 18  6 61 15  0  0
 8 13  98144 133224328 1964084 43198764    0    0 938304 784380 244607 817253 18  6 61 15  0  0
 8  1  98144 133215828 1964084 43198784    0    0 927840 783208 242399 807680 17  5 61 16  0  0
13  0  98144 133217064 1964084 43198780    0    0 913136 777768 236847 797158 17  5 62 15  0  0
 9  1  98144 133218056 1964084 43198800    0    0 948144 778240 245585 824509 18  7 60 15  0  0
 7  1  98144 133239764 1964084 43198824    0    0 958048 805128 249889 835284 18  7 60 15  0  0
11  5  98144 133238864 1964084 43198840    0    0 935424 819024 246572 816257 18  6 61 15  0  0
35 13  98144 133239836 1964084 43198860    0    0 933616 779992 243956 815385 18  6 60 15  0  0
 7  1  98144 133233212 1964084 43198892    0    0 929920 797024 245864 820011 18  6 60 15  0  0
26 23  98144 133211560 1964084 43198908    0    0 913728 785040 234813 796240 17  5 62 15  0  0
23 25  98144 133211952 1964084 43198920    0    0 895568 770516 235717 781055 17  5 62 15  0  0
37 12  98144 133219428 1964084 43198940    0    0 912576 773224 242844 804104 18  6 61 15  0  0
procs -----------memory---------- ---swap-- -----io---- -system-- -------cpu-------
 r  b   swpd   free   buff  cache   si   so    bi    bo   in   cs us sy id wa st gu
27 21  98144 133234424 1964084 43198956    0    0 924384 788704 242892 812265 18  6 61 15  0  0
 7  2  98144 133222164 1964084 43198980    0    0 892592 760088 233108 796263 17  6 62 14  0  0
 3  2  98144 133228172 1964084 43199004    0    0 919264 771140 238235 810304 18  6 61 15  0  0
14  2  98144 133227176 1964088 43199020    0    0 924592 780044 244865 809945 18  6 61 15  0  0
33 17  98144 133221564 1964088 43199032    0    0 949216 800140 248123 827921 17  6 61 16  0  0
33 16  98144 133224672 1964088 43199048    0    0 930656 786520 244067 812903 18  6 61 15  0  0
 5 21  98144 133221256 1964088 43199076    0    0 947328 800904 249441 831806 18  7 60 15  0  0
10  7  98144 133229100 1964088 43199092    0    0 951568 784808 251364 835392 18  7 60 15  0  0
 8  3  98144 133231368 1964088 43199112    0    0 914000 778192 240976 800269 17  6 61 15  0  0
36 13  98144 133237292 1964088 43199132    0    0 929392 767672 246159 815916 18  6 60 15  0  0
23 23  98144 133237892 1964088 43199152    0    0 938096 796016 247741 817303 18  6 60 16  0  0
24 24  98144 133218008 1964088 43199168    0    0 926480 786708 240783 808235 17  5 62 15  0  0
21  8  98144 133229148 1964088 43199180    0    0 944736 788084 247011 826538 18  6 60 16  0  0
23 27  98144 133240012 1964096 43199196    0    0 904560 784764 237682 793595 17  6 62 15  0  0
22 27  98144 133238640 1964096 43199216    0    0 917296 790204 243499 808984 18  6 61 15  0  0
 7  7  98144 133229692 1964096 43199240    0    0 919360 795940 240789 806558 18  6 61 15  0  0
11  2  98144 133217472 1964096 43199264    0    0 914640 781564 241906 803620 17  6 61 15  0  0
23 27  98144 133223596 1964096 43199288    0    0 933424 793164 242566 816456 18  6 61 15  0  0
16  5  98144 133209700 1964100 43199292    0    0 954192 815252 251248 837269 18  5 61 16  0  0
14  6  98144 133219832 1964100 43199312    0    0 936480 801672 247449 841836 18  7 61 15  0  0
 5 11  98144 133226840 1964100 43199336    0    0 917648 792712 244568 815172 18  6 61 15  0  0
procs -----------memory---------- ---swap-- -----io---- -system-- -------cpu-------
 r  b   swpd   free   buff  cache   si   so    bi    bo   in   cs us sy id wa st gu
32 17  98144 133248164 1964100 43199364    0    0 928080 795172 247139 818416 18  6 60 15  0  0
30 19  98144 133255044 1964100 43199384    0    0 903776 761112 240091 799535 17  6 61 16  0  0
21 25  98144 133239152 1964100 43199416    0    0 909296 779264 240181 792567 17  6 61 15  0  0
21 21  98144 133218860 1964100 43199432    0    0 935136 773068 241569 812874 18  6 61 15  0  0
22 26  98144 133223124 1964100 43199448    0    0 928768 782436 239179 809214 18  5 62 15  0  0
23 23  98144 133218004 1964100 43199472    0    0 918752 775720 238756 804657 17  6 61 15  0  0
25 25  98144 133235432 1964100 43199492    0    0 918816 781340 241876 802823 18  6 61 15  0  0
22 25  98144 133236876 1964100 43199512    0    0 937024 789552 246184 817034 18  6 60 16  0  0
 7  2  98144 133220968 1964100 43199532    0    0 907552 764964 234760 791965 17  6 61 15  0  0
24 25  98144 133231336 1964100 43199616    0    0 921184 763720 241090 807865 18  6 60 16  0  0
 6  1  98144 133216088 1964100 43199632    0    0 908864 785676 235804 786433 17  5 62 16  0  0
31 17  98144 133228928 1964100 43199644    0    0 922256 786012 242470 807695 18  6 61 16  0  0
11  1  98144 133232576 1964108 43199660    0    0 914992 766536 238194 799249 18  6 60 16  0  0
28 22  98144 133240348 1964108 43199692    0    0 909184 773308 241809 795491 17  6 60 16  0  0
30 18  98144 133226708 1964108 43199712    0    0 911968 768744 240540 795590 17  6 59 17  0  0
23 21  98144 133226208 1964108 43199732    0    0 902832 762696 236990 786556 17  6 60 17  0  0
 8  1  98144 133229872 1964108 43199752    0    0 878048 759860 228526 778261 17  6 61 15  0  0
26 20  98144 133208168 1964108 43199768    0    0 909136 774024 235263 790317 17  5 61 17  0  0
21 27  98144 133219436 1964112 43199788    0    0 927312 783760 245228 815914 18  6 59 17  0  0
 8  8  98144 133235360 1964112 43199808    0    0 877680 766796 234346 774421 17  6 61 16  0  0
20 28  98144 133237528 1964112 43199832    0    0 903840 754756 236533 789021 17  6 60 16  0  0
procs -----------memory---------- ---swap-- -----io---- -system-- -------cpu-------
 r  b   swpd   free   buff  cache   si   so    bi    bo   in   cs us sy id wa st gu
17 29  98144 133240968 1964112 43199852    0    0 904432 745800 234269 783865 17  6 61 16  0  0
32 16  98144 133240884 1964112 43199872    0    0 904160 735396 233768 795072 17  6 61 16  0  0
 8  2  98144 133231296 1964116 43199892    0    0 901952 768412 239861 791908 18  6 60 16  0  0
 1  1  98144 133216800 1964116 43199908    0    0 915280 772300 236102 790762 17  5 62 16  0  0
21 10  98144 133205088 1964116 43199920    0    0 900848 734980 229411 772823 17  6 62 16  0  0
37 14  98144 133211292 1964116 43199940    0    0 907392 756916 232784 786700 17  6 61 15  0  0
25 26  98144 133218972 1964116 43199956    0    0 878496 762500 231684 768358 17  6 62 16  0  0
18 14  98144 133231736 1964120 43199984    0    0 906448 757776 235661 792299 17  6 61 16  0  0
23 11  98144 133244088 1964120 43200004    0    0 896352 758556 234206 785169 17  6 61 16  0  0
 7  5  98144 133232028 1964120 43200028    0    0 897792 779128 236952 780264 17  6 60 16  0  0
32 31  98144 133204984 1964120 43200040    0    0 898656 765072 234831 788112 17  5 62 16  0  0
24 27  98144 133215520 1964120 43200056    0    0 893024 737240 233332 784558 17  6 61 15  0  0
10 41  98144 133228076 1964124 43200080    0    0 902848 764980 233750 783441 17  6 61 16  0  0
15 36  98144 133226212 1964124 43200096    0    0 865504 754164 229714 781043 17  6 62 15  0  0
11 38  98144 133232844 1964124 43200116    0    0 899440 737896 235901 785897 17  6 61 16  0  0
15 37  98144 133227420 1964124 43200136    0    0 901424 742284 234811 791130 17  6 60 16  0  0
18 30  98144 133206216 1964124 43200160    0    0 904816 763348 234538 785326 17  6 61 16  0  0
15 34  98144 133208112 1964128 43200180    0    0 906544 769928 236744 789342 17  5 62 16  0  0
25 28  98144 133218520 1964128 43200208    0    0 907072 744544 234145 798921 18  6 61 15  0  0
20 29  98144 133246136 1964128 43200228    0    0 907360 769892 234621 788497 18  6 61 15  0  0
 9 42  98144 133233448 1964128 43200252    0    0 915584 777776 239497 804379 17  6 61 16  0  0
procs -----------memory---------- ---swap-- -----io---- -system-- -------cpu-------
 r  b   swpd   free   buff  cache   si   so    bi    bo   in   cs us sy id wa st gu
19 32  98144 133243700 1964128 43200272    0    0 935360 776996 243722 810105 18  6 61 16  0  0
15 33  98144 133229372 1964128 43200292    0    0 945488 786716 246881 819228 18  6 60 16  0  0
23 34  98144 133228024 1964128 43200304    0    0 937632 798380 249153 821204 18  6 60 16  0  0
13 37  98144 133223956 1964128 43200312    0    0 942448 780900 240178 813875 18  5 61 16  0  0
24 25  98144 133240624 1964128 43200332    0    0 912848 781164 240167 803458 17  6 61 15  0  0
17 33  98144 133231688 1964128 43200360    0    0 925104 773956 239289 808201 18  6 61 15  0  0
20 30  98144 133221996 1964132 43200380    0    0 930176 784716 246988 818951 18  6 60 16  0  0
17 35  98144 133233232 1964132 43200400    0    0 891408 768680 236866 785634 17  6 60 16  0  0
25 27  98144 133244272 1964132 43200416    0    0 904304 765168 236719 790244 17  6 61 16  0  0
19 30  98144 133219892 1964132 43200440    0    0 906928 753816 232865 793651 17  5 62 16  0  0
25 24  98144 133224312 1964132 43200460    0    0 894912 740988 227373 792104 17  5 62 15  0  0
18 32  98144 133243780 1964136 43200476    0    0 931376 797236 244336 816327 18  6 60 16  0  0
29 20  98144 133240192 1964136 43200496    0    0 919712 775292 243302 808398 18  6 61 15  0  0
24 29  98144 133220880 1964136 43200516    0    0 916656 762660 238820 799536 18  6 61 15  0  0
20 33  98144 133223612 1964136 43200536    0    0 908656 766504 240643 803860 17  6 62 15  0  0
23 27  98144 133218248 1964136 43200560    0    0 931664 785672 243528 815541 18  6 61 15  0  0
26 21  98144 133215916 1964136 43200580    0    0 920368 772556 237007 800783 17  5 63 15  0  0
18 31  98144 133227372 1964136 43200588    0    0 920528 762200 240403 807892 18  6 61 15  0  0
25 24  98144 133227684 1964136 43200608    0    0 920080 768200 238325 811954 18  6 61 15  0  0
15 35  98144 133225884 1964136 43200628    0    0 909488 748936 233396 789219 17  6 61 15  0  0
27 28  98144 133239844 1964136 43200648    0    0 867136 743024 229109 759971 17  6 62 16  0  0
procs -----------memory---------- ---swap-- -----io---- -system-- -------cpu-------
 r  b   swpd   free   buff  cache   si   so    bi    bo   in   cs us sy id wa st gu
26 27  98144 133229344 1964136 43200668    0    0 898416 766352 234968 787587 17  6 60 16  0  0
25 26  98144 133238268 1964136 43200688    0    0 909488 773236 238030 793075 17  6 60 16  0  0
 4  3  98144 133216264 1964136 43200700    0    0 903024 763244 230020 779170 17  5 63 16  0  0
 4  1  98144 133205600 1964136 43200720    0    0 906304 753856 235122 794181 18  6 61 16  0  0
25 22  98144 133220420 1964136 43200748    0    0 889136 764448 230798 770546 17  6 62 15  0  0
 3  4  98144 133217404 1964136 43200768    0    0 876864 761244 230853 769521 17  6 62 15  0  0
22 22  98144 133235608 1964136 43200856    0    0 901600 767108 235365 782363 17  6 61 16  0  0
31 18  98144 133231544 1964136 43200872    0    0 904560 767004 238103 794429 18  6 60 16  0  0
10  9  98144 133229216 1964136 43200900    0    0 902832 760920 237637 797793 17  6 61 16  0  0
28 21  98144 133217316 1964136 43200924    0    0 905824 768588 235749 783931 17  5 62 16  0  0
31 16  98144 133230104 1964136 43200940    0    0 893968 755456 235027 784359 17  6 61 16  0  0
29 16  98144 133241572 1964136 43200956    0    0 892832 771900 239049 788663 18  6 60 16  0  0
18 26  98144 133227716 1964136 43200976    0    0 917888 749524 237995 796929 18  6 59 17  0  0
15 16  98144 133239540 1964136 43201004    0    0 904144 756740 235291 789596 17  6 61 16  0  0
16  8  98144 133227344 1964136 43201024    0    0 899792 754568 233403 784718 17  6 61 15  0  0
 4  1  98144 133227640 1964136 43201040    0    0 920784 756576 242285 807519 17  6 61 16  0  0
 3  0  98144 133218012 1964136 43201048    0    0 902432 764336 235997 792109 17  5 62 15  0  0
21 26  98144 133208264 1964136 43201068    0    0 910560 765868 231944 787167 17  6 62 15  0  0
11  2  98144 133238408 1964136 43201072    0    0 908432 778672 236615 798615 18  6 61 15  0  0
30 18  98144 133220320 1964136 43201092    0    0 929840 792908 245290 812593 18  7 60 15  0  0
 6  7  98144 133243976 1964140 43201112    0    0 907344 794248 244275 801175 18  6 61 15  0  0
procs -----------memory---------- ---swap-- -----io---- -system-- -------cpu-------
 r  b   swpd   free   buff  cache   si   so    bi    bo   in   cs us sy id wa st gu
30 22  98144 133235696 1964140 43201132    0    0 918608 783028 243770 806168 18  6 61 15  0  0
18  3  98144 133223044 1964140 43201152    0    0 922752 814528 243302 810085 17  6 61 16  0  0
25 19  98144 133229460 1964140 43201164    0    0 879024 792644 236535 780857 17  5 62 15  0  0
22  0  98144 133245664 1964140 43201184    0    0 878000 759388 230295 767876 17  6 62 15  0  0
24 23  98144 133240220 1964140 43201208    0    0 888352 770516 238021 783892 17  6 61 16  0  0
 8  0  98144 133223444 1964140 43201224    0    0 901168 770832 235240 783772 17  6 61 15  0  0
23 23  98144 133213468 1964140 43201248    0    0 897760 771916 238415 786446 17  6 61 16  0  0
28 21  98144 133216720 1964140 43201248    0    0 917456 779752 242971 806103 17  6 61 15  0  0
19 26  98144 133191760 1964140 43201268    0    0 925840 791872 244224 811239 17  5 61 16  0  0
30 19  98144 133224864 1964140 43201284    0    0 906256 793416 239000 791231 17  6 62 15  0  0
27 21  98144 133231920 1964140 43201312    0    0 894272 783864 239916 789348 17  6 62 15  0  0
27 23  98144 133248536 1964140 43201324    0    0 924448 806616 245628 807216 18  6 60 16  0  0
25 24  98144 133237508 1964140 43201348    0    0 927264 783012 243446 810752 18  7 61 15  0  0
11  4  98144 133213128 1964140 43201364    0    0 901488 811892 241282 787592 17  6 61 15  0  0
14  6  98144 133205968 1964140 43201396    0    0 904160 792772 241456 794366 17  6 61 16  0  0
29 19  98144 133190072 1964140 43201408    0    0 891600 768772 234894 778282 17  5 62 16  0  0
12 18  98144 133220280 1964140 43201428    0    0 869600 779500 234741 776869 17  6 61 16  0  0
 3  0  98144 133229672 1964140 43201452    0    0 894320 777752 237100 782825 17  6 61 16  0  0
30 19  98144 133238260 1964140 43201472    0    0 897952 783732 237790 786773 17  6 61 15  0  0
33 13  98144 133248908 1964144 43201492    0    0 924592 820656 250643 814638 18  7 60 16  0  0
 7  0  98144 133245068 1964144 43201524    0    0 932432 813936 248318 814185 18  7 60 16  0  0
procs -----------memory---------- ---swap-- -----io---- -system-- -------cpu-------
 r  b   swpd   free   buff  cache   si   so    bi    bo   in   cs us sy id wa st gu
 7  5  98144 133236344 1964144 43201544    0    0 921520 807240 245535 802366 18  6 60 16  0  0
27 21  98144 133222132 1964144 43201556    0    0 909776 800004 241148 791529 17  5 62 16  0  0
 5  0  98144 133220500 1964144 43201568    0    0 918416 802428 243136 797447 18  6 61 15  0  0
32 13  98144 133224620 1964152 43201592    0    0 924800 809880 246948 808319 18  6 61 15  0  0
 6  2  98144 133232804 1964152 43201616    0    0 911456 812224 246619 802107 18  6 61 16  0  0
 5  0  98144 133227292 1964152 43201636    0    0 879632 783180 230530 767014 17  6 62 15  0  0
26 25  98144 133234340 1964152 43201652    0    0 897744 792516 241137 791225 17  6 60 16  0  0
21  4  98144 133224580 1964152 43201672    0    0 889312 770608 234676 780396 17  6 61 16  0  0
22 25  98144 133205624 1964160 43201688    0    0 865376 765728 233271 781105 17  5 62 16  0  0
 6  4  98144 133243780 1964160 43201708    0    0 901504 784452 241626 790584 17  6 61 16  0  0
30 19  98144 133240092 1964160 43201724    0    0 900720 818496 241996 789526 17  6 61 15  0  0
15  8  98144 133236268 1964160 43201744    0    0 911680 816932 247163 806277 18  6 61 15  0  0
26 21  98144 133246692 1964160 43201764    0    0 911280 792356 240799 794263 17  6 61 15  0  0
 4  7  98144 133241684 1964168 43201772    0    0 924432 786000 240876 807028 18  6 61 15  0  0
 8  1  98144 133220044 1964168 43201808    0    0 899984 790036 239799 787585 17  6 62 15  0  0
28 21  98144 133214464 1964168 43201816    0    0 920992 823024 246561 804425 18  5 61 16  0  0
19 11  98144 133214372 1964168 43201832    0    0 906784 813632 240734 795140 18  6 61 15  0  0
 9  5  98144 133219408 1964168 43201852    0    0 895984 777132 234968 781776 17  6 61 15  0  0
22 26  98144 133241112 1964172 43201868    0    0 893984 795624 242722 787369 17  6 61 16  0  0
19 23  98144 133264904 1964172 43201900    0    0 898880 794256 244845 798722 17  6 60 17  0  0
26 20  98144 133241828 1964172 43201920    0    0 914416 775668 241716 802500 17  6 60 16  0  0
procs -----------memory---------- ---swap-- -----io---- -system-- -------cpu-------
 r  b   swpd   free   buff  cache   si   so    bi    bo   in   cs us sy id wa st gu
 9  4  98144 133235764 1964172 43201936    0    0 875712 795548 237249 780084 17  6 62 15  0  0
30 19  98144 133225860 1964172 43201944    0    0 882640 784248 239058 799142 17  6 62 15  0  0
28 27  98144 133234444 1964172 43201964    0    0 919968 821204 250062 811663 18  6 60 16  0  0
28 24  98144 133224632 1964172 43202060    0    0 924016 811244 247936 812897 18  6 60 16  0  0
26 22  98144 133221724 1964172 43202076    0    0 934272 814784 247965 818488 18  6 60 16  0  0
14  7  98144 133234408 1964172 43202104    0    0 919696 811864 242274 804998 18  6 60 16  0  0
 7  9  98144 133235936 1964172 43202120    0    0 923552 794528 244525 809922 18  6 60 16  0  0
26 21  98144 133222592 1964172 43202144    0    0 911440 812600 245212 808073 17  5 62 16  0  0
11  1  98144 133236252 1964172 43202164    0    0 899088 771224 237313 783768 17  5 62 16  0  0
11  9  98144 133237356 1964172 43202180    0    0 875888 790316 235158 769422 17  6 61 15  0  0
25 23  98144 133228608 1964172 43202204    0    0 881280 794536 233719 764044 17  6 61 15  0  0
31 17  98144 133223832 1964172 43202220    0    0 887024 763148 232014 769642 17  6 62 15  0  0
 8 13  98144 133232084 1964172 43202244    0    0 878432 787100 236948 773587 17  6 62 15  0  0
19 31  98144 133225156 1964172 43202268    0    0 915040 803296 240904 796901 17  6 61 15  0  0
 7  0  98144 133204820 1964172 43202280    0    0 895760 777996 238651 808237 17  5 62 15  0  0
 7  2  98144 133212908 1964172 43202296    0    0 912976 815072 243027 803184 18  6 61 15  0  0
11  5  98144 133243140 1964172 43202316    0    0 893376 819040 241926 788340 17  6 61 15  0  0
15  7  98144 133228460 1964172 43202340    0    0 887584 810092 239694 780996 17  6 62 15  0  0
26 20  98144 133228600 1964176 43202360    0    0 919392 802940 245068 805276 17  6 61 16  0  0
21 23  98144 133235792 1964176 43202380    0    0 920560 785624 240726 806653 18  6 61 15  0  0
24 23  98144 133229032 1964176 43202400    0    0 878144 796488 232675 767262 17  6 62 15  0  0
procs -----------memory---------- ---swap-- -----io---- -system-- -------cpu-------
 r  b   swpd   free   buff  cache   si   so    bi    bo   in   cs us sy id wa st gu
19  7  98144 133210920 1964176 43202412    0    0 906960 807824 235798 787393 17  5 62 17  0  0
24 25  98144 133216640 1964176 43202428    0    0 895472 784296 237436 785931 17  6 61 16  0  0
 4  7  98144 133231960 1964176 43202456    0    0 875968 763284 231830 764255 17  6 61 16  0  0
31 19  98144 133241860 1964176 43202476    0    0 890976 788556 241650 785657 17  6 61 16  0  0
21 26  98144 133231852 1964176 43202496    0    0 905136 790036 243707 795707 18  6 60 16  0  0
32 17  98144 133237780 1964176 43202520    0    0 919072 791588 240906 799943 18  6 61 15  0  0
 5  1  98144 133241336 1964176 43202540    0    0 899216 803620 239014 790466 17  6 61 15  0  0
15  5  98144 133220492 1964176 43202552    0    0 895968 793176 239289 797844 17  5 62 15  0  0
26 23  98144 133223644 1964176 43202572    0    0 899840 796784 238756 784498 17  6 62 15  0  0
26 22  98144 133219312 1964176 43202588    0    0 889392 787080 238328 776926 17  6 62 15  0  0
26 26  98144 133212896 1964176 43202612    0    0 895648 812384 239947 789176 17  6 61 15  0  0
12  2  98144 133226156 1964176 43202632    0    0 915280 795392 241088 796415 17  6 60 16  0  0
27 19  98144 133237676 1964180 43202652    0    0 879408 762064 229907 765786 17  6 62 15  0  0
24 22  98144 133225944 1964180 43202676    0    0 879104 780924 234956 774213 17  6 62 16  0  0
26 19  98144 133220744 1964180 43202684    0    0 889696 783780 238779 779092 17  5 61 17  0  0
31 17  98144 133217736 1964180 43202708    0    0 912880 781708 239406 792374 17  6 61 16  0  0
30 18  98144 133237772 1964180 43202728    0    0 890976 790424 235508 777928 17  6 62 14  0  0
26 21  98144 133228460 1964180 43202748    0    0 901408 806544 240450 783012 17  6 61 16  0  0
