procs -----------memory---------- ---swap-- -----io---- -system-- -------cpu-------
 r  b   swpd   free   buff  cache   si   so    bi    bo   in   cs us sy id wa st gu
 9  0  66112 69979676 2435724 73919492    0    1 29161 29432 7477    5  3  1 96  0  0  0
108  1  66112 68880636 2435724 73919548    0    0 27872 318284 393307 536165 13 18 69  0  0  0
54  1  66112 66366668 2435724 73919652    0    0 22576 330168 953022 787172 17 57 25  0  0  0
95  0  66112 62891244 2435724 73919704    0    0 20992 321844 634173 861118 22 50 28  0  0  0
30  0  66112 61107528 2435724 73919976    0    0 16528 327996 1046005 341766 36 61  3  0  0  0
23  2  66112 59520316 2435724 73920188    0    0 16992 438900 442955 1002939 47 30 22  0  0  0
184  1  66112 59289100 2435788 73920184    0    0 16176 601220 361512 1188290 70 17 13  0  0  0
290  0  66112 58851296 2435948 73920168    0    0  4384 522712 456683 1217560 77 21  2  0  0  0
238  0  66112 58523432 2435948 73920320    0    0  3024 411996 440932 1214037 78 20  2  0  0  0
287  0  66112 58272472 2435948 73920388    0    0  1824 435416 372480 1237804 78 20  2  0  0  0
288  0  66112 58031004 2435948 73920400    0    0  1984 449364 393828 1259353 78 21  2  0  0  0
240  0  66112 57791928 2435948 73920436    0    0  3136 430048 378982 1315109 77 21  2  0  0  0
363  3  66112 57555032 2435948 73920460    0    0  2464 428576 392456 1312070 77 21  2  0  0  0
372  1  66112 57339972 2435952 73920472    0    0  1968 418796 372898 1291305 77 21  2  0  0  0
447  0  66112 57126688 2435960 73920512    0    0  2240 419572 369250 1323014 77 21  2  0  0  0
200  2  66112 56922296 2435964 73920560    0    0  2960 449148 375588 1335833 77 20  2  0  0  0
412  0  66112 56793332 2435964 73920576    0    0  8160 414692 326831 1049693 58 16 25  1  0  0
380  0  66112 56630984 2435964 73920596    0    0  2560 426960 367901 1323666 77 21  2  0  0  0
458  1  66112 56471232 2435964 73920608    0    0  2336 448212 347841 1322242 77 21  2  0  0  0
450  1  66112 56329080 2435964 73920628    0    0  3568 409816 317198 1310668 74 20  5  0  0  0
313  2  66112 56218156 2435964 73920648    0    0  1360 460276 333303 1354137 77 21  2  0  0  0
procs -----------memory---------- ---swap-- -----io---- -system-- -------cpu-------
 r  b   swpd   free   buff  cache   si   so    bi    bo   in   cs us sy id wa st gu
345  0  66112 56114240 2435964 73920664    0    0  3344 392196 334513 1338141 77 21  3  0  0  0
435  0  66112 56009380 2435964 73920692    0    0  2768 448448 338471 1308601 78 21  2  0  0  0
361  0  66112 55929280 2435964 73920704    0    0  1952 463488 354003 1348472 77 21  2  0  0  0
310  0  66112 55868168 2435964 73920720    0    0  2336 387744 372844 1321893 77 21  2  0  0  0
463  1  66112 55776396 2435964 73920736    0    0  2784 399016 375728 1340394 77 21  2  0  0  0
255  1  66112 55670924 2435964 73920756    0    0  2976 458308 381571 1310015 77 21  2  0  0  0
323  0  66112 55606404 2435964 73920772    0    0  2480 426628 350012 1315327 77 21  2  0  0  0
647  0  66112 55578064 2435964 73920824    0    0  3008 451932 338808 1349893 77 21  2  0  0  0
393  0  66112 55548748 2435964 73920836    0    0  1888 411896 343208 1342840 78 21  2  0  0  0
579  1  66112 55532640 2435964 73920848    0    0  3680 435300 325398 1273271 73 20  7  0  0  0
388  0  66112 55491916 2435964 73920868    0    0  2032 428012 319421 1329816 77 21  2  0  0  0
437  0  66112 55471176 2435964 73920880    0    0  1760 434388 334902 1319444 77 21  2  0  0  0
317  1  66112 55469000 2435968 73920896    0    0  1680 444164 337036 1359851 77 21  3  0  0  0
473  0  66112 55453636 2435968 73920940    0    0 10576 416716 280847 1019239 58 16 27  0  0  0
301  0  66112 55438316 2435968 73920956    0    0  2336 469560 339951 1367735 77 21  2  0  0  0
485  0  66112 55429396 2435968 73920972    0    0  1600 417600 334103 1313102 77 21  2  0  0  0
364  1  66112 55397544 2435968 73920984    0    0  2624 405388 325149 1345033 77 21  2  0  0  0
521  0  66112 55394572 2435968 73921004    0    0  2400 445660 332243 1342794 77 21  2  0  0  0
433  1  66112 55395176 2435968 73921016    0    0  2048 470984 325263 1344309 77 21  2  0  0  0
411  0  66112 55403388 2435968 73921036    0    0  1984 378804 320449 1296413 77 21  2  0  0  0
427  0  66112 55373496 2435968 73921124    0    0  1872 515352 315852 1330867 77 21  3  0  0  0
procs -----------memory---------- ---swap-- -----io---- -system-- -------cpu-------
 r  b   swpd   free   buff  cache   si   so    bi    bo   in   cs us sy id wa st gu
255  2  66112 55366600 2435968 73921140    0    0  1040 369120 311666 1332691 77 21  3  0  0  0
578  0  66112 55381048 2435968 73921160    0    0  2112 467208 313879 1341991 77 21  3  0  0  0
618  0  66112 55370892 2435968 73921172    0    0  2832 438196 318810 1315138 77 21  2  0  0  0
478  0  66112 55367676 2435968 73921192    0    0  1312 430756 318796 1321677 77 21  2  0  0  0
431  2  66112 55342800 2435968 73921204    0    0  1024 458884 325389 1330623 78 21  2  0  0  0
585  2  66112 55354868 2435968 73921224    0    0  1520 426836 326876 1351443 77 21  2  0  0  0
476  3  66112 55357160 2435968 73921236    0    0  2944 470628 310116 1329596 76 21  3  0  0  0
500  2  66112 55355260 2435968 73921252    0    0  1840 377852 322456 1322509 77 21  2  0  0  0
478  2  66112 55343568 2435968 73921268    0    0  2768 461828 328764 1342368 77 21  2  0  0  0
511  0  66112 55362016 2435968 73921280    0    0  1744 431916 319834 1353655 77 21  2  0  0  0
13  4  66112 55348044 2435968 73921296    0    0  2784 460344 318803 1324291 76 20  4  0  0  0
495  0  66112 55340024 2435968 73921304    0    0  8304 420888 299787 1097723 60 17 23  0  0  0
365  1  66112 55347412 2435968 73921316    0    0  2160 465560 316641 1314881 77 21  2  0  0  0
496  2  66112 55311840 2435968 73921332    0    0  1760 432724 318045 1301213 77 21  2  0  0  0
170  1  66112 55329124 2435968 73921352    0    0  2464 408076 315459 1340058 76 21  3  0  0  0
156  3  66112 55334868 2435968 73921368    0    0  2816 483884 320676 1341535 77 21  2  0  0  0
326  2  66112 55349288 2435968 73921380    0    0  1456 400248 313377 1323347 76 21  3  0  0  0
727  0  66112 55344676 2435968 73921396    0    0  3632 466252 320163 1338934 77 21  2  0  0  0
705  0  66112 55335680 2435968 73921408    0    0  2368 439164 315945 1356282 76 21  3  0  0  0
250  2  66112 55337376 2435968 73921428    0    0  1904 386016 315246 1325593 77 21  2  0  0  0
415  0  66112 55320272 2435968 73921444    0    0  2304 435464 325512 1350302 77 21  2  0  0  0
procs -----------memory---------- ---swap-- -----io---- -system-- -------cpu-------
 r  b   swpd   free   buff  cache   si   so    bi    bo   in   cs us sy id wa st gu
408  0  66112 55313888 2435968 73921456    0    0  2400 461612 320160 1337616 77 21  2  0  0  0
244  2  66112 55333348 2435968 73921472    0    0  2592 443048 311455 1327251 76 21  2  0  0  0
440  0  66112 55315708 2435968 73921480    0    0  1312 468976 318285 1321762 77 21  2  0  0  0
 5  6  66112 55324160 2435968 73921504    0    0  1792 452024 311295 1300353 75 21  4  0  0  0
141  1  66112 55327780 2435968 73921524    0    0  2368 445460 313021 1320205 75 21  4  0  0  0
323  0  66112 55336620 2435972 73921532    0    0  2384 413320 322386 1322463 76 21  3  0  0  0
207  3  66112 55321052 2435972 73921552    0    0  2320 454884 316395 1333078 77 21  2  0  0  0
272  0  66112 55316124 2435972 73921564    0    0  2592 405092 313106 1346773 77 20  3  0  0  0
170  3  66112 55297116 2435972 73921568    0    0 10544 484336 274089 1007230 57 16 27  0  0  0
385  2  66112 55321356 2435972 73921580    0    0  1472 375352 326950 1352201 77 21  2  0  0  0
461  0  66112 55329664 2435976 73921596    0    0  1872 482288 311887 1326678 76 21  2  0  0  0
202  3  66112 55300160 2435976 73921616    0    0  1920 439940 321536 1337133 77 21  2  0  0  0
426  0  66112 55312696 2435984 73921628    0    0  2144 420336 316984 1350472 77 21  2  0  0  0
333  3  66112 55309228 2435988 73921648    0    0  2672 460676 326004 1343178 77 21  2  0  0  0
620  1  66112 55300572 2435992 73921660    0    0  2736 467056 337726 1338286 77 21  2  0  0  0
374  0  66112 55312576 2435992 73921684    0    0  2448 449752 313903 1323831 77 21  2  0  0  0
432  0  66112 55309744 2435992 73921704    0    0  2128 403160 321009 1343033 77 21  2  0  0  0
332  5  66112 55323444 2436000 73921708    0    0  2640 494640 311834 1320352 77 21  2  0  0  0
280  1  66112 55309756 2436000 73921732    0    0  1760 407924 317048 1350733 77 21  2  0  0  0
256  2  66112 55301412 2436000 73921744    0    0  1376 442528 315037 1338447 76 21  3  0  0  0
328  1  66112 55314836 2436004 73921760    0    0  2528 502268 308911 1347275 76 21  3  0  0  0
procs -----------memory---------- ---swap-- -----io---- -system-- -------cpu-------
 r  b   swpd   free   buff  cache   si   so    bi    bo   in   cs us sy id wa st gu
326  0  66112 55299468 2436004 73921784    0    0   400 417104 311457 1332133 77 21  2  0  0  0
500  0  66112 55289968 2436004 73921796    0    0  1344 436728 316174 1342296 77 20  2  0  0  0
189  3  66112 55302652 2436004 73921816    0    0  1728 493944 315330 1350590 76 21  3  0  0  0
378  1  66112 55308188 2436004 73921832    0    0  2944 380632 309986 1347831 77 21  3  0  0  0
538  0  66112 55288308 2436004 73921844    0    0  2672 511264 319043 1315123 75 20  5  0  0  0
368  1  66112 55276836 2436004 73921856    0    0 11248 391568 280635 1026079 58 15 27  0  0  0
225  2  66112 55286424 2436004 73921868    0    0  3680 463136 300488 1283602 78 19  3  0  0  0
226  3  66112 55300992 2436004 73921880    0    0  1744 402524 321294 1320730 77 21  2  0  0  0
402  2  66112 55295600 2436004 73921896    0    0  2240 453292 319475 1328265 77 21  2  0  0  0
314  2  66112 55299844 2436004 73921912    0    0  3408 440292 317325 1341846 75 21  4  0  0  0
239  0  66112 55285664 2436004 73921932    0    0  1632 427624 317685 1320863 77 21  2  0  0  0
523  1  66112 55298792 2436004 73921944    0    0  2224 530108 325772 1337785 77 21  3  0  0  0
447  0  66112 55283360 2436004 73921956    0    0  1840 411612 313029 1335525 77 21  3  0  0  0
360  0  66112 55290764 2436004 73921984    0    0  2032 420884 316539 1341514 77 21  2  0  0  0
483  0  66112 55280036 2436004 73922000    0    0  1904 491348 320803 1344952 77 21  2  0  0  0
548  0  66112 55275196 2436004 73922016    0    0  2192 376196 323484 1341984 76 22  2  0  0  0
318  1  66112 55286212 2436004 73922048    0    0  2448 459280 300872 1301676 77 21  2  0  0  0
312  0  66112 55291484 2436004 73922104    0    0  1888 436484 326677 1324731 78 21  2  0  0  0
266  3  66112 55301364 2436004 73922116    0    0  2432 518280 316776 1323983 77 21  2  0  0  0
338  0  66112 55298900 2436004 73922132    0    0  2256 399040 312339 1292947 77 21  2  0  0  0
310  1  66112 55279300 2436004 73922152    0    0  3408 440680 305171 1297985 77 20  2  0  0  0
procs -----------memory---------- ---swap-- -----io---- -system-- -------cpu-------
 r  b   swpd   free   buff  cache   si   so    bi    bo   in   cs us sy id wa st gu
285  0  66112 55284604 2436004 73922164    0    0  2016 465852 319024 1339813 77 21  2  0  0  0
283  2  66112 55274496 2436004 73922176    0    0  2064 465564 319518 1344395 77 21  2  0  0  0
 4  3  66112 55277220 2436004 73922192    0    0  6480 600764 276463 1044414 59 16 24  1  0  0
402  5  66112 55273732 2436004 73922200    0    0  4304 359456 323898 1341337 76 20  4  0  0  0
284  0  66112 55258972 2436004 73922216    0    0  2032 381632 378374 1299608 77 21  2  0  0  0
728  0  66112 55275896 2436004 73922228    0    0  1488 588120 330262 1348865 76 21  3  0  0  0
291  4  66112 55265280 2436004 73922248    0    0  2464 429104 322263 1340530 77 21  2  0  0  0
543  0  66112 55270868 2436004 73922260    0    0  1568 491172 323031 1327048 77 21  2  0  0  0
298  2  66112 55265472 2436004 73922284    0    0  2864 564224 338327 1349773 77 21  2  0  0  0
316  0  66112 55267472 2436004 73922296    0    0  2496 445532 317585 1344347 77 21  2  0  0  0
369  0  66112 55274836 2436004 73922312    0    0  2992 486372 325808 1331864 77 21  2  0  0  0
452  1  66112 55246992 2436004 73922332    0    0  1776 460560 320162 1334048 76 21  2  0  0  0
239  0  66112 55248356 2436004 73922348    0    0  2416 454928 374135 1327073 77 21  2  0  0  0
176  0  66112 55278484 2436008 73922376    0    0  1552 490904 328746 1349376 76 22  2  0  0  0
198  3  66112 55252876 2436008 73922408    0    0  1648 535564 332362 1354858 77 21  2  0  0  0
579  2  66112 55247428 2436008 73922424    0    0  2448 440896 335299 1335380 77 21  2  0  0  0
278  0  66112 55254324 2436008 73922440    0    0  1952 510400 340880 1343401 77 21  2  0  0  0
228  4  66112 55249028 2436008 73922464    0    0   992 521160 320972 1318301 77 21  2  0  0  0
370  1  66112 55247484 2436008 73922484    0    0  2544 389712 375924 1327150 77 21  2  0  0  0
648  0  66112 55232028 2436008 73922500    0    0  2032 563124 331787 1369124 77 21  2  0  0  0
382  0  66112 55240444 2436008 73922516    0    0  1856 411432 354381 1344326 77 21  1  0  0  0
procs -----------memory---------- ---swap-- -----io---- -system-- -------cpu-------
 r  b   swpd   free   buff  cache   si   so    bi    bo   in   cs us sy id wa st gu
365  3  66112 55235444 2436008 73922528    0    0  2688 555036 316167 1336190 77 20  2  0  0  0
425  1  66112 55248212 2436008 73922536    0    0  9648 512388 284270 1044365 57 16 27  0  0  0
416  0  66112 55250756 2436008 73922556    0    0  3232 444888 317985 1321530 77 21  2  0  0  0
436  1  66112 55255568 2436008 73922580    0    0  2256 499300 320908 1330520 77 21  2  0  0  0
349  1  66112 55252872 2436008 73922596    0    0  1952 463212 322634 1325961 77 21  2  0  0  0
581  0  66112 55211332 2436008 73922608    0    0  1584 446576 432654 1318903 77 21  2  0  0  0
341  1  66112 55018112 2436008 73922628    0    0  1376 570852 918052 1245509 74 24  2  0  0  0
790  0  66112 54992500 2436008 73922636    0    0  2000 436924 895363 1243845 75 24  1  0  0  0
676  0  66112 55035980 2436008 73922664    0    0  1056 533928 956962 1215423 73 25  2  0  0  0
552  1  66112 54976652 2436008 73922672    0    0  1344 476600 498022 1281850 73 25  2  0  0  0
542  0  66112 55056496 2436008 73922684    0    0  3184 484380 427627 1308152 73 24  2  0  0  0
219  0  66112 55088276 2436008 73922700    0    0  1344 541084 332203 1297839 74 24  2  0  0  0
484  0  66112 55126540 2436008 73922712    0    0  2080 432352 407605 1300587 75 23  2  0  0  0
579  1  66112 55126044 2436008 73922732    0    0  1424 557852 330628 1320952 74 23  3  0  0  0
476  0  66112 55154860 2436008 73922744    0    0  3152 471692 383331 1320796 75 23  3  0  0  0
340  2  66112 55143536 2436008 73922764    0    0  1072 565240 336552 1317301 75 23  3  0  0  0
403  1  66112 55153444 2436008 73922772    0    0  2528 434556 433717 1320243 75 23  2  0  0  0
142  1  66112 55152852 2436008 73922792    0    0  2496 445984 320272 1310148 76 22  2  0  0  0
442  2  66112 55162672 2436008 73922808    0    0  3616 531004 367081 1294424 75 22  2  0  0  0
211  2  66112 55192156 2436008 73922820    0    0  2080 409028 324676 1317965 76 22  2  0  0  0
538  0  66112 55198004 2436008 73922836    0    0 10032 583084 274497 1013651 57 16 27  0  0  0
procs -----------memory---------- ---swap-- -----io---- -system-- -------cpu-------
 r  b   swpd   free   buff  cache   si   so    bi    bo   in   cs us sy id wa st gu
376  2  66112 55176556 2436008 73922848    0    0  2320 474824 352213 1328865 75 22  2  0  0  0
22  6  66112 55177136 2436008 73922864    0    0  2592 455052 339096 1318226 75 22  2  0  0  0
129  3  66112 55182032 2436008 73922880    0    0  2832 471008 360489 1277009 72 22  6  0  0  0
382  0  66112 55194128 2436008 73922904    0    0  2288 533000 317896 1340886 75 22  3  0  0  0
425  1  66112 55171228 2436008 73922916    0    0  2704 416496 348306 1320151 76 22  2  0  0  0
806  0  66112 55196976 2436008 73922932    0    0  1760 482552 412605 1295805 76 22  2  0  0  0
478  0  66112 55168820 2436008 73922948    0    0  1904 488192 357774 1317709 76 22  2  0  0  0
502  0  66112 55179812 2436008 73922960    0    0  2336 481572 319004 1325484 75 22  2  0  0  0
339  2  66112 55180116 2436008 73922984    0    0  1952 433556 364271 1306074 76 22  2  0  0  0
332  1  66112 55211620 2436008 73923000    0    0  2880 530764 317177 1317429 76 22  3  0  0  0
163  2  66112 55203808 2436008 73923012    0    0  2208 510188 325725 1305761 75 22  3  0  0  0
441  0  66112 55206092 2436008 73923028    0    0  1488 478120 329025 1321794 75 22  3  0  0  0
624  0  66112 55203312 2436008 73923052    0    0  2656 426752 367358 1330521 76 22  2  0  0  0
237  3  66112 55181584 2436008 73923068    0    0  1024 516428 333009 1353136 75 23  2  0  0  0
313  0  66112 55181852 2436008 73923152    0    0  2256 451360 360933 1319325 76 22  2  0  0  0
433  2  66112 55163872 2436008 73923168    0    0  2192 505364 374004 1334857 75 22  2  0  0  0
350  2  66112 55157916 2436008 73923180    0    0  2160 498552 370474 1355000 75 22  2  0  0  0
 1  1  66112 55165572 2436008 73923192    0    0  6896 501124 276040 1083267 59 17 23  1  0  0
487  0  66112 55186184 2436008 73923208    0    0  3456 376064 389381 1348229 74 22  4  0  0  0
270  3  66112 55221612 2436008 73923216    0    0  3648 471688 321270 1354810 76 21  2  0  0  0
253  5  66112 55189680 2436008 73923232    0    0  1744 440284 381576 1305323 76 21  2  0  0  0
procs -----------memory---------- ---swap-- -----io---- -system-- -------cpu-------
 r  b   swpd   free   buff  cache   si   so    bi    bo   in   cs us sy id wa st gu
212  5  66112 55186508 2436008 73923252    0    0  1616 479508 336020 1324480 76 22  2  0  0  0
573  0  66112 55192812 2436008 73923268    0    0  2944 503204 326491 1333579 75 21  3  0  0  0
665  0  66112 55196568 2436008 73923284    0    0  2768 426124 321786 1313638 77 21  2  0  0  0
368  2  66112 55226284 2436008 73923300    0    0  1968 557156 318306 1338279 76 21  3  0  0  0
317  2  66112 55180588 2436008 73923344    0    0   832 430224 333585 1314736 76 22  2  0  0  0
646  0  66112 55209452 2436008 73923356    0    0  2256 561116 314415 1322271 76 21  3  0  0  0
329  0  66112 55225832 2436008 73923380    0    0  3072 438716 306216 1325477 76 21  3  0  0  0
181  0  66112 55220288 2436008 73923388    0    0  1968 495676 316319 1332152 76 21  2  0  0  0
321  2  66112 55225704 2436008 73923400    0    0  1392 422824 317294 1335479 77 21  2  0  0  0
344  0  66112 55221384 2436008 73923416    0    0  2464 436312 325715 1306761 77 21  2  0  0  0
379  0  66112 55224060 2436008 73923428    0    0  2096 520016 323360 1312322 77 21  2  0  0  0
258  2  66112 55244444 2436008 73923452    0    0  2208 377912 308300 1305441 77 21  2  0  0  0
274  2  66112 55234020 2436008 73923464    0    0  1952 491404 326844 1335519 77 21  2  0  0  0
344  2  66112 55249800 2436008 73923480    0    0  2544 517164 315474 1356805 77 21  2  0  0  0
299  0  66112 55220428 2436008 73923492    0    0  2080 497272 335245 1354723 77 21  2  0  0  0
442  0  66112 55230968 2436008 73923512    0    0  7600 483084 269098 1031899 57 15 27  0  0  0
307  1  66112 55244048 2436008 73923520    0    0  1840 413544 329850 1358812 77 21  2  0  0  0
305  1  66112 55240308 2436008 73923536    0    0  1952 436952 318693 1326612 77 21  2  0  0  0
457  0  66112 55227000 2436008 73923556    0    0  2496 497644 324519 1353352 77 21  2  0  0  0
400  2  66112 55220932 2436008 73923568    0    0  2272 467276 318372 1349582 77 21  2  0  0  0
459  1  66112 55227588 2436008 73923588    0    0  2416 512084 318189 1341321 77 21  2  0  0  0
procs -----------memory---------- ---swap-- -----io---- -system-- -------cpu-------
 r  b   swpd   free   buff  cache   si   so    bi    bo   in   cs us sy id wa st gu
351  0  66112 55225688 2436008 73923604    0    0  1728 383288 310744 1328867 77 21  2  0  0  0
293  0  66112 55220360 2436008 73923616    0    0  2384 509100 328018 1349446 77 21  2  0  0  0
247  0  66112 55237748 2436008 73923636    0    0  1520 501752 326592 1344880 77 21  2  0  0  0
573  0  66112 55214624 2436008 73923648    0    0  1952 482084 330531 1337424 76 22  2  0  0  0
268  0  66112 55198860 2436008 73923660    0    0  4016 471828 314675 1320837 76 21  2  0  0  0
435  0  66112 55215376 2436008 73923684    0    0  1376 425356 331255 1337019 76 22  2  0  0  0
528  0  66112 55193080 2436008 73923708    0    0  1280 509736 317414 1307620 77 21  2  0  0  0
335  0  66112 55207268 2436008 73923716    0    0  2016 460392 323699 1329823 77 21  2  0  0  0
337  0  66112 55211672 2436008 73923732    0    0  3696 477000 320546 1322820 76 21  3  0  0  0
291  1  66112 55194984 2436008 73923776    0    0  2512 458572 432895 1316214 76 22  2  0  0  0
 7  4  66112 55196604 2436008 73923792    0    0  2032 433572 314245 1321366 75 21  3  0  0  0
430  0  66112 55207908 2436008 73923816    0    0  1344 459292 330490 1316922 74 21  5  0  0  0
317  0  66112 55208012 2436008 73923824    0    0  2768 444828 328747 1337436 77 21  2  0  0  0
447  0  66112 55204680 2436008 73923836    0    0 10080 529296 280614 1045904 57 16 27  0  0  0
121  4  66112 55183620 2436008 73923884    0    0  2288 390164 317805 1319453 77 21  2  0  0  0
318  0  66112 55189932 2436008 73923892    0    0  2112 527524 320726 1337647 76 21  2  0  0  0
278  0  66112 55201860 2436008 73923920    0    0  1408 438716 343347 1322343 76 22  2  0  0  0
472  0  66112 55193828 2436008 73923940    0    0  3104 504336 341636 1317679 76 22  2  0  0  0
275  0  66112 55171840 2436008 73923948    0    0  2128 452316 372013 1333004 75 22  2  0  0  0
245  0  66112 55183484 2436008 73923960    0    0  2288 482772 369085 1322244 76 21  3  0  0  0
297  0  66112 55197648 2436008 73923968    0    0  2336 422200 333569 1360707 77 21  2  0  0  0
procs -----------memory---------- ---swap-- -----io---- -system-- -------cpu-------
 r  b   swpd   free   buff  cache   si   so    bi    bo   in   cs us sy id wa st gu
446  0  66112 55213936 2436008 73923984    0    0  2304 494044 319901 1339716 76 21  2  0  0  0
154  0  66112 55210780 2436008 73924008    0    0  1184 472880 306316 1327204 76 21  3  0  0  0
417  0  66112 55215996 2436008 73924020    0    0  1632 446752 316560 1332663 77 21  2  0  0  0
646  0  66112 55201412 2436008 73924036    0    0  3088 462240 315931 1329817 77 21  2  0  0  0
282  1  66112 55220532 2436008 73924044    0    0  2048 452408 328570 1339378 77 21  2  0  0  0
387  0  66112 55217932 2436008 73924060    0    0  1872 479560 322082 1353674 76 21  2  0  0  0
235  2  66112 55224012 2436008 73924076    0    0  2224 425148 320191 1308905 77 21  2  0  0  0
404  0  66112 55204636 2436008 73924088    0    0  2912 489704 324796 1332448 77 21  2  0  0  0
558  1  66112 55224016 2436008 73924112    0    0  1648 487464 322001 1342938 77 21  2  0  0  0
496  0  66112 55221008 2436008 73924132    0    0  2512 454472 321977 1322714 77 21  2  0  0  0
 2  0  66112 55209472 2436008 73924208    0    0  5456 479900 286879 1099595 63 16 21  1  0  0
328  0  66112 55224292 2436008 73924224    0    0  4960 502824 322285 1318865 72 20  8  0  0  0
140  1  66112 55213600 2436008 73924228    0    0  2992 393212 313733 1320296 77 21  2  0  0  0
433  0  66112 55226556 2436008 73924252    0    0  1456 530988 311213 1328582 77 21  3  0  0  0
434  0  66112 55222152 2436008 73924284    0    0  2704 431240 313228 1322926 77 21  2  0  0  0
212  0  66112 55205032 2436008 73924288    0    0  2064 444300 333285 1366895 77 21  2  0  0  0
300  0  66112 55219344 2436008 73924316    0    0  1456 454264 322986 1336609 77 21  2  0  0  0
628  0  66112 55227576 2436008 73924328    0    0  1680 456660 318150 1305027 77 21  2  0  0  0
311  0  66112 55217376 2436008 73924344    0    0  1696 448528 313312 1322684 77 21  2  0  0  0
506  0  66112 55211032 2436008 73924368    0    0  2688 471556 319753 1347368 77 21  2  0  0  0
451  1  66112 55229584 2436008 73924384    0    0  2448 462092 321919 1321105 77 21  2  0  0  0
procs -----------memory---------- ---swap-- -----io---- -system-- -------cpu-------
 r  b   swpd   free   buff  cache   si   so    bi    bo   in   cs us sy id wa st gu
375  0  66112 55192032 2436008 73924400    0    0  1360 445616 332874 1350134 76 22  2  0  0  0
321  0  66112 55168652 2436008 73924416    0    0  2832 463692 323027 1337678 76 21  2  0  0  0
324  0  66112 55194756 2436008 73924432    0    0  1216 465560 314511 1335347 75 22  3  0  0  0
329  0  66112 55193720 2436008 73924448    0    0  1792 466552 316791 1329436 77 21  2  0  0  0
313  1  66112 55210436 2436008 73924472    0    0  1888 454008 320523 1330369 77 21  2  0  0  0
242  0  66112 55170508 2436008 73924488    0    0  2304 439528 321669 1336035 76 22  2  0  0  0
359  0  66112 55209520 2436008 73924508    0    0  3056 461592 325440 1349683 77 21  2  0  0  0
455  1  66112 55189772 2436008 73924520    0    0  1552 458112 328877 1347892 76 21  2  0  0  0
221  1  66112 55177912 2436008 73924528    0    0  7440 459808 269394 1018172 58 15 26  1  0  0
210  0  66112 55206600 2436008 73924544    0    0  2576 448200 331699 1380865 76 21  2  0  0  0
204  0  66112 55172612 2436008 73924564    0    0  2400 467648 443914 1308719 76 22  2  0  0  0
404  0  66112 55202908 2436008 73924592    0    0  3376 449592 323042 1322957 77 21  2  0  0  0
606  0  66112 55190612 2436008 73924600    0    0  2784 480064 323520 1337560 76 22  2  0  0  0
148  2  66112 55151300 2436008 73924616    0    0  1360 455404 323284 1353370 76 22  2  0  0  0
328  0  66112 55163156 2436008 73924628    0    0  3440 480128 321423 1330721 76 21  2  0  0  0
402  0  66112 55199512 2436008 73924640    0    0   912 455228 312428 1314442 77 21  3  0  0  0
570  0  66112 55201212 2436008 73924660    0    0  1968 464832 322640 1307318 77 21  2  0  0  0
283  4  66112 55193448 2436008 73924672    0    0  1968 374912 329748 1338563 77 21  2  0  0  0
320  0  66112 55181296 2436008 73924696    0    0  2912 558520 319162 1335585 76 21  3  0  0  0
369  0  66112 55159912 2436008 73924704    0    0  2640 466460 342768 1344546 76 22  2  0  0  0
360  0  66112 55198464 2436008 73924720    0    0   896 466836 312757 1309704 77 21  2  0  0  0
procs -----------memory---------- ---swap-- -----io---- -system-- -------cpu-------
 r  b   swpd   free   buff  cache   si   so    bi    bo   in   cs us sy id wa st gu
257  0  66112 55152000 2436008 73924748    0    0  3840 457048 387468 1342740 76 22  2  0  0  0
396  0  66112 55193184 2436008 73924752    0    0  1408 474564 314444 1321993 76 21  2  0  0  0
259  0  66112 55194776 2436008 73924768    0    0  2240 470952 324585 1351010 77 21  2  0  0  0
468  0  66112 55206700 2436008 73924780    0    0  1872 475260 376806 1319017 76 21  2  0  0  0
427  0  66112 55190932 2436008 73924800    0    0  3312 470664 314228 1300748 75 21  4  0  0  0
298  0  66112 55188772 2436008 73924812    0    0  2960 475700 323102 1319587 77 20  2  0  0  0
428  0  66112 55189736 2436008 73924820    0    0  9056 464832 268058 1011762 58 16 26  0  0  0
349  0  66112 55168584 2436008 73924836    0    0  1760 471592 318947 1358891 77 21  2  0  0  0
316  0  66112 55181488 2436008 73924856    0    0  2032 453544 329323 1340774 77 21  2  0  0  0
314  0  66112 55178424 2436008 73924868    0    0  1936 492028 404906 1321610 77 21  2  0  0  0
392  0  66112 55196224 2436008 73924888    0    0  2144 458696 316692 1347499 76 21  2  0  0  0
325  0  66112 55207212 2436008 73924904    0    0  1344 476124 314824 1335058 77 21  2  0  0  0
309  0  66112 55201380 2436008 73924920    0    0  3264 469096 329264 1340821 77 21  2  0  0  0
365  0  66112 55196784 2436008 73924932    0    0  1168 469292 321934 1360827 77 21  2  0  0  0
385  0  66112 55178032 2436008 73924956    0    0  2112 470900 347290 1345737 77 21  2  0  0  0
393  0  66112 55170288 2436008 73924964    0    0  2656 481908 353682 1340497 76 21  3  0  0  0
266  0  66112 55169432 2436008 73924980    0    0  2528 461248 320881 1327495 77 21  2  0  0  0
350  0  66112 55197532 2436008 73924992    0    0  2880 479332 318392 1347376 76 21  2  0  0  0
241  0  66112 55198984 2436008 73925008    0    0  3312 472088 324806 1316631 77 21  2  0  0  0
521  0  66112 55200756 2436008 73925020    0    0  1808 474776 333869 1335367 77 21  2  0  0  0
365  0  66112 55210512 2436008 73925044    0    0  2800 471812 312767 1345066 77 21  3  0  0  0
procs -----------memory---------- ---swap-- -----io---- -system-- -------cpu-------
 r  b   swpd   free   buff  cache   si   so    bi    bo   in   cs us sy id wa st gu
536  0  66112 55204192 2436008 73925060    0    0  1888 456040 332110 1345987 76 21  2  0  0  0
561  0  66112 55193800 2436008 73925072    0    0  2096 476644 355922 1319993 77 21  2  0  0  0
456  0  66112 55205900 2436008 73925092    0    0  1600 475364 322602 1349666 76 21  3  0  0  0
357  0  66112 55186784 2436008 73925100    0    0  1696 473908 318683 1333220 77 20  2  0  0  0
451  0  66112 55192904 2436008 73925112    0    0  8976 467600 273202 1065625 57 16 26  0  0  0
337  0  66112 55194720 2436008 73925120    0    0  1280 469864 318439 1338337 77 21  2  0  0  0
556  0  66112 55195268 2436008 73925148    0    0  2496 472920 314951 1306239 77 21  2  0  0  0
365  0  66112 55180568 2436008 73925228    0    0  1792 469312 341619 1343235 77 21  2  0  0  0
421  0  66112 55167752 2436008 73925244    0    0  2816 476360 321576 1356976 76 21  2  0  0  0
224  0  66112 55162228 2436008 73925256    0    0  2160 481812 317098 1338415 76 21  2  0  0  0
370  0  66112 55164484 2436008 73925276    0    0  2800 476160 335984 1347465 76 21  2  0  0  0
445  0  66112 55166008 2436008 73925296    0    0  1984 463052 309136 1329796 76 21  3  0  0  0
237  0  66112 55155792 2436008 73925308    0    0  1760 474240 328552 1331121 76 21  2  0  0  0
451  0  66112 55166408 2436008 73925324    0    0  1568 477028 309394 1317461 76 21  3  0  0  0
532  0  66112 55194972 2436008 73925336    0    0  1792 476176 320641 1352303 76 21  2  0  0  0
352  0  66112 55153112 2436008 73925348    0    0  2640 472524 317630 1344510 76 21  3  0  0  0
454  0  66112 55149832 2436008 73925372    0    0  1888 459260 313712 1345185 76 21  3  0  0  0
211  0  66112 55153352 2436008 73925384    0    0   816 475484 319529 1353429 77 21  3  0  0  0
374  1  66112 55160240 2436008 73925396    0    0  2960 476796 325500 1335127 76 22  2  0  0  0
343  0  66112 55162344 2436008 73925416    0    0  1744 478572 321390 1339175 77 21  2  0  0  0
331  0  66112 55164672 2436008 73925432    0    0  2080 482380 307253 1337246 76 21  3  0  0  0
procs -----------memory---------- ---swap-- -----io---- -system-- -------cpu-------
 r  b   swpd   free   buff  cache   si   so    bi    bo   in   cs us sy id wa st gu
358  0  66112 55184520 2436008 73925448    0    0  2032 459052 325921 1348930 77 21  2  0  0  0
242  0  66112 55165256 2436008 73925460    0    0  7328 479148 277457 1049655 58 16 25  1  0  0
415  0  66112 55158112 2436008 73925468    0    0  1952 472508 319856 1346817 76 21  3  0  0  0
178  0  66112 55152152 2436008 73925488    0    0  2480 472512 323274 1340245 75 22  3  0  0  0
257  0  66112 55146580 2436008 73925504    0    0  3072 475980 301874 1342099 76 21  3  0  0  0
168  0  66112 55194264 2436008 73925520    0    0  1632 454632 312816 1319899 77 20  3  0  0  0
469  0  66112 55190252 2436008 73925536    0    0  3168 471992 316941 1319426 77 21  2  0  0  0
320  0  66112 55203632 2436008 73925552    0    0  1536 470652 315488 1345118 77 21  2  0  0  0
469  0  66112 55183036 2436008 73925572    0    0  2448 472752 311933 1326518 76 21  2  0  0  0
219  1  66112 55142364 2436008 73925580    0    0  1184 474952 317485 1341758 75 22  3  0  0  0
294  0  66112 55170864 2436008 73925596    0    0  2336 459948 325073 1333128 76 22  2  0  0  0
589  0  66112 55161520 2436008 73925620    0    0  2192 473024 313831 1341915 76 21  3  0  0  0
485  0  66112 55170484 2436008 73925628    0    0  2656 468740 321950 1340944 77 21  2  0  0  0
520  0  66112 55206692 2436008 73925644    0    0  2320 477000 313296 1356096 76 21  3  0  0  0
401  1  66112 55187412 2436008 73925656    0    0  2944 474888 386686 1322647 77 21  2  0  0  0
410  0  66112 55180644 2436008 73925672    0    0  1984 478340 315884 1303405 77 21  2  0  0  0
400  0  66112 55176792 2436008 73925692    0    0  2384 451912 323949 1317804 77 21  2  0  0  0
395  0  66112 55189548 2436008 73925708    0    0  2288 476332 314182 1355314 77 21  3  0  0  0
550  0  66112 55175280 2436008 73925728    0    0  2288 470768 327134 1344291 76 21  2  0  0  0
 6  1  66112 55159736 2436008 73925732    0    0  3744 472728 312845 1342137 75 20  5  0  0  0
324  0  66112 55150296 2436012 73925748    0    0  9632 460920 279445 1024433 58 16 25  0  0  0
procs -----------memory---------- ---swap-- -----io---- -system-- -------cpu-------
 r  b   swpd   free   buff  cache   si   so    bi    bo   in   cs us sy id wa st gu
231  0  66112 55134580 2436012 73925768    0    0  2080 474292 324214 1343447 76 21  2  0  0  0
344  0  66112 55144004 2436012 73925788    0    0  1840 467628 324024 1331789 76 22  2  0  0  0
412  0  66112 55154184 2436012 73925804    0    0  1568 472712 365713 1351763 76 22  2  0  0  0
217  0  66112 55151600 2436012 73925816    0    0  3904 475284 326626 1331557 74 21  4  0  0  0
454  0  66112 55155380 2436012 73925832    0    0  1872 455668 355189 1337683 76 22  2  0  0  0
300  0  66112 55137972 2436012 73925848    0    0  2064 471028 332842 1342125 76 22  2  0  0  0
264  0  66112 55129640 2436012 73925860    0    0  3504 478988 312601 1341890 76 21  3  0  0  0
392  0  66112 55151712 2436012 73925880    0    0  2496 470008 316373 1321207 76 21  3  0  0  0
349  0  66112 55159900 2436012 73925892    0    0  1680 476056 314140 1310254 77 21  2  0  0  0
432  0  66112 55150392 2436012 73925904    0    0  1824 456652 328371 1332509 76 22  2  0  0  0
248  0  66112 55143104 2436012 73925928    0    0  1056 470232 343617 1350323 76 21  2  0  0  0
131  1  66112 55133780 2436012 73925940    0    0  2752 472140 353153 1351767 76 22  2  0  0  0
414  0  66112 55133748 2436012 73925956    0    0  2720 472172 330160 1330582 76 22  2  0  0  0
595  0  66112 55123640 2436012 73925972    0    0   224 474960 328846 1342057 76 22  2  0  0  0
273  1  66112 55129024 2436012 73925984    0    0  2336 480600 326815 1331890 76 21  2  0  0  0
572  0  66112 55145956 2436012 73926000    0    0  3056 489692 325671 1330576 77 21  2  0  0  0
419  0  66112 55140220 2436012 73926012    0    0  2400 510028 331688 1322814 76 22  2  0  0  0
127  0  66112 55149488 2436012 73926028    0    0  2624 428548 318254 1352931 76 21  3  0  0  0
225  0  66112 55138640 2436012 73926036    0    0  8864 475828 270834 1016926 57 15 27  1  0  0
147  0  66112 55143420 2436012 73926052    0    0  1712 446752 318980 1296924 77 21  2  0  0  0
278  0  66112 55125264 2436012 73926084    0    0  1456 463132 333310 1328947 76 22  2  0  0  0
procs -----------memory---------- ---swap-- -----io---- -system-- -------cpu-------
 r  b   swpd   free   buff  cache   si   so    bi    bo   in   cs us sy id wa st gu
244  1  66112 55160000 2436012 73926104    0    0  1584 470664 315242 1333867 76 21  3  0  0  0
346  0  66112 55149184 2436012 73926128    0    0  2464 475652 313848 1332195 76 21  2  0  0  0
353  1  66112 55133264 2436012 73926148    0    0  1648 474576 327045 1338893 76 22  2  0  0  0
339  0  66112 55143512 2436012 73926168    0    0  2384 472212 328840 1322157 76 22  2  0  0  0
460  0  66112 55139832 2436012 73926256    0    0  2064 452968 313539 1328865 76 21  3  0  0  0
273  0  66112 55134120 2436012 73926276    0    0   640 473540 318357 1335596 76 21  2  0  0  0
332  0  66112 55139464 2436012 73926296    0    0  3344 471048 331061 1343853 76 22  2  0  0  0
375  0  66112 55112564 2436012 73926316    0    0  1584 466596 329189 1332502 76 22  2  0  0  0
279  0  66112 55153660 2436012 73926332    0    0  3072 450660 321775 1337111 76 21  2  0  0  0
307  0  66112 55149516 2436012 73926360    0    0  2064 466300 315797 1341048 76 21  2  0  0  0
320  0  66112 55139556 2436012 73926376    0    0  2736 469484 322139 1357393 77 21  2  0  0  0
475  0  66112 55150120 2436012 73926388    0    0  2752 469696 312097 1326963 77 21  3  0  0  0
499  0  66112 55182604 2436012 73926400    0    0  3216 465096 315136 1328969 75 20  5  0  0  0
550  0  66112 55186596 2436012 73926412    0    0  2480 472548 317166 1361804 76 21  3  0  0  0
223  1  66112 55172368 2436012 73926432    0    0  2384 448132 327099 1349994 77 21  2  0  0  0
348  0  66112 55160268 2436012 73926444    0    0  8432 469016 280455 1055832 58 16 26  0  0  0
260  0  66112 55157904 2436012 73926456    0    0   944 466832 328995 1387335 77 21  2  0  0  0
579  0  66112 55164588 2436012 73926472    0    0  2368 470428 314404 1317270 77 21  2  0  0  0
362  0  66112 55151328 2436012 73926488    0    0  2416 465128 333580 1330856 77 21  2  0  0  0
285  0  66112 55176504 2436012 73926512    0    0  2576 455332 312166 1336964 77 21  3  0  0  0
446  0  66112 55165848 2436012 73926532    0    0  1856 470184 311211 1334193 76 21  3  0  0  0
procs -----------memory---------- ---swap-- -----io---- -system-- -------cpu-------
 r  b   swpd   free   buff  cache   si   so    bi    bo   in   cs us sy id wa st gu
486  0  66112 55175820 2436012 73926548    0    0  2800 470592 317201 1344749 77 21  2  0  0  0
336  0  66112 55164684 2436012 73926564    0    0  2240 469648 315490 1313429 75 21  4  0  0  0
331  1  66112 55159356 2436012 73926576    0    0  1568 467220 320828 1334977 77 21  2  0  0  0
436  0  66112 55144972 2436012 73926596    0    0  3456 466812 325844 1331250 77 21  2  0  0  0
257  0  66112 55168040 2436012 73926612    0    0  2192 446152 324978 1356148 77 21  2  0  0  0
379  0  66112 55170864 2436012 73926628    0    0  2800 474852 308656 1338724 77 21  3  0  0  0
442  0  66112 55154188 2436012 73926640    0    0  2208 466468 307033 1336383 77 21  3  0  0  0
418  1  66112 55159284 2436012 73926660    0    0  1888 462340 310711 1336449 77 21  3  0  0  0
571  0  66112 55156948 2436012 73926668    0    0  2224 464352 320469 1344737 76 21  3  0  0  0
393  0  66112 55158256 2436012 73926688    0    0  1136 446756 313301 1349511 76 21  3  0  0  0
385  0  66112 55153112 2436012 73926708    0    0  1840 465520 319644 1314894 77 21  2  0  0  0
555  0  66112 55145464 2436012 73926720    0    0  3120 468768 416089 1338146 77 20  3  0  0  0
567  0  66112 55136704 2436012 73926728    0    0 10736 471960 274355 1038239 57 16 27  0  0  0
242  0  66112 55135860 2436012 73926740    0    0  1888 473840 313671 1352990 77 21  3  0  0  0
187  0  66112 55121120 2436012 73926768    0    0  1504 451040 331642 1335235 76 22  2  0  0  0
399  0  66112 55130184 2436012 73926784    0    0  2144 469272 336089 1338581 77 21  2  0  0  0
456  0  66112 55158272 2436012 73926804    0    0  2800 466592 321755 1324494 77 21  2  0  0  0
391  0  66112 55136216 2436012 73926816    0    0  2768 467500 319274 1326918 76 22  2  0  0  0
256  0  66112 55139188 2436012 73926832    0    0  1520 473600 320478 1333516 77 21  2  0  0  0
254  0  66112 55155600 2436012 73926848    0    0  2288 452988 325725 1329473 77 21  2  0  0  0
421  0  66112 55119708 2436012 73926868    0    0  1808 471836 319224 1323486 76 22  2  0  0  0
procs -----------memory---------- ---swap-- -----io---- -system-- -------cpu-------
 r  b   swpd   free   buff  cache   si   so    bi    bo   in   cs us sy id wa st gu
372  0  66112 55135936 2436012 73926884    0    0  1104 468080 325762 1329569 77 21  2  0  0  0
372  0  66112 55150032 2436012 73926896    0    0  2784 466524 347669 1332564 77 21  2  0  0  0
255  0  66112 55121584 2436012 73926908    0    0  2672 465148 350393 1308778 76 21  2  0  0  0
437  0  66112 55124248 2436012 73926924    0    0  1792 455204 330551 1322234 76 22  3  0  0  0
328  0  66112 55119760 2436012 73926944    0    0  1360 470548 354010 1338536 76 22  3  0  0  0
304  0  66112 55120904 2436012 73926956    0    0  2640 472340 331791 1362967 76 22  2  0  0  0
347  0  66112 55139680 2436012 73926968    0    0  2432 471428 320047 1336510 76 21  2  0  0  0
338  0  66112 55127660 2436012 73926984    0    0  1616 472668 318034 1326661 76 22  3  0  0  0
585  0  66112 55108296 2436012 73926996    0    0  2368 474364 318671 1344935 77 21  2  0  0  0
478  0  66112 55125860 2436012 73927008    0    0  8800 461280 273707 1029497 58 15 26  0  0  0
147  0  66112 55156480 2436012 73927028    0    0  2608 466312 318370 1343818 76 21  3  0  0  0
392  0  66112 55111464 2436012 73927040    0    0  1856 471560 330661 1302471 76 21  3  0  0  0
428  0  66112 55118860 2436012 73927056    0    0  1088 471552 326438 1334349 76 22  2  0  0  0
348  0  66112 55127196 2436012 73927072    0    0  2432 458244 316348 1328629 76 21  3  0  0  0
644  0  66112 55117300 2436012 73927092    0    0  2432 475768 327606 1327211 77 21  2  0  0  0
220  1  66112 55117488 2436012 73927108    0    0  1872 470568 320364 1346840 76 21  2  0  0  0
208  0  66112 55138600 2436012 73927128    0    0  2112 469816 318174 1328599 77 21  2  0  0  0
373  0  66112 55122788 2436012 73927140    0    0  1872 469116 328412 1348445 76 22  2  0  0  0
345  1  66112 55106388 2436012 73927156    0    0  2720 473092 316509 1337901 76 21  3  0  0  0
326  0  66112 55113584 2436012 73927172    0    0  1808 462572 316177 1331424 76 21  2  0  0  0
582  0  66112 55119308 2436012 73927184    0    0  2176 472604 328907 1348519 76 21  2  0  0  0
procs -----------memory---------- ---swap-- -----io---- -system-- -------cpu-------
 r  b   swpd   free   buff  cache   si   so    bi    bo   in   cs us sy id wa st gu
341  0  66112 55130076 2436016 73927212    0    0  2416 475668 305730 1305351 76 21  3  0  0  0
327  0  66112 55141524 2436016 73927320    0    0  2464 470700 315584 1318540 75 20  4  0  0  0
403  0  66112 55166844 2436016 73927328    0    0  1392 473064 310224 1320227 76 21  3  0  0  0
251  0  66112 55149608 2436016 73927352    0    0  2448 468588 318672 1341845 77 21  3  0  0  0
381  0  66112 55131116 2436016 73927364    0    0  1776 452892 315997 1323174 77 21  2  0  0  0
308  0  66112 55132972 2436016 73927384    0    0  1248 471764 312340 1346224 77 20  3  0  0  0
334  1  66112 55141704 2436016 73927392    0    0  8768 477584 266242 1045015 58 15 27  0  0  0
217  0  66112 55153468 2436016 73927404    0    0  1728 475100 314547 1377123 77 21  3  0  0  0
190  1  66112 55155040 2436016 73927420    0    0  2288 453960 314257 1328166 77 21  3  0  0  0
366  0  66112 55126688 2436016 73927436    0    0  2032 467052 315165 1338200 77 21  3  0  0  0
356  0  66112 55145628 2436016 73927452    0    0  2848 474852 313716 1351981 77 21  3  0  0  0
615  0  66112 55156456 2436016 73927472    0    0  2848 471876 320227 1331201 77 21  2  0  0  0
393  0  66112 55143240 2436016 73927488    0    0  2480 475140 318255 1328886 77 21  2  0  0  0
437  0  66112 55128688 2436016 73927500    0    0  2128 453476 398380 1333096 77 21  2  0  0  0
430  0  66112 55120896 2436016 73927520    0    0  1696 467256 323468 1342666 77 21  2  0  0  0
207  0  66112 55154736 2436016 73927532    0    0  2912 473368 317235 1348710 77 21  3  0  0  0
435  0  66112 55140896 2436016 73927552    0    0  2304 472440 314972 1308431 77 21  2  0  0  0
294  0  66112 55139248 2436016 73927564    0    0  2208 467236 338006 1331646 77 21  2  0  0  0
620  0  66112 55098268 2436016 73927572    0    0  2032 467760 321241 1323686 77 21  2  0  0  0
282  0  66112 55133128 2436016 73927588    0    0  2384 451220 326545 1332430 77 21  2  0  0  0
400  0  66112 55121568 2436016 73927608    0    0  3552 469732 327563 1361950 77 21  2  0  0  0
procs -----------memory---------- ---swap-- -----io---- -system-- -------cpu-------
 r  b   swpd   free   buff  cache   si   so    bi    bo   in   cs us sy id wa st gu
569  0  66112 55127372 2436016 73927624    0    0  2352 474008 319198 1352406 76 21  2  0  0  0
493  0  66112 55120488 2436016 73927636    0    0  1568 472508 346967 1346518 77 21  2  0  0  0
409  0  66112 55113212 2436016 73927652    0    0  2448 477364 360028 1322276 77 21  2  0  0  0
250  0  66112 55126384 2436016 73927668    0    0  2336 473100 358294 1345397 77 21  2  0  0  0
351  0  66112 55149204 2436016 73927680    0    0  7232 456952 280305 1049475 58 16 26  1  0  0
487  0  66112 55144820 2436016 73927692    0    0  3936 472664 309948 1355139 77 21  3  0  0  0
451  0  66112 55117084 2436016 73927712    0    0  1872 469128 325529 1333236 77 21  2  0  0  0
332  0  66112 55126560 2436016 73927728    0    0  3040 470864 313833 1339029 76 21  2  0  0  0
230  0  66112 55114720 2436016 73927744    0    0  1968 462552 319653 1334886 76 21  2  0  0  0
592  0  66112 55119556 2436016 73927764    0    0  1616 463764 325752 1330278 77 21  2  0  0  0
502  0  66112 55122992 2436016 73927776    0    0  1472 467544 331576 1351056 77 21  2  0  0  0
289  0  66112 55116568 2436016 73927788    0    0  2816 469800 326659 1304872 75 21  4  0  0  0
615  0  66112 55117596 2436016 73927816    0    0  3328 473704 311617 1321069 76 21  3  0  0  0
564  0  66112 55116384 2436016 73927836    0    0  1232 452960 327458 1349698 76 22  2  0  0  0
537  0  66112 55112140 2436020 73927840    0    0  2944 471984 318192 1318997 76 21  2  0  0  0
358  0  66112 55130788 2436020 73927856    0    0  1856 474656 324779 1338385 76 22  2  0  0  0
559  0  66112 55103136 2436020 73927876    0    0  3184 474124 326074 1319010 77 21  2  0  0  0
332  0  66112 55123464 2436020 73927900    0    0  1744 470872 307524 1327122 76 21  3  0  0  0
729  0  66112 55106192 2436020 73927908    0    0  2160 471580 327837 1338116 76 22  2  0  0  0
494  0  66112 55098280 2436020 73927924    0    0  3168 490968 314633 1360172 76 21  3  0  0  0
280  0  66112 55138232 2436020 73927940    0    0  1840 488680 320343 1316394 76 21  2  0  0  0
procs -----------memory---------- ---swap-- -----io---- -system-- -------cpu-------
 r  b   swpd   free   buff  cache   si   so    bi    bo   in   cs us sy id wa st gu
472  0  66112 55132028 2436020 73927960    0    0  3488 424684 320172 1381502 76 21  3  0  0  0
362  0  66112 55125592 2436020 73927980    0    0  2128 462988 311933 1361878 77 20  3  0  0  0
354  0  66112 55131012 2436020 73928004    0    0  9152 475812 266859 1062354 57 16 27  0  0  0
324  0  66112 55128484 2436020 73928016    0    0  1488 443592 320007 1339264 77 21  2  0  0  0
500  0  66112 55124056 2436020 73928044    0    0  1904 466028 310245 1324744 76 21  3  0  0  0
394  0  66112 55121168 2436020 73928064    0    0  2560 475048 317324 1351379 76 20  4  0  0  0
538  0  66112 55140996 2436020 73928084    0    0  3648 480388 311022 1343428 76 21  3  0  0  0
626  0  66112 55123580 2436020 73928100    0    0  1664 478180 320170 1340559 77 21  2  0  0  0
529  0  66112 55139372 2436020 73928128    0    0  1664 462412 316470 1304022 77 21  2  0  0  0
302  0  66112 55122548 2436020 73928140    0    0  1792 478520 311440 1291983 77 21  2  0  0  0
714  0  66112 55125852 2436020 73928200    0    0  1968 477688 308731 1322685 76 21  3  0  0  0
473  0  66112 55123636 2436020 73928212    0    0  2528 483416 309805 1306641 77 21  2  0  0  0
455  1  66112 55128160 2436020 73928224    0    0  1744 475276 323833 1348053 76 21  3  0  0  0
439  0  66112 55145128 2436020 73928244    0    0  2448 476268 307399 1347897 77 21  3  0  0  0
329  0  66112 55141904 2436020 73928260    0    0  1168 457728 317712 1328787 77 21  2  0  0  0
420  0  66112 55143644 2436020 73928276    0    0  1648 483212 305727 1326595 77 21  3  0  0  0
391  0  66112 55129724 2436020 73928296    0    0  1776 469712 321237 1324199 77 21  2  0  0  0
258  0  66112 55109788 2436020 73928308    0    0  2192 469716 318860 1344630 76 21  2  0  0  0
459  0  66112 55120636 2436020 73928332    0    0  2368 473768 320274 1333800 77 21  2  0  0  0
315  0  66112 55111536 2436020 73928408    0    0  2272 461136 317796 1359138 77 20  3  0  0  0
499  0  66112 55116528 2436020 73928420    0    0 10688 479364 276671 1053505 58 16 26  0  0  0
procs -----------memory---------- ---swap-- -----io---- -system-- -------cpu-------
 r  b   swpd   free   buff  cache   si   so    bi    bo   in   cs us sy id wa st gu
219  0  66112 55138112 2436020 73928436    0    0  3200 479980 310726 1315772 74 20  6  0  0  0
306  0  66112 55136768 2436020 73928456    0    0  3696 481412 308368 1318432 77 20  2  0  0  0
384  0  66112 55125128 2436020 73928476    0    0  1856 480368 297367 1299562 77 20  3  0  0  0
377  0  66112 55134896 2436020 73928496    0    0  1968 463780 308922 1339789 77 21  3  0  0  0
317  0  66112 55118848 2436020 73928516    0    0  2720 482360 311736 1317014 77 21  2  0  0  0
352  0  66112 55119584 2436020 73928532    0    0  2128 475652 311061 1330825 75 20  5  0  0  0
330  0  66112 55120244 2436020 73928540    0    0  2224 470836 441865 1332246 77 21  2  0  0  0
372  0  66112 55116380 2436020 73928560    0    0  1504 474244 314834 1338610 77 21  2  0  0  0
350  0  66112 55113432 2436020 73928576    0    0  2896 458348 315163 1318575 77 21  2  0  0  0
344  1  66112 55116692 2436020 73928592    0    0  2288 474960 319862 1353930 76 21  3  0  0  0
290  0  66112 55110668 2436020 73928616    0    0  2608 473684 319252 1325257 77 21  2  0  0  0
648  0  66112 55121168 2436020 73928628    0    0  2368 478020 311563 1312122 76 21  3  0  0  0
455  0  66112 55118956 2436020 73928644    0    0  1024 476040 316750 1326553 77 21  2  0  0  0
264  0  66112 55093792 2436020 73928664    0    0  4128 479460 343365 1345971 77 21  3  0  0  0
306  0  66112 55100352 2436020 73928676    0    0  1568 452360 326129 1348249 77 21  2  0  0  0
334  1  66112 55115884 2436020 73928688    0    0  2096 473176 318900 1350954 77 21  3  0  0  0
416  0  66112 55108168 2436020 73928704    0    0  2576 475996 346071 1354598 77 20  3  0  0  0
583  0  66112 55120772 2436020 73928712    0    0  7568 481980 273294 993430 57 15 27  0  0  0
300  0  66112 55099924 2436020 73928728    0    0  1728 454104 386632 1286982 78 20  1  0  0  0
483  0  66112 55105056 2436020 73928748    0    0  2192 466876 318961 1316433 77 21  2  0  0  0
353  0  66112 55109224 2436020 73928764    0    0  1920 475260 317856 1343153 77 21  2  0  0  0
procs -----------memory---------- ---swap-- -----io---- -system-- -------cpu-------
 r  b   swpd   free   buff  cache   si   so    bi    bo   in   cs us sy id wa st gu
454  0  66112 55110464 2436020 73928776    0    0  1712 469412 318834 1345049 77 21  2  0  0  0
502  0  66112 55112216 2436024 73928792    0    0  2512 471344 326612 1341905 77 21  2  0  0  0
547  0  66112 55122980 2436024 73928812    0    0  2496 452356 321563 1322565 77 21  2  0  0  0
555  0  66112 55131280 2436024 73928820    0    0  2480 471808 314443 1327070 77 21  2  0  0  0
283  0  66112 55125000 2436024 73928840    0    0  1872 472172 318348 1325159 77 21  2  0  0  0
312  0  66112 55118512 2436024 73928852    0    0  1936 474436 315636 1333898 77 21  2  0  0  0
553  0  66112 55116916 2436024 73928868    0    0  1664 468796 321839 1341161 77 21  2  0  0  0
448  0  66112 55111692 2436024 73928888    0    0  4464 480460 313730 1326720 77 20  2  0  0  0
220  0  66112 55123924 2436024 73928904    0    0  1680 456736 316922 1355125 76 21  3  0  0  0
323  0  66112 55110248 2436024 73928924    0    0  1616 479632 320194 1320855 77 21  2  0  0  0
431  0  66112 55091764 2436024 73928940    0    0  2464 471072 331138 1316100 74 21  5  0  0  0
468  0  66112 55089796 2436024 73928952    0    0  1824 472784 324437 1327080 76 22  2  0  0  0
499  0  66112 55095000 2436024 73928976    0    0  2592 472716 325588 1318071 77 22  2  0  0  0
296  0  66112 55109500 2436024 73928988    0    0  2528 472624 314585 1335316 77 20  2  0  0  0
405  0  66112 55104176 2436024 73929000    0    0  8832 461072 276432 1083867 58 16 26  0  0  0
393  0  66112 55087440 2436024 73929012    0    0  2240 474244 335290 1355553 77 21  2  0  0  0
317  0  66112 55084284 2436024 73929028    0    0  1520 468184 322775 1337264 76 21  2  0  0  0
284  0  66112 55095360 2436024 73929044    0    0  3344 473176 302049 1351210 75 21  3  0  0  0
367  0  66112 55077488 2436024 73929060    0    0  2560 448876 320220 1350559 76 21  3  0  0  0
291  1  66112 55103864 2436024 73929072    0    0  1984 477452 309877 1347695 76 21  3  0  0  0
196  0  66112 55087248 2436024 73929088    0    0  2592 473976 305898 1335946 76 21  3  0  0  0
procs -----------memory---------- ---swap-- -----io---- -system-- -------cpu-------
 r  b   swpd   free   buff  cache   si   so    bi    bo   in   cs us sy id wa st gu
590  0  66112 55077940 2436024 73929108    0    0  1456 477876 314072 1320118 77 21  2  0  0  0
694  0  66112 55100820 2436024 73929124    0    0  1712 472960 325154 1360862 76 22  2  0  0  0
257  0  66112 55073576 2436024 73929136    0    0  2240 471880 323384 1332709 76 22  2  0  0  0
168  0  66112 55101856 2436024 73929152    0    0  1744 452304 320682 1338595 76 21  3  0  0  0
379  0  66112 55089324 2436024 73929164    0    0  2032 470444 325876 1335041 77 21  2  0  0  0
292  0  66112 55067392 2436024 73929184    0    0  3536 471436 323124 1326355 76 21  2  0  0  0
282  0  66112 55099144 2436024 73929200    0    0  2320 475364 326007 1334795 77 21  2  0  0  0
323  0  66112 55096288 2436024 73929216    0    0  2496 470872 319437 1338236 76 21  3  0  0  0
314  1  66112 55091600 2436024 73929224    0    0  1568 480960 306851 1320245 77 21  3  0  0  0
298  0  66112 55086740 2436024 73929240    0    0  1824 457496 331661 1327840 77 21  2  0  0  0
307  1  66112 55092472 2436024 73929256    0    0  2784 474728 321096 1319701 77 21  2  0  0  0
555  0  66112 55090572 2436024 73929272    0    0  2576 471460 319349 1313445 75 20  4  0  0  0
522  1  66112 55076044 2436024 73929284    0    0  9056 477228 280033 1042721 58 16 26  1  0  0
136  0  66112 55073496 2436024 73929296    0    0  1072 449668 319488 1349372 77 21  3  0  0  0
285  0  66112 55086368 2436024 73929308    0    0  1856 471356 305870 1334378 76 21  3  0  0  0
494  0  66112 55084600 2436024 73929324    0    0  2160 474548 308228 1313304 76 21  3  0  0  0
248  0  66112 55109840 2436024 73929404    0    0  1648 476300 305985 1332984 76 21  3  0  0  0
551  0  66112 55107580 2436024 73929428    0    0  3808 466608 321731 1341525 77 21  2  0  0  0
149  0  66112 55100680 2436024 73929440    0    0  2224 453896 320089 1322121 77 21  2  0  0  0
389  0  66112 55110628 2436024 73929456    0    0  2848 469392 315759 1342386 77 21  2  0  0  0
206  0  66112 55129880 2436024 73929476    0    0  2144 475840 312540 1349534 76 21  3  0  0  0
procs -----------memory---------- ---swap-- -----io---- -system-- -------cpu-------
 r  b   swpd   free   buff  cache   si   so    bi    bo   in   cs us sy id wa st gu
251  0  66112 55107532 2436024 73929496    0    0  2768 478032 312547 1318280 77 21  2  0  0  0
408  0  66112 55109536 2436024 73929512    0    0  2384 477192 313284 1318313 77 21  2  0  0  0
380  0  66112 55104092 2436024 73929524    0    0  1424 469636 318305 1361995 77 21  3  0  0  0
456  0  66112 55103936 2436024 73929540    0    0  1712 453716 321069 1324968 77 21  2  0  0  0
306  0  66112 55096248 2436024 73929552    0    0  2384 469696 315193 1368204 76 21  3  0  0  0
222  1  66112 55111980 2436024 73929564    0    0  1568 477244 313151 1326644 77 21  2  0  0  0
402  0  66112 55092260 2436024 73929584    0    0  2272 470052 314571 1309302 77 21  2  0  0  0
349  0  66112 55087276 2436024 73929600    0    0  2016 474492 329084 1370248 76 22  3  0  0  0
424  0  66112 55085228 2436024 73929616    0    0  3024 476236 318817 1356640 77 20  2  0  0  0
512  0  66112 55073820 2436024 73929628    0    0  7472 447652 292546 1091782 58 17 25  1  0  0
337  0  66112 55073816 2436024 73929636    0    0  2080 477552 325182 1365969 76 21  2  0  0  0
519  0  66112 55075544 2436024 73929656    0    0  1408 475968 322258 1355099 76 21  2  0  0  0
189  0  66112 55075332 2436024 73929680    0    0  1440 477388 322811 1324975 77 21  2  0  0  0
291  1  66112 55091208 2436024 73929684    0    0  3200 465284 319484 1328313 76 21  2  0  0  0
357  0  66112 55102780 2436024 73929696    0    0  1744 448272 328514 1347388 76 22  2  0  0  0
564  0  66112 55075936 2436024 73929720    0    0  2944 468876 438104 1348936 76 22  2  0  0  0
379  1  66112 55075708 2436024 73929732    0    0  2736 475004 313351 1341398 76 21  3  0  0  0
239  0  66112 55087316 2436024 73929752    0    0  2288 475712 327902 1338731 77 21  2  0  0  0
387  0  66112 55077512 2436024 73929784    0    0  1808 470420 306873 1323555 76 21  3  0  0  0
324  0  66112 55058556 2436024 73929784    0    0  1664 454376 315840 1328436 76 21  3  0  0  0
517  0  66112 55084276 2436024 73929800    0    0  3216 473484 316854 1332168 77 21  2  0  0  0
procs -----------memory---------- ---swap-- -----io---- -system-- -------cpu-------
 r  b   swpd   free   buff  cache   si   so    bi    bo   in   cs us sy id wa st gu
324  0  66112 55094132 2436024 73929816    0    0  2032 478740 321549 1343718 77 21  2  0  0  0
660  0  66112 55079032 2436024 73929836    0    0  2928 488012 324309 1321388 76 21  2  0  0  0
315  1  66112 55068392 2436024 73929856    0    0  1840 487612 312179 1337430 76 21  3  0  0  0
351  0  66112 55093380 2436024 73929860    0    0  2432 415724 320328 1339567 76 22  3  0  0  0
352  0  66112 55086968 2436024 73929888    0    0  2688 466520 321887 1332689 76 21  3  0  0  0
230  0  66112 55093320 2436024 73929900    0    0  2560 477160 312035 1344770 76 21  3  0  0  0
208  0  66112 55068140 2436024 73929920    0    0  8240 460028 292861 1078233 58 16 25  1  0  0
467  0  66112 55079744 2436024 73929944    0    0  2176 457660 355504 1352726 76 21  3  0  0  0
417  0  66112 55075324 2436024 73929976    0    0   992 446640 336611 1343712 76 22  2  0  0  0
377  0  66112 55071752 2436024 73930008    0    0  1504 470052 345857 1341772 76 22  2  0  0  0
416  0  66112 55065804 2436024 73930016    0    0  1216 472456 342104 1334064 76 22  2  0  0  0
349  0  66112 55064036 2436024 73930036    0    0  1920 474396 324373 1335826 77 21  2  0  0  0
247  0  66112 55073488 2436024 73930052    0    0  2048 479368 319536 1350599 76 21  3  0  0  0
352  0  66112 55063656 2436024 73930072    0    0  1584 456016 320000 1346960 76 22  2  0  0  0
310  0  66112 55094092 2436024 73930092    0    0  2464 474680 314862 1309615 74 21  6  0  0  0
286  0  66112 55083604 2436024 73930112    0    0  1680 474176 327000 1345808 76 22  3  0  0  0
308  0  66112 55077440 2436024 73930128    0    0  1696 480964 314829 1352104 76 21  3  0  0  0
273  0  66112 55104128 2436024 73930140    0    0  3024 479720 310350 1348834 76 21  3  0  0  0
518  0  66112 55107664 2436024 73930160    0    0  2192 463936 310173 1355436 77 21  3  0  0  0
271  0  66112 55099124 2436024 73930172    0    0  2784 477444 316397 1331444 77 21  2  0  0  0
632  0  66112 55107272 2436024 73930180    0    0  2352 472624 327976 1347677 77 21  2  0  0  0
procs -----------memory---------- ---swap-- -----io---- -system-- -------cpu-------
 r  b   swpd   free   buff  cache   si   so    bi    bo   in   cs us sy id wa st gu
416  0  66112 55100708 2436024 73930200    0    0  2320 473588 327133 1350620 77 21  2  0  0  0
109  0  66112 55100628 2436028 73930212    0    0  1712 475140 326547 1363976 77 21  2  0  0  0
199  0  66112 55084164 2436028 73930228    0    0  2384 476432 314579 1352197 77 20  3  0  0  0
297  0  66112 55092064 2436028 73930248    0    0  8864 468052 275160 1059560 57 15 27  0  0  0
132  0  66112 55091380 2436028 73930252    0    0  1840 472212 318355 1337153 77 21  3  0  0  0
572  0  66112 55088512 2436028 73930272    0    0  1616 471520 319833 1322742 77 21  2  0  0  0
346  0  66112 55090988 2436032 73930288    0    0  2512 477256 322910 1336157 77 21  2  0  0  0
335  0  66112 55101932 2436032 73930292    0    0  2736 460912 320063 1322685 77 21  2  0  0  0
145  0  66112 55096368 2436032 73930316    0    0  1664 473388 316444 1317693 76 21  3  0  0  0
519  0  66112 55093768 2436032 73930344    0    0  2768 474544 320230 1325421 77 21  2  0  0  0
483  0  66112 55081464 2436032 73930356    0    0  1440 477624 311301 1310007 77 21  2  0  0  0
401  0  66112 55089888 2436032 73930368    0    0  2288 476304 316484 1311556 77 21  2  0  0  0
464  0  66112 55109140 2436032 73930456    0    0  2768 482264 311678 1344724 76 21  3  0  0  0
481  0  66112 55090240 2436032 73930472    0    0  1264 462200 314073 1327170 77 21  2  0  0  0
313  0  66112 55100600 2436032 73930488    0    0  2544 474876 312202 1367136 76 21  3  0  0  0
499  0  66112 55089180 2436032 73930508    0    0  3728 479748 381421 1325777 75 22  3  0  0  0
432  0  66112 55089100 2436032 73930520    0    0  1104 470012 312887 1307127 76 21  3  0  0  0
346  0  66112 55078660 2436032 73930540    0    0  1536 469144 322157 1331361 76 21  3  0  0  0
305  0  66112 55074964 2436032 73930560    0    0  2048 469724 321930 1351623 76 21  2  0  0  0
301  1  66112 55069964 2436032 73930576    0    0  1856 457540 322097 1355627 76 21  3  0  0  0
407  0  66112 55078160 2436032 73930592    0    0  2768 473172 321603 1351133 76 21  3  0  0  0
procs -----------memory---------- ---swap-- -----io---- -system-- -------cpu-------
 r  b   swpd   free   buff  cache   si   so    bi    bo   in   cs us sy id wa st gu
286  0  66112 55050356 2436032 73930604    0    0 10144 481516 295375 1010911 58 15 27  0  0  0
393  0  66112 55071620 2436032 73930612    0    0  1392 472808 330995 1381252 76 22  2  0  0  0
245  0  66112 55084256 2436032 73930640    0    0  1744 453788 310639 1337061 76 21  3  0  0  0
474  0  66112 55078080 2436032 73930656    0    0  2464 478040 314099 1361186 76 21  3  0  0  0
366  0  66112 55069720 2436032 73930672    0    0  2528 476684 311914 1331968 76 21  3  0  0  0
322  0  66112 55079204 2436032 73930692    0    0  1792 473368 349056 1329626 77 22  2  0  0  0
414  0  66112 55064328 2436032 73930704    0    0  2080 472448 323160 1300762 77 21  2  0  0  0
416  0  66112 55058432 2436032 73930720    0    0  1360 459120 311318 1322239 77 21  2  0  0  0
434  0  66112 55069308 2436032 73930744    0    0  1888 469028 364351 1309651 73 21  5  0  0  0
395  1  66112 55069804 2436032 73930756    0    0  2752 476552 303370 1308656 74 20  5  0  0  0
305  0  66112 55074912 2436032 73930772    0    0  1584 473204 323728 1318411 77 21  2  0  0  0
315  0  66112 55090468 2436032 73930788    0    0  2432 477628 317875 1361115 76 21  3  0  0  0
549  0  66112 55082080 2436032 73930800    0    0  1568 458340 310907 1312509 77 21  3  0  0  0
407  0  66112 55090168 2436032 73930816    0    0  2256 475716 318178 1329139 77 21  2  0  0  0
417  0  66112 55062708 2436032 73930828    0    0  2384 472316 318217 1332141 76 21  2  0  0  0
477  0  66112 55069940 2436032 73930852    0    0  2752 479384 311017 1353273 77 21  3  0  0  0
265  0  66112 55077212 2436032 73930872    0    0  1792 472320 319212 1347755 76 21  3  0  0  0
588  0  66112 55064904 2436032 73930880    0    0  3232 468588 337830 1341257 77 21  2  0  0  0
447  0  66112 55060004 2436032 73930892    0    0  8832 456668 278198 1041907 59 16 26  0  0  0
418  0  66112 55074044 2436032 73930908    0    0  1680 466664 326544 1356653 76 22  3  0  0  0
469  0  66112 55081328 2436032 73930928    0    0  1712 474572 309375 1347464 76 21  3  0  0  0
procs -----------memory---------- ---swap-- -----io---- -system-- -------cpu-------
 r  b   swpd   free   buff  cache   si   so    bi    bo   in   cs us sy id wa st gu
423  0  66112 55095100 2436032 73930944    0    0  2544 476028 303540 1338867 76 21  3  0  0  0
509  0  66112 55073344 2436032 73930956    0    0  1504 454412 324331 1341872 76 21  2  0  0  0
285  0  66112 55059316 2436032 73930968    0    0  2128 472916 325617 1338665 76 21  2  0  0  0
461  0  66112 55056960 2436032 73930984    0    0  3536 468564 319451 1340163 74 21  4  0  0  0
585  0  66112 55082796 2436032 73931004    0    0  2608 471696 313679 1337664 77 21  3  0  0  0
622  0  66112 55079860 2436032 73931020    0    0  1808 467160 325535 1339213 76 21  3  0  0  0
403  0  66112 55063772 2436032 73931036    0    0  2816 474308 320584 1369448 76 21  3  0  0  0
440  0  66112 55083640 2436032 73931052    0    0  2288 452688 316734 1342568 77 21  3  0  0  0
298  0  66112 55108468 2436032 73931068    0    0  2016 474416 314070 1344864 76 21  3  0  0  0
117  1  66112 55081284 2436032 73931084    0    0  1824 470980 319325 1334353 76 21  2  0  0  0
461  1  66112 55072000 2436032 73931104    0    0  2528 471400 324584 1351156 77 21  2  0  0  0
346  0  66112 55072952 2436032 73931116    0    0  1728 472812 323530 1344940 76 21  3  0  0  0
330  0  66112 55063704 2436032 73931128    0    0  1712 475756 319116 1347168 77 21  2  0  0  0
329  0  66112 55067056 2436032 73931144    0    0  1776 457964 318442 1326492 76 21  2  0  0  0
401  0  66112 55060036 2436032 73931152    0    0  1856 475884 312711 1330347 77 20  3  0  0  0
437  0  66112 55073024 2436032 73931168    0    0 10624 482192 265647 1047300 57 15 27  0  0  0
295  0  66112 55084892 2436032 73931184    0    0  2320 475520 316225 1332902 77 20  3  0  0  0
258  0  66112 55075664 2436032 73931200    0    0  2416 461496 313532 1361959 76 21  3  0  0  0
295  0  66112 55090208 2436032 73931212    0    0  1712 477380 319998 1329753 77 21  2  0  0  0
447  0  66112 55080080 2436032 73931232    0    0  2928 473432 322269 1347541 77 21  2  0  0  0
559  0  66112 55091800 2436032 73931244    0    0  2896 472304 316231 1333064 77 21  2  0  0  0
procs -----------memory---------- ---swap-- -----io---- -system-- -------cpu-------
 r  b   swpd   free   buff  cache   si   so    bi    bo   in   cs us sy id wa st gu
313  0  66112 55081252 2436032 73931264    0    0  2096 472444 319270 1337519 77 21  2  0  0  0
279  1  66112 55110416 2436032 73931280    0    0  1744 480124 306918 1333817 77 21  2  0  0  0
232  0  66112 55108372 2436032 73931296    0    0  2416 463396 305354 1328055 77 20  3  0  0  0
454  0  66112 55091824 2436036 73931312    0    0     0 470524 324996 1331875 77 21  2  0  0  0
365  0  66112 55079532 2436036 73931328    0    0  3216 472868 323024 1329196 77 21  2  0  0  0
440  1  66112 55080832 2436036 73931340    0    0  1552 469748 326790 1338575 77 21  2  0  0  0
406  0  66112 55080132 2436036 73931360    0    0  2448 472160 315089 1305768 77 21  2  0  0  0
448  0  66112 55094428 2436036 73931380    0    0  2272 459648 311651 1351055 77 21  3  0  0  0
472  1  66112 55084828 2436036 73931400    0    0  1552 472152 323907 1362478 77 21  2  0  0  0
395  0  66112 55090008 2436036 73931480    0    0  2016 476276 319053 1354993 76 21  2  0  0  0
485  0  66112 55081072 2436036 73931492    0    0  1888 473624 315631 1323434 77 21  2  0  0  0
295  0  66112 55075480 2436036 73931504    0    0  1472 476092 315134 1359430 77 20  3  0  0  0
491  0  66112 55065224 2436036 73931512    0    0  9808 463008 267814 1015584 57 15 27  0  0  0
435  0  66112 55072188 2436036 73931532    0    0  2016 472280 326654 1377708 77 21  2  0  0  0
363  0  66112 55083620 2436036 73931544    0    0  2304 470860 323898 1319945 77 21  2  0  0  0
335  0  66112 55098788 2436036 73931564    0    0  1344 475536 307748 1310236 77 21  2  0  0  0
228  0  66112 55091024 2436036 73931576    0    0  1664 481148 307433 1337213 77 21  3  0  0  0
395  0  66112 55079940 2436036 73931592    0    0  1808 475368 320387 1334617 77 21  2  0  0  0
184  1  66112 55083548 2436036 73931612    0    0   960 461212 303395 1343971 77 21  3  0  0  0
257  0  66112 55065612 2436036 73931628    0    0  2016 475544 314486 1341798 77 21  2  0  0  0
510  0  66112 55060004 2436036 73931644    0    0  1424 479300 402169 1318887 77 21  2  0  0  0
procs -----------memory---------- ---swap-- -----io---- -system-- -------cpu-------
 r  b   swpd   free   buff  cache   si   so    bi    bo   in   cs us sy id wa st gu
539  0  66112 55083800 2436036 73931656    0    0  1824 476024 319075 1336996 77 21  2  0  0  0
237  1  66112 55081444 2436036 73931672    0    0  1920 475008 300503 1334561 77 20  3  0  0  0
622  0  66112 55076500 2436036 73931688    0    0  2912 466956 320207 1347812 76 21  2  0  0  0
538  0  66112 55064968 2436036 73931708    0    0  2416 447792 327059 1358336 76 21  3  0  0  0
299  0  66112 55065324 2436036 73931720    0    0  1712 480500 310774 1322980 76 21  2  0  0  0
426  0  66112 55068952 2436036 73931732    0    0  1488 486740 323430 1335853 77 21  2  0  0  0
376  0  66112 55072364 2436036 73931748    0    0  2064 469812 360360 1325618 77 21  2  0  0  0
349  0  66112 55051708 2436040 73931760    0    0  2240 435352 324151 1349477 77 21  2  0  0  0
393  0  66112 55058044 2436040 73931788    0    0  2448 454224 316774 1312542 77 20  2  0  0  0
 4  3  66112 55061152 2436040 73931800    0    0  6688 509028 291344 1171943 66 17 17  0  0  0
496  0  66112 55054716 2436040 73931812    0    0  3088 431356 306399 1247002 70 19 11  0  0  0
303  1  66112 55068452 2436040 73931828    0    0  2448 482468 333161 1353728 77 21  2  0  0  0
505  0  66112 55068048 2436040 73931840    0    0  2656 455484 347975 1334788 76 21  3  0  0  0
387  0  66112 55067568 2436040 73931860    0    0  3168 481140 313549 1376110 76 21  3  0  0  0
574  0  66112 55064844 2436040 73931876    0    0  3088 458196 315215 1365074 76 21  3  0  0  0
371  0  66112 55070696 2436040 73931888    0    0  2896 485152 321430 1357054 76 21  3  0  0  0
458  1  66112 55065572 2436040 73931900    0    0  2224 499648 315069 1324565 77 21  2  0  0  0
403  0  66112 55085012 2436044 73931920    0    0  1904 459536 313055 1327216 77 21  2  0  0  0
430  0  66112 55066828 2436044 73931940    0    0  2112 471848 324299 1336135 77 21  2  0  0  0
521  1  66112 55058064 2436044 73931964    0    0  2176 467632 324410 1332980 76 21  3  0  0  0
375  0  66112 55072896 2436044 73931976    0    0  2464 524480 324780 1352498 77 21  2  0  0  0
procs -----------memory---------- ---swap-- -----io---- -system-- -------cpu-------
 r  b   swpd   free   buff  cache   si   so    bi    bo   in   cs us sy id wa st gu
625  0  66112 55074924 2436044 73931988    0    0  1664 443268 312610 1303124 77 21  2  0  0  0
472  0  66112 55078552 2436044 73932000    0    0  2320 519988 317913 1335775 77 21  2  0  0  0
369  2  66112 55077996 2436044 73932016    0    0   880 449208 318209 1321007 77 21  2  0  0  0
258  0  66112 55095004 2436044 73932028    0    0  1968 442448 305230 1329360 76 21  3  0  0  0
243  0  66112 55081112 2436044 73932048    0    0  2032 469080 321591 1344239 76 21  2  0  0  0
289  1  66112 55080856 2436044 73932060    0    0  3184 498720 325203 1342095 76 21  3  0  0  0
346  0  66112 55070056 2436044 73932072    0    0  1440 508704 317922 1350857 77 20  3  0  0  0
136  0  66112 55076104 2436044 73932088    0    0  9424 497676 279754 1065692 59 16 25  0  0  0
405  2  66112 55063968 2436044 73932100    0    0  3536 521248 320879 1303570 74 20  6  0  0  0
197  0  66112 55081396 2436044 73932120    0    0  1216 411764 308838 1316454 76 21  3  0  0  0
595  0  66112 55077016 2436044 73932132    0    0  2464 472340 320556 1328019 77 21  2  0  0  0
489  0  66112 55072292 2436044 73932152    0    0  1648 489076 320581 1323249 77 21  2  0  0  0
410  0  66112 55073944 2436044 73932164    0    0  1584 469336 323054 1327218 77 21  2  0  0  0
380  2  66112 55069460 2436044 73932184    0    0  1360 500056 324202 1344004 77 21  2  0  0  0
445  0  66112 55084604 2436044 73932204    0    0  2480 512032 315721 1316714 77 21  3  0  0  0
351  1  66112 55083520 2436044 73932220    0    0  2400 412316 322499 1339146 77 21  2  0  0  0
306  0  66112 55064628 2436044 73932236    0    0  2128 505484 322741 1336018 77 21  2  0  0  0
316  0  66112 55068168 2436044 73932252    0    0  1600 485304 315155 1341838 76 21  3  0  0  0
355  1  66112 55074428 2436044 73932272    0    0  2128 536848 312094 1321315 77 21  3  0  0  0
258  0  66112 55076004 2436044 73932284    0    0  1920 404848 316957 1347382 77 21  2  0  0  0
161  3  66112 55065252 2436044 73932296    0    0  2208 484872 326330 1351771 77 21  2  0  0  0
procs -----------memory---------- ---swap-- -----io---- -system-- -------cpu-------
 r  b   swpd   free   buff  cache   si   so    bi    bo   in   cs us sy id wa st gu
266  1  66112 55082408 2436044 73932312    0    0  2944 479332 301928 1334173 77 20  3  0  0  0
567  1  66112 55084092 2436044 73932324    0    0  3104 458000 426534 1322478 77 21  2  0  0  0
477  1  66112 55062428 2436044 73932340    0    0  1744 526820 315159 1319131 77 21  2  0  0  0
525  0  66112 55073520 2436044 73932352    0    0  2144 382140 317271 1321313 77 20  2  0  0  0
225  0  66112 55081532 2436044 73932360    0    0  9904 641572 262559 1031510 57 15 28  0  0  0
264  3  66112 55064516 2436044 73932408    0    0   832 449824 319129 1340840 77 21  2  0  0  0
408  1  66112 55072532 2436044 73932512    0    0   912 399924 298276 1318342 77 20  3  0  0  0
105  3  66112 55066584 2436044 73932536    0    0  3008 482960 319562 1341183 77 21  2  0  0  0
299  1  66112 55077880 2436044 73932548    0    0  2304 495144 308167 1322417 77 20  3  0  0  0
448  0  66112 55076908 2436044 73932564    0    0  1616 425324 315593 1314626 77 21  2  0  0  0
376  0  66112 55081032 2436044 73932580    0    0  1824 474308 322257 1352753 77 21  2  0  0  0
328  0  66112 55073400 2436044 73932592    0    0  2576 484824 319435 1357668 76 21  3  0  0  0
499  0  66112 55063276 2436044 73932612    0    0  1200 484988 318514 1338396 77 21  3  0  0  0
249  1  66112 55053548 2436044 73932628    0    0  1856 433336 324649 1353552 77 21  2  0  0  0
244  2  66112 55057896 2436044 73932648    0    0  2912 493624 330125 1354864 76 21  3  0  0  0
347  0  66112 55055940 2436044 73932660    0    0  1888 499652 348500 1348863 76 21  2  0  0  0
267  0  66112 55062604 2436044 73932676    0    0  1344 482204 310884 1328042 76 21  3  0  0  0
398  0  66112 55064916 2436044 73932700    0    0  2048 472592 307643 1308464 77 20  2  0  0  0
307  0  66112 55059828 2436044 73932712    0    0  1776 490556 330415 1360164 77 21  2  0  0  0
386  0  66112 55060792 2436044 73932728    0    0  3488 424204 323398 1338435 77 21  2  0  0  0
538  0  66112 55054836 2436044 73932740    0    0  2256 511060 326637 1361156 77 21  2  0  0  0
procs -----------memory---------- ---swap-- -----io---- -system-- -------cpu-------
 r  b   swpd   free   buff  cache   si   so    bi    bo   in   cs us sy id wa st gu
465  1  66112 55061024 2436044 73932752    0    0  1456 395868 327721 1362595 77 20  3  0  0  0
495  0  66112 55063460 2436044 73932764    0    0 10336 551332 279292 1029440 57 16 27  0  0  0
244  1  66112 55051636 2436044 73932784    0    0  3184 532428 303283 1323884 75 20  5  0  0  0
449  4  66112 55064548 2436044 73932796    0    0  2160 465376 328525 1331405 77 21  2  0  0  0
349  0  66112 55050792 2436044 73932812    0    0  2320 385700 322692 1326039 77 21  2  0  0  0
303  0  66112 55065892 2436044 73932824    0    0  2256 557644 306789 1319043 76 21  3  0  0  0
370  0  66112 55063420 2436044 73932844    0    0  1584 454564 318735 1326513 77 21  3  0  0  0
640  0  66112 55055228 2436044 73932864    0    0  1968 502196 324782 1336728 77 21  2  0  0  0
463  0  66112 55051400 2436044 73932876    0    0  2016 384664 319385 1301865 77 21  2  0  0  0
419  1  66112 55073616 2436044 73932892    0    0  1904 486288 326397 1353079 77 21  2  0  0  0
481  0  66112 55086476 2436044 73932904    0    0  1904 471856 306535 1320850 77 21  3  0  0  0
408  0  66112 55075028 2436044 73932920    0    0  2912 497284 311999 1339979 77 21  2  0  0  0
333  0  66112 55068452 2436044 73932940    0    0  1264 508300 316668 1322340 77 21  2  0  0  0
350  1  66112 55082696 2436044 73932948    0    0  1248 511092 316212 1336889 76 21  3  0  0  0
370  0  66112 55056460 2436044 73932964    0    0   784 425728 414932 1346842 77 21  2  0  0  0
358  0  66112 55068576 2436044 73932976    0    0  1440 497024 327809 1375599 77 21  2  0  0  0
325  4  66112 55090572 2436044 73932988    0    0  1584 483556 319668 1344189 77 21  2  0  0  0
366  0  66112 55071428 2436044 73933016    0    0  2176 494916 318189 1359136 76 21  3  0  0  0
501  0  66112 55067200 2436044 73933028    0    0  1632 440064 317322 1325735 77 21  2  0  0  0
 9  3  66112 55052228 2436044 73933036    0    0  4576 566944 308008 1268472 72 19  9  0  0  0
343  1  66112 55056180 2436044 73933048    0    0  5504 408236 289595 1154196 64 17 19  0  0  0
procs -----------memory---------- ---swap-- -----io---- -system-- -------cpu-------
 r  b   swpd   free   buff  cache   si   so    bi    bo   in   cs us sy id wa st gu
492  2  66112 55068164 2436044 73933064    0    0  1776 501420 311956 1338250 76 21  3  0  0  0
309  0  66112 55073596 2436044 73933084    0    0  1648 398496 322105 1324121 77 21  2  0  0  0
394  1  66112 55066116 2436044 73933108    0    0  2512 508540 318871 1327717 77 21  2  0  0  0
328  4  66112 55051568 2436044 73933120    0    0  2256 447980 328096 1371917 76 21  3  0  0  0
226  2  66112 55055544 2436044 73933136    0    0  3632 515008 317193 1332026 77 21  2  0  0  0
320  0  66112 55064616 2436044 73933148    0    0  1600 446708 320576 1321334 77 21  2  0  0  0
408  2  66112 55062284 2436044 73933168    0    0   576 521188 355417 1321201 77 21  2  0  0  0
384  0  66112 55086864 2436044 73933184    0    0  1248 374872 320168 1328619 77 21  2  0  0  0
226  0  66112 55055436 2436044 73933204    0    0  1840 514116 335902 1342679 76 21  2  0  0  0
320  1  66112 55052776 2436044 73933216    0    0  2560 444036 325739 1338166 77 21  2  0  0  0
548  3  66112 55037720 2436044 73933228    0    0  2736 519060 360687 1323725 77 21  2  0  0  0
400  0  66112 55054704 2436044 73933244    0    0  1056 472240 349663 1336116 77 21  2  0  0  0
373  1  66112 55058860 2436044 73933260    0    0  2256 508620 331846 1327376 77 21  2  0  0  0
389  0  66112 55063040 2436044 73933280    0    0  2096 411104 317386 1336958 77 21  2  0  0  0
309  0  66112 55056040 2436044 73933296    0    0  2400 510164 316669 1338920 77 21  2  0  0  0
190  1  66112 55059056 2436044 73933308    0    0  2336 454284 316935 1331988 77 21  2  0  0  0
 5  5  66112 55056104 2436044 73933320    0    0  2528 544288 316298 1351589 76 20  4  0  0  0
412  3  66112 55048772 2436044 73933336    0    0  9424 342668 282003 1063974 60 16 24  0  0  0
296  0  66112 55061464 2436044 73933352    0    0   640 554396 319597 1340075 77 21  2  0  0  0
397  2  66112 55073028 2436044 73933372    0    0  1216 451212 328238 1348853 77 21  2  0  0  0
224  2  66112 55072548 2436044 73933384    0    0  3552 485648 307713 1332723 76 21  3  0  0  0
procs -----------memory---------- ---swap-- -----io---- -system-- -------cpu-------
 r  b   swpd   free   buff  cache   si   so    bi    bo   in   cs us sy id wa st gu
380  0  66112 55071824 2436044 73933400    0    0  1776 452260 311375 1320698 77 21  2  0  0  0
319  1  66112 55064964 2436044 73933416    0    0  2800 508612 312695 1345507 76 21  3  0  0  0
302  1  66112 55061776 2436044 73933432    0    0  2640 451080 310042 1321395 77 21  3  0  0  0
433  1  66112 55072704 2436048 73933512    0    0  2816 486880 315252 1324497 77 21  2  0  0  0
371  0  66112 55075932 2436048 73933532    0    0  2848 527340 313158 1327309 76 21  3  0  0  0
333  3  66112 55078844 2436048 73933544    0    0  1520 426476 315867 1335916 77 21  2  0  0  0
397  0  66112 55064488 2436048 73933564    0    0  1392 461916 305442 1328979 77 21  3  0  0  0
226  1  66112 55069104 2436048 73933576    0    0  2880 484880 317386 1344362 76 21  3  0  0  0
672  0  66112 55089308 2436048 73933592    0    0  2608 493616 299404 1292697 73 20  7  0  0  0
387  0  66112 55070484 2436048 73933608    0    0  3024 487360 314086 1330978 77 21  2  0  0  0
428  1  66112 55073268 2436048 73933636    0    0  3184 438168 311368 1320881 74 20  6  0  0  0
430  0  66112 55080396 2436048 73933660    0    0  1056 446112 313078 1368732 77 21  3  0  0  0
408  2  66112 55055976 2436048 73933672    0    0  1616 508032 319543 1323755 77 20  2  0  0  0
398  1  66112 55063620 2436052 73933680    0    0  9984 493536 264207 995777 58 15 27  0  0  0
164  2  66112 55069480 2436052 73933704    0    0  3232 378412 315574 1341258 77 21  2  0  0  0
246  0  66112 55047132 2436052 73933732    0    0  2352 536164 389086 1320065 77 21  2  0  0  0
362  1  66112 55060324 2436052 73933752    0    0  1680 443584 317235 1345069 77 21  2  0  0  0
315  0  66112 55074144 2436052 73933764    0    0  3072 523056 323530 1334944 77 21  2  0  0  0
361  2  66112 55067292 2436056 73933776    0    0  1584 401152 318570 1322381 77 21  3  0  0  0
471  0  66112 55054328 2436056 73933792    0    0  1664 480872 323554 1322117 77 21  2  0  0  0
472  1  66112 55080444 2436056 73933808    0    0  2736 560868 322515 1338770 77 21  2  0  0  0
procs -----------memory---------- ---swap-- -----io---- -system-- -------cpu-------
 r  b   swpd   free   buff  cache   si   so    bi    bo   in   cs us sy id wa st gu
344  1  66112 55078468 2436056 73933824    0    0  2304 355728 322778 1349496 77 21  2  0  0  0
353  1  66112 55051672 2436056 73933840    0    0  2128 486504 344598 1321979 77 21  2  0  0  0
498  0  66112 55055660 2436056 73933848    0    0   192 501696 330308 1333565 77 21  2  0  0  0
349  1  66112 55047868 2436056 73933864    0    0  2000 507900 326777 1345820 77 21  2  0  0  0
396  3  66112 55054052 2436056 73933880    0    0  1744 540244 315077 1319385 76 21  3  0  0  0
275  2  66112 55067124 2436056 73933900    0    0  3456 470416 319505 1332019 77 21  2  0  0  0
475  2  66112 55050892 2436056 73933920    0    0  2096 497480 309281 1311429 77 21  2  0  0  0
288  1  66112 55053804 2436056 73933936    0    0  2432 350964 331720 1329940 76 21  3  0  0  0
466  0  66112 55053632 2436056 73933948    0    0  2048 557096 326834 1339441 76 21  2  0  0  0
484  0  66112 55056876 2436056 73933960    0    0  3168 500508 352255 1332245 77 21  2  0  0  0
 8  2  66112 55049100 2436056 73933972    0    0  3392 466368 318087 1327657 76 20  4  0  0  0
475  0  66112 55035424 2436056 73933992    0    0  8048 372252 286249 1064541 60 16 24  0  0  0
286  0  66112 55047696 2436060 73934004    0    0  2496 572028 316527 1314875 77 21  2  0  0  0
455  0  66112 55063624 2436060 73934020    0    0  1600 405240 319305 1318691 77 21  2  0  0  0
533  1  66112 55056724 2436060 73934032    0    0  1440 566168 313398 1355996 77 21  3  0  0  0
348  2  66112 55066332 2436060 73934052    0    0  1760 502196 316012 1346036 77 21  2  0  0  0
303  3  66112 55064704 2436060 73934076    0    0  2048 468900 310860 1360719 76 21  3  0  0  0
360  3  66112 55055480 2436060 73934088    0    0  2512 486636 313442 1316540 76 21  3  0  0  0
293  0  66112 55054420 2436060 73934104    0    0  2352 420284 316438 1335622 77 21  2  0  0  0
105  2  66112 55065172 2436060 73934116    0    0  2416 496512 321111 1350946 77 21  2  0  0  0
209  3  66112 55073168 2436060 73934128    0    0  3120 434908 311081 1293177 77 21  2  0  0  0
procs -----------memory---------- ---swap-- -----io---- -system-- -------cpu-------
 r  b   swpd   free   buff  cache   si   so    bi    bo   in   cs us sy id wa st gu
467  0  66112 55058108 2436060 73934148    0    0  2144 529240 312860 1357626 76 21  3  0  0  0
487  0  66112 55066376 2436060 73934164    0    0  1584 444728 305558 1299126 77 20  2  0  0  0
570  2  66112 55057212 2436060 73934180    0    0  2256 505604 313718 1337115 77 21  3  0  0  0
409  0  66112 55051424 2436060 73934192    0    0  2304 500000 329282 1339330 77 21  2  0  0  0
520  0  66112 55076788 2436060 73934208    0    0  1760 450348 301527 1323638 76 21  3  0  0  0
390  0  66112 55062548 2436060 73934228    0    0  2928 435064 316549 1350532 77 21  2  0  0  0
479  0  66112 55071892 2436060 73934248    0    0  1952 444832 320836 1339344 77 21  2  0  0  0
236  3  66112 55062792 2436060 73934256    0    0  3152 483832 332827 1344641 77 20  2  0  0  0
290  2  66112 55057808 2436060 73934264    0    0  8784 523204 278021 1033518 58 16 27  0  0  0
466  0  66112 55069632 2436060 73934272    0    0  1680 450548 319800 1346131 77 21  2  0  0  0
413  2  66112 55056728 2436060 73934288    0    0  1904 496892 321384 1326340 77 21  2  0  0  0
344  0  66112 55064340 2436060 73934308    0    0  2320 585428 315920 1310266 77 21  2  0  0  0
255  1  66112 55065800 2436060 73934320    0    0  2080 460408 303494 1335204 77 21  3  0  0  0
568  2  66112 55055920 2436060 73934368    0    0  2656 441204 331015 1324088 77 21  2  0  0  0
409  1  66112 55063068 2436060 73934380    0    0  2432 505600 317654 1333591 77 21  2  0  0  0
199  0  66112 55064488 2436060 73934396    0    0   928 434720 308862 1333811 77 21  2  0  0  0
350  0  66112 55060132 2436060 73934416    0    0  1968 383388 327550 1326717 77 21  2  0  0  0
443  1  66112 55053628 2436060 73934428    0    0  3472 520600 314283 1358726 77 21  3  0  0  0
135  2  66112 55053976 2436060 73934440    0    0  2768 488924 323097 1347984 77 21  2  0  0  0
349  2  66112 55071132 2436060 73934456    0    0  1392 592004 308845 1306299 75 20  5  0  0  0
678  0  66112 55064488 2436060 73934468    0    0  1952 341220 321164 1319365 77 21  2  0  0  0
procs -----------memory---------- ---swap-- -----io---- -system-- -------cpu-------
 r  b   swpd   free   buff  cache   si   so    bi    bo   in   cs us sy id wa st gu
495  2  66112 55043608 2436060 73934556    0    0  1600 533740 325174 1335616 77 21  2  0  0  0
528  3  66112 55054932 2436060 73934576    0    0  2496 469152 320910 1358655 76 21  2  0  0  0
213  1  66112 55047604 2436060 73934588    0    0  2560 555136 330488 1348221 77 21  2  0  0  0
458  1  66112 55052492 2436060 73934600    0    0  1440 424544 324364 1359817 77 21  2  0  0  0
575  0  66112 55053104 2436060 73934620    0    0  3232 490740 318563 1360540 76 21  2  0  0  0
313  0  66112 55057812 2436060 73934632    0    0  2256 483456 318336 1370446 77 20  3  0  0  0
420  1  66112 55050340 2436060 73934648    0    0  9872 388916 275815 1016771 58 16 26  0  0  0
434  0  66112 55039364 2436060 73934660    0    0  1984 516960 329753 1354456 76 22  2  0  0  0
201  4  66112 55026988 2436060 73934680    0    0  2560 519028 320259 1336775 76 21  2  0  0  0
261  3  66112 55035304 2436060 73934692    0    0  2016 439988 321429 1294942 75 21  4  0  0  0
416  2  66112 55051664 2436060 73934708    0    0  1408 464164 320030 1357426 76 21  3  0  0  0
240  0  66112 55039888 2436060 73934724    0    0  2672 473352 320517 1349942 76 21  2  0  0  0
194  2  66112 55048344 2436060 73934740    0    0  2544 484192 326989 1336411 76 22  2  0  0  0
433  1  66112 55035836 2436060 73934752    0    0  2384 488756 313834 1337824 76 21  3  0  0  0
148  3  66112 55041944 2436060 73934772    0    0  2032 495656 313171 1348564 76 21  3  0  0  0
425  2  66112 55031640 2436060 73934792    0    0  3056 518856 323033 1348837 76 21  2  0  0  0
450  0  66112 55028372 2436060 73934808    0    0  2304 443904 315183 1337492 76 21  2  0  0  0
185  2  66112 55019284 2436060 73934828    0    0  2784 501232 316141 1349053 76 21  2  0  0  0
596  1  66112 55029620 2436060 73934840    0    0  2400 481540 317065 1337839 76 21  2  0  0  0
120  1  66112 55023556 2436060 73934852    0    0  2080 456892 309028 1283986 74 21  6  0  0  0
255  2  66112 55036840 2436060 73934872    0    0  2528 481328 331279 1357592 76 22  2  0  0  0
procs -----------memory---------- ---swap-- -----io---- -system-- -------cpu-------
 r  b   swpd   free   buff  cache   si   so    bi    bo   in   cs us sy id wa st gu
276  2  66112 55053984 2436060 73934884    0    0  1824 456308 310622 1346234 75 21  3  0  0  0
752  0  66112 55038932 2436060 73934904    0    0  2240 487524 317873 1346014 76 21  3  0  0  0
487  1  66112 55015460 2436060 73934916    0    0  2400 438220 315494 1360287 77 20  3  0  0  0
495  0  66112 55014564 2436060 73934924    0    0  8112 569716 271224 1045564 57 16 27  0  0  0
319  1  66112 55054932 2436060 73934944    0    0  2448 392016 322082 1349708 76 21  2  0  0  0
310  0  66112 55032952 2436060 73934960    0    0  1632 456368 325929 1325988 76 21  2  0  0  0
610  0  66112 55035308 2436060 73934964    0    0  2752 499556 317041 1358383 76 21  3  0  0  0
457  0  66112 55043916 2436060 73934988    0    0  1328 547520 310855 1333497 76 21  3  0  0  0
35  8  66112 55045424 2436064 73934992    0    0  2416 427364 313948 1339434 76 21  3  0  0  0
218  0  66112 55050620 2436064 73935008    0    0  2800 557720 302234 1314691 73 20  6  0  0  0
429  0  66112 55056260 2436064 73935032    0    0  2768 399600 306957 1318287 77 21  2  0  0  0
395  0  66112 55057420 2436064 73935044    0    0  1568 548588 318688 1325282 77 21  2  0  0  0
424  0  66112 55063976 2436064 73935064    0    0  2144 429868 320598 1356214 77 21  2  0  0  0
136  1  66112 55047468 2436068 73935072    0    0  3440 488560 308773 1293808 75 20  4  0  0  0
519  0  66112 55033480 2436068 73935092    0    0  1648 475952 326185 1350325 77 21  2  0  0  0
570  0  66112 55031444 2436068 73935116    0    0  1280 377288 314924 1318589 77 21  2  0  0  0
187  0  66112 55047068 2436068 73935128    0    0  3696 587576 323113 1347733 76 21  3  0  0  0
344  0  66112 55041324 2436068 73935144    0    0  3136 438512 319387 1337880 77 21  3  0  0  0
349  2  66112 55033832 2436068 73935160    0    0  2496 446520 312374 1318514 76 21  3  0  0  0
242  1  66112 55029260 2436068 73935172    0    0  3152 440704 324191 1333461 77 21  2  0  0  0
200  0  66112 55026540 2436068 73935188    0    0  2464 558132 319187 1344257 77 20  3  0  0  0
procs -----------memory---------- ---swap-- -----io---- -system-- -------cpu-------
 r  b   swpd   free   buff  cache   si   so    bi    bo   in   cs us sy id wa st gu
338  0  66112 55030768 2436068 73935204    0    0 10080 510712 268918 1019266 57 16 27  0  0  0
456  0  66112 55022984 2436068 73935208    0    0  2272 468692 313051 1362356 76 21  3  0  0  0
608  0  66112 55029016 2436068 73935224    0    0  4208 455940 313059 1309775 74 21  5  0  0  0
363  1  66112 55025548 2436068 73935240    0    0  1024 429688 414660 1313648 76 21  2  0  0  0
310  1  66112 55007944 2436068 73935260    0    0  1872 515092 327799 1349215 76 21  2  0  0  0
502  1  66112 55005060 2436068 73935284    0    0  2032 475344 328496 1336832 76 21  3  0  0  0
338  1  66112 55012876 2436068 73935300    0    0  1904 464480 317962 1334029 76 21  2  0  0  0
247  0  66112 55003652 2436068 73935312    0    0  3120 515248 307479 1308137 74 21  5  0  0  0
466  2  66112 55026880 2436068 73935328    0    0  2208 434436 345734 1345967 76 21  3  0  0  0
289  0  66112 55024348 2436068 73935352    0    0  2528 482064 322077 1342618 76 22  3  0  0  0
225  2  66112 55030072 2436068 73935360    0    0  2960 471972 323945 1334182 76 21  3  0  0  0
450  0  66112 55032960 2436068 73935380    0    0  1520 419624 331456 1324372 76 21  3  0  0  0
490  0  66112 55004652 2436072 73935388    0    0  2128 460292 330734 1348773 76 21  3  0  0  0
466  0  66112 55032076 2436072 73935408    0    0   992 480168 321825 1339140 77 21  2  0  0  0
316  1  66112 55027092 2436072 73935436    0    0  1856 473020 338905 1329948 76 22  2  0  0  0
199  0  66112 55037208 2436072 73935448    0    0  2272 501612 311243 1345816 76 21  3  0  0  0
525  1  66112 55043288 2436072 73935464    0    0  1280 408868 319919 1342199 77 21  2  0  0  0
176  0  66112 55024240 2436072 73935480    0    0  9456 517132 276052 1040563 58 16 27  0  0  0
321  0  66112 55030972 2436072 73935552    0    0  3248 409328 313014 1340678 77 20  2  0  0  0
545  0  66112 55037364 2436072 73935576    0    0  2512 419980 323581 1322152 77 21  2  0  0  0
517  0  66112 55036520 2436072 73935600    0    0  1856 613068 322506 1321491 77 21  2  0  0  0
procs -----------memory---------- ---swap-- -----io---- -system-- -------cpu-------
 r  b   swpd   free   buff  cache   si   so    bi    bo   in   cs us sy id wa st gu
615  0  66112 55042596 2436072 73935616    0    0  2720 475072 312849 1318442 77 21  2  0  0  0
475  1  66112 55035892 2436072 73935628    0    0  2448 474792 315261 1348119 76 21  3  0  0  0
442  2  66112 55029004 2436072 73935648    0    0  2320 403572 366683 1311335 77 21  2  0  0  0
401  0  66112 55035792 2436072 73935660    0    0  3024 537064 322090 1347236 76 21  3  0  0  0
351  0  66112 55048020 2436072 73935688    0    0  3376 469768 318476 1322164 77 21  2  0  0  0
75  0  66112 55038816 2436072 73935700    0    0   960 476612 312930 1358955 76 21  3  0  0  0
267  3  66112 55033660 2436072 73935708    0    0  2176 464404 317676 1342925 77 21  2  0  0  0
313  0  66112 55038144 2436072 73935732    0    0  1328 463340 322474 1342046 77 21  2  0  0  0
311  0  66112 55032832 2436072 73935744    0    0  2032 468092 332426 1352685 77 21  2  0  0  0
557  0  66112 55045900 2436072 73935756    0    0   752 499676 319826 1342707 77 21  2  0  0  0
341  0  66112 55041908 2436072 73935780    0    0  2240 480652 327124 1325745 77 21  2  0  0  0
488  1  66112 55042472 2436076 73935792    0    0  3424 468200 317989 1310164 77 21  2  0  0  0
467  0  66112 55042524 2436076 73935808    0    0  2032 480728 318366 1338170 77 21  2  0  0  0
343  0  66112 55047392 2436076 73935828    0    0  2032 440208 320656 1337370 77 21  2  0  0  0
339  0  66112 55037428 2436076 73935848    0    0  1488 527148 304770 1348247 77 20  3  0  0  0
344  0  66112 55023492 2436076 73935856    0    0 10576 488052 291187 1044221 58 15 27  0  0  0
354  0  66112 55021304 2436076 73935876    0    0  2160 471580 404830 1352802 76 21  3  0  0  0
304  0  66112 55029820 2436076 73935888    0    0  2512 479908 322405 1310218 75 21  4  0  0  0
279  1  66112 55029336 2436076 73935904    0    0  2304 398956 318940 1344491 76 22  2  0  0  0
326  1  66112 55044712 2436076 73935920    0    0  2784 540068 310693 1344760 76 21  3  0  0  0
303  0  66112 55038988 2436076 73935940    0    0   640 476388 308950 1335027 77 21  3  0  0  0
procs -----------memory---------- ---swap-- -----io---- -system-- -------cpu-------
 r  b   swpd   free   buff  cache   si   so    bi    bo   in   cs us sy id wa st gu
10  0  66112 55400724 2436076 73935952    0    0 10304 587868 899293 733549 43 24 31  1  0  0
 5  0  66112 62025244 2436076 73935636    0    0 24688 516636 411848 129015  4 15 79  1  0  0
