procs -----------memory---------- ---swap-- -----io---- -system-- -------cpu-------
 r  b   swpd   free   buff  cache   si   so    bi    bo   in   cs us sy id wa st gu
 7  2  70000 108342216 2250400 41876732   20   24 205492 195669 33060   35 18  3 75  3  0  0
38  0  70000 107625384 2250400 41876788    0    0 102352 478740 418175 690590 12 16 71  1  0  0
194 21  70000 105980940 2250400 41876820    0    0 230112 738476 355159 1012779 55 32 12  0  0  0
529  8  70000 105648728 2250400 41876844    0    0 428128 1066512 321223 1309417 78 20  1  0  0  0
622  4  70000 105382036 2250400 41876856    0    0 455232 1263104 334829 1465849 77 22  0  0  0  0
696  7  70000 105239044 2250400 41876868    0    0 438880 1206504 279450 1404984 75 21  2  2  0  0
657  5  70000 105141200 2250400 41876884    0    0 455248 1243048 328928 1481171 76 22  1  1  0  0
136 18  70000 105096628 2250400 41876900    0    0 440896 1175496 297329 1453224 75 21  2  2  0  0
642 10  70000 105076436 2250400 41876912    0    0 468192 945504 285434 1497535 77 22  0  0  0  0
620 30  70000 105069816 2250400 41876924    0    0 426512 1357856 316177 1693980 75 22  2  1  0  0
377 15  70000 105060492 2250400 41876936    0    0 432464 1152320 294279 1555724 74 21  4  2  0  0
515  9  70000 105063268 2250400 41876956    0    0 415808 1212084 292822 1529490 70 21  6  3  0  0
543  3  70000 105061500 2250400 41876968    0    0 439376 1282448 290263 1526396 75 22  1  1  0  0
86 15  70000 105058416 2250400 41876980    0    0 431568 1220224 291014 1544922 74 22  2  2  0  0
680 15  70000 105063524 2250400 41876992    0    0 406224 1298008 294918 1540150 71 21  5  3  0  0
19 12  70000 105053544 2250400 41877008    0    0 434848 1126684 270363 1454739 75 21  2  2  0  0
564  8  70000 105044320 2250400 41877028    0    0 433296 1079000 295223 1664822 74 22  3  1  0  0
661  5  70000 105043124 2250400 41877044    0    0 431808 1351344 288149 1592205 76 22  1  1  0  0
708  8  70000 105029684 2250400 41877052    0    0 447280 1154472 277332 1491762 77 22  0  1  0  0
405  5  70000 105031756 2250400 41877060    0    0 404064 1248428 296813 1582716 73 21  4  2  0  0
84 62  70000 105015060 2250400 41877072    0    0 430800 1284160 282491 1483004 76 21  1  1  0  0
procs -----------memory---------- ---swap-- -----io---- -system-- -------cpu-------
 r  b   swpd   free   buff  cache   si   so    bi    bo   in   cs us sy id wa st gu
118  4  70000 105017740 2250400 41877092    0    0 405168 1223440 296430 1641181 74 21  3  2  0  0
435 10  70000 105007332 2250400 41877104    0    0 395136 1171516 275581 1449944 71 21  6  3  0  0
236 10  70000 105001020 2250400 41877116    0    0 400192 1216488 289078 1535428 74 21  3  2  0  0
359  9  70000 105005048 2250400 41877132    0    0 433600 1081916 271978 1465013 77 22  0  1  0  0
648 15  70000 105007112 2250400 41877148    0    0 413792 1078440 272081 1479160 75 21  2  2  0  0
570  8  70000 105003128 2250400 41877160    0    0 397440 1186640 289056 1527544 74 22  2  3  0  0
489 12  70000 104989280 2250400 41877176    0    0 383616 1256644 287394 1502237 71 21  4  3  0  0
637  7  70000 104993024 2250400 41877188    0    0 384576 1133772 278835 1498535 72 21  4  3  0  0
471 11  70000 104988412 2250400 41877200    0    0 394080 1209076 281066 1439078 72 21  4  2  0  0
610  2  70000 104986564 2250400 41877216    0    0 391520 1253472 286090 1557011 73 21  4  2  0  0
95 27  70000 104986684 2250400 41877236    0    0 417504 1006660 254929 1392420 77 22  1  1  0  0
564  8  70000 104972376 2250400 41877248    0    0 402064 1029928 269737 1467095 73 21  5  2  0  0
541  4  70000 104980384 2250400 41877264    0    0 390976 1220272 303297 1682080 73 22  3  2  0  0
379  5  70000 104975904 2250400 41877280    0    0 405744 1240752 292321 1561956 73 22  3  2  0  0
291  3  70000 104966580 2250400 41877296    0    0 400992 1225868 281426 1543520 74 22  3  2  0  0
615  5  70000 104958988 2250400 41877308    0    0 395440 1216844 267968 1393734 72 21  5  2  0  0
698  6  70000 104947192 2250400 41877320    0    0 421952 1283724 279689 1492304 76 22  2  1  0  0
651  9  70000 104944708 2250400 41877332    0    0 421920 1267552 284353 1528448 76 22  1  1  0  0
264 47  70000 104936168 2250400 41877344    0    0 433472 993188 256124 1405032 78 22  0  1  0  0
498 16  70000 104940004 2250400 41877360    0    0 391888 1122988 278072 1448283 71 20  6  3  0  0
670  1  70000 104934524 2250400 41877368    0    0 397152 1215560 291549 1580104 71 20  6  2  0  0
procs -----------memory---------- ---swap-- -----io---- -system-- -------cpu-------
 r  b   swpd   free   buff  cache   si   so    bi    bo   in   cs us sy id wa st gu
648  4  70000 104933064 2250400 41877380    0    0 407008 1231628 284453 1564899 74 21  2  2  0  0
632  9  70000 104935652 2250400 41877392    0    0 413808 1262140 279263 1460900 76 22  1  2  0  0
460  5  70000 104943872 2250400 41877408    0    0 387408 1195480 279379 1477235 71 21  6  3  0  0
658  0  70000 104948088 2250400 41877424    0    0 401056 1246828 284916 1496666 72 21  4  2  0  0
618  9  70000 104938340 2250400 41877440    0    0 396336 1225816 291235 1539885 72 21  5  2  0  0
560  8  70000 104935356 2250400 41877460    0    0 388704 1208748 282099 1474927 71 21  6  2  0  0
50 12  70000 104938840 2250400 41877472    0    0 414528 1188640 276006 1497968 76 22  1  1  0  0
390 88  70000 104932732 2250400 41877440    0    0 409296 1185032 291160 1620025 76 23  1  1  0  0
591 12  70000 104922472 2250400 41877452    0    0 432384 950296 255396 1416191 78 22  0  0  0  0
453  1  70000 104919444 2250400 41877468    0    0 387744 1175784 283459 1484771 71 21  6  2  0  0
418 16  70000 104915924 2250400 41877480    0    0 382176 1211416 285951 1546463 71 21  6  2  0  0
591  7  70000 104915004 2250400 41877500    0    0 415856 1259972 292247 1554785 75 22  1  2  0  0
507  6  70000 104921144 2250400 41877508    0    0 405776 1257104 288184 1519067 73 21  4  2  0  0
531  7  70000 104892360 2250400 41877592    0    0 387136 1202176 283150 1447537 70 21  6  3  0  0
114 14  70000 104812600 2250400 41877604    0    0 396144 1206244 329910 1505393 73 22  3  2  0  0
144 68  70000 104556140 2250400 41877624    0    0 405408 1161616 720790 1441629 74 25  0  0  0  0
548 19  70000 104696848 2250400 41877632    0    0 409616 1000480 314158 1516456 75 23  1  1  0  0
562  8  70000 104786292 2250400 41877648    0    0 388896 1220364 299574 1590019 72 22  4  2  0  0
587  3  70000 104697876 2250400 41877660    0    0 386480 1175436 536725 1374039 69 23  5  3  0  0
384 19  70000 104715496 2250400 41877676    0    0 415984 1271080 346308 1464258 75 23  0  1  0  0
513  7  70000 104769372 2250400 41877684    0    0 408464 1236496 303681 1479889 74 22  2  2  0  0
procs -----------memory---------- ---swap-- -----io---- -system-- -------cpu-------
 r  b   swpd   free   buff  cache   si   so    bi    bo   in   cs us sy id wa st gu
527  5  70000 104790764 2250400 41877692    0    0 391600 1254496 300747 1515411 72 21  4  2  0  0
583 57  70000 104792500 2250400 41877716    0    0 439200 986536 272990 1441940 78 22  0  0  0  0
246 114  70000 104792564 2250400 41877732    0    0 410640 1204196 301489 1617189 75 23  1  1  0  0
630  1  70000 104788712 2250400 41877756    0    0 393248 1226268 307713 1654720 72 22  4  2  0  0
610  6  70000 104796760 2250400 41877768    0    0 400160 1229164 286037 1498331 72 21  4  3  0  0
676  0  70000 104787204 2250400 41877776    0    0 420928 1288404 277301 1476755 75 22  2  2  0  0
640  4  70000 104784784 2250400 41877800    0    0 415760 1271744 288355 1464328 76 23  0  1  0  0
76 24  70000 104787324 2250400 41877808    0    0 395792 1230676 302539 1633826 73 22  2  2  0  0
502  7  70000 104781900 2250400 41877816    0    0 411936 1329608 304095 1583789 75 23  1  1  0  0
115 40  70000 104770020 2250400 41877836    0    0 419376 1117516 275563 1445927 76 22  1  1  0  0
457 39  70000 104768488 2250400 41877844    0    0 410816 1039472 288638 1589061 75 22  2  1  0  0
414 43  70000 104775968 2250400 41877872    0    0 379744 1213376 305931 1679953 69 21  7  3  0  0
176  8  70000 104785464 2250400 41877892    0    0 398144 1241868 306438 1736086 74 23  2  1  0  0
559  4  70000 104792000 2250400 41877904    0    0 408176 1281908 294095 1641239 75 22  1  2  0  0
597  5  70000 104814724 2250400 41877916    0    0 406080 1231808 282402 1474501 74 21  3  3  0  0
541  3  70000 104813400 2250400 41877936    0    0 396528 1262112 293264 1504923 72 21  4  3  0  0
42 30  70000 104816544 2250400 41877952    0    0 422400 1104808 265960 1430102 76 22  1  1  0  0
439 123  70000 104818964 2250400 41877964    0    0 405264 1096752 288137 1605774 73 22  4  2  0  0
691  7  70000 104823276 2250400 41877964    0    0 404592 1187228 284842 1490262 72 21  4  3  0  0
473  5  70000 104811108 2250400 41877972    0    0 420160 1248012 285062 1438238 77 22  0  1  0  0
701  8  70000 104809520 2250400 41877984    0    0 415264 1306964 292323 1548891 75 22  2  2  0  0
procs -----------memory---------- ---swap-- -----io---- -system-- -------cpu-------
 r  b   swpd   free   buff  cache   si   so    bi    bo   in   cs us sy id wa st gu
407 11  70000 104796100 2250400 41878008    0    0 425696 1278944 275428 1462750 78 22  0  0  0  0
107 20  70000 104796128 2250400 41878016    0    0 397536 1266520 297086 1583021 74 22  2  2  0  0
342 15  70000 104804352 2250400 41878036    0    0 405408 1271532 293833 1593688 75 22  2  2  0  0
177 15  70000 104809452 2250400 41878056    0    0 396976 1215808 286057 1523994 73 21  4  2  0  0
195 10  70000 104818392 2250400 41878064    0    0 402064 1236188 295843 1557127 73 22  3  2  0  0
173 11  70000 104815448 2250400 41878068    0    0 390912 1200744 271548 1447715 72 21  5  2  0  0
628  4  70000 104814544 2250400 41878084    0    0 434352 982376 265067 1473399 77 22  0  0  0  0
570  6  70000 104801244 2250400 41878092    0    0 407504 1279640 290492 1560693 74 22  2  2  0  0
670  6  70000 104797108 2250400 41878120    0    0 391840 1206024 292951 1591039 71 21  5  2  0  0
376 19  70000 104798060 2250400 41878136    0    0 391920 1235052 283383 1541077 72 21  5  2  0  0
554  2  70000 104789708 2250400 41878156    0    0 419520 1245904 277311 1501664 76 22  1  1  0  0
191 12  70000 104783028 2250400 41878168    0    0 395744 1288608 290126 1521199 72 22  4  3  0  0
664  5  70000 104783656 2250400 41878196    0    0 384000 1279148 284320 1454820 70 21  6  4  0  0
178 45  70000 104767764 2250400 41878240    0    0 431280 1041800 255031 1399302 77 22  0  0  0  0
703  0  70000 104762736 2250400 41878248    0    0 400576 1200700 292579 1632267 74 22  2  2  0  0
700  5  70000 104762320 2250400 41878280    0    0 405024 1228608 291116 1598922 74 22  2  2  0  0
154 31  70000 104763120 2250400 41878288    0    0 387728 1256740 299943 1592742 72 22  3  4  0  0
298 21  70000 104764700 2250400 41878304    0    0 410784 1260040 281218 1455006 76 22  1  1  0  0
637 10  70000 104755668 2250400 41878316    0    0 393952 1287244 283900 1534325 72 20  6  2  0  0
629 10  70000 104764448 2250400 41878332    0    0 390624 1263580 290351 1581840 73 21  4  2  0  0
510 18  70000 104773808 2250400 41878344    0    0 401056 1269564 285010 1419225 70 21  6  3  0  0
procs -----------memory---------- ---swap-- -----io---- -system-- -------cpu-------
 r  b   swpd   free   buff  cache   si   so    bi    bo   in   cs us sy id wa st gu
652 10  70000 104767888 2250400 41878360    0    0 411184 1297240 289167 1532876 74 22  2  2  0  0
559  3  70000 104776004 2250400 41878368    0    0 389040 1272732 274420 1390778 70 20  8  2  0  0
640  6  70000 104778124 2250400 41878380    0    0 380448 1233816 275937 1444372 70 20  8  2  0  0
52 20  70000 104781144 2250400 41878392    0    0 413072 1274764 276220 1456074 75 22  1  2  0  0
672  5  70000 104773812 2250400 41878412    0    0 425360 1073188 265822 1438462 75 21  3  1  0  0
654 15  70000 104771792 2250400 41878424    0    0 423904 1204052 278268 1506321 76 22  1  1  0  0
682  3  70000 104768576 2250400 41878440    0    0 402624 1274056 301435 1614237 73 22  3  2  0  0
515  3  70000 104735268 2250400 41878736    0    0 397424 1265172 292926 1494443 74 21  3  2  0  0
421  5  70000 104747736 2250400 41878488    0    0 383472 1267612 290051 1528409 71 21  5  3  0  0
160 12  70000 104749064 2250400 41878524    0    0 380592 1213528 287746 1533021 70 22  5  3  0  0
614  9  70000 104751436 2250400 41878600    0    0 432016 924980 266959 1471189 77 22  0  1  0  0
523  6  70000 104742528 2250400 41878604    0    0 399600 1253468 287091 1454488 73 21  4  2  0  0
572  5  70000 104730416 2250400 41878628    0    0 394544 1264312 276190 1437170 71 21  6  2  0  0
400 23  70000 104725200 2250400 41878644    0    0 400176 1283160 292185 1585966 73 22  3  2  0  0
461 39  70000 104729992 2250400 41878664    0    0 383424 1252284 280112 1442813 69 20  8  3  0  0
518  6  70000 104725740 2250400 41878676    0    0 403088 1274608 302117 1545558 74 22  2  2  0  0
94 12  70000 104708240 2250400 41878688    0    0 387200 1184644 318597 1492003 72 21  5  2  0  0
 5 28  70000 104696376 2250400 41878696    0    0 416896 1163748 291632 1625663 75 21  2  1  0  0
604  6  70000 104686008 2250400 41878712    0    0 399776 1117372 267678 1413868 71 21  6  2  0  0
282 57  70000 104678508 2250400 41878720    0    0 400928 1211948 287768 1575376 72 21  5  2  0  0
586 35  70000 104680808 2250400 41878740    0    0 381984 1243360 303745 1593250 71 21  5  3  0  0
procs -----------memory---------- ---swap-- -----io---- -system-- -------cpu-------
 r  b   swpd   free   buff  cache   si   so    bi    bo   in   cs us sy id wa st gu
529 10  70000 104684716 2250400 41878752    0    0 383296 1245344 288456 1492303 68 20  9  3  0  0
302 24  70000 104682332 2250400 41878768    0    0 419584 1299708 280673 1468376 76 22  1  1  0  0
77 16  70000 104685392 2250400 41878788    0    0 386176 1243276 296090 1578860 72 21  4  2  0  0
110  2  70000 104679280 2250400 41878808    0    0 403072 1263564 295437 1550991 73 22  3  2  0  0
550  2  70000 104674024 2250400 41878820    0    0 385840 1323012 314636 1691688 71 22  4  3  0  0
449 35  70000 104652196 2250400 41878836    0    0 432304 1059556 268480 1441323 77 22  1  0  0  0
497  4  70000 104659344 2250400 41878848    0    0 402000 1072100 269320 1417162 72 21  4  3  0  0
462 18  70000 104663176 2250400 41878864    0    0 371184 1199956 273342 1341003 67 20 11  3  0  0
276  4  70000 104650084 2250400 41878876    0    0 418256 1314404 282770 1500272 77 23  0  0  0  0
176  8  70000 104650460 2250400 41878896    0    0 384768 1232024 295630 1556590 71 21  6  3  0  0
111  7  70000 104670260 2250400 41878908    0    0 391552 1227256 285215 1490618 72 21  4  2  0  0
308 78  70000 104671968 2250400 41878920    0    0 429280 1167840 275073 1496728 77 22  1  1  0  0
510 85  70000 104675456 2250400 41878932    0    0 422752 1310868 293553 1504951 76 22  0  1  0  0
40 84  70000 104677196 2250400 41878948    0    0 404448 1267692 288545 1568285 75 22  2  2  0  0
241 33  70000 104692496 2250400 41878956    0    0 404016 1065924 281334 1492767 72 21  4  2  0  0
672  0  70000 104698652 2250400 41878972    0    0 381200 1248216 305413 1636980 70 21  6  3  0  0
530  8  70000 104690516 2250400 41878980    0    0 421440 1304784 285923 1522903 76 22  1  1  0  0
595  2  70000 104693380 2250400 41878992    0    0 412768 1283188 291001 1556943 75 21  2  1  0  0
599 10  70000 104703248 2250400 41879012    0    0 411696 1293808 290504 1549713 74 22  2  2  0  0
92  6  70000 104702068 2250400 41879032    0    0 401312 1219444 275971 1415463 73 21  4  2  0  0
261 84  70000 104705040 2250400 41879044    0    0 423648 1108324 280874 1489358 76 22  1  1  0  0
procs -----------memory---------- ---swap-- -----io---- -system-- -------cpu-------
 r  b   swpd   free   buff  cache   si   so    bi    bo   in   cs us sy id wa st gu
359 34  70000 104720840 2250400 41879060    0    0 395312 1111388 311361 1772311 71 22  4  3  0  0
417  9  70000 104719120 2250400 41879072    0    0 399648 1246348 291822 1576004 74 22  2  2  0  0
660  3  70000 104710224 2250400 41879084    0    0 419520 1256472 273898 1431037 77 22  0  0  0  0
604  3  70000 104706928 2250400 41879100    0    0 385760 1200676 281808 1450804 71 21  5  3  0  0
609 17  70000 104703668 2250400 41879116    0    0 400208 1253100 282928 1492441 74 21  3  2  0  0
545  6  70000 104702776 2250400 41879128    0    0 412400 1297968 287596 1515030 74 21  3  2  0  0
718  4  70000 104695864 2250400 41879144    0    0 413696 1275868 285546 1461775 74 21  3  2  0  0
10 16  70000 104702232 2250400 41879156    0    0 405120 1141856 261877 1395205 74 21  3  2  0  0
489  5  70000 104688928 2250400 41879176    0    0 411056 1122668 311525 1416972 73 21  5  1  0  0
580 13  70000 104684004 2250400 41879196    0    0 389152 1146224 296275 1634409 71 21  5  2  0  0
621 23  70000 104679492 2250400 41879204    0    0 394128 1254712 288624 1563017 72 21  4  3  0  0
294  8  70000 104676284 2250404 41879212    0    0 394144 1278796 299338 1639572 73 22  3  2  0  0
376  6  70000 104671712 2250404 41879232    0    0 421712 1281408 274372 1432129 77 22  0  1  0  0
504 16  70000 104671544 2250404 41879248    0    0 408304 1304328 278045 1488436 75 22  2  1  0  0
97  8  70000 104675164 2250404 41879264    0    0 384736 1177360 280781 1524200 72 20  5  3  0  0
119 13  70000 104673116 2250404 41879272    0    0 390448 1251800 310636 1727750 73 21  3  3  0  0
573 14  70000 104676224 2250408 41879280    0    0 431808 998356 279616 1575537 77 22  0  0  0  0
688  4  70000 104665464 2250408 41879296    0    0 395088 1190248 297061 1407491 71 21  5  3  0  0
547  4  70000 104670216 2250408 41879316    0    0 390800 1252948 291790 1554033 71 21  5  3  0  0
363 59  70000 104666284 2250408 41879332    0    0 408304 1302604 305334 1671542 74 22  2  2  0  0
99 22  70000 104675876 2250408 41879344    0    0 409904 1303884 297407 1581166 75 22  1  1  0  0
procs -----------memory---------- ---swap-- -----io---- -system-- -------cpu-------
 r  b   swpd   free   buff  cache   si   so    bi    bo   in   cs us sy id wa st gu
122  5  70000 104667276 2250408 41879356    0    0 385104 1194248 276901 1441120 71 21  5  3  0  0
237 133  70000 104650936 2250408 41879368    0    0 412064 1074156 282816 1568121 75 22  2  1  0  0
279 11  70000 104653068 2250408 41879384    0    0 394176 1070224 273021 1422184 72 21  5  3  0  0
259 25  70000 104660604 2250408 41879404    0    0 389600 1249152 291240 1577135 71 21  5  3  0  0
410  5  70000 104661032 2250408 41879416    0    0 383888 1231684 284351 1520863 71 21  6  3  0  0
167 14  70000 104665884 2250416 41879412    0    0 392496 1184336 297437 1633347 72 22  4  2  0  0
151  3  70000 104661440 2250416 41879508    0    0 392592 1312276 307088 1701554 71 22  4  3  0  0
683 28  70000 104660448 2250416 41879524    0    0 432880 969344 275442 1590342 77 22  0  0  0  0
482 13  70000 104661872 2250416 41879536    0    0 407728 1244916 290532 1528237 73 21  3  3  0  0
631 11  70000 104670604 2250416 41879548    0    0 371424 1217324 289954 1535178 68 20  9  3  0  0
243 35  70000 104667188 2250420 41879556    0    0 381488 1231432 288357 1546035 71 21  5  3  0  0
253 14  70000 104660264 2250420 41879580    0    0 384816 1196980 301884 1699138 71 22  5  3  0  0
194 11  70000 104664408 2250420 41879596    0    0 395600 1256256 301944 1665284 71 21  5  3  0  0
26 22  70000 104643360 2250420 41879748    0    0 414432 1232784 278744 1485709 76 21  1  1  0  0
11 66  70000 104630380 2250420 41880140    0    0 408864 1110024 275005 1469425 74 21  3  2  0  0
265 84  70000 104629088 2250420 41879788    0    0 390368 1208952 307716 1739916 71 22  5  2  0  0
409  9  70000 104645716 2250420 41879804    0    0 390208 1123516 272185 1427023 70 20  6  3  0  0
225  8  70000 104639080 2250420 41879816    0    0 390912 1210392 297467 1642765 73 22  4  2  0  0
647  8  70000 104635668 2250420 41879836    0    0 404704 1339952 293626 1627065 74 22  2  1  0  0
168  4  70000 104632292 2250420 41879852    0    0 400768 1244472 286725 1487096 73 21  4  2  0  0
522 17  70000 104629396 2250420 41879864    0    0 437984 942476 260245 1424234 77 22  0  0  0  0
procs -----------memory---------- ---swap-- -----io---- -system-- -------cpu-------
 r  b   swpd   free   buff  cache   si   so    bi    bo   in   cs us sy id wa st gu
710  1  70000 104624052 2250420 41879880    0    0 398624 1268148 293177 1565703 73 22  4  2  0  0
456  4  70000 104650384 2250420 41879892    0    0 394624 1224964 286627 1516774 71 21  6  2  0  0
446 33  70000 104645256 2250420 41879920    0    0 401744 1273052 283378 1534117 74 21  3  2  0  0
273 20  70000 104646164 2250420 41879924    0    0 392640 1280372 298598 1609889 72 22  4  3  0  0
47 40  70000 104634656 2250420 41879940    0    0 419456 1060520 273362 1456062 76 22  1  2  0  0
599  7  70000 104622616 2250420 41879960    0    0 400048 1065408 276350 1456162 72 21  6  2  0  0
594  4  70000 104631096 2250420 41879972    0    0 410576 1274548 294601 1571701 75 22  1  2  0  0
671  8  70000 104609728 2250420 41879988    0    0 398384 1257208 292281 1522805 72 21  4  2  0  0
499  7  70000 104594064 2250420 41880228    0    0 394112 1245944 285112 1459733 71 21  5  3  0  0
92 11  70000 104600008 2250420 41880020    0    0 382128 1206300 278767 1416189 70 21  7  2  0  0
140 11  70000 104592164 2250420 41880032    0    0 384752 1198584 286887 1519555 71 21  6  3  0  0
134 51  70000 104585248 2250420 41880044    0    0 426288 1110336 280486 1551820 77 22  1  1  0  0
478 16  70000 104588304 2250420 41880060    0    0 384512 1136624 273172 1393206 69 20  9  2  0  0
697  2  70000 104576240 2250420 41880076    0    0 403376 1227888 293647 1601702 74 22  2  1  0  0
606  4  70000 104593192 2250420 41880088    0    0 396048 1170036 282189 1457779 73 21  2  3  0  0
483 10  70000 104588740 2250420 41880104    0    0 412288 1263020 278239 1469126 76 22  1  1  0  0
690  5  70000 104579240 2250420 41880116    0    0 392944 1263836 290948 1488926 72 21  5  3  0  0
704  5  70000 104572608 2250420 41880132    0    0 382192 1223364 311736 1417812 69 20  7  3  0  0
380 13  70000 104572132 2250420 41880144    0    0 379728 1251972 296197 1512847 71 21  6  3  0  0
38 13  70000 104559092 2250424 41880152    0    0 424528 1070160 271495 1447989 76 22  1  1  0  0
624 32  70000 104543036 2250424 41880172    0    0 407264 1211192 306773 1762765 74 23  2  1  0  0
procs -----------memory---------- ---swap-- -----io---- -system-- -------cpu-------
 r  b   swpd   free   buff  cache   si   so    bi    bo   in   cs us sy id wa st gu
498 11  70000 104541172 2250424 41880184    0    0 416128 1160540 290072 1469728 74 22  2  2  0  0
251 15  70000 104547504 2250424 41880200    0    0 395168 1251764 290667 1502306 71 21  5  3  0  0
642  2  70000 104550752 2250424 41880212    0    0 399664 1275028 297873 1591817 71 22  5  2  0  0
509 10  70000 104546708 2250424 41880224    0    0 380976 1274632 297904 1598722 70 21  8  2  0  0
360  8  70000 104547016 2250424 41880240    0    0 384400 1232836 293339 1549700 71 21  4  3  0  0
135 102  70000 104557036 2250424 41880256    0    0 435024 1007784 261310 1422109 77 22  0  0  0  0
676  2  70000 104575928 2250424 41880268    0    0 396192 1109320 270074 1411797 73 20  5  2  0  0
325 20  70000 104580344 2250424 41880284    0    0 388288 1302452 309817 1693360 71 22  5  2  0  0
522 13  70000 104583592 2250424 41880312    0    0 402704 1261976 281114 1456614 73 21  2  3  0  0
606  3  70000 104592444 2250424 41880320    0    0 398352 1234880 287849 1488461 72 20  5  3  0  0
328 19  70000 104583152 2250424 41880328    0    0 420352 1317260 278111 1480152 76 21  1  2  0  0
442 16  70000 104579396 2250424 41880336    0    0 434864 951152 261189 1429166 78 22  0  0  0  0
390 13  70000 104575592 2250424 41880360    0    0 376048 1281572 278724 1430123 68 20  9  4  0  0
593  9  70000 104584884 2250424 41880376    0    0 394064 1161396 288056 1550194 72 21  4  3  0  0
373 11  70000 104585996 2250424 41880388    0    0 384704 1229792 276938 1434362 69 20  7  3  0  0
442  9  70000 104585432 2250424 41880400    0    0 375680 1231764 294766 1542146 69 21  7  3  0  0
614  4  70000 104589184 2250424 41880416    0    0 398864 1380720 300430 1602747 74 22  3  2  0  0
13 48  70000 104597864 2250424 41880428    0    0 420336 1219040 277378 1512409 76 22  1  1  0  0
49  7  70000 104586632 2250424 41880444    0    0 404128 1169560 271233 1419567 73 21  3  3  0  0
 7 68  70000 104602780 2250424 41880456    0    0 398720 1141048 283858 1563857 74 21  3  2  0  0
484 132  70000 104596768 2250424 41880472    0    0 404048 1139764 271106 1423725 72 21  5  2  0  0
procs -----------memory---------- ---swap-- -----io---- -system-- -------cpu-------
 r  b   swpd   free   buff  cache   si   so    bi    bo   in   cs us sy id wa st gu
632  6  70000 104601492 2250424 41880484    0    0 396016 1183036 280684 1512964 70 21  6  3  0  0
123 21  70000 104600016 2250424 41880500    0    0 402512 1318824 303313 1721697 75 23  1  1  0  0
671  4  70000 104595160 2250424 41880524    0    0 395792 1244952 289730 1590900 72 22  4  2  0  0
581 12  70000 104595608 2250424 41880608    0    0 412864 1294632 278898 1453779 74 21  3  2  0  0
562 13  70000 104596012 2250424 41880620    0    0 389824 1244940 282543 1517048 71 21  6  2  0  0
144 23  70000 104595428 2250424 41880632    0    0 387776 1215184 273783 1450431 72 21  5  2  0  0
611 13  70000 104588360 2250424 41880648    0    0 424768 957348 261212 1433082 75 21  3  1  0  0
543 20  70000 104589072 2250424 41880664    0    0 387008 1250608 277975 1461435 71 21  6  3  0  0
682  3  70000 104586164 2250424 41880680    0    0 407504 1259288 299319 1702323 74 22  2  1  0  0
284 10  70000 104562136 2250424 41880688    0    0 385760 1265540 296231 1667343 71 20  7  2  0  0
526  6  70000 104580204 2250424 41881068    0    0 423888 1293024 281082 1480180 76 22  1  1  0  0
675  9  70000 104585744 2250424 41880720    0    0 400992 1305244 305558 1642953 72 22  4  3  0  0
167  9  70000 104575392 2250424 41880736    0    0 417520 1248672 280807 1487707 76 22  0  1  0  0
39 13  70000 104589064 2250424 41880752    0    0 373712 1183872 275847 1459061 69 20  8  3  0  0
 9 95  70000 104581932 2250424 41880764    0    0 432624 1076524 271068 1486557 76 22  1  1  0  0
540  9  70000 104578828 2250424 41880780    0    0 384864 1081388 259928 1324919 68 20 10  3  0  0
591 13  70000 104584640 2250424 41880792    0    0 391744 1257400 282510 1486620 70 21  7  2  0  0
570 24  70000 104581908 2250424 41880816    0    0 411024 1282340 285210 1493152 75 22  1  2  0  0
681 11  70000 104581288 2250424 41880828    0    0 384960 1243016 281427 1424947 70 20  8  2  0  0
104  5  70000 104577916 2250424 41880844    0    0 398336 1236464 280227 1487287 72 21  5  2  0  0
12 31  70000 104575076 2250424 41880856    0    0 428960 1012284 267055 1464848 76 22  1  1  0  0
procs -----------memory---------- ---swap-- -----io---- -system-- -------cpu-------
 r  b   swpd   free   buff  cache   si   so    bi    bo   in   cs us sy id wa st gu
673  0  70000 104571776 2250424 41880872    0    0 373008 1082500 257387 1330789 67 19 11  2  0  0
420 32  70000 104551716 2250428 41880888    0    0 382176 1192192 274796 1404602 71 21  5  3  0  0
606 13  70000 104567116 2250428 41881180    0    0 389200 1200324 276724 1395822 72 21  4  3  0  0
622  7  70000 104565212 2250428 41880936    0    0 375472 1235736 274478 1404129 69 20  9  3  0  0
121  7  70000 104576904 2250428 41880944    0    0 385488 1186736 293164 1563943 71 21  6  2  0  0
168 10  70000 104577024 2250428 41880964    0    0 390832 1292580 293530 1562487 71 21  5  2  0  0
156 19  70000 104572640 2250428 41880980    0    0 381168 1216352 282201 1465049 69 20  8  3  0  0
641  3  70000 104562496 2250428 41880996    0    0 433712 990356 310431 1717352 76 23  0  0  0  0
361 18  70000 104546804 2250428 41881004    0    0 416992 1272944 275716 1465856 76 22  1  1  0  0
513  5  70000 104533108 2250428 41881012    0    0 421296 1309216 288564 1507319 76 22  0  1  0  0
645 11  70000 104538496 2250428 41881028    0    0 398096 1284340 296250 1589516 73 21  3  3  0  0
106 16  70000 104537680 2250432 41881040    0    0 398544 1245508 293264 1553211 74 22  1  2  0  0
63  9  70000 104544484 2250432 41881064    0    0 391424 1217356 272498 1406330 72 21  4  3  0  0
17 37  70000 104553044 2250432 41881076    0    0 410448 1202676 294018 1578862 74 22  2  2  0  0
360 30  70000 104548552 2250432 41881088    0    0 421120 1012172 282337 1558606 74 21  3  1  0  0
429  1  70000 104547056 2250432 41881108    0    0 367520 1187656 308534 1709065 67 21  8  4  0  0
111 47  70000 104559264 2250436 41881120    0    0 386784 1283092 291735 1512462 70 21  6  2  0  0
91 19  70000 104560520 2250436 41881144    0    0 394624 1266380 282428 1486937 73 21  3  3  0  0
125 104  70000 104554968 2250436 41881156    0    0 436336 1021580 260968 1441769 77 22  0  0  0  0
370 23  70000 104542144 2250436 41881168    0    0 393168 1140732 281508 1450903 70 20  6  3  0  0
596 14  70000 104544504 2250436 41881188    0    0 384112 1204396 278797 1431759 70 20  7  3  0  0
procs -----------memory---------- ---swap-- -----io---- -system-- -------cpu-------
 r  b   swpd   free   buff  cache   si   so    bi    bo   in   cs us sy id wa st gu
632 12  70000 104545488 2250436 41881200    0    0 390416 1244524 286076 1520966 71 21  6  2  0  0
604  7  70000 104545604 2250436 41881212    0    0 381040 1264304 300998 1572802 70 21  6  3  0  0
661  2  70000 104550136 2250436 41881228    0    0 399568 1269468 286008 1524799 74 21  3  2  0  0
140  8  70000 104549276 2250436 41881244    0    0 405856 1251004 289929 1522519 74 22  2  2  0  0
131  7  70000 104549464 2250436 41881256    0    0 392192 1253104 291177 1524123 72 22  4  2  0  0
11 16  70000 104544684 2250436 41881268    0    0 411904 1153344 268164 1408141 73 21  4  2  0  0
19 10  70000 104546920 2250436 41881280    0    0 389072 1193212 295078 1623027 72 21  5  2  0  0
207 24  70000 104541856 2250436 41881292    0    0 409904 1070640 286729 1568204 74 21  4  1  0  0
288  3  70000 104539924 2250436 41881308    0    0 427216 1297500 274764 1460195 77 22  0  0  0  0
552  9  70000 104538904 2250436 41881316    0    0 395776 1273668 284349 1509794 73 21  5  1  0  0
586 11  70000 104544052 2250444 41881328    0    0 406800 1283984 296331 1576279 75 22  2  1  0  0
52  3  70000 104543972 2250444 41881348    0    0 410096 1248808 283336 1453139 75 22  1  2  0  0
76  6  70000 104544440 2250444 41881360    0    0 402384 1206248 296795 1607766 74 22  3  2  0  0
479 45  70000 104536964 2250444 41881380    0    0 425136 1065312 276050 1474021 75 22  1  1  0  0
518 12  70000 104522876 2250444 41881400    0    0 388208 1172672 284702 1490758 71 21  6  2  0  0
630  5  70000 104510684 2250444 41881644    0    0 413120 1288196 287348 1463059 74 22  2  2  0  0
357 14  70000 104511424 2250444 41881672    0    0 394608 1275400 281254 1462022 70 21  6  3  0  0
543  6  70000 104520048 2250444 41881456    0    0 427200 1272208 283360 1485181 77 23  0  0  0  0
634  5  70000 104527072 2250444 41881468    0    0 396368 1265964 287246 1497129 71 21  5  3  0  0
70 103  70000 104527736 2250444 41881484    0    0 425872 1135736 273496 1475803 78 22  0  0  0  0
436 10  70000 104520992 2250444 41881500    0    0 418352 1058144 277556 1441692 74 21  3  2  0  0
procs -----------memory---------- ---swap-- -----io---- -system-- -------cpu-------
 r  b   swpd   free   buff  cache   si   so    bi    bo   in   cs us sy id wa st gu
642 13  70000 104529044 2250444 41881584    0    0 390400 1265744 307147 1657345 73 22  3  2  0  0
534  5  70000 104520180 2250444 41881600    0    0 392592 1269428 308619 1676556 72 22  4  3  0  0
231 13  70000 104525932 2250444 41881612    0    0 392896 1216708 292230 1543865 72 21  4  2  0  0
148 117  70000 104519612 2250444 41881624    0    0 429776 1211028 279961 1512478 77 22  0  1  0  0
102 16  70000 104514592 2250444 41881636    0    0 407664 1313020 292245 1539459 74 22  2  1  0  0
415  8  70000 104506484 2250444 41881656    0    0 440720 1026520 276203 1510519 77 23  0  0  0  0
483 32  70000 104491080 2250444 41881668    0    0 404784 1283708 300510 1598578 74 21  3  2  0  0
228  6  70000 104482100 2250444 41881676    0    0 404416 1246776 316356 1766147 75 22  2  1  0  0
597 10  70000 104480884 2250444 41881684    0    0 429568 1108876 282052 1526042 77 23  0  0  0  0
529  1  70000 104480992 2250444 41881700    0    0 407728 1188928 306844 1693202 75 23  1  1  0  0
146 92  70000 104491060 2250444 41881724    0    0 396080 1343024 302351 1550144 72 22  3  3  0  0
677  4  70000 104491112 2250444 41881744    0    0 392704 1111396 292407 1548077 71 21  6  2  0  0
555  2  70000 104496352 2250444 41881756    0    0 405456 1267024 298824 1567022 73 21  4  2  0  0
529 37  70000 104497084 2250444 41881764    0    0 384656 1285064 292478 1462268 69 20  7  4  0  0
435 10  70000 104482416 2250444 41881784    0    0 426384 1242696 270484 1430954 77 22  0  1  0  0
617  3  70000 104482608 2250444 41881800    0    0 395280 1262212 296916 1560823 73 22  2  2  0  0
158 16  70000 104496888 2250444 41881808    0    0 398800 1161820 282692 1547467 74 22  2  2  0  0
511 54  70000 104493852 2250444 41881828    0    0 416256 1286460 292785 1610144 76 23  1  1  0  0
478  9  70000 104480632 2250444 41881848    0    0 432352 1032292 271507 1438445 77 22  1  0  0  0
537 15  70000 104469092 2250444 41881856    0    0 393952 1193632 283285 1462425 71 21  6  2  0  0
407  2  70000 104477592 2250444 41881868    0    0 396800 1258388 297736 1551971 71 21  5  3  0  0
procs -----------memory---------- ---swap-- -----io---- -system-- -------cpu-------
 r  b   swpd   free   buff  cache   si   so    bi    bo   in   cs us sy id wa st gu
490  2  70000 104480452 2250444 41881888    0    0 408880 1277812 294398 1528043 74 22  2  2  0  0
194  6  70000 104478556 2250444 41881900    0    0 393072 1253344 285497 1503643 72 21  5  2  0  0
583  8  70000 104481084 2250444 41881912    0    0 395712 1290596 304073 1632931 72 22  5  2  0  0
573 14  70000 104477380 2250444 41881932    0    0 437248 975052 264841 1444277 78 22  0  0  0  0
677 10  70000 104503104 2250444 41881944    0    0 383936 1170004 287666 1515247 70 20  7  3  0  0
584  2  70000 104499748 2250444 41881960    0    0 409488 1285436 296141 1531408 73 21  3  2  0  0
608  5  70000 104503556 2250444 41881968    0    0 389456 1258444 286814 1475322 71 21  6  2  0  0
505  7  70000 104504076 2250444 41881980    0    0 402256 1303204 297964 1529442 72 22  3  3  0  0
200 18  70000 104501048 2250444 41881996    0    0 395856 1214616 276618 1447633 71 21  6  2  0  0
589 12  70000 104512612 2250444 41882000    0    0 394400 1254472 282590 1500727 71 21  6  2  0  0
 9  5  70000 104518032 2250444 41882024    0    0 412576 1186532 265119 1391491 75 21  3  2  0  0
575 24  70000 104520024 2250444 41882036    0    0 427792 1036256 268647 1476657 75 22  2  1  0  0
516 11  70000 104505044 2250444 41882048    0    0 402912 1216692 286376 1517351 74 22  3  2  0  0
622  5  70000 104502964 2250448 41882056    0    0 395296 1263968 293012 1519442 72 21  5  2  0  0
473  4  70000 104499296 2250448 41882072    0    0 384272 1268424 291339 1428217 69 21  7  4  0  0
113 15  70000 104502056 2250448 41882100    0    0 398128 1188220 290036 1527224 73 22  3  2  0  0
310  4  70000 104495020 2250448 41882108    0    0 391312 1313248 310392 1703841 72 22  4  2  0  0
498  6  70000 104499924 2250448 41882120    0    0 436544 996948 264766 1459736 77 22  0  1  0  0
650  8  70000 104495448 2250448 41882132    0    0 392352 1180152 281702 1479113 70 21  6  3  0  0
678  4  70000 104509656 2250448 41882144    0    0 400528 1259624 293191 1499177 72 21  3  3  0  0
600  6  70000 104512092 2250448 41882176    0    0 395552 1261584 279452 1436509 70 20  8  3  0  0
procs -----------memory---------- ---swap-- -----io---- -system-- -------cpu-------
 r  b   swpd   free   buff  cache   si   so    bi    bo   in   cs us sy id wa st gu
536 11  70000 104511848 2250448 41882188    0    0 414176 1292044 284433 1483726 73 22  3  2  0  0
522  8  70000 104507916 2250452 41882196    0    0 413696 1325692 304147 1695880 75 23  1  1  0  0
396 18  70000 104502396 2250452 41882208    0    0 419120 1306584 298482 1698361 75 22  1  1  0  0
489 22  70000 104496100 2250452 41882216    0    0 405792 1284932 294588 1548708 74 21  3  2  0  0
658  9  70000 104504036 2250452 41882232    0    0 400352 1263164 287941 1528936 72 21  4  3  0  0
255  5  70000 104510036 2250452 41882244    0    0 383056 1194432 310718 1508181 71 21  6  3  0  0
63 20  70000 104494884 2250452 41882268    0    0 423024 1298444 286180 1524394 76 22  1  1  0  0
80 232  70000 104484564 2250452 41882280    0    0 432992 1041752 270363 1477479 77 21  1  1  0  0
158 108  70000 104483568 2250452 41882296    0    0 410912 1231772 301779 1666651 74 22  2  2  0  0
482 19  70000 104495540 2250452 41882316    0    0 396080 1235284 287915 1491725 72 21  4  3  0  0
521  2  70000 104496232 2250452 41882328    0    0 410816 1288496 294937 1620396 74 22  2  1  0  0
621 13  70000 104508916 2250452 41882348    0    0 387504 1274232 302328 1657007 71 21  6  2  0  0
613 17  70000 104510840 2250452 41882360    0    0 392192 1248632 288891 1492556 71 21  5  3  0  0
32 36  70000 104503456 2250452 41882368    0    0 421824 1163196 269650 1443845 76 22  1  1  0  0
644  2  70000 104509048 2250452 41882384    0    0 420224 1036804 279961 1571917 74 22  3  1  0  0
676  5  70000 104515132 2250452 41882404    0    0 406720 1284396 300147 1587048 74 22  2  2  0  0
562 11  70000 104514480 2250452 41882420    0    0 430224 1294788 271000 1425583 77 22  0  0  0  0
569  1  70000 104509232 2250452 41882424    0    0 388448 1256540 284217 1496053 70 20  7  3  0  0
142 12  70000 104508504 2250452 41882508    0    0 389408 1197976 280863 1468457 72 21  5  2  0  0
596  5  70000 104505024 2250452 41882528    0    0 382480 1282304 277409 1396932 67 20 10  4  0  0
118  6  70000 104514584 2250452 41882540    0    0 409312 1082148 261006 1413932 74 21  4  1  0  0
procs -----------memory---------- ---swap-- -----io---- -system-- -------cpu-------
 r  b   swpd   free   buff  cache   si   so    bi    bo   in   cs us sy id wa st gu
442 10  70000 104509016 2250452 41882552    0    0 417776 1085856 267697 1517493 76 22  2  1  0  0
554  5  70000 104518472 2250452 41882564    0    0 391344 1255360 273914 1438011 70 20  7  3  0  0
501 15  70000 104512068 2250456 41882564    0    0 387104 1207520 271003 1378926 70 20  6  4  0  0
593  5  70000 104501148 2250456 41882572    0    0 391088 1233536 275848 1444874 72 21  5  2  0  0
696  7  70000 104505480 2250456 41882588    0    0 405072 1261232 288660 1549651 74 22  2  2  0  0
15 15  70000 104492768 2250456 41882600    0    0 409520 1135840 267859 1402314 74 21  3  2  0  0
594  5  70000 104503836 2250456 41882612    0    0 413584 1006064 289097 1624808 74 22  2  1  0  0
580 10  70000 104491092 2250456 41882632    0    0 389488 1243128 284619 1459772 70 21  7  3  0  0
252  9  70000 104491948 2250456 41882644    0    0 393328 1243036 283774 1498135 71 21  6  2  0  0
527  6  70000 104494556 2250456 41882660    0    0 402848 1308324 310676 1729574 73 22  3  2  0  0
588  3  70000 104487412 2250456 41882680    0    0 408752 1263852 270125 1398549 72 21  4  3  0  0
176 39  70000 104490656 2250456 41882688    0    0 405728 1291988 285870 1530912 74 21  3  2  0  0
176  5  70000 104500108 2250456 41882704    0    0 388736 1222924 287019 1508219 72 21  4  3  0  0
695 10  70000 104494584 2250456 41882724    0    0 396096 1292632 292299 1523851 70 21  6  3  0  0
30 37  70000 104502260 2250456 41882728    0    0 426640 1067156 269575 1461305 77 22  1  1  0  0
329 30  70000 104514132 2250456 41882752    0    0 410896 1093624 295946 1636384 74 22  3  1  0  0
512  5  70000 104507504 2250456 41882768    0    0 422032 1296876 288703 1513055 76 22  1  1  0  0
668  2  70000 104514972 2250456 41882776    0    0 385152 1248448 281781 1461835 70 20  8  3  0  0
201 10  70000 104496280 2250456 41882788    0    0 388480 1209492 297105 1621795 71 21  5  2  0  0
450 17  70000 104492472 2250456 41882808    0    0 397472 1342128 298848 1604021 71 22  4  3  0  0
43 13  70000 104484688 2250456 41882824    0    0 397856 1143004 270566 1424187 73 21  5  2  0  0
procs -----------memory---------- ---swap-- -----io---- -system-- -------cpu-------
 r  b   swpd   free   buff  cache   si   so    bi    bo   in   cs us sy id wa st gu
13 36  70000 104476744 2250456 41882832    0    0 405072 1192616 293036 1565941 75 21  2  2  0  0
658 11  70000 104471060 2250456 41882844    0    0 411968 1143112 321661 1527376 73 21  4  1  0  0
564 16  70000 104469796 2250456 41882856    0    0 407600 1208320 284842 1544441 74 22  2  2  0  0
690  3  70000 104476916 2250456 41882868    0    0 396064 1246984 302878 1678625 73 22  3  2  0  0
326 10  70000 104466220 2250456 41882888    0    0 405648 1308760 307381 1754042 75 23  1  1  0  0
507  3  70000 104466716 2250456 41882908    0    0 418704 1279572 304093 1627950 75 23  1  1  0  0
286  7  70000 104470944 2250456 41882924    0    0 399552 1252256 300850 1612193 73 22  4  2  0  0
611  4  70000 104459996 2250456 41882932    0    0 419488 1345072 288477 1535642 76 23  1  1  0  0
272 39  70000 104455692 2250456 41882948    0    0 430480 1065732 263614 1425091 77 22  0  1  0  0
670  2  70000 104465132 2250456 41882968    0    0 411808 1105696 270276 1432036 73 21  4  2  0  0
635  6  70000 104477056 2250456 41882976    0    0 395856 1258952 289282 1540998 72 22  4  2  0  0
639  2  70000 104480280 2250456 41882992    0    0 392704 1267996 280516 1505196 70 20  7  3  0  0
674  8  70000 104476568 2250456 41883000    0    0 424448 1273628 291225 1518020 76 22  1  1  0  0
646  5  70000 104472268 2250456 41883024    0    0 401872 1270896 285364 1451226 73 21  3  3  0  0
574  4  70000 104472108 2250456 41883036    0    0 405168 1276312 289077 1510763 72 21  4  3  0  0
474  9  70000 104474444 2250456 41883060    0    0 413936 1300140 292801 1522231 74 22  2  2  0  0
582 11  70000 104478212 2250456 41883068    0    0 438048 1011172 265937 1456475 78 22  0  0  0  0
621  2  70000 104463992 2250456 41883080    0    0 427952 1222692 284376 1501987 76 22  1  1  0  0
640  2  70000 104485228 2250456 41883096    0    0 383760 1239928 282166 1503749 69 20  8  3  0  0
540 25  70000 104494028 2250456 41883120    0    0 409392 1278952 283344 1456145 73 21  4  3  0  0
125 17  70000 104491856 2250456 41883128    0    0 384480 1219668 291564 1574229 71 20  6  2  0  0
procs -----------memory---------- ---swap-- -----io---- -system-- -------cpu-------
 r  b   swpd   free   buff  cache   si   so    bi    bo   in   cs us sy id wa st gu
523  4  70000 104483512 2250460 41883132    0    0 392368 1296904 290096 1527468 71 21  5  3  0  0
420  9  70000 104488088 2250460 41883144    0    0 440720 923640 259327 1425014 78 22  0  0  0  0
637 11  70000 104485644 2250460 41883160    0    0 408544 1244100 284903 1503289 75 22  2  1  0  0
542  0  70000 104485732 2250460 41883180    0    0 400032 1245668 286448 1506844 72 21  4  2  0  0
622  9  70000 104491116 2250460 41883196    0    0 390240 1264032 283922 1464277 70 20  7  3  0  0
684  2  70000 104497404 2250460 41883208    0    0 416896 1297388 291505 1568191 75 22  1  2  0  0
230  7  70000 104501640 2250460 41883224    0    0 395936 1216512 297896 1636972 73 21  5  2  0  0
710  9  70000 104492304 2250460 41883240    0    0 424768 984184 315154 1802368 76 23  0  0  0  0
635  1  70000 104477932 2250460 41883256    0    0 400864 1242340 286696 1479310 71 21  5  3  0  0
677  2  70000 104465344 2250460 41883268    0    0 402480 1267484 289725 1553571 72 22  4  3  0  0
521  4  70000 104467240 2250460 41883280    0    0 392704 1275072 272093 1377286 70 20  8  2  0  0
164  5  70000 104477648 2250460 41883296    0    0 395904 1202824 285734 1520873 72 21  4  3  0  0
396 12  70000 104477704 2250460 41883312    0    0 429568 941656 266195 1509150 77 22  1  0  0  0
421 22  70000 104478676 2250460 41883336    0    0 413232 1248452 290722 1551489 75 22  1  2  0  0
597  7  70000 104480120 2250460 41883444    0    0 418624 1248456 278916 1496779 77 22  0  1  0  0
607  5  70000 104479660 2250464 41883456    0    0 382752 1238776 285697 1530213 70 21  7  3  0  0
376 17  70000 104490236 2250464 41883468    0    0 404832 1289868 292440 1540988 72 22  4  2  0  0
201 34  70000 104493384 2250464 41883488    0    0 380272 1238664 294410 1556751 68 21  8  3  0  0
550  9  70000 104481612 2250464 41883496    0    0 384704 1234220 278201 1388416 67 19 10  4  0  0
120  6  70000 104480808 2250464 41883504    0    0 385664 1209352 283489 1519376 71 20  6  3  0  0
122 81  70000 104485400 2250468 41883516    0    0 422384 1145384 279017 1528467 76 22  1  1  0  0
procs -----------memory---------- ---swap-- -----io---- -system-- -------cpu-------
 r  b   swpd   free   buff  cache   si   so    bi    bo   in   cs us sy id wa st gu
480 21  70000 104481060 2250468 41883528    0    0 408080 1176800 286572 1502907 73 22  3  2  0  0
382 37  70000 104477908 2250468 41883552    0    0 404592 1193852 295300 1616785 74 22  2  2  0  0
653  3  70000 104472224 2250468 41883568    0    0 413120 1251540 306066 1701471 75 22  2  1  0  0
596 28  70000 104465436 2250468 41883584    0    0 398080 1262312 303483 1567734 72 21  4  3  0  0
611  8  70000 104461460 2250468 41883596    0    0 408608 1275068 283871 1471654 74 21  3  2  0  0
691  3  70000 104466292 2250468 41883608    0    0 400816 1275424 297875 1590676 73 21  4  2  0  0
217  4  70000 104465084 2250468 41883628    0    0 405680 1242164 288093 1539327 74 22  3  2  0  0
69 48  70000 104459860 2250468 41883640    0    0 415408 1292252 305442 1724261 75 23  1  1  0  0
443  6  70000 104457936 2250468 41883656    0    0 440640 1004708 275799 1547529 77 22  1  1  0  0
613  4  70000 104458252 2250468 41883672    0    0 394496 1249240 304191 1630117 72 22  4  3  0  0
511  4  70000 104448400 2250468 41883688    0    0 424416 1294936 280921 1466394 76 22  1  2  0  0
590  5  70000 104457752 2250468 41883700    0    0 393168 1247904 289617 1481292 71 21  5  3  0  0
693  2  70000 104463728 2250468 41883712    0    0 399152 1288008 285188 1487351 71 21  4  3  0  0
64 24  70000 104467736 2250468 41883732    0    0 413504 1132864 267886 1423305 75 22  2  1  0  0
618  8  70000 104470844 2250468 41883740    0    0 409472 1034324 272363 1501916 73 21  4  1  0  0
488  8  70000 104476772 2250468 41883756    0    0 403728 1277764 309862 1726985 73 22  2  2  0  0
635 17  70000 104469912 2250468 41883776    0    0 396000 1272684 296506 1568942 72 21  4  2  0  0
95 16  70000 104466196 2250468 41883784    0    0 400880 1253588 296802 1644115 74 21  3  3  0  0
126 20  70000 104467808 2250468 41883796    0    0 397856 1248336 292278 1498739 72 21  5  3  0  0
44  6  70000 104469516 2250468 41883816    0    0 411584 1283872 292271 1540051 75 22  1  2  0  0
130 12  70000 104480240 2250468 41883836    0    0 396096 1234312 287761 1531718 71 21  5  3  0  0
procs -----------memory---------- ---swap-- -----io---- -system-- -------cpu-------
 r  b   swpd   free   buff  cache   si   so    bi    bo   in   cs us sy id wa st gu
660  3  70000 104470572 2250468 41883848    0    0 436352 986644 272508 1510501 76 22  1  1  0  0
585 20  70000 104466764 2250468 41883860    0    0 393920 1265240 293941 1578536 70 21  5  3  0  0
643  5  70000 104456356 2250468 41883876    0    0 409520 1272884 276832 1466826 73 21  4  2  0  0
585  4  70000 104452116 2250468 41883896    0    0 398000 1283988 285056 1436971 71 21  5  3  0  0
582  2  70000 104469792 2250468 41883904    0    0 387968 1247776 278996 1436665 70 21  7  3  0  0
40 11  70000 104473516 2250468 41883924    0    0 406800 1187456 271878 1435824 74 21  2  3  0  0
520  7  70000 104469592 2250468 41883936    0    0 428736 960500 269084 1471907 76 22  2  1  0  0
564  8  70000 104468356 2250468 41883952    0    0 420416 1304160 291523 1512403 75 22  1  1  0  0
332  5  70000 104461960 2250468 41883964    0    0 393760 1255136 278259 1439354 71 20  7  2  0  0
237 27  70000 104457840 2250472 41884024    0    0 404048 1277260 292777 1539123 73 22  3  2  0  0
551  5  70000 104458148 2250472 41884032    0    0 389648 1249272 288654 1545310 71 21  6  2  0  0
271 51  70000 104460740 2250472 41884044    0    0 431552 1147372 270233 1427068 77 22  0  0  0  0
105 51  70000 104446588 2250472 41884220    0    0 410560 1315376 292044 1533900 75 22  2  2  0  0
683  0  70000 104441308 2250472 41884612    0    0 416688 1052272 279382 1485362 74 21  3  2  0  0
458  2  70000 104445672 2250472 41884264    0    0 427632 1299912 290728 1482530 75 22  1  2  0  0
420  9  70000 104456888 2250472 41884276    0    0 401536 1259336 280987 1476140 72 21  3  3  0  0
179 111  70000 104460724 2250472 41884288    0    0 411664 1270368 282007 1472188 73 21  3  3  0  0
552  4  70000 104446176 2250472 41884304    0    0 407552 1301204 302690 1609063 74 21  3  2  0  0
543 14  70000 104450864 2250472 41884312    0    0 403520 1260960 293863 1565348 73 21  3  3  0  0
596  5  70000 104450736 2250472 41884336    0    0 403232 1313872 305604 1707831 72 22  4  2  0  0
73 25  70000 104457288 2250472 41884348    0    0 403344 1206396 296352 1586048 73 22  4  2  0  0
procs -----------memory---------- ---swap-- -----io---- -system-- -------cpu-------
 r  b   swpd   free   buff  cache   si   so    bi    bo   in   cs us sy id wa st gu
206  8  70000 104456160 2250472 41884360    0    0 419456 1333204 290605 1647561 76 22  1  1  0  0
279  4  70000 104443712 2250472 41884372    0    0 407296 1219928 292307 1539135 73 22  3  2  0  0
708  3  70000 104440764 2250472 41884396    0    0 430992 1059220 283337 1601313 76 22  1  1  0  0
473 12  70000 104432584 2250472 41884412    0    0 390816 1192060 310547 1541813 72 21  5  2  0  0
587  6  70000 104429420 2250472 41884424    0    0 405136 1254188 293526 1557371 74 22  2  2  0  0
556  4  70000 104420360 2250472 41884436    0    0 416944 1255076 285482 1455972 77 22  0  0  0  0
332  5  70000 104421424 2250472 41884444    0    0 406960 1289248 274872 1463174 75 22  2  1  0  0
18 33  70000 104415732 2250472 41884460    0    0 416416 1099556 276234 1444620 76 21  2  2  0  0
533 22  70000 104401532 2250472 41884476    0    0 397984 1101084 272845 1432920 71 21  7  2  0  0
434 20  70000 104392672 2250472 41884720    0    0 401168 1288488 290746 1511564 73 22  4  2  0  0
718  3  70000 104368356 2250472 41884512    0    0 396896 1190104 290083 1602718 73 22  4  2  0  0
575 12  70000 104383740 2250472 41884592    0    0 402832 1274024 294055 1556480 72 22  4  3  0  0
580 13  70000 104382740 2250476 41884612    0    0 428272 1320412 280494 1477745 77 22  0  1  0  0
500 19  70000 104394828 2250476 41884628    0    0 387904 1247876 284075 1495255 70 21  7  3  0  0
148 16  70000 104418588 2250476 41884644    0    0 396768 1187280 285206 1530600 73 21  5  2  0  0
97 55  70000 104423604 2250476 41884656    0    0 401296 1378040 313557 1744220 73 22  3  2  0  0
31 16  70000 104420396 2250476 41884664    0    0 424096 1101564 267212 1445222 76 21  1  1  0  0
570 16  70000 104413212 2250476 41884684    0    0 427264 1129272 295413 1574093 74 22  3  1  0  0
466 14  70000 104432616 2250476 41884700    0    0 399616 1229760 289426 1581560 73 22  3  2  0  0
593  9  70000 104426708 2250476 41884712    0    0 422336 1306236 274259 1413517 76 22  0  1  0  0
539  6  70000 104429800 2250476 41884724    0    0 393376 1293376 298578 1585498 71 21  5  3  0  0
procs -----------memory---------- ---swap-- -----io---- -system-- -------cpu-------
 r  b   swpd   free   buff  cache   si   so    bi    bo   in   cs us sy id wa st gu
161  6  70000 104419748 2250476 41884736    0    0 405024 1243500 292678 1526508 74 22  2  2  0  0
241  3  70000 104426064 2250476 41884756    0    0 393600 1269500 295611 1549075 72 21  5  2  0  0
613 11  70000 104424036 2250476 41884768    0    0 444720 1021392 266217 1463145 77 22  0  0  0  0
478 47  70000 104431172 2250476 41884776    0    0 429888 1228220 280934 1458706 77 22  0  1  0  0
406  6  70000 104428668 2250476 41884788    0    0 428912 1332952 291084 1521078 76 22  1  1  0  0
572  3  70000 104436840 2250476 41884800    0    0 398272 1336932 294131 1561042 74 22  3  1  0  0
339 11  70000 104442948 2250476 41884828    0    0 410944 1237776 281248 1453265 73 21  4  2  0  0
392 22  70000 104443336 2250476 41884836    0    0 397904 1272052 286219 1487424 73 21  4  3  0  0
451  7  70000 104448296 2250476 41884848    0    0 399024 1265508 291204 1554729 71 21  5  3  0  0
512 24  70000 104457544 2250476 41884864    0    0 440384 1051548 272992 1457349 77 22  0  1  0  0
358 19  70000 104448772 2250476 41884872    0    0 436560 1269148 281931 1455738 77 22  0  1  0  0
361 60  70000 104446700 2250476 41884892    0    0 414224 1272968 289427 1528925 74 22  2  2  0  0
456 12  70000 104430536 2250476 41884908    0    0 405936 1227212 286400 1469938 73 21  4  3  0  0
322 24  70000 104434676 2250476 41884924    0    0 384544 1249152 296202 1592865 70 21  7  2  0  0
607 12  70000 104422668 2250476 41884936    0    0 383632 1258848 291620 1519108 69 21  7  3  0  0
623  6  70000 104413424 2250476 41884956    0    0 390368 1243040 283926 1492899 70 20  7  4  0  0
75 58  70000 104417584 2250480 41884960    0    0 402368 1257104 298432 1584580 74 21  3  2  0  0
605  4  70000 104420064 2250480 41884980    0    0 396992 1281012 290404 1526021 72 21  4  2  0  0
186 79  70000 104408892 2250480 41884992    0    0 436976 1141272 257408 1391341 78 22  0  0  0  0
455 33  70000 104413552 2250480 41885004    0    0 421520 1176392 275672 1447031 74 21  2  2  0  0
666  9  70000 104413088 2250480 41885012    0    0 404592 1181088 288204 1530490 72 21  5  2  0  0
procs -----------memory---------- ---swap-- -----io---- -system-- -------cpu-------
 r  b   swpd   free   buff  cache   si   so    bi    bo   in   cs us sy id wa st gu
633  5  70000 104406092 2250480 41885032    0    0 402000 1244808 281719 1473936 72 21  5  2  0  0
629 12  70000 104408280 2250480 41885044    0    0 403872 1333728 287252 1446665 72 21  4  2  0  0
392  4  70000 104403976 2250480 41885056    0    0 382992 1161144 297122 1364449 69 20  9  2  0  0
493 66  70000 104398980 2250480 41885068    0    0 409168 1273204 280815 1440621 73 21  4  2  0  0
450 29  70000 104391700 2250480 41885088    0    0 392016 1245212 284662 1414815 70 21  6  3  0  0
597  6  70000 104384248 2250484 41885100    0    0 417600 1307164 286054 1497539 74 22  2  1  0  0
30 36  70000 104377324 2250484 41885120    0    0 425104 1205476 272236 1460145 76 22  1  1  0  0
393 45  70000 104374104 2250484 41885132    0    0 428032 1060660 274817 1464272 75 22  2  1  0  0
455 23  70000 104379372 2250484 41885144    0    0 375856 1150116 289600 1533313 68 20  9  3  0  0
565 10  70000 104383948 2250484 41885160    0    0 385952 1230936 295208 1563906 69 21  7  3  0  0
626  5  70000 104396232 2250484 41885176    0    0 415312 1314936 310637 1701121 74 23  2  1  0  0
55 44  70000 104399808 2250484 41885192    0    0 408736 1258396 283451 1461637 75 22  1  2  0  0
166  9  70000 104385112 2250484 41885204    0    0 398272 1215732 286248 1545889 73 22  3  2  0  0
23 27  70000 104393084 2250484 41885220    0    0 403216 1211904 283375 1490477 74 21  2  2  0  0
135 31  70000 104391084 2250484 41885236    0    0 406992 1213348 289153 1554704 74 22  3  2  0  0
694  4  70000 104386748 2250484 41885244    0    0 434656 1028548 282686 1626785 77 22  1  0  0  0
440 11  70000 104390160 2250484 41885252    0    0 390112 1241944 292559 1539601 71 21  6  3  0  0
312  5  70000 104388040 2250484 41885268    0    0 395920 1253260 297703 1631402 71 21  5  2  0  0
356 12  70000 104378824 2250484 41885280    0    0 430432 1343284 273051 1463841 77 22  1  1  0  0
528  2  70000 104376076 2250484 41885296    0    0 395824 1264784 288233 1505252 71 21  6  3  0  0
321  9  70000 104408264 2250484 41885308    0    0 386752 1260004 289865 1506688 71 21  6  2  0  0
procs -----------memory---------- ---swap-- -----io---- -system-- -------cpu-------
 r  b   swpd   free   buff  cache   si   so    bi    bo   in   cs us sy id wa st gu
490 10  70000 104401016 2250484 41885328    0    0 443104 1043132 265641 1440110 77 22  0  0  0  0
436 31  70000 104400888 2250484 41885340    0    0 409056 1235316 283826 1497792 73 22  3  2  0  0
403  7  70000 104411876 2250484 41885356    0    0 404752 1165692 278887 1444462 71 20  5  3  0  0
203 29  70000 104425660 2250484 41885372    0    0 390160 1243220 284008 1437011 69 20  8  3  0  0
120 17  70000 104435788 2250484 41885384    0    0 404800 1287196 295755 1588737 73 22  3  2  0  0
139 13  70000 104432956 2250484 41885400    0    0 361776 1172296 292363 1581641 67 20 11  2  0  0
10 66  70000 104432744 2250484 41885420    0    0 428320 1202324 272797 1453763 77 22  0  1  0  0
401 103  70000 104428812 2250484 41885436    0    0 418496 1099212 291534 1595474 75 22  2  1  0  0
185 45  70000 104435216 2250484 41885508    0    0 422848 1253492 291024 1571958 75 22  1  1  0  0
499 10  70000 104429068 2250484 41885520    0    0 411424 1288224 287195 1502181 75 22  2  2  0  0
258 24  70000 104421140 2250484 41885532    0    0 382512 1240440 296582 1547892 69 20  7  3  0  0
560 15  70000 104426720 2250484 41885552    0    0 389232 1235220 290095 1514117 69 21  7  4  0  0
679 23  70000 104424956 2250484 41885564    0    0 408624 1282592 295662 1564981 73 22  2  3  0  0
175  9  70000 104432356 2250484 41885580    0    0 417216 1269076 297343 1606686 74 22  2  2  0  0
128  7  70000 104418212 2250484 41885592    0    0 423008 1318928 301711 1656794 76 22  1  1  0  0
473  4  70000 104418672 2250488 41885600    0    0 431520 1326096 292168 1552389 77 22  0  0  0  0
109 36  70000 104417924 2250488 41885624    0    0 416640 1346472 278770 1438535 75 22  2  1  0  0
572 11  70000 104412800 2250488 41885640    0    0 433728 947300 258477 1428902 77 22  0  1  0  0
595  2  70000 104410888 2250488 41885632    0    0 394512 1199632 292383 1580672 72 21  4  2  0  0
566  2  70000 104413164 2250488 41885652    0    0 407360 1291428 301654 1618055 74 22  2  1  0  0
609  4  70000 104407284 2250488 41885664    0    0 408528 1260812 283739 1445405 73 21  3  3  0  0
procs -----------memory---------- ---swap-- -----io---- -system-- -------cpu-------
 r  b   swpd   free   buff  cache   si   so    bi    bo   in   cs us sy id wa st gu
348  8  70000 104414748 2250488 41885672    0    0 405712 1297320 301623 1627548 73 22  3  2  0  0
656  2  70000 104419572 2250488 41885700    0    0 427104 1313016 284647 1541450 76 23  1  1  0  0
576 10  70000 104423044 2250488 41885708    0    0 409296 1315468 288823 1576683 75 22  2  1  0  0
199  9  70000 104425780 2250488 41885732    0    0 412400 1255220 295625 1581807 75 22  1  2  0  0
676  3  70000 104421824 2250488 41885736    0    0 395440 1285996 280146 1429069 71 21  5  3  0  0
49  3  70000 104429288 2250488 41885752    0    0 389216 1173628 264293 1332409 71 20  7  2  0  0
559  6  70000 104425604 2250488 41885768    0    0 428784 1098960 275984 1470942 75 22  2  1  0  0
576 15  70000 104433672 2250488 41885784    0    0 398640 1128984 317971 1845183 73 23  3  1  0  0
616  8  70000 104433040 2250488 41885796    0    0 422960 1312400 279521 1472086 75 22  2  1  0  0
642  4  70000 104419632 2250488 41885808    0    0 435216 1316736 283847 1465334 77 22  0  0  0  0
108 19  70000 104417712 2250488 41885820    0    0 398656 1262532 285316 1491801 72 21  5  2  0  0
165  3  70000 104423504 2250488 41885832    0    0 409760 1257112 326402 1522070 75 22  1  2  0  0
35  9  70000 104421536 2250488 41885860    0    0 396112 1219996 285406 1508245 71 21  6  2  0  0
234 149  70000 104428616 2250492 41885872    0    0 427904 1027184 274309 1483834 74 21  3  1  0  0
560 57  70000 104415288 2250492 41885884    0    0 393616 1191628 287763 1525489 71 20  6  3  0  0
266 26  70000 104423344 2250492 41885900    0    0 405056 1295960 293539 1536993 73 22  4  2  0  0
605  4  70000 104421736 2250492 41885912    0    0 413408 1280736 290130 1612232 76 22  1  1  0  0
636 11  70000 104409012 2250492 41885920    0    0 424976 1304484 288086 1491225 74 21  2  2  0  0
79 10  70000 104410004 2250492 41885932    0    0 378432 1213700 301180 1541488 70 21  6  3  0  0
98 24  70000 104405596 2250492 41885944    0    0 405328 1305240 286238 1510762 73 21  4  3  0  0
191 96  70000 104416844 2250492 41885964    0    0 438336 978600 258120 1428210 77 22  0  0  0  0
procs -----------memory---------- ---swap-- -----io---- -system-- -------cpu-------
 r  b   swpd   free   buff  cache   si   so    bi    bo   in   cs us sy id wa st gu
592  5  70000 104421876 2250492 41885988    0    0 384960 1330720 306531 1651491 70 21  7  3  0  0
664  2  70000 104409776 2250492 41886000    0    0 429584 1144112 271074 1456953 76 22  1  1  0  0
650  5  70000 104402848 2250492 41886004    0    0 426896 1317220 282585 1495187 77 22  0  0  0  0
680  5  70000 104397848 2250492 41886016    0    0 414944 1253356 278332 1466774 76 22  1  1  0  0
513  9  70000 104391656 2250492 41886028    0    0 389728 1245836 297835 1564827 71 21  4  4  0  0
181  7  70000 104401120 2250492 41886048    0    0 417408 1190732 277688 1531440 76 22  1  1  0  0
564  6  70000 104400384 2250492 41886060    0    0 417504 1273604 299900 1670615 76 23  1  0  0  0
165  9  70000 104399892 2250492 41886076    0    0 384896 1292444 290014 1497822 70 21  7  2  0  0
78  5  70000 104396608 2250492 41886096    0    0 389168 1252340 287476 1539390 70 21  6  3  0  0
496 18  70000 104390144 2250492 41886116    0    0 437360 1035788 287951 1623951 77 22  0  0  0  0
558  3  70000 104381696 2250492 41886132    0    0 424880 1274096 294902 1609409 76 23  1  1  0  0
561  4  70000 104378616 2250492 41886144    0    0 393808 1216000 284204 1451370 70 21  7  3  0  0
610  5  70000 104374128 2250492 41886156    0    0 421984 1316088 293614 1566651 75 22  1  1  0  0
137  1  70000 104367236 2250492 41886164    0    0 406016 1262532 313401 1634484 75 22  1  1  0  0
463 14  70000 104370744 2250492 41886180    0    0 398288 1292608 290363 1545743 72 22  3  3  0  0
73 12  70000 104370540 2250492 41886200    0    0 403808 1247728 278344 1450337 73 21  3  2  0  0
210 35  70000 104367376 2250492 41886216    0    0 433296 1063768 268634 1470549 77 22  1  1  0  0
595 14  70000 104374404 2250492 41886228    0    0 408896 1231632 299160 1650995 73 22  3  2  0  0
643 22  70000 104381380 2250492 41886240    0    0 408416 1272064 288527 1494377 73 21  3  2  0  0
55 163  70000 104387668 2250492 41886256    0    0 417200 1382540 295596 1482812 75 22  1  1  0  0
675  4  70000 104386276 2250492 41886272    0    0 410560 1114992 263171 1397708 72 21  5  2  0  0
procs -----------memory---------- ---swap-- -----io---- -system-- -------cpu-------
 r  b   swpd   free   buff  cache   si   so    bi    bo   in   cs us sy id wa st gu
644  9  70000 104400352 2250492 41886288    0    0 389920 1282092 296583 1578637 72 21  5  2  0  0
554  6  70000 104402568 2250492 41886304    0    0 378128 1213628 283465 1471452 69 20  8  3  0  0
710  5  70000 104409100 2250492 41886316    0    0 406736 1277568 271993 1388838 72 21  5  2  0  0
654 18  70000 104403624 2250492 41886332    0    0 446320 1038720 264751 1435551 77 22  0  0  0  0
180 108  70000 104400948 2250492 41886348    0    0 417840 1270080 283214 1509445 75 22  1  1  0  0
292 16  70000 104408936 2250492 41886424    0    0 399520 1190804 284994 1515318 72 21  5  2  0  0
554 10  70000 104415812 2250492 41886436    0    0 396640 1267204 288417 1506046 72 21  5  2  0  0
586 19  70000 104417732 2250492 41886452    0    0 400512 1260788 283306 1508349 73 21  4  2  0  0
19  5  70000 104417552 2250492 41886464    0    0 395360 1233560 281352 1440038 72 21  4  3  0  0
50  5  70000 104409292 2250492 41886480    0    0 380144 1215932 296526 1602857 68 21  8  3  0  0
670  2  70000 104413528 2250492 41886496    0    0 438784 963768 272867 1512200 77 22  1  1  0  0
166 87  70000 104404548 2250492 41886508    0    0 410288 1280652 277256 1421501 73 21  3  2  0  0
521 11  70000 104403860 2250492 41886516    0    0 394832 1269828 295981 1544801 71 20  5  4  0  0
96  5  70000 104399864 2250492 41886532    0    0 399808 1219656 278770 1458522 73 21  3  2  0  0
641  4  70000 104403408 2250492 41886548    0    0 405968 1376348 295032 1538360 73 22  4  2  0  0
561  8  70000 104400440 2250492 41886560    0    0 452560 929036 263080 1460292 77 22  0  0  0  0
530  7  70000 104413152 2250492 41886580    0    0 392928 1222916 292364 1498952 71 21  4  4  0  0
549  4  70000 104402516 2250492 41886592    0    0 395456 1272140 288984 1504884 70 21  6  3  0  0
121  2  70000 104396540 2250492 41886608    0    0 406896 1236852 286245 1481159 74 21  3  2  0  0
87 22  70000 104394832 2250492 41886620    0    0 405168 1260016 284959 1523114 73 21  3  3  0  0
 9 44  70000 104392216 2250492 41886632    0    0 402064 1241576 300331 1629474 73 22  2  3  0  0
procs -----------memory---------- ---swap-- -----io---- -system-- -------cpu-------
 r  b   swpd   free   buff  cache   si   so    bi    bo   in   cs us sy id wa st gu
37 168  70000 104390128 2250492 41886644    0    0 424672 1085100 277372 1516781 73 22  3  2  0  0
440 33  70000 104387276 2250492 41886660    0    0 427872 1225436 275631 1453667 77 22  0  1  0  0
679  3  70000 104389140 2250492 41886672    0    0 418800 1313400 291575 1517410 74 22  2  2  0  0
605  6  70000 104404616 2250492 41886688    0    0 391760 1242692 280917 1449002 70 20  6  3  0  0
590 38  70000 104409816 2250492 41886704    0    0 405056 1289420 286574 1535878 72 21  5  3  0  0
371  9  70000 104407260 2250492 41886720    0    0 396080 1266196 302251 1639782 72 21  4  3  0  0
476 14  70000 104409300 2250492 41886736    0    0 388704 1256256 282270 1470842 70 20  7  3  0  0
183  6  70000 104412984 2250492 41886748    0    0 410224 1225644 287031 1493483 72 21  4  3  0  0
497 17  70000 104412500 2250492 41886760    0    0 439168 1045968 277608 1497888 76 22  1  1  0  0
71 146  70000 104409132 2250492 41886776    0    0 419168 1280816 288357 1503954 74 22  3  2  0  0
703  3  70000 104399140 2250492 41886796    0    0 393040 1177536 287662 1530522 71 20  5  3  0  0
652  1  70000 104394448 2250492 41886808    0    0 388848 1234856 275036 1434088 71 20  7  3  0  0
132  4  70000 104392092 2250492 41886816    0    0 387952 1242448 304305 1655935 71 22  5  2  0  0
253  3  70000 104388152 2250492 41886832    0    0 407552 1286216 301153 1658833 74 23  1  2  0  0
333  5  70000 104370588 2250492 41886848    0    0 399776 1265688 286868 1491823 72 21  4  3  0  0
488  6  70000 104365976 2250492 41886864    0    0 426256 1106100 273740 1453875 76 22  1  1  0  0
12 90  70000 104363048 2250492 41886876    0    0 426240 1214332 273714 1442789 77 22  0  1  0  0
534 13  70000 104364604 2250492 41886884    0    0 407744 1095888 318641 1523031 73 21  4  2  0  0
623 17  70000 104379076 2250492 41886900    0    0 390992 1274404 290252 1507879 70 21  7  3  0  0
569  5  70000 104376700 2250492 41886916    0    0 410864 1274384 288086 1526075 73 22  3  2  0  0
473  5  70000 104384004 2250492 41886932    0    0 384128 1216620 270733 1371843 69 20  9  2  0  0
procs -----------memory---------- ---swap-- -----io---- -system-- -------cpu-------
 r  b   swpd   free   buff  cache   si   so    bi    bo   in   cs us sy id wa st gu
710  4  70000 104384020 2250492 41886944    0    0 376368 1298400 283833 1388573 67 20 10  3  0  0
662  3  70000 104384040 2250492 41886960    0    0 457328 954168 262891 1463475 78 22  0  0  0  0
467 14  70000 104383700 2250492 41886968    0    0 405984 1200308 290340 1524719 73 22  4  2  0  0
569  1  70000 104392172 2250492 41886984    0    0 393040 1277736 301316 1578094 71 21  5  3  0  0
711  3  70000 104393240 2250492 41887000    0    0 383680 1209084 278501 1430050 69 20  8  3  0  0
474  2  70000 104384412 2250492 41887016    0    0 434848 1328836 277815 1437656 77 22  0  0  0  0
641  8  70000 104390196 2250492 41887032    0    0 398448 1282828 293281 1496354 71 21  6  2  0  0
673  3  70000 104392468 2250492 41887048    0    0 386496 1232024 278261 1459664 70 21  7  2  0  0
109  2  70000 104368744 2250492 41887064    0    0 394944 1214072 270922 1444320 72 21  5  2  0  0
628  7  70000 104361016 2250492 41887080    0    0 441376 971984 260325 1443584 77 21  1  0  0  0
627  6  70000 104361288 2250492 41887088    0    0 411808 1276828 281185 1437077 73 20  4  3  0  0
363 23  70000 104373344 2250492 41887100    0    0 385024 1262800 305543 1667430 71 22  6  2  0  0
576  2  70000 104363076 2250492 41887116    0    0 413056 1291200 291828 1543693 73 22  3  3  0  0
339 12  70000 104361336 2250492 41887128    0    0 413776 1265256 283562 1449920 74 21  2  2  0  0
174 14  70000 104361656 2250492 41887144    0    0 385504 1225688 279648 1446194 71 21  6  2  0  0
 9  6  70000 104363240 2250492 41887156    0    0 387664 1209920 273069 1397163 70 20  7  3  0  0
350 10  70000 104372096 2250492 41887168    0    0 429392 1118972 282694 1541839 76 22  1  0  0  0
392 20  70000 104367660 2250492 41887180    0    0 416304 1135140 281605 1500164 73 21  4  2  0  0
533  3  70000 104362688 2250496 41887200    0    0 396304 1274636 293959 1575187 71 21  5  2  0  0
263  8  70000 104353184 2250496 41887216    0    0 385280 1225924 285610 1448266 70 20  6  4  0  0
657  5  70000 104353220 2250496 41887232    0    0 419584 1310692 298656 1588507 75 22  1  2  0  0
procs -----------memory---------- ---swap-- -----io---- -system-- -------cpu-------
 r  b   swpd   free   buff  cache   si   so    bi    bo   in   cs us sy id wa st gu
534  9  70000 104366104 2250496 41887244    0    0 393072 1298676 321934 1550730 72 21  4  3  0  0
338 18  70000 104365280 2250496 41887264    0    0 396672 1257608 305536 1609015 71 21  4  3  0  0
72 35  70000 104368960 2250496 41887348    0    0 394832 1218108 279649 1397478 71 20  7  3  0  0
35 19  70000 104370944 2250496 41887372    0    0 428864 1146236 276625 1443920 75 22  2  2  0  0
49 127  70000 104374244 2250496 41887380    0    0 417040 1213856 295054 1640844 75 22  2  1  0  0
655  2  70000 104380868 2250496 41887392    0    0 411424 1129912 285533 1554228 75 21  3  1  0  0
469 42  70000 104385692 2250496 41887416    0    0 392656 1273768 277511 1379073 69 20  8  3  0  0
465 10  70000 104393192 2250496 41887420    0    0 430608 1277432 282499 1492987 76 22  1  1  0  0
613  6  70000 104387628 2250496 41887436    0    0 406864 1254632 284874 1464364 71 20  6  3  0  0
554 10  70000 104391832 2250496 41887448    0    0 416672 1296172 284070 1487139 74 21  2  2  0  0
441  7  70000 104392512 2250496 41887464    0    0 421456 1314212 278249 1451932 76 21  2  1  0  0
638 11  70000 104397204 2250496 41887484    0    0 436272 1048984 270894 1445227 77 22  0  1  0  0
628  7  70000 104392828 2250496 41887488    0    0 407504 1156084 295367 1611660 73 22  3  2  0  0
455 10  70000 104402012 2250496 41887500    0    0 403584 1261736 285383 1492992 71 21  5  3  0  0
557  1  70000 104398848 2250496 41887524    0    0 411344 1285820 291521 1497209 72 21  4  2  0  0
543  4  70000 104401116 2250496 41887540    0    0 396320 1276944 291256 1564242 71 21  5  3  0  0
10 24  70000 104396396 2250496 41887540    0    0 421648 1160604 269380 1420092 74 22  2  2  0  0
492 20  70000 104391748 2250496 41887564    0    0 424112 1177016 278536 1509226 75 21  3  1  0  0
449 12  70000 104386104 2250496 41887576    0    0 436288 1160708 265555 1407868 77 22  0  1  0  0
396  5  70000 104390112 2250496 41887592    0    0 388912 1254576 293045 1558022 71 21  6  3  0  0
466 12  70000 104397708 2250496 41887600    0    0 393136 1223976 290782 1527437 72 22  4  3  0  0
procs -----------memory---------- ---swap-- -----io---- -system-- -------cpu-------
 r  b   swpd   free   buff  cache   si   so    bi    bo   in   cs us sy id wa st gu
604  4  70000 104395844 2250496 41887616    0    0 428800 1280304 278400 1446838 77 22  0  0  0  0
678 11  70000 104390768 2250496 41887632    0    0 398480 1283908 292752 1625383 75 22  2  1  0  0
636  2  70000 104393076 2250496 41887648    0    0 402336 1232312 281255 1447677 71 21  5  3  0  0
685  4  70000 104384516 2250496 41887656    0    0 405744 1300372 290393 1525659 73 22  3  2  0  0
612  4  70000 104384440 2250496 41887672    0    0 404752 1262236 278284 1470532 72 21  4  2  0  0
 9 15  70000 104388940 2250496 41887680    0    0 402416 1191632 269368 1381949 73 21  4  3  0  0
31  8  70000 104385592 2250496 41887692    0    0 408208 1127704 294747 1595311 73 21  4  2  0  0
488  0  70000 104365232 2250496 41887720    0    0 415840 1097308 277330 1463358 73 21  5  1  0  0
678  3  70000 104357336 2250496 41887732    0    0 401040 1260952 283345 1455584 71 20  6  3  0  0
666  5  70000 104346324 2250496 41887744    0    0 386576 1241040 277649 1449880 70 20  8  3  0  0
659  2  70000 104349468 2250496 41887760    0    0 396048 1276028 294098 1548733 71 21  5  2  0  0
631  7  70000 104346296 2250496 41887776    0    0 405856 1262488 276658 1426429 73 21  4  2  0  0
60  4  70000 104361732 2250496 41887792    0    0 405584 1203912 272984 1403847 73 21  4  2  0  0
651 14  70000 104378724 2250496 41887804    0    0 420736 1143224 316896 1623135 76 22  1  1  0  0
80 79  70000 104384068 2250496 41887824    0    0 405600 1334788 305395 1655026 74 23  1  2  0  0
563  6  70000 104368332 2250496 41887848    0    0 412880 1087028 287120 1549290 74 22  3  1  0  0
623 20  70000 104374004 2250496 41887852    0    0 404400 1279228 301740 1603256 72 22  4  3  0  0
298 10  70000 104371656 2250496 41887876    0    0 405728 1280616 300608 1624114 74 22  2  2  0  0
503  6  70000 104374792 2250496 41887880    0    0 413360 1290036 293433 1481520 72 21  3  4  0  0
488 12  70000 104377124 2250496 41887900    0    0 400608 1244176 272150 1400004 70 20  7  3  0  0
622  4  70000 104380684 2250496 41887924    0    0 389536 1253096 285723 1498049 70 21  6  3  0  0
procs -----------memory---------- ---swap-- -----io---- -system-- -------cpu-------
 r  b   swpd   free   buff  cache   si   so    bi    bo   in   cs us sy id wa st gu
504  9  70000 104383420 2250496 41887928    0    0 380672 1261900 284983 1479714 69 20  8  3  0  0
442 28  70000 104376772 2250496 41887948    0    0 446528 1025272 264749 1431196 78 22  0  0  0  0
539 12  70000 104391756 2250496 41887964    0    0 405808 1143868 283806 1482501 73 21  4  2  0  0
536 27  70000 104387464 2250496 41887980    0    0 396304 1252064 277272 1464627 71 21  6  3  0  0
608  8  70000 104396552 2250496 41887992    0    0 406320 1286992 285560 1510777 73 21  3  2  0  0
500 28  70000 104387024 2250496 41888004    0    0 406992 1290152 286522 1503937 73 21  3  2  0  0
125 11  70000 104394532 2250496 41888016    0    0 407440 1272832 289323 1527656 74 21  3  2  0  0
11 137  70000 104395148 2250496 41888032    0    0 449328 1006692 274285 1477758 77 22  0  1  0  0
526  1  70000 104384252 2250496 41888044    0    0 395008 1201272 285413 1499135 71 20  6  3  0  0
272  9  70000 104379968 2250496 41888064    0    0 395760 1265268 313372 1749287 72 22  3  3  0  0
335 27  70000 104373780 2250496 41888076    0    0 414224 1308664 296681 1611101 74 22  2  2  0  0
486  9  70000 104382012 2250496 41888092    0    0 390656 1274748 277746 1394746 70 20  6  3  0  0
58  7  70000 104380080 2250496 41888104    0    0 416912 1136932 270901 1411802 74 22  2  2  0  0
495  3  70000 104382204 2250496 41888120    0    0 429424 1036380 273247 1487340 75 22  3  1  0  0
517 32  70000 104391724 2250496 41888140    0    0 394800 1261600 279109 1393942 69 20  8  3  0  0
450 13  70000 104393968 2250496 41888152    0    0 398080 1202436 277531 1400163 70 20  7  3  0  0
578 10  70000 104393908 2250496 41888164    0    0 385024 1234856 280138 1449630 70 20  7  3  0  0
694  1  70000 104396328 2250496 41888176    0    0 379984 1227720 284668 1484470 69 20  7  3  0  0
218 10  70000 104391744 2250496 41888192    0    0 381376 1198504 283242 1495120 69 20  8  2  0  0
211 61  70000 104384368 2250496 41888296    0    0 437936 1030896 273919 1471539 77 22  1  1  0  0
615  4  70000 104384292 2250496 41888312    0    0 396384 1177752 282003 1499478 70 21  7  3  0  0
procs -----------memory---------- ---swap-- -----io---- -system-- -------cpu-------
 r  b   swpd   free   buff  cache   si   so    bi    bo   in   cs us sy id wa st gu
385  8  70000 104366292 2250496 41888324    0    0 407504 1274144 301379 1585507 72 22  4  3  0  0
435 24  70000 104363660 2250496 41888340    0    0 398992 1307556 311002 1688787 72 22  4  2  0  0
671 16  70000 104353144 2250496 41888360    0    0 407024 1270160 303099 1644997 74 22  2  2  0  0
200 15  70000 104352936 2250496 41888372    0    0 392352 1228180 295709 1579935 69 21  6  3  0  0
138  4  70000 104343832 2250496 41888384    0    0 400528 1210540 282393 1491793 73 21  4  2  0  0
30 45  70000 104342552 2250496 41888392    0    0 430000 1139628 290826 1584865 76 22  1  1  0  0
566 14  70000 104330056 2250496 41888412    0    0 399952 1116788 301315 1649972 73 21  4  2  0  0
521  3  70000 104338616 2250496 41888424    0    0 395008 1240012 286878 1507371 69 20  7  3  0  0
633  3  70000 104333860 2250496 41888440    0    0 398224 1283348 291205 1513823 71 21  5  3  0  0
685  3  70000 104341540 2250496 41888452    0    0 391056 1206736 280997 1488297 70 20  7  3  0  0
129  7  70000 104350500 2250496 41888464    0    0 391872 1211188 292043 1532030 72 21  4  3  0  0
595  9  70000 104366964 2250496 41888484    0    0 384960 1278248 302533 1651031 71 21  4  3  0  0
170  7  70000 104369056 2250496 41888500    0    0 409376 1166916 284287 1483291 74 21  3  2  0  0
188  7  70000 104375688 2250496 41888512    0    0 405312 1297792 305838 1649229 73 22  2  3  0  0
398  3  70000 104367900 2250496 41888524    0    0 433808 1032704 297137 1461149 77 22  0  1  0  0
511  3  70000 104359384 2250496 41888536    0    0 398384 1171708 294980 1623319 71 22  6  2  0  0
636  0  70000 104354228 2250496 41888560    0    0 402048 1278480 289538 1529029 73 21  4  2  0  0
143 18  70000 104358948 2250496 41888572    0    0 389088 1195984 282688 1481931 71 20  6  3  0  0
17 30  70000 104355244 2250496 41888588    0    0 415408 1182296 280706 1484229 74 22  2  2  0  0
357 40  70000 104360540 2250496 41888600    0    0 423536 1036908 266191 1470689 74 21  3  1  0  0
323  8  70000 104348980 2250496 41888616    0    0 423344 1301564 288524 1493417 75 22  1  1  0  0
procs -----------memory---------- ---swap-- -----io---- -system-- -------cpu-------
 r  b   swpd   free   buff  cache   si   so    bi    bo   in   cs us sy id wa st gu
652  4  70000 104356756 2250496 41888640    0    0 390560 1258652 289832 1513174 71 21  5  3  0  0
591  1  70000 104365908 2250496 41888656    0    0 408608 1277060 293752 1561656 73 22  3  2  0  0
336 16  70000 104369136 2250496 41888668    0    0 399680 1303796 310225 1633665 73 22  3  2  0  0
545 21  70000 104361508 2250496 41888680    0    0 403600 1252780 286963 1492941 72 21  5  3  0  0
119 14  70000 104357176 2250496 41888688    0    0 396080 1212888 298257 1544693 72 21  4  3  0  0
392  4  70000 104383260 2250496 41888708    0    0 390896 1299940 293921 1538053 71 21  4  3  0  0
39 14  70000 104383012 2250496 41888720    0    0 406464 1136056 266129 1391111 72 21  4  2  0  0
151 201  70000 104365832 2250496 41888736    0    0 427840 1075484 275003 1509408 75 22  2  1  0  0
656 20  70000 104367492 2250496 41888752    0    0 397648 1236956 291177 1527343 71 21  5  2  0  0
442 11  70000 104353200 2250496 41888768    0    0 418848 1284644 290196 1550051 74 22  2  2  0  0
678  6  70000 104356536 2250496 41888776    0    0 396704 1239704 276662 1419319 70 20  7  3  0  0
214 26  70000 104363120 2250496 41888796    0    0 401296 1268840 306575 1691480 73 22  3  2  0  0
447  5  70000 104373048 2250496 41888808    0    0 382192 1225012 277765 1439198 69 20  8  3  0  0
318 68  70000 104366688 2250496 41888816    0    0 430864 1307216 267670 1422983 77 22  0  0  0  0
343 35  70000 104371904 2250496 41888828    0    0 434304 1236620 280317 1464076 77 22  0  0  0  0
301 36  70000 104377464 2250496 41888844    0    0 430832 1124768 270308 1472780 77 22  1  1  0  0
407  8  70000 104375284 2250496 41888860    0    0 404992 1147596 276778 1449402 71 21  6  2  0  0
511 10  70000 104370844 2250496 41888876    0    0 406880 1301220 304368 1677779 73 22  3  2  0  0
575  9  70000 104363728 2250496 41888892    0    0 421696 1297004 276769 1464197 76 22  1  1  0  0
509  7  70000 104371132 2250496 41888904    0    0 404272 1310212 289639 1474678 72 21  3  3  0  0
644 11  70000 104367288 2250496 41888920    0    0 441632 996388 262758 1462440 77 22  0  0  0  0
procs -----------memory---------- ---swap-- -----io---- -system-- -------cpu-------
 r  b   swpd   free   buff  cache   si   so    bi    bo   in   cs us sy id wa st gu
708  0  70000 104373300 2250496 41888928    0    0 428368 1250436 284533 1497613 75 22  1  1  0  0
696  1  70000 104372104 2250496 41888948    0    0 404704 1242136 287519 1488677 73 21  3  3  0  0
584  4  70000 104367720 2250496 41888960    0    0 400976 1270264 287211 1474127 71 21  5  2  0  0
445 21  70000 104359068 2250496 41888968    0    0 405952 1290776 295060 1581645 72 21  5  2  0  0
141 56  70000 104359376 2250496 41888980    0    0 393120 1322140 296479 1500233 72 20  5  3  0  0
397  5  70000 104374700 2250496 41888992    0    0 419456 1206052 280942 1479512 75 22  1  1  0  0
24 30  70000 104364092 2250496 41889004    0    0 425360 1150824 257989 1390832 76 21  1  1  0  0
613  8  70000 104370688 2250496 41889020    0    0 425360 1057384 264783 1456272 75 21  3  1  0  0
663  6  70000 104371480 2250496 41889036    0    0 409184 1296236 296617 1549912 73 22  3  2  0  0
588 17  70000 104374652 2250496 41889056    0    0 408640 1265408 287235 1483665 71 21  5  3  0  0
568  3  70000 104369936 2250496 41889064    0    0 410144 1293156 294207 1546122 74 22  2  2  0  0
683  4  70000 104381016 2250496 41889084    0    0 405984 1276768 279111 1472692 72 21  4  2  0  0
138  8  70000 104375264 2250496 41889092    0    0 398112 1256272 299913 1586017 73 21  4  2  0  0
217 15  70000 104388980 2250496 41889104    0    0 397856 1262368 299590 1606829 71 21  5  2  0  0
113  7  70000 104386624 2250496 41889128    0    0 408848 1237060 294766 1559467 73 22  4  2  0  0
 8 16  70000 104386028 2250496 41889136    0    0 417120 1142072 283296 1526538 74 22  2  2  0  0
484 21  70000 104375456 2250496 41889220    0    0 413792 1201300 297366 1649226 74 22  3  1  0  0
517 17  70000 104374468 2250496 41889240    0    0 418128 1212540 294328 1591259 74 22  3  2  0  0
519  5  70000 104379084 2250496 41889260    0    0 417232 1293636 291149 1566468 75 22  2  1  0  0
666  4  70000 104378740 2250496 41889276    0    0 401488 1358092 311108 1682313 71 22  5  3  0  0
601  7  70000 104380328 2250496 41889288    0    0 428176 1228124 283838 1490424 75 22  1  2  0  0
procs -----------memory---------- ---swap-- -----io---- -system-- -------cpu-------
 r  b   swpd   free   buff  cache   si   so    bi    bo   in   cs us sy id wa st gu
475  8  70000 104381864 2250496 41889304    0    0 399296 1262272 307114 1476316 71 21  5  2  0  0
604  4  70000 104386024 2250496 41889312    0    0 426096 1305388 289013 1551967 76 22  1  1  0  0
147 20  70000 104385820 2250496 41889324    0    0 406848 1239996 282287 1479715 73 21  4  2  0  0
381  6  70000 104380676 2250496 41889332    0    0 416144 1341764 301976 1626758 74 21  2  2  0  0
619 31  70000 104380648 2250496 41889336    0    0 439728 1005036 258742 1422846 78 21  0  0  0  0
501 31  70000 104377120 2250496 41889348    0    0 423744 1254460 275749 1483749 77 22  0  0  0  0
334 17  70000 104367964 2250496 41889364    0    0 408720 1156048 280695 1489190 73 21  3  3  0  0
614  5  70000 104375468 2250496 41889388    0    0 406096 1285324 294627 1574347 72 22  4  3  0  0
541  7  70000 104376484 2250496 41889400    0    0 437488 1337524 289258 1502712 76 22  1  1  0  0
61  3  70000 104381788 2250496 41889412    0    0 409312 1121008 261787 1374210 73 21  5  1  0  0
699  1  70000 104378560 2250496 41889424    0    0 429504 1105640 279279 1555620 75 22  2  1  0  0
667  3  70000 104365364 2250496 41889452    0    0 433232 1296940 284281 1467041 77 22  0  1  0  0
503 20  70000 104362784 2250496 41889464    0    0 434224 1356760 287507 1519352 76 22  1  1  0  0
398 13  70000 104369704 2250496 41889476    0    0 400224 1277212 306389 1681975 71 22  5  2  0  0
500 15  70000 104375764 2250496 41889484    0    0 414544 1303332 294441 1550825 74 22  2  3  0  0
470 13  70000 104388572 2250496 41889492    0    0 405872 1270592 274390 1465427 73 21  4  2  0  0
78  5  70000 104379512 2250496 41889516    0    0 418608 1220412 279992 1437492 74 21  3  2  0  0
60 48  70000 104376392 2250496 41889528    0    0 421792 1116480 285079 1575796 75 22  1  1  0  0
586  1  70000 104375116 2250496 41889544    0    0 409872 1132704 264875 1403786 71 20  7  2  0  0
521  7  70000 104370732 2250496 41889564    0    0 404368 1274276 287706 1529601 72 21  5  3  0  0
417 29  70000 104363976 2250496 41889568    0    0 382560 1236656 281559 1470111 69 20  8  4  0  0
procs -----------memory---------- ---swap-- -----io---- -system-- -------cpu-------
 r  b   swpd   free   buff  cache   si   so    bi    bo   in   cs us sy id wa st gu
604  2  70000 104363948 2250496 41889588    0    0 384752 1232456 286009 1480734 69 21  8  3  0  0
22 40  70000 104374452 2250496 41889600    0    0 418256 1210908 282630 1460711 75 22  2  2  0  0
481 21  70000 104364104 2250496 41889620    0    0 432064 999464 271828 1516661 75 21  2  1  0  0
413  5  70000 104356060 2250496 41889628    0    0 383072 1249084 292576 1531293 69 20  8  3  0  0
603  5  70000 104352896 2250496 41889636    0    0 370512 1194916 265181 1337319 66 19 13  3  0  0
510  5  70000 104357676 2250496 41889656    0    0 405344 1278392 292880 1542740 73 22  2  3  0  0
326 24  70000 104357924 2250500 41889680    0    0 410800 1284316 286809 1460458 73 21  3  3  0  0
668  2  70000 104359284 2250500 41889700    0    0 391376 1262276 296562 1553141 70 21  6  3  0  0
654  6  70000 104365472 2250500 41889704    0    0 391296 1260800 284969 1480135 70 21  7  3  0  0
521  5  70000 104370208 2250500 41889724    0    0 394064 1235904 281732 1469316 71 21  6  3  0  0
46 26  70000 104371996 2250500 41889736    0    0 391760 1207880 282228 1492506 71 20  6  3  0  0
584 11  70000 104367944 2250500 41889752    0    0 441728 1004280 269268 1458539 77 22  1  1  0  0
516 14  70000 104371344 2250500 41889764    0    0 376928 1186348 298012 1620244 68 20  8  3  0  0
338 11  70000 104367068 2250500 41889784    0    0 382560 1237720 293508 1566896 69 20  8  3  0  0
304 55  70000 104355912 2250500 41889796    0    0 404480 1283860 281506 1422992 72 21  4  3  0  0
162  7  70000 104353848 2250500 41889820    0    0 396816 1237448 290080 1550763 72 21  5  2  0  0
168  4  70000 104354288 2250500 41889828    0    0 379136 1244432 285963 1490212 69 20  8  3  0  0
11  8  70000 104362776 2250500 41889832    0    0 399040 1178076 275814 1426185 72 21  5  3  0  0
273 59  70000 104366804 2250500 41889844    0    0 412272 1166296 298460 1700171 74 22  3  1  0  0
272  5  70000 104371384 2250500 41889864    0    0 417136 1096244 277215 1474605 73 21  3  3  0  0
384 11  70000 104363712 2250500 41889876    0    0 380976 1236000 309683 1758811 70 21  6  3  0  0
procs -----------memory---------- ---swap-- -----io---- -system-- -------cpu-------
 r  b   swpd   free   buff  cache   si   so    bi    bo   in   cs us sy id wa st gu
323 14  70000 104360168 2250500 41889892    0    0 404032 1303116 311104 1734250 72 22  3  3  0  0
80 19  70000 104354228 2250500 41889900    0    0 405008 1210520 284507 1499492 73 20  4  3  0  0
371 34  70000 104357460 2250500 41889912    0    0 441312 994080 277187 1544048 77 22  0  0  0  0
690  2  70000 104343252 2250500 41889928    0    0 407584 1292616 283643 1472942 71 21  5  3  0  0
548  6  70000 104358084 2250500 41889944    0    0 395488 1243020 288715 1527327 71 21  6  2  0  0
661  8  70000 104364028 2250500 41889960    0    0 398640 1233760 278982 1413821 71 21  5  3  0  0
177 13  70000 104371436 2250500 41889972    0    0 411920 1287940 291839 1562852 75 22  2  1  0  0
584 11  70000 104366908 2250500 41889988    0    0 407392 1297052 287491 1531774 73 22  3  3  0  0
60  4  70000 104376116 2250500 41890004    0    0 411776 1184572 263951 1407611 75 21  3  2  0  0
162 63  70000 104361936 2250500 41890016    0    0 419104 1314352 295558 1564131 75 22  2  1  0  0
68 66  70000 104362076 2250500 41890032    0    0 423040 1370180 293212 1538765 74 22  2  2  0  0
604  7  70000 104354980 2250500 41890044    0    0 444912 975788 263507 1451025 77 22  1  1  0  0
456 24  70000 104361112 2250500 41890060    0    0 395104 1241060 280168 1469324 71 21  5  3  0  0
524  5  70000 104358460 2250500 41890136    0    0 406656 1305992 310737 1659324 71 22  4  4  0  0
321 24  70000 104350536 2250500 41890152    0    0 403376 1223012 299447 1514349 73 22  3  2  0  0
359 30  70000 104340876 2250500 41890172    0    0 423968 1183604 276671 1446622 76 22  0  1  0  0
35 50  70000 104330628 2250500 41890188    0    0 376384 1289512 285092 1431162 70 21  6  3  0  0
23 23  70000 104319032 2250500 41890200    0    0 424496 1072356 269588 1432293 74 22  2  2  0  0
721  1  70000 104331428 2250500 41890216    0    0 411456 1094408 283394 1540176 72 21  5  1  0  0
631 13  70000 104330248 2250500 41890228    0    0 387536 1240012 295802 1547235 70 21  7  2  0  0
370 33  70000 104332340 2250500 41890244    0    0 393696 1253572 289966 1481456 70 21  6  3  0  0
procs -----------memory---------- ---swap-- -----io---- -system-- -------cpu-------
 r  b   swpd   free   buff  cache   si   so    bi    bo   in   cs us sy id wa st gu
697  2  70000 104320528 2250500 41890256    0    0 392864 1264740 305288 1626252 71 21  6  3  0  0
371 24  70000 104320524 2250500 41890268    0    0 419600 1297224 283259 1476369 75 21  2  1  0  0
26 24  70000 104317312 2250500 41890280    0    0 424640 1178600 274690 1427874 75 22  1  2  0  0
565  4  70000 104312464 2250500 41890296    0    0 422352 1007952 268602 1466315 74 21  4  1  0  0
634 14  70000 104328024 2250500 41890312    0    0 400528 1324952 303519 1676872 72 22  4  3  0  0
459 10  70000 104323476 2250500 41890324    0    0 428432 1288432 284377 1488220 76 23  1  1  0  0
645  3  70000 104334552 2250500 41890340    0    0 402336 1267356 285294 1458670 71 21  5  3  0  0
570  3  70000 104323088 2250500 41890352    0    0 387872 1251228 282371 1492070 70 21  7  3  0  0
537  2  70000 104331760 2250500 41890368    0    0 388672 1217020 277041 1405611 69 20  7  4  0  0
672  4  70000 104338092 2250500 41890384    0    0 383872 1349628 286533 1443854 69 21  7  3  0  0
337 17  70000 104344092 2250500 41890392    0    0 414944 1166036 275966 1445613 74 21  3  2  0  0
201 15  70000 104344928 2250500 41890408    0    0 396240 1226300 301799 1653849 72 22  4  2  0  0
129 62  70000 104337080 2250500 41890420    0    0 400560 1313188 307534 1620438 72 22  3  3  0  0
170  4  70000 104336532 2250500 41890436    0    0 402944 1243276 292815 1587389 74 22  3  2  0  0
458 10  70000 104322932 2250500 41890448    0    0 440128 999360 285822 1592313 77 23  0  0  0  0
577  8  70000 104305312 2250500 41890468    0    0 399424 1229064 303551 1592869 72 22  4  3  0  0
393 19  70000 104309464 2250500 41890480    0    0 421712 1296664 285775 1439954 74 22  2  2  0  0
695  4  70000 104305380 2250500 41890492    0    0 391952 1255980 291700 1530948 70 21  6  3  0  0
520  4  70000 104305428 2250500 41890508    0    0 405504 1275952 276650 1427762 71 21  5  3  0  0
667  2  70000 104316308 2250500 41890520    0    0 396768 1260720 296752 1546329 72 22  5  2  0  0
540  2  70000 104310372 2250500 41890540    0    0 403376 1272588 287329 1449664 71 21  4  4  0  0
procs -----------memory---------- ---swap-- -----io---- -system-- -------cpu-------
 r  b   swpd   free   buff  cache   si   so    bi    bo   in   cs us sy id wa st gu
627 25  70000 104300808 2250500 41890552    0    0 382368 1212636 272937 1386868 68 19  9  3  0  0
28 33  70000 104303420 2250500 41890560    0    0 436096 1051172 276405 1458175 77 22  1  1  0  0
484 23  70000 104300108 2250500 41890572    0    0 396912 1105820 258774 1382853 70 20  8  2  0  0
335  6  70000 104311876 2250500 41890584    0    0 391552 1254792 283816 1491528 69 21  7  3  0  0
411 19  70000 104311144 2250500 41890604    0    0 406736 1288036 302411 1649757 72 22  3  2  0  0
131 10  70000 104309632 2250500 41890624    0    0 398544 1230828 290096 1496533 73 21  3  3  0  0
206 10  70000 104309712 2250500 41890632    0    0 378672 1253744 321541 1748514 69 22  7  3  0  0
31 20  70000 104302436 2250500 41890648    0    0 428272 1107788 275011 1458256 75 22  1  2  0  0
600 33  70000 104308068 2250500 41890668    0    0 406048 1084672 284476 1556651 71 21  6  1  0  0
718  3  70000 104317532 2250500 41890688    0    0 384912 1218208 288703 1517003 69 20  7  4  0  0
388 15  70000 104321268 2250500 41890700    0    0 404496 1275152 287700 1503596 72 21  5  2  0  0
394  8  70000 104320696 2250500 41890716    0    0 395120 1245916 279567 1460895 71 21  4  3  0  0
587  7  70000 104327500 2250500 41890728    0    0 400432 1297104 278934 1450230 73 21  4  2  0  0
217 11  70000 104318160 2250500 41890740    0    0 401296 1242052 294411 1566075 73 22  4  2  0  0
33  5  70000 104320940 2250500 41890760    0    0 399984 1228720 286920 1465615 71 21  5  2  0  0
529 27  70000 104315492 2250500 41890772    0    0 434656 943356 271215 1504432 76 22  1  1  0  0
664  3  70000 104325680 2250500 41890784    0    0 390960 1250456 289473 1514704 69 21  6  4  0  0
215 17  70000 104329364 2250500 41890796    0    0 391568 1226688 277859 1432067 70 20  7  3  0  0
456  3  70000 104319860 2250500 41890812    0    0 414608 1293816 296991 1575266 73 22  3  2  0  0
501  7  70000 104317508 2250500 41890828    0    0 393664 1258984 287759 1499164 71 20  6  3  0  0
170  8  70000 104304256 2250500 41890836    0    0 387216 1216096 291475 1513300 71 20  7  2  0  0
procs -----------memory---------- ---swap-- -----io---- -system-- -------cpu-------
 r  b   swpd   free   buff  cache   si   so    bi    bo   in   cs us sy id wa st gu
124  9  70000 104311068 2250500 41890852    0    0 384096 1231208 276729 1426456 69 20  8  2  0  0
25 12  70000 104323468 2250500 41890868    0    0 420528 1108464 283124 1533684 75 22  2  2  0  0
587  7  70000 104314560 2250500 41890880    0    0 407360 1065444 282405 1518303 72 21  6  1  0  0
596  7  70000 104320632 2250500 41890900    0    0 401200 1261912 286454 1515314 71 21  6  3  0  0
624  4  70000 104320752 2250500 41890912    0    0 427136 1311428 290087 1513960 76 23  1  1  0  0
179  7  70000 104316140 2250500 41890928    0    0 413424 1269368 285556 1506650 74 21  2  2  0  0
317 12  70000 104315400 2250500 41890940    0    0 432464 1196660 299300 1686395 76 23  1  1  0  0
531  8  70000 104310908 2250500 41890960    0    0 428112 1097564 285899 1616963 76 23  1  1  0  0
577 21  70000 104325440 2250500 41890976    0    0 412688 1284836 285032 1526444 74 22  2  2  0  0
578  7  70000 104336816 2250500 41890992    0    0 390624 1202140 298030 1590644 70 21  4  4  0  0
688  1  70000 104336324 2250500 41891068    0    0 430560 1267320 315394 1443372 77 22  0  1  0  0
628  1  70000 104330120 2250500 41891080    0    0 427120 1292296 278189 1453259 77 22  0  1  0  0
193 11  70000 104334404 2250500 41891092    0    0 390608 1217792 303390 1643590 71 21  5  2  0  0
637  4  70000 104325220 2250500 41891112    0    0 429632 1357460 286584 1553392 76 23  0  1  0  0
574 16  70000 104318148 2250500 41891128    0    0 408992 1286044 282341 1433216 72 21  5  2  0  0
515  9  70000 104319276 2250500 41891144    0    0 443296 973444 266136 1441703 77 22  0  0  0  0
345 33  70000 104321284 2250500 41891156    0    0 379104 1170376 288712 1547918 69 21  8  2  0  0
