procs -----------memory---------- ---swap-- -----io---- -system-- -------cpu-------
 r  b   swpd   free   buff  cache   si   so    bi    bo   in   cs us sy id wa st gu
 6  1  70000 110125396 2280024 43085140   20   24 204522 197899 34565   36 19  3 75  3  0  0
75  1  70000 108572912 2280024 43079756    0    0 26640 340148 295349 393408 10 32 57  0  0  0
94  0  70000 105464384 2280024 43079768    0    0 21984 328072 301961 430061 15 79  6  0  0  0
95  0  70000 102361380 2280024 43079784    0    0 23968 295768 319306 398739 16 76  8  0  0  0
103  1  70000 99197692 2280024 43079928    0    0 23200 336860 347241 406939 17 75  8  0  0  0
96  1  70000 96074884 2280024 43080332    0    0 21952 342788 339941 412661 17 75  8  0  0  0
95  0  70000 93243464 2280024 43080820    0    0 22608 311216 312281 384050 14 78  8  0  0  0
81  0  70000 90344856 2280024 43081168    0    0  9088 341120 294337 403309 13 80  7  0  0  0
51  0  70000 87598216 2280024 43081212    0    0   992 322044 278314 425435 13 80  7  0  0  0
91  0  70000 84949156 2280024 43081672    0    0  3744 308696 317384 459865 14 80  7  0  0  0
80  0  70000 82076560 2280024 43082172    0    0  3536 320784 320174 459725 14 79  6  0  0  0
140  0  70000 79363116 2280024 43082384    0    0 11376 330528 289391 520051 14 81  5  0  0  0
22  2  70000 77282220 2280024 43082528    0    0 10880 354264 312904 783654 28 59 13  0  0  0
32  1  70000 77259480 2280024 43082592    0    0 28080 757952 240442 1081614 26 17 55  1  0  0
139  1  70000 76915740 2280024 43082676    0    0 18192 599280 348537 1587725 68 19 12  0  0  0
241  0  70000 76535692 2280024 43082728    0    0 14176 454176 329972 1416151 80 19  1  0  0  0
269  0  70000 76109624 2280024 43082816    0    0  7008 418004 356198 1332671 80 19  1  0  0  0
366  0  70000 75644192 2280024 43082868    0    0  5216 411796 361377 1279481 80 19  0  0  0  0
211  0  70000 75331712 2280024 43082900    0    0  8576 312236 345886 926023 60 15 24  0  0  0
523  0  70000 74958540 2280024 43082960    0    0  1552 313080 350056 1219616 80 19  1  0  0  0
488  0  70000 74660292 2280024 43083004    0    0   384 301388 297197 1285932 81 19  1  0  0  0
procs -----------memory---------- ---swap-- -----io---- -system-- -------cpu-------
 r  b   swpd   free   buff  cache   si   so    bi    bo   in   cs us sy id wa st gu
286  0  70000 74358464 2280024 43083084    0    0   992 300120 292053 1247604 81 19  0  0  0  0
538  0  70000 74089568 2280024 43083100    0    0  1408 295764 286135 1237141 81 18  0  0  0  0
437  0  70000 73832612 2280024 43083116    0    0  1312 299920 278855 1272488 81 19  1  0  0  0
227  0  70000 73575724 2280024 43083128    0    0  1552 305300 257287 1249421 81 19  0  0  0  0
201  0  70000 73324968 2280024 43083128    0    0  3696 296476 260854 1274429 80 19  1  0  0  0
478  0  70000 73082580 2280024 43083144    0    0   816 301724 264199 1310052 80 19  1  0  0  0
587  0  70000 72843688 2280024 43083156    0    0  1120 293232 266304 1260724 81 19  0  0  0  0
412  0  70000 72594188 2280024 43083200    0    0  1136 301176 263533 1313079 80 19  1  0  0  0
356  0  70000 72363848 2280024 43083212    0    0  1104 294632 253078 1286372 80 19  1  0  0  0
194  0  70000 72135956 2280028 43083244    0    0  1136 302232 250513 1306338 81 19  1  0  0  0
230  1  70000 71907484 2280028 43083252    0    0   784 299288 259578 1293808 81 19  0  0  0  0
461  0  70000 71687768 2280028 43083252    0    0  1568 296100 262463 1250895 81 19  0  0  0  0
438  0  70000 71463268 2280028 43083268    0    0   896 297416 285715 1296138 80 19  0  0  0  0
352  0  70000 71263672 2280028 43083288    0    0  1248 295776 274353 1268624 81 19  0  0  0  0
230  0  70000 71077320 2280032 43083360    0    0   112 301968 250843 1260369 81 18  0  0  0  0
107  1  70000 70941092 2280032 43083392    0    0  8832 301228 202872 985951 61 14 25  0  0  0
539  0  70000 70781184 2280032 43083416    0    0   816 320840 244713 1409394 80 19  1  0  0  0
118  0  70000 70616468 2280032 43083428    0    0   992 296964 233972 1311919 80 19  1  0  0  0
429  0  70000 70463384 2280032 43083444    0    0   880 299116 228813 1295761 81 19  1  0  0  0
164  0  70000 70334056 2280032 43083460    0    0  1104 303388 240809 1335714 80 19  1  0  0  0
406  0  70000 70209588 2280032 43083476    0    0  2080 299860 231396 1294445 81 19  1  0  0  0
procs -----------memory---------- ---swap-- -----io---- -system-- -------cpu-------
 r  b   swpd   free   buff  cache   si   so    bi    bo   in   cs us sy id wa st gu
444  0  70000 70094964 2280032 43083480    0    0  1472 301396 235980 1368154 79 19  1  0  0  0
339  0  70000 69986464 2280032 43083496    0    0   944 295960 232271 1282685 81 19  0  0  0  0
321  0  70000 69879432 2280032 43083508    0    0  1536 297604 238825 1308790 81 19  0  0  0  0
179  0  70000 69783916 2280032 43083520    0    0  1696 300492 244911 1334851 80 19  1  0  0  0
405  0  70000 69692916 2280032 43083536    0    0  1008 291852 247554 1270330 81 19  0  0  0  0
565  0  70000 69611312 2280032 43083556    0    0  3936 296256 254957 1294110 80 19  1  0  0  0
431  0  70000 69524796 2280032 43083568    0    0   464 298020 271918 1384755 80 19  1  0  0  0
369  0  70000 69444944 2280032 43083584    0    0   816 302084 286210 1322296 81 19  0  0  0  0
314  0  70000 69363572 2280036 43083592    0    0   624 300076 306411 1300587 80 19  0  0  0  0
669  0  70000 69286820 2280036 43083608    0    0   976 299472 298488 1320644 81 19  1  0  0  0
533  0  70000 69231624 2280036 43083624    0    0  1424 296208 263703 1274941 81 19  0  0  0  0
281  0  70000 69166776 2280036 43083668    0    0  1280 297832 242476 1323040 80 19  1  0  0  0
385  0  70000 69133480 2280036 43083676    0    0     0 301800 232966 1345323 81 19  1  0  0  0
155  1  70000 69099864 2280036 43083684    0    0  1408 297104 230702 1367719 80 19  1  0  0  0
383  0  70000 69058800 2280036 43083696    0    0 10832 307196 199532 1046766 60 14 26  0  0  0
169  0  70000 69028240 2280036 43083712    0    0  1040 297184 228329 1336558 81 19  0  0  0  0
329  0  70000 69008400 2280036 43083728    0    0  1376 297016 229448 1320970 81 19  1  0  0  0
580  0  70000 68978516 2280036 43083744    0    0   864 303144 226897 1332052 81 19  0  0  0  0
472  0  70000 68955292 2280036 43083756    0    0  1440 293964 234773 1352586 80 19  1  0  0  0
405  0  70000 68919248 2280036 43083768    0    0  1648 293696 231740 1355612 80 19  1  0  0  0
420  0  70000 68901960 2280036 43083784    0    0  1952 294472 231931 1325164 81 19  1  0  0  0
procs -----------memory---------- ---swap-- -----io---- -system-- -------cpu-------
 r  b   swpd   free   buff  cache   si   so    bi    bo   in   cs us sy id wa st gu
243  0  70000 68874876 2280036 43083796    0    0  1104 293232 232477 1322353 80 19  1  0  0  0
500  0  70000 68854144 2280036 43083808    0    0  1632 294904 228881 1290121 81 19  1  0  0  0
541  0  70000 68832364 2280036 43083824    0    0  1264 298064 237444 1362396 80 19  1  0  0  0
456  0  70000 68805816 2280036 43083836    0    0   928 299156 253678 1350792 80 19  1  0  0  0
354  0  70000 68786024 2280036 43083856    0    0   928 295400 244491 1296330 80 19  1  0  0  0
121  0  70000 68772832 2280036 43083868    0    0  1872 296312 247835 1342155 80 19  1  0  0  0
346  0  70000 68745300 2280036 43083880    0    0  1072 297480 244618 1355352 80 19  1  0  0  0
155  0  70000 68740956 2280036 43083892    0    0  2432 292924 227993 1331172 81 19  1  0  0  0
702  0  70000 68729804 2280036 43083904    0    0  1072 310788 280816 1350074 80 19  1  0  0  0
590  0  70000 68702584 2280036 43083920    0    0   720 389444 258330 1320941 80 19  0  0  0  0
309  1  70000 68691224 2280036 43083936    0    0     0 610580 253767 1376781 80 19  1  0  0  0
422  0  70000 68679508 2280036 43083944    0    0   528 553976 235030 1331106 81 19  0  0  0  0
430  0  70000 68687344 2280040 43083948    0    0  3872 668756 212495 1077848 60 15 24  1  0  0
321  0  70000 68691904 2280040 43083964    0    0  1072 421636 237492 1418027 80 20  1  0  0  0
312  0  70000 68701072 2280040 43083976    0    0  1200 548716 236143 1360497 80 19  0  0  0  0
549  0  70000 68696164 2280040 43083996    0    0  1120 585288 239279 1339765 80 19  1  0  0  0
134  2  70000 68693176 2280040 43084016    0    0  1056 659292 245256 1378889 80 19  1  0  0  0
299  0  70000 68692056 2280040 43084028    0    0  1328 655256 246006 1405688 79 20  1  0  0  0
307  0  70000 68680676 2280040 43084040    0    0  3376 602536 244433 1379153 79 19  1  0  0  0
491  0  70000 68680212 2280040 43084056    0    0  1152 616796 238066 1370755 79 19  1  0  0  0
136  1  70000 68684148 2280040 43084072    0    0   992 582560 243444 1358186 80 19  1  0  0  0
procs -----------memory---------- ---swap-- -----io---- -system-- -------cpu-------
 r  b   swpd   free   buff  cache   si   so    bi    bo   in   cs us sy id wa st gu
341  0  70000 68670328 2280040 43084084    0    0   640 610512 237165 1364018 80 19  1  0  0  0
583  0  70000 68667004 2280044 43084100    0    0   928 666796 234722 1355391 79 19  1  0  0  0
225  1  70000 68674500 2280044 43084120    0    0   960 606968 240826 1401085 79 20  2  0  0  0
357  0  70000 68660676 2280044 43084132    0    0  1728 618712 237766 1405265 79 20  1  0  0  0
293  0  70000 68660240 2280044 43084148    0    0   912 624936 237042 1396241 79 19  1  0  0  0
387  0  70000 68665200 2280044 43084164    0    0  1440 621472 235898 1341853 79 19  2  0  0  0
360  0  70000 68663820 2280048 43084172    0    0   736 620616 233224 1369629 80 19  1  0  0  0
567  0  70000 68666920 2280048 43084188    0    0  1696 621756 240701 1419586 79 19  1  0  0  0
523  0  70000 68666356 2280048 43084200    0    0  2064 615724 235814 1346841 80 19  2  0  0  0
484  0  70000 68661796 2280048 43084216    0    0  7184 621200 213158 1095551 59 15 26  0  0  0
775  0  70000 68658324 2280048 43084360    0    0  1856 600656 232136 1352991 81 19  1  0  0  0
268  0  70000 68655452 2280048 43084448    0    0   704 612716 232409 1363782 80 19  1  0  0  0
577  0  70000 68651184 2280048 43084460    0    0  1184 599132 227485 1318646 80 19  1  0  0  0
526  0  70000 68647208 2280048 43084480    0    0  1040 595700 232928 1360970 80 19  1  0  0  0
555  0  70000 68646448 2280048 43084496    0    0  1376 588732 238003 1375298 79 19  1  0  0  0
153  1  70000 68636700 2280052 43084508    0    0  1392 588712 235602 1371155 80 19  1  0  0  0
218  0  70000 68627680 2280052 43084528    0    0  1744 574848 258394 1327971 80 19  1  0  0  0
174  0  70000 68623916 2280052 43084540    0    0  1440 582764 261862 1408095 79 20  1  0  0  0
130  0  70000 68600536 2280052 43084552    0    0  1136 578400 275432 1382249 80 20  1  0  0  0
561  0  70000 68579856 2280052 43084572    0    0   720 626784 463669 1365810 80 20  1  0  0  0
175  0  70000 68574848 2280052 43084584    0    0  1200 593092 510107 1390855 78 21  1  0  0  0
procs -----------memory---------- ---swap-- -----io---- -system-- -------cpu-------
 r  b   swpd   free   buff  cache   si   so    bi    bo   in   cs us sy id wa st gu
367  0  70000 68508468 2280052 43084600    0    0  1280 610024 702707 1334408 79 20  0  0  0  0
353  2  70000 68537472 2280052 43084608    0    0   944 649156 596800 1370435 78 21  1  0  0  0
498  0  70000 68534620 2280052 43084624    0    0  1744 601856 529675 1356182 79 20  0  0  0  0
328  0  70000 68487296 2280052 43084632    0    0  1456 516108 706667 1327676 79 21  1  0  0  0
456  1  70000 68498220 2280052 43084648    0    0  1520 698668 540616 1428067 78 21  1  0  0  0
300  0  70000 68500784 2280052 43084664    0    0  1136 591316 292808 1355530 79 21  0  0  0  0
375  0  70000 68514136 2280052 43084676    0    0   640 596180 250019 1391960 79 20  1  0  0  0
403  0  70000 68522492 2280052 43084620    0    0  8800 598064 210050 1020894 59 15 26  0  0  0
334  0  70000 68520640 2280052 43084636    0    0     0 587812 240073 1397434 79 20  1  0  0  0
480  0  70000 68533656 2280056 43084648    0    0   368 577652 237599 1361375 80 20  0  0  0  0
544  0  70000 68536036 2280056 43084664    0    0  1088 575964 238794 1394134 79 20  1  0  0  0
358  0  70000 68545724 2280056 43084680    0    0  2624 567580 236117 1353954 80 20  0  0  0  0
196  0  70000 68534464 2280056 43084688    0    0  1248 564704 235174 1351825 80 19  0  0  0  0
430  0  70000 68545788 2280056 43084704    0    0   928 561400 235905 1342264 80 20  0  0  0  0
453  0  70000 68539340 2280056 43084724    0    0  1120 558840 234075 1322942 80 19  0  0  0  0
93  1  70000 68539952 2280056 43084736    0    0  1776 561784 237764 1363746 80 19  1  0  0  0
362  0  70000 68564776 2280056 43084748    0    0   944 556772 234726 1374943 80 20  1  0  0  0
234  0  70000 68543092 2280056 43084764    0    0   800 554912 246757 1391479 79 20  1  0  0  0
162  0  70000 68538716 2280056 43084776    0    0  1136 554060 235991 1354073 80 19  1  0  0  0
216  0  70000 68548216 2280056 43084792    0    0  1056 544928 237334 1361233 80 19  1  0  0  0
300  0  70000 68565440 2280056 43084804    0    0   656 545388 238823 1409515 80 19  1  0  0  0
procs -----------memory---------- ---swap-- -----io---- -system-- -------cpu-------
 r  b   swpd   free   buff  cache   si   so    bi    bo   in   cs us sy id wa st gu
225  0  70000 68554860 2280056 43084816    0    0  1152 538548 231649 1346930 80 19  1  0  0  0
491  0  70000 68537824 2280056 43084832    0    0  2096 537168 228424 1341810 80 19  1  0  0  0
298  1  70000 68533104 2280056 43084844    0    0   832 535472 237858 1405681 80 19  1  0  0  0
354  0  70000 68546100 2280056 43084860    0    0  3088 531444 237495 1354093 79 19  1  0  0  0
499  0  70000 68560744 2280056 43084876    0    0  1024 529684 233879 1376892 80 19  1  0  0  0
332  0  70000 68563964 2280056 43084888    0    0   496 527960 255961 1362892 80 19  1  0  0  0
691  0  70000 68554044 2280056 43084900    0    0   688 524328 229669 1353622 80 19  1  0  0  0
525  0  70000 68551204 2280056 43084908    0    0  9376 531848 201214 1001712 59 14 27  0  0  0
371  0  70000 68523072 2280056 43084928    0    0   400 535016 462646 1361634 80 20  0  0  0  0
431  0  70000 68488964 2280056 43084940    0    0     0 532980 290555 1326638 80 20  1  0  0  0
461  0  70000 68486992 2280056 43084956    0    0  1312 532172 240033 1419660 79 20  1  0  0  0
210  0  70000 68503168 2280056 43084968    0    0  3808 523900 376730 1336966 79 20  1  0  0  0
270  0  70000 68491976 2280056 43084980    0    0  2272 521224 340159 1357479 80 20  1  0  0  0
494  0  70000 68499080 2280060 43084992    0    0   352 517592 379614 1376404 79 20  1  0  0  0
332  0  70000 68485688 2280060 43085008    0    0   496 514860 506972 1349532 79 20  0  0  0  0
413  0  70000 68475136 2280060 43085020    0    0   576 511852 364427 1387481 79 20  1  0  0  0
302  0  70000 68470524 2280060 43085032    0    0   592 507988 390240 1363194 79 20  1  0  0  0
393  0  70000 68479920 2280060 43085044    0    0  1152 507032 288197 1311172 79 20  0  0  0  0
128  0  70000 68482824 2280060 43085056    0    0   976 507976 230108 1318376 80 20  0  0  0  0
307  1  70000 68490524 2280060 43085072    0    0   992 504920 231625 1389223 80 19  1  0  0  0
155  0  70000 68502728 2280060 43085088    0    0   800 500764 234978 1369014 80 20  1  0  0  0
procs -----------memory---------- ---swap-- -----io---- -system-- -------cpu-------
 r  b   swpd   free   buff  cache   si   so    bi    bo   in   cs us sy id wa st gu
399  0  70000 68500880 2280060 43085100    0    0   528 502372 240060 1429824 79 20  1  0  0  0
370  0  70000 68513684 2280060 43085112    0    0   832 496404 229145 1349900 80 19  1  0  0  0
255  0  70000 68500200 2280060 43085124    0    0   832 494852 229941 1371662 80 20  0  0  0  0
373  0  70000 68508772 2280060 43085140    0    0   704 489164 230040 1351515 80 19  0  0  0  0
291  0  70000 68517400 2280060 43085152    0    0  1392 488224 226603 1350627 80 19  1  0  0  0
339  0  70000 68520896 2280060 43085168    0    0  1376 489484 229147 1389947 80 19  1  0  0  0
222  0  70000 68526016 2280060 43085156    0    0  1376 482128 228428 1350608 80 19  1  0  0  0
 5  0  70000 68535464 2280060 43085164    0    0  8976 492184 203402 1071852 62 15 23  0  0  0
649  0  70000 68534948 2280060 43085248    0    0  2752 478736 223579 1324068 77 18  5  0  0  0
324  0  70000 68532512 2280060 43085260    0    0     0 474656 224674 1309973 81 19  0  0  0  0
87  1  70000 68534500 2280060 43085272    0    0  2032 479160 228626 1388851 80 19  1  0  0  0
483  0  70000 68544244 2280060 43085284    0    0  1776 475052 228470 1375267 80 19  1  0  0  0
586  0  70000 68536892 2280060 43085288    0    0  3056 472148 221357 1324381 81 19  1  0  0  0
637  0  70000 68537460 2280060 43085304    0    0   656 470652 231314 1367870 80 19  1  0  0  0
440  0  70000 68531172 2280060 43085320    0    0  1104 475628 226523 1323548 80 19  1  0  0  0
207  0  70000 68532172 2280060 43085332    0    0  2416 508524 231765 1343235 80 19  1  0  0  0
301  0  70000 68535944 2280060 43085344    0    0   640 512316 235265 1355224 81 19  1  0  0  0
291  0  70000 68535616 2280060 43085360    0    0   592 501928 227212 1326312 81 19  0  0  0  0
349  0  70000 68535044 2280060 43085376    0    0  1328 426496 234259 1348774 80 19  1  0  0  0
127  0  70000 68526572 2280060 43085388    0    0   800 456208 231394 1383051 80 19  1  0  0  0
432  0  70000 68520936 2280060 43085404    0    0  1280 469232 226156 1341195 81 19  0  0  0  0
procs -----------memory---------- ---swap-- -----io---- -system-- -------cpu-------
 r  b   swpd   free   buff  cache   si   so    bi    bo   in   cs us sy id wa st gu
151  0  70000 68526040 2280060 43085416    0    0  2112 468912 229404 1338196 80 19  1  0  0  0
385  1  70000 68522816 2280060 43085428    0    0  1136 463756 228657 1340196 80 19  1  0  0  0
426  0  70000 68523072 2280060 43085448    0    0   800 469176 231618 1367478 80 19  1  0  0  0
620  0  70000 68516640 2280060 43085460    0    0  1232 465588 229783 1338592 80 19  0  0  0  0
174  0  70000 68518188 2280060 43085472    0    0   816 462668 228301 1351574 80 19  1  0  0  0
107  0  70000 68514672 2280060 43085484    0    0   624 469376 230621 1362997 81 19  0  0  0  0
327  0  70000 68513852 2280060 43085508    0    0  2032 465960 229365 1371078 81 19  1  0  0  0
483  0  70000 68515924 2280060 43085520    0    0  1680 462032 240835 1399375 80 19  1  0  0  0
438  0  70000 68513132 2280060 43085532    0    0  6528 464488 198717 1060122 60 14 24  1  0  0
310  0  70000 68507884 2280060 43085544    0    0  1296 483108 232211 1427074 80 19  1  0  0  0
302  1  70000 68507316 2280060 43085556    0    0   208 482012 232032 1388823 80 19  1  0  0  0
653  0  70000 68509964 2280060 43085568    0    0  1392 479340 236740 1356624 80 19  1  0  0  0
182  0  70000 68503260 2280060 43085588    0    0   688 486464 230704 1362356 80 19  1  0  0  0
148  0  70000 68506476 2280060 43085604    0    0  1568 488196 229431 1338667 79 19  2  0  0  0
184  0  70000 68507216 2280060 43085616    0    0  1168 487700 231058 1370404 80 19  1  0  0  0
395  0  70000 68499784 2280060 43085628    0    0   992 487588 227543 1357677 80 19  1  0  0  0
565  0  70000 68503964 2280060 43085640    0    0  1856 490448 225393 1373516 80 19  1  0  0  0
422  0  70000 68513980 2280060 43085652    0    0  1216 490108 234055 1380910 80 19  1  0  0  0
311  0  70000 68495348 2280060 43085668    0    0   752 495272 230685 1398277 80 19  1  0  0  0
329  0  70000 68494164 2280060 43085688    0    0   512 499912 230827 1400530 80 19  1  0  0  0
292  0  70000 68500260 2280060 43085704    0    0   720 499596 224627 1366212 80 19  1  0  0  0
procs -----------memory---------- ---swap-- -----io---- -system-- -------cpu-------
 r  b   swpd   free   buff  cache   si   so    bi    bo   in   cs us sy id wa st gu
251  1  70000 68496608 2280060 43085716    0    0  1824 497452 226128 1328496 80 19  1  0  0  0
279  1  70000 68482344 2280060 43085724    0    0  1120 498716 226725 1331856 81 19  0  0  0  0
327  0  70000 68481824 2280060 43085740    0    0  1088 498160 226209 1332646 80 19  1  0  0  0
376  0  70000 68487048 2280060 43085748    0    0  2064 500472 221117 1314343 81 19  0  0  0  0
405  0  70000 68492048 2280060 43085776    0    0  3536 501056 241794 1368858 80 19  1  0  0  0
317  0  70000 68490592 2280060 43085788    0    0  2848 502660 238657 1371954 79 19  2  0  0  0
589  0  70000 68481504 2280060 43085816    0    0  1072 503704 225004 1311521 81 19  1  0  0  0
 5  1  70000 68477020 2280060 43085828    0    0  2640 514400 224508 1272514 77 17  6  0  0  0
545  0  70000 68491416 2280060 43085840    0    0  4880 509260 201497 1069302 65 15 20  1  0  0
553  0  70000 68486440 2280060 43085844    0    0     0 512804 231880 1394080 80 19  1  0  0  0
381  0  70000 68485100 2280060 43085856    0    0  1360 513784 229340 1375691 80 19  1  0  0  0
513  0  70000 68474024 2280060 43085868    0    0  1280 512744 227582 1350793 81 19  0  0  0  0
192  0  70000 68476228 2280060 43085888    0    0   992 516188 231094 1408047 80 19  1  0  0  0
370  0  70000 68473780 2280060 43085904    0    0  1312 514768 219812 1362782 80 19  1  0  0  0
531  0  70000 68466208 2280060 43085916    0    0   944 508748 231271 1332911 81 19  1  0  0  0
300  0  70000 68472536 2280060 43085920    0    0  1648 517912 232744 1363831 80 19  1  0  0  0
634  0  70000 68467584 2280060 43085936    0    0  1824 518412 237632 1391275 79 19  1  0  0  0
298  0  70000 68472120 2280060 43085952    0    0   736 518300 235165 1360579 80 19  1  0  0  0
141  0  70000 68479176 2280060 43085964    0    0  1552 518420 235596 1382409 79 19  1  0  0  0
318  0  70000 68471808 2280060 43085980    0    0  1632 521808 229526 1385337 80 19  1  0  0  0
569  0  70000 68470876 2280064 43085984    0    0  3088 520520 231766 1357583 80 19  1  0  0  0
procs -----------memory---------- ---swap-- -----io---- -system-- -------cpu-------
 r  b   swpd   free   buff  cache   si   so    bi    bo   in   cs us sy id wa st gu
436  0  70000 68469000 2280064 43086000    0    0   928 520540 227658 1315172 81 19  1  0  0  0
385  0  70000 68484144 2280064 43086016    0    0   720 525440 229817 1378258 80 19  1  0  0  0
199  0  70000 68479772 2280064 43086032    0    0  1200 526324 228775 1366805 80 19  1  0  0  0
367  0  70000 68471388 2280064 43086044    0    0  2880 522996 228782 1325291 80 19  1  0  0  0
469  0  70000 68470168 2280068 43086060    0    0  2384 522672 224832 1324562 81 19  0  0  0  0
144  0  70000 68475276 2280068 43086144    0    0  1456 523432 220880 1286727 81 19  1  0  0  0
208  0  70000 68470788 2280068 43086156    0    0  1200 523028 229532 1376493 80 19  1  0  0  0
 3  0  70000 68460856 2280068 43086168    0    0  4912 533428 280771 1211005 69 16 15  0  0  0
497  0  70000 68444120 2280068 43086180    0    0  2464 519044 350704 1195019 71 17 11  0  0  0
286  0  70000 68423860 2280072 43086188    0    0  1904 527676 290447 1404990 79 20  1  0  0  0
242  1  70000 68407440 2280072 43086204    0    0  2160 521700 237850 1368826 80 20  1  0  0  0
554  0  70000 68401260 2280072 43086220    0    0  1376 522900 229178 1349790 80 20  1  0  0  0
169  0  70000 68403800 2280072 43086240    0    0   688 526160 238087 1406933 80 19  1  0  0  0
442  0  70000 68409920 2280072 43086248    0    0   816 528392 232838 1385854 80 19  1  0  0  0
607  0  70000 68420724 2280072 43086260    0    0  2512 526168 231085 1348957 80 19  1  0  0  0
453  0  70000 68428212 2280072 43086276    0    0  1104 521236 234528 1347643 80 19  1  0  0  0
417  0  70000 68433112 2280072 43086288    0    0  1360 523184 235841 1379572 79 20  1  0  0  0
458  1  70000 68438356 2280072 43086300    0    0   592 525324 235544 1361764 80 19  1  0  0  0
661  0  70000 68449704 2280072 43086304    0    0  2496 527704 232978 1358346 80 19  1  0  0  0
303  0  70000 68443072 2280072 43086324    0    0  4960 525828 235525 1331480 80 19  1  0  0  0
349  0  70000 68439032 2280072 43086332    0    0  1248 526632 228497 1309054 80 19  1  0  0  0
procs -----------memory---------- ---swap-- -----io---- -system-- -------cpu-------
 r  b   swpd   free   buff  cache   si   so    bi    bo   in   cs us sy id wa st gu
435  0  70000 68442732 2280072 43086348    0    0   544 528724 232195 1362888 80 19  1  0  0  0
463  0  70000 68441576 2280072 43086364    0    0  2432 542924 230739 1344055 80 19  0  0  0  0
367  0  70000 68436048 2280072 43086376    0    0  1072 514428 233297 1396800 80 19  1  0  0  0
611  0  70000 68451344 2280072 43086380    0    0   432 529380 224748 1365646 80 19  1  0  0  0
393  0  70000 68452668 2280072 43086392    0    0  1008 526244 230306 1339597 80 19  1  0  0  0
341  0  70000 68452100 2280072 43086408    0    0  1888 528304 253923 1364194 79 19  1  0  0  0
416  0  70000 68440164 2280072 43086424    0    0   544 532724 308955 1358075 81 19  0  0  0  0
258  0  70000 68414088 2280072 43086432    0    0  7840 537936 248932 1008156 58 14 27  0  0  0
201  2  70000 68373992 2280076 43086432    0    0  3456 556652 298458 1428613 79 20  1  0  0  0
572  0  70000 68360820 2280076 43086452    0    0  1216 491716 316422 1310437 80 19  1  0  0  0
162  1  70000 68349348 2280076 43086464    0    0   832 535480 243583 1354516 79 20  1  0  0  0
530  0  70000 68346888 2280076 43086480    0    0   816 529728 231345 1340512 80 19  1  0  0  0
620  0  70000 68356776 2280076 43086488    0    0   608 501524 237324 1410531 79 20  1  0  0  0
442  1  70000 68374244 2280076 43086504    0    0   864 560112 228388 1334415 80 19  1  0  0  0
291  1  70000 68371236 2280076 43086520    0    0  1072 506024 227870 1343244 81 19  1  0  0  0
585  0  70000 68395224 2280076 43086524    0    0   912 527012 227516 1331598 81 19  0  0  0  0
414  0  70000 68404000 2280076 43086544    0    0  1584 553624 233860 1342347 80 19  0  0  0  0
545  0  70000 68403060 2280076 43086556    0    0  3168 532836 228016 1319985 80 19  0  0  0  0
578  0  70000 68413160 2280076 43086576    0    0  1136 475872 234335 1436090 79 20  1  0  0  0
394  1  70000 68406596 2280076 43086620    0    0   640 539540 233798 1383901 80 19  1  0  0  0
225  0  70000 68403684 2280076 43086628    0    0   592 614904 238368 1372262 80 19  1  0  0  0
procs -----------memory---------- ---swap-- -----io---- -system-- -------cpu-------
 r  b   swpd   free   buff  cache   si   so    bi    bo   in   cs us sy id wa st gu
259  1  70000 68401104 2280076 43086624    0    0   336 428852 233044 1358359 80 19  1  0  0  0
450  0  70000 68406228 2280076 43086640    0    0  1632 516528 234866 1347222 80 19  1  0  0  0
526  0  70000 68414248 2280076 43086652    0    0  2464 528816 238426 1368641 80 19  1  0  0  0
387  0  70000 68416796 2280076 43086668    0    0   704 545804 232991 1369817 81 19  1  0  0  0
234  1  70000 68414276 2280076 43086676    0    0  1008 578240 234986 1340989 80 19  1  0  0  0
402  0  70000 68405804 2280076 43086684    0    0   864 501588 227963 1331070 80 19  1  0  0  0
334  0  70000 68400852 2280076 43086712    0    0  1168 560320 233158 1374008 80 19  1  0  0  0
389  0  70000 68396024 2280076 43086720    0    0  1344 470660 231898 1379689 81 19  1  0  0  0
421  0  70000 68406496 2280076 43086728    0    0  6560 507192 205954 1076864 61 14 24  1  0  0
610  0  70000 68402604 2280076 43086744    0    0   544 560968 230333 1362531 80 19  1  0  0  0
358  0  70000 68407844 2280076 43086752    0    0  2352 482260 234849 1329926 80 19  1  0  0  0
242  0  70000 68409728 2280076 43086772    0    0  1728 514500 229820 1346628 80 19  1  0  0  0
258  2  70000 68404160 2280076 43086784    0    0   800 525668 230326 1351171 80 19  0  0  0  0
451  2  70000 68406152 2280076 43086788    0    0  1440 494696 236426 1412771 79 19  1  0  0  0
233  0  70000 68399276 2280076 43086800    0    0  2544 521984 225969 1331835 81 19  1  0  0  0
318  0  70000 68394488 2280076 43086816    0    0  3216 543144 229879 1351971 80 19  1  0  0  0
473  0  70000 68397852 2280076 43086832    0    0  2032 477944 224010 1301921 81 19  1  0  0  0
368  0  70000 68394820 2280076 43086848    0    0  1328 485628 232263 1360679 80 19  1  0  0  0
283  0  70000 68389780 2280076 43086864    0    0   576 607664 234346 1372454 80 19  1  0  0  0
227  1  70000 68392788 2280076 43086872    0    0   512 394612 227248 1346924 81 19  0  0  0  0
334  1  70000 68395720 2280076 43086884    0    0  1168 562928 227468 1356604 80 19  1  0  0  0
procs -----------memory---------- ---swap-- -----io---- -system-- -------cpu-------
 r  b   swpd   free   buff  cache   si   so    bi    bo   in   cs us sy id wa st gu
261  0  70000 68377440 2280076 43086900    0    0   512 411936 233442 1407460 80 19  1  0  0  0
573  0  70000 68386448 2280076 43086912    0    0  1072 581044 248762 1385728 80 19  1  0  0  0
704  0  70000 68381732 2280076 43087012    0    0  2192 545816 233057 1364296 80 19  1  0  0  0
432  0  70000 68374824 2280076 43087032    0    0  1072 415104 223055 1301918 81 19  0  0  0  0
176  3  70000 68377628 2280076 43087040    0    0  1216 572380 241729 1324819 80 19  1  0  0  0
655  0  70000 68377360 2280076 43087052    0    0   624 440360 235973 1385290 79 19  1  0  0  0
258  0  70000 68367592 2280076 43087064    0    0   720 519872 230024 1367072 80 19  1  0  0  0
207  2  70000 68362376 2280076 43087084    0    0   816 576972 275376 1417778 80 19  1  0  0  0
406  1  70000 68353268 2280076 43087084    0    0  9968 443756 200294 1026156 60 14 26  0  0  0
392  0  70000 68343260 2280076 43087104    0    0  1056 497396 233119 1414189 80 19  1  0  0  0
536  0  70000 68346420 2280076 43087124    0    0   976 555856 230238 1333025 80 19  1  0  0  0
137  0  70000 68349756 2280080 43087124    0    0  1184 508880 233653 1379573 79 19  1  0  0  0
319  0  70000 68354744 2280080 43087148    0    0  1168 445748 226471 1356177 80 19  1  0  0  0
285  0  70000 68354848 2280080 43087176    0    0  2000 447020 227433 1296110 80 19  1  0  0  0
193  1  70000 68360504 2280080 43087184    0    0  1184 594696 232244 1373847 80 19  1  0  0  0
286  0  70000 68363076 2280080 43087200    0    0  2256 513216 230409 1375619 80 19  1  0  0  0
267  0  70000 68375184 2280080 43087216    0    0  1808 510776 235349 1337580 80 19  1  0  0  0
418  0  70000 68362496 2280080 43087228    0    0  1168 386672 227656 1345040 80 19  1  0  0  0
204  2  70000 68367484 2280080 43087248    0    0  1744 613096 228990 1348891 80 19  1  0  0  0
202  0  70000 68370644 2280080 43087260    0    0  1856 446096 230863 1377718 80 19  1  0  0  0
477  0  70000 68370208 2280080 43087276    0    0  1264 656760 238219 1401767 79 20  1  0  0  0
procs -----------memory---------- ---swap-- -----io---- -system-- -------cpu-------
 r  b   swpd   free   buff  cache   si   so    bi    bo   in   cs us sy id wa st gu
468  1  70000 68365324 2280084 43087300    0    0  2032 365712 224733 1328741 80 19  1  0  0  0
189  0  70000 68368820 2280084 43087312    0    0   704 439548 230498 1409494 80 19  1  0  0  0
583  0  70000 68364624 2280084 43087328    0    0   864 539368 228187 1358905 80 19  1  0  0  0
490  0  70000 68364824 2280084 43087344    0    0   560 513732 222486 1291095 81 19  0  0  0  0
441  0  70000 68366284 2280084 43087360    0    0   464 508152 232561 1343651 80 19  1  0  0  0
448  0  70000 68366256 2280084 43087376    0    0  1840 513908 230872 1368869 80 19  1  0  0  0
316  0  70000 68363568 2280084 43087388    0    0  2368 477008 222690 1340949 81 19  0  0  0  0
373  0  70000 68357656 2280084 43087388    0    0  1168 545228 234045 1394851 80 19  1  0  0  0
468  1  70000 68358280 2280084 43087396    0    0 10720 499056 205885 1048527 59 14 27  0  0  0
523  1  70000 68354984 2280084 43087412    0    0  1024 552828 229116 1354222 81 19  0  0  0  0
305  2  70000 68346408 2280084 43087432    0    0   896 583352 231913 1352007 80 19  1  0  0  0
700  0  70000 68351052 2280084 43087456    0    0  3824 350676 219314 1293882 81 19  1  0  0  0
363  0  70000 68343288 2280084 43087468    0    0  1184 584712 230911 1387505 80 19  1  0  0  0
402  0  70000 68345408 2280084 43087480    0    0   592 584508 236518 1380124 80 19  1  0  0  0
542  0  70000 68337232 2280084 43087500    0    0  1696 373264 223799 1321699 81 19  1  0  0  0
561  0  70000 68336912 2280084 43087512    0    0   512 525500 234110 1365332 80 19  1  0  0  0
284  0  70000 68342380 2280084 43087528    0    0  1328 582956 234721 1354959 79 19  1  0  0  0
228  2  70000 68347664 2280084 43087536    0    0   640 630116 233746 1381716 80 19  1  0  0  0
191  0  70000 68335060 2280084 43087552    0    0  1088 614776 234502 1381650 79 19  1  0  0  0
369  0  70000 68335416 2280084 43087564    0    0  1392 349628 221126 1336530 80 19  1  0  0  0
255  0  70000 68343740 2280084 43087568    0    0   336 488524 226313 1398051 80 19  1  0  0  0
procs -----------memory---------- ---swap-- -----io---- -system-- -------cpu-------
 r  b   swpd   free   buff  cache   si   so    bi    bo   in   cs us sy id wa st gu
375  2  70000 68328928 2280084 43087584    0    0   912 530520 234123 1368159 80 19  1  0  0  0
220  2  70000 68329508 2280084 43087608    0    0   992 615740 232832 1362733 80 19  1  0  0  0
352  0  70000 68329244 2280084 43087628    0    0    32 337552 248038 1350482 80 19  1  0  0  0
585  0  70000 68313604 2280084 43087636    0    0  1680 509044 264363 1324189 80 19  1  0  0  0
67  1  70000 68297268 2280084 43087656    0    0  1152 535768 265627 1319697 80 19  1  0  0  0
477  0  70000 68281948 2280084 43087660    0    0   816 548856 259339 1363977 80 20  1  0  0  0
413  0  70000 68261408 2280084 43087668    0    0  1280 588412 271991 1368984 80 19  1  0  0  0
544  0  70000 68262368 2280084 43087684    0    0  2064 489476 246453 1354966 80 19  1  0  0  0
252  0  70000 68255268 2280084 43087684    0    0 10672 522308 222038 1008531 60 14 25  0  0  0
441  0  70000 68269472 2280084 43087712    0    0  2720 433904 250863 1341900 80 19  1  0  0  0
482  0  70000 68276344 2280084 43087716    0    0  2640 592056 258615 1331335 80 19  1  0  0  0
631  0  70000 68262948 2280084 43087728    0    0  1888 545204 248270 1367029 80 19  1  0  0  0
410  1  70000 68256224 2280084 43087740    0    0   912 511608 253479 1351865 79 20  1  0  0  0
328  3  70000 68252472 2280084 43087752    0    0   768 518752 255396 1391545 79 20  1  0  0  0
115  1  70000 68251200 2280084 43087772    0    0  1136 530804 227740 1318796 80 19  1  0  0  0
496  0  70000 68252040 2280084 43087780    0    0   848 423872 230408 1355979 80 19  1  0  0  0
364  0  70000 68269784 2280084 43087788    0    0  1280 536892 234324 1350613 80 19  1  0  0  0
407  0  70000 68285512 2280084 43087800    0    0  2416 492056 226501 1303302 81 19  0  0  0  0
217  0  70000 68283760 2280084 43087812    0    0   800 575064 229061 1358920 80 19  1  0  0  0
408  0  70000 68288004 2280088 43087900    0    0   432 531172 238230 1394957 80 20  1  0  0  0
548  0  70000 68294456 2280088 43087908    0    0   816 443664 229775 1348042 80 19  0  0  0  0
procs -----------memory---------- ---swap-- -----io---- -system-- -------cpu-------
 r  b   swpd   free   buff  cache   si   so    bi    bo   in   cs us sy id wa st gu
116  4  70000 68303008 2280088 43087924    0    0    16 574676 226432 1345429 80 19  1  0  0  0
312  0  70000 68315100 2280088 43087940    0    0   400 493544 228465 1339579 80 19  1  0  0  0
250  0  70000 68303312 2280088 43087952    0    0  1328 593172 231726 1344343 80 20  1  0  0  0
216  0  70000 68301460 2280088 43087968    0    0   688 602604 241170 1401469 80 19  1  0  0  0
240  2  70000 68305284 2280088 43087984    0    0  2624 476096 232381 1372252 80 20  1  0  0  0
618  0  70000 68295532 2280088 43087996    0    0  1392 550240 229077 1337613 81 19  1  0  0  0
128  3  70000 68295964 2280088 43088012    0    0  1072 554368 229432 1379087 80 19  1  0  0  0
525  0  70000 68302768 2280088 43088028    0    0  1104 540444 227983 1336989 80 19  1  0  0  0
292  1  70000 68305228 2280088 43088036    0    0   800 523184 234862 1399450 80 19  1  0  0  0
370  0  70000 68296688 2280088 43088048    0    0  9728 527916 199786 1008482 58 14 27  0  0  0
361  0  70000 68294836 2280088 43088060    0    0  1504 356284 225257 1363302 80 19  1  0  0  0
132  4  70000 68298260 2280088 43088076    0    0   752 631404 233174 1372344 80 19  1  0  0  0
446  0  70000 68299916 2280088 43088088    0    0  1088 485972 231519 1343738 80 19  1  0  0  0
299  0  70000 68305568 2280088 43088104    0    0  1296 579884 237459 1434983 80 19  1  0  0  0
294  0  70000 68315360 2280088 43088120    0    0  2000 599596 240098 1381797 80 19  1  0  0  0
397  0  70000 68315432 2280088 43088144    0    0   992 467468 229121 1368507 80 19  1  0  0  0
348  0  70000 68309208 2280088 43088156    0    0   784 480148 227998 1329629 81 19  0  0  0  0
72  1  70000 68313376 2280088 43088168    0    0  1872 662012 232954 1320069 78 18  4  0  0  0
282  0  70000 68303104 2280088 43088168    0    0  1280 443996 222772 1318216 81 19  1  0  0  0
264  0  70000 68310356 2280088 43088184    0    0   592 542240 234616 1369304 80 19  1  0  0  0
604  0  70000 68307864 2280088 43088200    0    0   576 580412 231311 1347853 80 19  1  0  0  0
procs -----------memory---------- ---swap-- -----io---- -system-- -------cpu-------
 r  b   swpd   free   buff  cache   si   so    bi    bo   in   cs us sy id wa st gu
232  0  70000 68307456 2280088 43088216    0    0  1440 392544 224976 1326064 81 19  0  0  0  0
621  0  70000 68302324 2280088 43088228    0    0  1504 636032 229514 1341627 81 19  1  0  0  0
430  1  70000 68321992 2280088 43088248    0    0   928 484764 228234 1364269 80 19  1  0  0  0
239  0  70000 68301960 2280088 43088264    0    0  1552 582480 237052 1390233 80 19  1  0  0  0
237  1  70000 68280032 2280088 43088296    0    0  1136 439900 256146 1335010 81 19  0  0  0  0
102  3  70000 68268460 2280088 43088308    0    0  2048 668900 238884 1381025 79 20  1  0  0  0
409  0  70000 68264092 2280088 43088320    0    0  1536 374100 219810 1343839 80 19  1  0  0  0
432  0  70000 68258532 2280088 43088344    0    0  1472 587912 234882 1347608 81 19  1  0  0  0
417  0  70000 68263576 2280088 43088360    0    0   832 511344 230190 1348708 80 19  1  0  0  0
624  0  70000 68267788 2280088 43088372    0    0  1056 631028 239698 1425018 81 19  1  0  0  0
419  0  70000 68271936 2280088 43088380    0    0 10272 552996 207527 1079824 59 14 26  0  0  0
709  0  70000 68271828 2280088 43088396    0    0  1520 440172 231963 1368567 80 19  1  0  0  0
280  1  70000 68266516 2280088 43088412    0    0  1584 587432 233906 1345057 80 19  1  0  0  0
597  0  70000 68285804 2280088 43088424    0    0  1968 509984 229394 1333158 79 19  1  0  0  0
318  0  70000 68285684 2280088 43088440    0    0  3776 522740 223491 1320395 81 19  1  0  0  0
669  0  70000 68294932 2280088 43088452    0    0  1600 622688 235078 1372767 80 19  1  0  0  0
229  0  70000 68279444 2280088 43088464    0    0   496 448292 284869 1342250 80 19  1  0  0  0
285  0  70000 68246948 2280088 43088476    0    0   736 564364 261169 1357157 80 19  1  0  0  0
511  0  70000 68226604 2280088 43088492    0    0   704 554936 254265 1337484 80 19  1  0  0  0
619  0  70000 68225416 2280088 43088508    0    0  2288 465296 301748 1301737 80 19  1  0  0  0
274  0  70000 68177556 2280088 43088532    0    0   912 559976 312255 1399885 79 20  1  0  0  0
procs -----------memory---------- ---swap-- -----io---- -system-- -------cpu-------
 r  b   swpd   free   buff  cache   si   so    bi    bo   in   cs us sy id wa st gu
340  0  70000 68207232 2280088 43088548    0    0   992 521296 333860 1362440 80 20  1  0  0  0
206  0  70000 68161384 2280088 43088564    0    0  1008 558480 316933 1367163 79 20  1  0  0  0
299  0  70000 68163604 2280088 43088576    0    0  1424 526012 324663 1347504 80 19  1  0  0  0
569  1  70000 68174344 2280088 43088588    0    0  2368 406264 297305 1315614 80 19  0  0  0  0
379  0  70000 68154704 2280088 43088596    0    0  2320 655036 300873 1364082 79 20  1  0  0  0
202  0  70000 68173560 2280088 43088612    0    0   480 532640 274435 1355787 79 20  1  0  0  0
343  0  70000 68179028 2280088 43088628    0    0  2480 527680 266832 1295130 80 19  1  0  0  0
464  0  70000 68193244 2280088 43088572    0    0  1168 525656 308637 1388265 79 19  1  0  0  0
354  0  70000 68173412 2280088 43088588    0    0  1856 534232 292382 1375991 80 19  1  0  0  0
597  0  70000 68167976 2280088 43088600    0    0   880 523436 313450 1384087 80 19  1  0  0  0
368  0  70000 68135608 2280088 43088616    0    0 10832 527432 274800 1043241 59 15 26  0  0  0
276  0  70000 68136488 2280088 43088632    0    0   592 516816 261226 1314891 80 19  1  0  0  0
417  0  70000 68141200 2280088 43088648    0    0  1152 513812 259053 1303789 80 19  1  0  0  0
446  0  70000 68161512 2280088 43088660    0    0  1296 486044 257797 1343086 80 19  1  0  0  0
415  0  70000 68147368 2280088 43088696    0    0  1616 537060 317216 1306923 80 20  1  0  0  0
388  0  70000 68157208 2280088 43088712    0    0  1072 541404 261953 1379105 79 20  1  0  0  0
123  2  70000 68165636 2280092 43088792    0    0  1472 456356 237650 1334179 80 19  1  0  0  0
220  0  70000 68167040 2280092 43088808    0    0   896 603060 279399 1382099 79 20  1  0  0  0
390  0  70000 68160868 2280092 43088824    0    0  1408 516276 244565 1355982 80 19  1  0  0  0
123  0  70000 68180512 2280092 43088840    0    0   704 550516 241990 1387240 80 20  1  0  0  0
547  0  70000 68171944 2280092 43088852    0    0  1168 519928 235697 1370594 79 20  1  0  0  0
procs -----------memory---------- ---swap-- -----io---- -system-- -------cpu-------
 r  b   swpd   free   buff  cache   si   so    bi    bo   in   cs us sy id wa st gu
212  0  70000 68172908 2280096 43088860    0    0   784 532096 239064 1396284 80 19  1  0  0  0
379  2  70000 68205140 2280096 43088876    0    0  2880 448004 219095 1289220 81 19  0  0  0  0
508  0  70000 68180564 2280096 43088888    0    0  2160 611436 237942 1337367 80 19  1  0  0  0
310  0  70000 68220412 2280096 43088904    0    0  1152 516680 229469 1365047 80 19  0  0  0  0
537  0  70000 68205364 2280096 43088924    0    0  1008 494956 230668 1356630 80 19  1  0  0  0
425  0  70000 68200972 2280096 43088940    0    0  1840 586296 238417 1359384 79 19  2  0  0  0
574  0  70000 68208876 2280096 43088952    0    0  1488 497116 232050 1389353 80 20  1  0  0  0
187  0  70000 68208184 2280096 43088964    0    0   624 571992 238935 1402431 79 20  1  0  0  0
396  0  70000 68216716 2280096 43088984    0    0  1152 518440 233722 1351940 80 19  0  0  0  0
290  0  70000 68227628 2280096 43089000    0    0  2976 536864 236287 1358104 80 19  1  0  0  0
427  1  70000 68239280 2280096 43089008    0    0  6608 519352 196883 1013616 60 14 26  1  0  0
313  0  70000 68241420 2280096 43089020    0    0  3632 518176 233310 1424523 80 19  1  0  0  0
343  0  70000 68235060 2280096 43089036    0    0  2960 525500 228043 1398091 80 19  1  0  0  0
396  0  70000 68231768 2280096 43089052    0    0  1184 534428 227691 1323265 80 19  1  0  0  0
504  0  70000 68226944 2280096 43089068    0    0   640 535824 234559 1384355 80 19  1  0  0  0
572  0  70000 68219568 2280096 43089088    0    0   720 539432 233523 1363839 80 19  1  0  0  0
399  0  70000 68229580 2280096 43089100    0    0   800 539084 233924 1399394 79 19  1  0  0  0
514  0  70000 68244008 2280096 43089088    0    0   720 538080 228026 1363789 80 19  1  0  0  0
169  0  70000 68250992 2280096 43089100    0    0  1328 522456 233263 1317977 80 19  1  0  0  0
311  0  70000 68252620 2280096 43089116    0    0  1184 526876 229245 1341936 80 19  1  0  0  0
284  0  70000 68250376 2280096 43089132    0    0  1584 563956 230474 1347258 80 19  1  0  0  0
procs -----------memory---------- ---swap-- -----io---- -system-- -------cpu-------
 r  b   swpd   free   buff  cache   si   so    bi    bo   in   cs us sy id wa st gu
371  0  70000 68250212 2280096 43089144    0    0   768 529304 235299 1376462 80 19  1  0  0  0
229  0  70000 68239848 2280096 43089156    0    0  2160 540584 237026 1360372 79 19  1  0  0  0
366  0  70000 68248292 2280096 43089172    0    0   944 537088 226623 1336673 80 19  1  0  0  0
656  0  70000 68245120 2280096 43089196    0    0   832 538772 228718 1350005 81 19  0  0  0  0
270  0  70000 68256372 2280096 43089216    0    0  1120 545652 232682 1385565 80 19  1  0  0  0
448  0  70000 68258140 2280096 43089228    0    0  3264 544720 228538 1317277 79 19  2  0  0  0
417  0  70000 68253668 2280096 43089240    0    0   720 537384 228206 1341292 81 19  0  0  0  0
532  0  70000 68246308 2280096 43089256    0    0   544 535600 226653 1328848 81 19  0  0  0  0
361  0  70000 68247228 2280096 43089272    0    0  1392 541892 231332 1346108 80 19  1  0  0  0
385  0  70000 68239024 2280096 43089284    0    0   480 543760 231119 1409556 81 19  1  0  0  0
454  0  70000 68235024 2280096 43089296    0    0  9264 526256 203394 1061021 60 14 25  1  0  0
411  0  70000 68243556 2280096 43089308    0    0  1376 503284 230383 1336858 81 19  0  0  0  0
172  0  70000 68238368 2280096 43089320    0    0   688 549428 228850 1351910 80 19  1  0  0  0
282  0  70000 68224944 2280096 43089344    0    0  1024 545420 234395 1374298 80 19  1  0  0  0
738  0  70000 68236852 2280096 43089352    0    0  1520 548724 231312 1304122 80 19  1  0  0  0
592  0  70000 68233464 2280096 43089364    0    0  2672 547212 232471 1363959 80 19  1  0  0  0
164  0  70000 68230892 2280096 43089380    0    0  2016 550344 227401 1345076 80 19  1  0  0  0
418  0  70000 68119096 2280096 43089396    0    0   336 556248 510942 1369884 78 21  1  0  0  0
277  0  70000 67861236 2280096 43089420    0    0  1232 546572 1117260 1204088 77 22  0  0  0  0
281  0  70000 67868832 2280096 43089428    0    0  1088 552292 829641 1288961 77 22  1  0  0  0
476  0  70000 67905888 2280096 43089444    0    0   928 547064 802806 1296805 77 22  1  0  0  0
procs -----------memory---------- ---swap-- -----io---- -system-- -------cpu-------
 r  b   swpd   free   buff  cache   si   so    bi    bo   in   cs us sy id wa st gu
636  0  70000 67903744 2280096 43089460    0    0  1824 514996 792448 1234625 77 22  1  0  0  0
518  0  70000 68007816 2280096 43089472    0    0   720 531684 1124232 1204537 77 23  0  0  0  0
355  0  70000 68026664 2280096 43089492    0    0   464 514988 789778 1259830 76 23  0  0  0  0
449  0  70000 67981724 2280100 43089500    0    0  3280 547536 599552 1309152 75 24  1  0  0  0
482  0  70000 67998064 2280100 43089536    0    0   816 544788 352334 1380870 77 23  1  0  0  0
355  0  70000 68007596 2280100 43089560    0    0   528 499876 368976 1371418 77 23  1  0  0  0
316  0  70000 68015584 2280100 43089580    0    0   704 527924 499460 1315800 77 23  1  0  0  0
510  0  70000 68046396 2280100 43089600    0    0   528 532068 265826 1402907 77 22  1  0  0  0
211  0  70000 68046380 2280100 43089620    0    0   464 529368 303835 1355402 77 22  1  0  0  0
455  0  70000 68028184 2280100 43089712    0    0   672 530560 485792 1327014 76 23  1  0  0  0
 2  0  70000 68085584 2280100 43089720    0    0  4992 543604 253654 1173306 66 18 16  0  0  0
339  0  70000 68084708 2280100 43089728    0    0  3136 520176 262315 1235778 70 20 11  0  0  0
400  0  70000 68052704 2280100 43089740    0    0   608 516952 468240 1327154 77 22  0  0  0  0
250  0  70000 68073308 2280100 43089824    0    0   896 521688 257910 1324350 78 21  0  0  0  0
258  0  70000 68096344 2280100 43089852    0    0   400 540060 266181 1353901 78 21  1  0  0  0
474  1  70000 68073268 2280100 43089860    0    0  1488 536480 395136 1333419 78 22  1  0  0  0
361  0  70000 68075560 2280100 43089876    0    0   512 527656 300623 1337194 78 22  1  0  0  0
396  1  70000 68096864 2280100 43089892    0    0   912 532180 253421 1396194 78 21  1  0  0  0
253  0  70000 68065616 2280100 43089916    0    0   496 535644 363962 1348134 78 22  1  0  0  0
455  0  70000 68103476 2280100 43089932    0    0  1600 536436 286312 1349247 78 22  1  0  0  0
372  0  70000 68073584 2280100 43089948    0    0  1904 516000 248724 1344474 78 21  1  0  0  0
procs -----------memory---------- ---swap-- -----io---- -system-- -------cpu-------
 r  b   swpd   free   buff  cache   si   so    bi    bo   in   cs us sy id wa st gu
512  0  70000 68109004 2280100 43089964    0    0  1008 537556 255462 1330591 79 21  0  0  0  0
283  1  70000 68114632 2280100 43089976    0    0   592 533140 289117 1319069 78 21  0  0  0  0
401  1  70000 68105760 2280100 43089992    0    0   448 541696 350850 1374146 78 21  1  0  0  0
255  0  70000 68090536 2280100 43090008    0    0  1696 537776 246960 1406553 78 21  1  0  0  0
186  1  70000 68099752 2280100 43090020    0    0   992 526768 261649 1313488 79 20  0  0  0  0
290  0  70000 68097244 2280100 43090032    0    0   864 528556 334859 1346828 78 22  0  0  0  0
275  0  70000 68086904 2280100 43090044    0    0   128 536908 246894 1421675 78 21  1  0  0  0
356  0  70000 68104048 2280100 43090064    0    0   912 530720 242362 1330480 79 20  0  0  0  0
412  0  70000 68111368 2280100 43090080    0    0   608 515008 316942 1363333 78 21  1  0  0  0
329  0  70000 68105220 2280100 43090096    0    0   704 535068 273660 1350712 78 21  1  0  0  0
373  0  70000 68119104 2280100 43090112    0    0  2416 531104 240376 1333299 79 20  0  0  0  0
468  0  70000 68115140 2280100 43090120    0    0  2464 533228 281602 1396311 79 21  1  0  0  0
462  0  70000 68121352 2280100 43090132    0    0  5936 527260 250275 1083408 58 16 25  1  0  0
600  0  70000 68106456 2280100 43090144    0    0   336 533516 248003 1402007 79 21  1  0  0  0
513  0  70000 68094960 2280100 43090160    0    0   432 533520 258174 1425178 78 21  1  0  0  0
271  1  70000 68109944 2280100 43090172    0    0   864 511884 289157 1313484 79 21  0  0  0  0
591  0  70000 68091172 2280100 43090188    0    0   912 529136 235949 1334263 80 20  0  0  0  0
373  1  70000 68130896 2280100 43090200    0    0     0 514476 238765 1351216 79 20  1  0  0  0
425  0  70000 68120116 2280100 43090220    0    0   512 510320 235161 1312878 79 20  1  0  0  0
561  0  70000 68115544 2280100 43090232    0    0  1520 529564 296736 1365486 78 21  1  0  0  0
281  0  70000 68101564 2280100 43090244    0    0   704 526208 247857 1350762 79 20  0  0  0  0
procs -----------memory---------- ---swap-- -----io---- -system-- -------cpu-------
 r  b   swpd   free   buff  cache   si   so    bi    bo   in   cs us sy id wa st gu
580  0  70000 68119496 2280100 43090256    0    0  1328 524972 236574 1336038 79 20  1  0  0  0
411  0  70000 68105140 2280100 43090272    0    0   720 527172 237682 1361417 79 20  0  0  0  0
390  0  70000 68119484 2280100 43090288    0    0  1616 527604 243050 1307668 80 20  1  0  0  0
119  0  70000 68121284 2280100 43090304    0    0   704 532820 269258 1371878 79 21  1  0  0  0
182  0  70000 68111992 2280100 43090316    0    0   704 531396 259532 1410406 78 21  1  0  0  0
329  0  70000 68118044 2280100 43090332    0    0   976 513024 232363 1350088 79 20  1  0  0  0
198  0  70000 68120228 2280100 43090344    0    0   960 529972 234217 1355643 80 20  0  0  0  0
221  0  70000 68119872 2280100 43090360    0    0  2608 540060 235034 1396811 79 20  1  0  0  0
340  0  70000 68140744 2280100 43090372    0    0  1856 530092 229059 1348640 80 19  1  0  0  0
262  0  70000 68154252 2280100 43090392    0    0   512 533568 240615 1398998 79 20  1  0  0  0
365  0  70000 68147000 2280100 43090400    0    0   608 531536 237812 1394075 79 20  1  0  0  0
265  0  70000 68124072 2280100 43090420    0    0   912 527724 253529 1338744 80 20  0  0  0  0
287  1  70000 68117104 2280100 43090436    0    0  1712 528880 295567 1350202 79 20  0  0  0  0
 7  0  70000 68116664 2280100 43090444    0    0  3008 541640 235888 1324717 73 18  9  0  0  0
116  0  70000 68128968 2280100 43090452    0    0 10160 513200 207181 1101584 65 16 19  0  0  0
117  0  70000 68112168 2280100 43090456    0    0   432 528248 239336 1360193 79 20  1  0  0  0
327  0  70000 68107644 2280100 43090484    0    0  1504 528228 266885 1318818 80 20  0  0  0  0
554  0  70000 68087068 2280100 43090500    0    0   224 529112 289031 1370792 78 21  1  0  0  0
235  0  70000 68102684 2280100 43090512    0    0   400 524280 236692 1335578 80 20  0  0  0  0
424  0  70000 68099480 2280100 43090528    0    0     0 509260 237104 1347256 80 20  0  0  0  0
157  0  70000 68102116 2280100 43090532    0    0   128 512476 290888 1381754 78 21  1  0  0  0
procs -----------memory---------- ---swap-- -----io---- -system-- -------cpu-------
 r  b   swpd   free   buff  cache   si   so    bi    bo   in   cs us sy id wa st gu
106  1  70000 68103472 2280100 43090548    0    0   608 532308 243033 1388902 78 21  1  0  0  0
383  0  70000 68088780 2280100 43090564    0    0   576 530848 251377 1353927 79 20  1  0  0  0
375  0  70000 68101416 2280100 43090568    0    0   976 515160 270915 1326848 79 21  1  0  0  0
71  0  70000 68106100 2280100 43090592    0    0   688 531776 238584 1361370 79 20  1  0  0  0
232  1  70000 68097404 2280104 43090600    0    0   944 532180 238571 1361288 79 20  1  0  0  0
158  0  70000 68099876 2280104 43090616    0    0   800 530640 274983 1334508 79 21  1  0  0  0
181  0  70000 68099796 2280104 43090632    0    0  1568 532652 245421 1390617 79 20  1  0  0  0
152  0  70000 68119264 2280104 43090644    0    0  1088 532848 242663 1392502 79 20  1  0  0  0
482  0  70000 68120104 2280104 43090668    0    0  1440 529820 276596 1357240 79 21  0  0  0  0
166  0  70000 68100116 2280104 43090676    0    0   816 530272 237383 1357129 79 20  1  0  0  0
515  0  70000 68110048 2280104 43090756    0    0   608 537136 238191 1410666 79 20  1  0  0  0
306  0  70000 68111048 2280104 43090772    0    0  1968 527724 269512 1289797 79 21  0  0  0  0
425  0  70000 68090220 2280104 43090788    0    0  1328 538828 242290 1401155 79 20  1  0  0  0
297  0  70000 68087876 2280104 43090796    0    0   800 514516 250828 1368075 79 20  1  0  0  0
333  0  70000 68088780 2280104 43090804    0    0  6896 532548 219509 1030758 60 15 24  1  0  0
311  0  70000 68091932 2280104 43090816    0    0   704 531532 232939 1339918 79 20  1  0  0  0
335  1  70000 68099596 2280104 43090828    0    0   784 541988 242859 1411901 78 21  1  0  0  0
281  0  70000 68096824 2280104 43090840    0    0  2016 538532 273353 1345354 79 21  1  0  0  0
243  0  70000 68096080 2280104 43090856    0    0  1632 529600 242349 1355644 79 20  0  0  0  0
280  0  70000 68078660 2280104 43090864    0    0   752 535664 278196 1370402 79 20  1  0  0  0
192  0  70000 68084036 2280104 43090888    0    0   592 545420 250409 1409712 79 21  1  0  0  0
procs -----------memory---------- ---swap-- -----io---- -system-- -------cpu-------
 r  b   swpd   free   buff  cache   si   so    bi    bo   in   cs us sy id wa st gu
166  0  70000 68069076 2280104 43090900    0    0  1408 518640 240422 1420077 79 20  1  0  0  0
225  0  70000 68095080 2280104 43090924    0    0  1568 554524 235813 1403051 79 20  1  0  0  0
274  0  70000 68110900 2280104 43090936    0    0   864 521480 234435 1414483 79 20  1  0  0  0
627  0  70000 68126196 2280112 43090948    0    0   384 538600 229155 1339473 80 19  0  0  0  0
289  0  70000 68132948 2280112 43090960    0    0   672 533616 226595 1312182 81 19  0  0  0  0
439  0  70000 68132484 2280112 43090976    0    0     0 520452 230976 1354812 80 19  0  0  0  0
331  0  70000 68142036 2280112 43090992    0    0   320 528104 230836 1369332 80 19  1  0  0  0
442  0  70000 68156108 2280112 43091004    0    0  1840 553444 231617 1385701 80 19  1  0  0  0
141  0  70000 68153700 2280112 43091016    0    0  1424 539888 234675 1363460 80 19  1  0  0  0
313  0  70000 68162320 2280112 43091032    0    0  3024 519996 229118 1327657 80 19  1  0  0  0
337  0  70000 68159008 2280112 43091044    0    0   304 534260 241758 1386685 79 19  1  0  0  0
547  0  70000 68155208 2280112 43091052    0    0  1376 526488 244574 1380707 79 20  2  0  0  0
304  0  70000 68146952 2280112 43091068    0    0  1168 493764 231958 1361153 80 19  1  0  0  0
 6  0  70000 68153724 2280112 43091080    0    0  2288 550420 226626 1256066 76 17  7  0  0  0
615  0  70000 68158732 2280112 43091088    0    0  6928 513240 211269 1128196 65 16 19  0  0  0
433  0  70000 68159976 2280112 43091100    0    0  1584 523092 232430 1340045 80 19  1  0  0  0
257  1  70000 68151848 2280112 43091116    0    0  1296 529084 235676 1384883 80 19  1  0  0  0
269  0  70000 68161472 2280112 43091128    0    0  1408 532644 240201 1337925 80 19  1  0  0  0
207  0  70000 68165140 2280112 43091140    0    0  1856 534364 233270 1363521 80 19  1  0  0  0
336  0  70000 68167036 2280112 43091160    0    0   688 529292 237571 1409130 80 19  1  0  0  0
606  0  70000 68166640 2280112 43091172    0    0   736 517508 235258 1390378 79 19  1  0  0  0
procs -----------memory---------- ---swap-- -----io---- -system-- -------cpu-------
 r  b   swpd   free   buff  cache   si   so    bi    bo   in   cs us sy id wa st gu
434  0  70000 68162292 2280112 43091176    0    0  2160 538028 234812 1355412 79 19  2  0  0  0
461  0  70000 68168688 2280112 43091208    0    0  1728 532632 236691 1421338 79 19  1  0  0  0
429  0  70000 68167972 2280112 43091220    0    0  1216 534276 231866 1364222 80 19  1  0  0  0
488  0  70000 68166468 2280112 43091224    0    0   400 541308 227200 1347483 80 19  1  0  0  0
542  0  70000 68164792 2280112 43091256    0    0     0 519468 233833 1386627 80 19  1  0  0  0
400  0  70000 68161112 2280112 43091264    0    0   704 507024 231977 1344445 80 19  1  0  0  0
124  0  70000 68164564 2280112 43091280    0    0  1264 534204 237018 1349171 80 19  1  0  0  0
343  0  70000 68156428 2280112 43091308    0    0  2592 547576 235984 1396405 79 19  2  0  0  0
258  0  70000 68158532 2280112 43091312    0    0  1872 544088 236906 1377041 80 19  1  0  0  0
318  0  70000 68156236 2280112 43091328    0    0  1040 542872 228322 1307150 81 19  1  0  0  0
476  0  70000 68153816 2280112 43091336    0    0   640 541840 231743 1357824 80 19  1  0  0  0
304  0  70000 68165356 2280112 43091360    0    0   816 548080 238711 1434443 80 19  1  0  0  0
389  0  70000 68165896 2280116 43091364    0    0  2656 546184 230588 1331759 81 18  1  0  0  0
278  0  70000 68166036 2280116 43091376    0    0  6832 522876 208399 1079683 61 14 24  1  0  0
385  0  70000 68169740 2280116 43091392    0    0  2096 538176 233471 1338053 79 19  1  0  0  0
234  0  70000 68168480 2280116 43091412    0    0  1328 543996 234440 1357419 79 19  2  0  0  0
300  0  70000 68155504 2280116 43091432    0    0  1424 538828 233538 1356651 80 19  1  0  0  0
231  1  70000 68156860 2280116 43091444    0    0  1552 541056 230790 1347432 80 19  0  0  0  0
404  0  70000 68150368 2280116 43091464    0    0  1104 539880 230524 1342727 80 19  1  0  0  0
524  0  70000 68144128 2280116 43091468    0    0  1200 540136 229909 1346081 81 19  1  0  0  0
199  0  70000 68153520 2280116 43091480    0    0   512 525768 231206 1347140 80 19  0  0  0  0
procs -----------memory---------- ---swap-- -----io---- -system-- -------cpu-------
 r  b   swpd   free   buff  cache   si   so    bi    bo   in   cs us sy id wa st gu
200  0  70000 68146144 2280116 43091496    0    0   896 544884 240209 1400923 80 20  1  0  0  0
342  0  70000 68120780 2280116 43091516    0    0  1216 541676 245255 1339658 80 19  1  0  0  0
468  0  70000 68071940 2280116 43091528    0    0   704 539268 262501 1341082 79 20  0  0  0  0
434  0  70000 68050304 2280116 43091540    0    0   816 535740 238401 1343179 80 20  0  0  0  0
490  0  70000 68061492 2280116 43091552    0    0    16 523188 234973 1363372 79 20  1  0  0  0
308  0  70000 68106164 2280116 43091568    0    0  1440 519652 244657 1308326 80 20  0  0  0  0
259  0  70000 68078620 2280120 43091572    0    0  1600 540712 247630 1376694 79 20  1  0  0  0
471  0  70000 68065448 2280120 43091680    0    0  3648 540636 236424 1350484 80 20  1  0  0  0
493  0  70000 68066756 2280120 43091692    0    0  1216 540648 237386 1363352 79 20  1  0  0  0
168  0  70000 68059384 2280120 43091704    0    0   672 539380 271031 1362240 79 20  0  0  0  0
417  0  70000 68069980 2280120 43091728    0    0   816 537900 235644 1349991 79 20  1  0  0  0
354  0  70000 68075732 2280120 43091732    0    0  1456 518336 235575 1332478 80 20  0  0  0  0
284  1  70000 68086388 2280120 43091744    0    0  2000 537096 234038 1331108 80 20  0  0  0  0
 5  1  70000 68074444 2280120 43091760    0    0  3216 552860 256860 1306049 73 19  8  0  0  0
507  0  70000 68070188 2280120 43091764    0    0  3296 542040 225902 1232711 65 17 18  1  0  0
607  0  70000 68074728 2280120 43091780    0    0   768 543592 237971 1419555 79 20  1  0  0  0
278  0  70000 68053872 2280120 43091796    0    0  1600 538128 251497 1364235 79 20  0  0  0  0
319  0  70000 68057952 2280120 43091808    0    0   480 537644 240535 1364996 79 20  1  0  0  0
519  0  70000 68066064 2280120 43091820    0    0  1552 539500 244657 1403836 79 20  1  0  0  0
349  0  70000 68065460 2280120 43091832    0    0   624 517192 263246 1333255 79 20  0  0  0  0
288  0  70000 68045348 2280120 43091848    0    0   720 552164 237592 1357796 80 20  1  0  0  0
procs -----------memory---------- ---swap-- -----io---- -system-- -------cpu-------
 r  b   swpd   free   buff  cache   si   so    bi    bo   in   cs us sy id wa st gu
431  0  70000 68050528 2280120 43091864    0    0   400 523368 262962 1395926 78 21  1  0  0  0
396  0  70000 68048188 2280120 43091884    0    0   736 533280 234024 1332112 80 20  0  0  0  0
602  0  70000 68061780 2280120 43091892    0    0   848 539252 242525 1406541 79 20  1  0  0  0
447  0  70000 68073904 2280120 43091908    0    0   624 535816 256914 1363222 79 20  1  0  0  0
496  0  70000 68056296 2280120 43091920    0    0  1632 533876 234543 1311862 79 20  1  0  0  0
423  0  70000 68075804 2280120 43091936    0    0   480 541092 244881 1409624 79 20  1  0  0  0
172  0  70000 68052616 2280120 43091952    0    0   864 538648 260781 1417901 78 21  1  0  0  0
521  0  70000 68057904 2280120 43091972    0    0   640 546320 248525 1420554 79 20  1  0  0  0
306  0  70000 68051704 2280120 43091984    0    0   976 526268 261354 1379165 79 20  0  0  0  0
361  0  70000 68052340 2280120 43092000    0    0   864 561752 240117 1378397 79 20  1  0  0  0
266  0  70000 68048100 2280120 43092012    0    0   368 527704 235529 1372083 79 20  1  0  0  0
301  1  70000 68051004 2280120 43092024    0    0     0 537412 241909 1421018 79 20  1  0  0  0
299  0  70000 68075492 2280120 43092036    0    0    96 514136 234489 1394732 80 19  1  0  0  0
 4  3  70000 68078020 2280120 43092044    0    0  7088 627640 224924 1206104 70 17 13  0  0  0
524  0  70000 68050928 2280120 43092052    0    0  2736 459464 252925 1196592 69 18 13  1  0  0
389  0  70000 68037632 2280120 43092072    0    0   624 578312 240550 1377886 79 20  1  0  0  0
331  0  70000 68055408 2280120 43092080    0    0  1056 516932 238139 1382237 79 20  1  0  0  0
312  0  70000 68051356 2280120 43092096    0    0  1888 531500 230783 1353430 80 19  0  0  0  0
418  0  70000 68073684 2280120 43092104    0    0   304 520268 238499 1422857 79 20  1  0  0  0
188  1  70000 68087288 2280120 43092120    0    0   672 578684 238357 1402973 79 20  1  0  0  0
355  0  70000 68093952 2280120 43092140    0    0   640 505736 228573 1399213 80 19  1  0  0  0
procs -----------memory---------- ---swap-- -----io---- -system-- -------cpu-------
 r  b   swpd   free   buff  cache   si   so    bi    bo   in   cs us sy id wa st gu
371  0  70000 68097456 2280120 43092148    0    0  1952 588660 235116 1369714 80 19  1  0  0  0
400  1  70000 68109796 2280120 43092160    0    0   736 500932 228535 1377895 80 19  1  0  0  0
277  1  70000 68117844 2280120 43092180    0    0   448 563516 234920 1400780 79 20  1  0  0  0
282  0  70000 68126256 2280120 43092192    0    0  1872 527448 232484 1354262 80 19  1  0  0  0
354  1  70000 68117928 2280120 43092208    0    0  1376 539320 234972 1334399 80 19  1  0  0  0
270  0  70000 68119168 2280120 43092224    0    0   464 623216 243138 1432721 79 19  1  0  0  0
446  0  70000 68111564 2280120 43092244    0    0  1264 463608 231629 1346277 80 19  1  0  0  0
204  0  70000 68116476 2280120 43092244    0    0   960 517188 229544 1360246 81 19  1  0  0  0
522  1  70000 68119792 2280120 43092260    0    0  1072 516624 232444 1315458 80 19  1  0  0  0
312  0  70000 68120760 2280120 43092280    0    0  3744 549224 227965 1334171 81 19  1  0  0  0
269  0  70000 68119688 2280120 43092288    0    0   960 531476 228619 1364524 80 19  1  0  0  0
291  0  70000 68120220 2280120 43092312    0    0   736 540084 225275 1358894 80 19  1  0  0  0
362  1  70000 68119832 2280120 43092324    0    0   896 533044 229414 1344997 81 19  0  0  0  0
554  0  70000 68108172 2280120 43092328    0    0  1392 543952 227514 1321311 81 18  1  0  0  0
179  1  70000 68115140 2280120 43092352    0    0  6464 548076 207574 1096745 59 14 26  1  0  0
254  1  70000 68116100 2280120 43092356    0    0  1056 575828 230419 1357257 80 19  1  0  0  0
318  0  70000 68116628 2280120 43092360    0    0  1072 474936 227564 1346172 80 19  1  0  0  0
411  0  70000 68124088 2280120 43092388    0    0   880 602144 238355 1379607 80 19  1  0  0  0
329  0  70000 68121636 2280120 43092404    0    0  1792 468556 227180 1339467 79 19  1  0  0  0
388  0  70000 68126744 2280120 43092424    0    0  1056 552856 235229 1398034 80 19  1  0  0  0
368  0  70000 68130000 2280120 43092436    0    0  1184 534972 235917 1373419 80 19  1  0  0  0
procs -----------memory---------- ---swap-- -----io---- -system-- -------cpu-------
 r  b   swpd   free   buff  cache   si   so    bi    bo   in   cs us sy id wa st gu
349  1  70000 68113936 2280120 43092448    0    0  1040 582912 234766 1372834 80 19  1  0  0  0
391  0  70000 68117876 2280120 43092464    0    0  3312 469400 227498 1343152 80 19  1  0  0  0
330  0  70000 68115364 2280120 43092476    0    0  1360 564184 235456 1353918 80 19  1  0  0  0
298  0  70000 68122052 2280120 43092568    0    0  1280 468996 232325 1341138 80 19  1  0  0  0
455  0  70000 68122220 2280120 43092584    0    0  1120 557212 238949 1359556 79 19  1  0  0  0
489  0  70000 68117712 2280120 43092600    0    0  2592 543988 234468 1353953 80 19  1  0  0  0
250  0  70000 68114032 2280120 43092612    0    0  2416 581664 235596 1338336 80 19  1  0  0  0
317  0  70000 68118068 2280120 43092624    0    0  1008 481952 227247 1350244 80 19  1  0  0  0
569  0  70000 68117328 2280120 43092644    0    0  1040 513452 231336 1347271 80 19  1  0  0  0
650  0  70000 68106592 2280120 43092668    0    0   976 530628 232513 1337522 80 19  1  0  0  0
158  1  70000 68101264 2280120 43092684    0    0  1344 555484 232169 1411192 80 19  1  0  0  0
581  0  70000 68111268 2280120 43092700    0    0  3168 487792 235824 1374479 80 19  1  0  0  0
621  0  70000 68109864 2280120 43092708    0    0   816 596864 235582 1354216 81 18  1  0  0  0
430  0  70000 68103092 2280120 43092720    0    0  7952 527472 199382 1046559 60 14 26  0  0  0
642  0  70000 68104704 2280120 43092732    0    0  4800 470016 230897 1334097 80 19  1  0  0  0
271  0  70000 68107332 2280120 43092744    0    0   928 569048 234344 1365867 79 19  1  0  0  0
249  1  70000 68101032 2280120 43092760    0    0   912 526952 233631 1335879 80 19  2  0  0  0
415  0  70000 68109972 2280120 43092776    0    0   880 525256 239372 1396177 79 19  1  0  0  0
466  0  70000 68117688 2280120 43092788    0    0  1232 605980 233534 1356430 80 19  1  0  0  0
240  1  70000 68116808 2280120 43092804    0    0  1440 520332 235023 1359435 79 19  1  0  0  0
495  0  70000 68119660 2280120 43092820    0    0   368 539576 233159 1363797 80 19  1  0  0  0
procs -----------memory---------- ---swap-- -----io---- -system-- -------cpu-------
 r  b   swpd   free   buff  cache   si   so    bi    bo   in   cs us sy id wa st gu
90  2  70000 68110596 2280120 43092836    0    0  2768 615056 236264 1329429 80 19  1  0  0  0
102  4  70000 68102736 2280120 43092848    0    0   960 498500 233095 1393850 79 19  1  0  0  0
485  0  70000 68098632 2280120 43092860    0    0  1312 504588 233607 1341683 80 19  1  0  0  0
308  2  70000 68100712 2280120 43092888    0    0  1216 522888 233014 1380231 79 19  2  0  0  0
224  0  70000 68102040 2280120 43092904    0    0   864 520444 233597 1343624 80 19  1  0  0  0
452  0  70000 68102412 2280120 43092916    0    0  1872 519336 228887 1358230 80 19  1  0  0  0
305  1  70000 68105196 2280120 43092928    0    0  2256 648628 231565 1313342 80 19  1  0  0  0
411  0  70000 68107784 2280120 43092940    0    0   944 490588 233445 1346803 80 19  1  0  0  0
583  0  70000 68100332 2280120 43092952    0    0   720 521672 235680 1387150 80 19  1  0  0  0
276  2  70000 68100768 2280120 43092968    0    0  1792 523424 234687 1337603 80 19  1  0  0  0
336  0  70000 68103348 2280120 43092980    0    0  1248 521076 228120 1306728 81 19  0  0  0  0
638  0  70000 68100292 2280120 43092988    0    0  1616 560460 234307 1345878 80 19  1  0  0  0
485  1  70000 68102144 2280124 43093000    0    0 12864 578512 208329 1023237 58 14 27  0  0  0
155  2  70000 68096776 2280124 43093016    0    0  4144 520044 232796 1409607 80 19  1  0  0  0
675  0  70000 68105780 2280124 43093032    0    0  2160 554160 238438 1334988 79 19  2  0  0  0
535  0  70000 68116140 2280124 43093044    0    0   608 558072 238578 1353724 79 19  2  0  0  0
368  0  70000 68104824 2280124 43093060    0    0   720 520436 229259 1353053 80 19  1  0  0  0
284  1  70000 68108316 2280124 43093072    0    0   656 553752 234869 1430606 79 20  1  0  0  0
211  3  70000 68108308 2280124 43093084    0    0  1648 527804 232384 1322130 80 19  1  0  0  0
645  0  70000 68103792 2280124 43093100    0    0  2144 560432 227810 1323505 80 19  1  0  0  0
692  0  70000 68103064 2280124 43093116    0    0  1456 492008 242250 1312690 79 19  2  0  0  0
procs -----------memory---------- ---swap-- -----io---- -system-- -------cpu-------
 r  b   swpd   free   buff  cache   si   so    bi    bo   in   cs us sy id wa st gu
171  0  70000 68071812 2280124 43093128    0    0   752 548684 275502 1337376 80 19  1  0  0  0
316  0  70000 68053352 2280124 43093144    0    0   384 534184 222858 1330560 80 19  1  0  0  0
272  2  70000 68045372 2280124 43093160    0    0     0 517568 224987 1363393 80 19  1  0  0  0
297  1  70000 68050216 2280124 43093172    0    0   880 607540 230166 1389872 80 19  1  0  0  0
99  0  70000 68057624 2280124 43093176    0    0  1920 476936 230097 1407831 80 19  1  0  0  0
553  0  70000 68079884 2280124 43093188    0    0  2096 563464 239763 1400173 79 20  1  0  0  0
232  1  70000 68084000 2280124 43093200    0    0   736 523224 229986 1364817 80 19  1  0  0  0
413  0  70000 68075892 2280124 43093216    0    0   896 521572 236713 1402795 80 20  1  0  0  0
214  1  70000 68079216 2280124 43093232    0    0  2208 553852 234146 1379752 80 19  1  0  0  0
296  2  70000 68081872 2280124 43093248    0    0   624 621928 234294 1346004 80 19  1  0  0  0
616  0  70000 68079032 2280124 43093260    0    0   864 475380 228878 1376345 80 19  2  0  0  0
288  0  70000 68091528 2280128 43093268    0    0  8256 772576 216164 1037635 60 14 26  1  0  0
400  0  70000 68082076 2280128 43093280    0    0  1312 250204 222348 1334746 81 19  1  0  0  0
183  2  70000 68073244 2280128 43093300    0    0  1376 591668 233038 1375808 80 19  1  0  0  0
143  1  70000 68085392 2280128 43093316    0    0   960 503720 230161 1421697 80 19  1  0  0  0
512  0  70000 68091960 2280128 43093332    0    0   784 530052 234101 1364478 80 19  1  0  0  0
252  1  70000 68095320 2280132 43093344    0    0  2832 687172 245222 1360565 80 19  1  0  0  0
340  0  70000 68102624 2280132 43093360    0    0  1008 405332 227316 1361599 80 19  1  0  0  0
345  0  70000 68101556 2280132 43093376    0    0   816 583972 235453 1415296 79 19  1  0  0  0
415  2  70000 68098224 2280132 43093388    0    0   752 486128 236952 1375988 80 19  1  0  0  0
264  1  70000 68095272 2280132 43093400    0    0  1072 696396 238401 1393012 79 19  2  0  0  0
procs -----------memory---------- ---swap-- -----io---- -system-- -------cpu-------
 r  b   swpd   free   buff  cache   si   so    bi    bo   in   cs us sy id wa st gu
236  0  70000 68101508 2280132 43093480    0    0  1072 401536 222993 1336414 80 19  1  0  0  0
203  0  70000 68096568 2280132 43093492    0    0  1008 521868 228599 1370096 80 19  1  0  0  0
407  0  70000 68088972 2280132 43093512    0    0     0 540248 235369 1408247 79 20  1  0  0  0
255  0  70000 68080672 2280132 43093520    0    0   736 490156 229932 1333137 81 19  0  0  0  0
475  0  70000 68074600 2280132 43093532    0    0  1216 560756 223363 1322535 80 19  1  0  0  0
562  0  70000 68078876 2280132 43093552    0    0  2480 567188 230594 1357351 79 19  1  0  0  0
478  0  70000 68082284 2280132 43093564    0    0  2624 496740 229946 1353179 80 19  1  0  0  0
383  1  70000 68083848 2280132 43093580    0    0  1248 564452 227535 1330921 80 19  1  0  0  0
559  0  70000 68084936 2280132 43093596    0    0  2512 550744 239073 1348673 79 19  2  0  0  0
381  0  70000 68081568 2280132 43093608    0    0  1264 532436 234885 1385704 80 19  1  0  0  0
520  1  70000 68076572 2280136 43093616    0    0  7456 765168 208469 1065354 60 14 25  1  0  0
422  0  70000 68091816 2280136 43093628    0    0  1168 374908 222715 1364850 80 19  1  0  0  0
309  1  70000 68082460 2280136 43093644    0    0   672 536048 227711 1381751 80 19  1  0  0  0
332  0  70000 68085176 2280136 43093656    0    0   800 632928 233363 1383648 80 19  1  0  0  0
197  2  70000 68082032 2280136 43093676    0    0  1472 472608 231576 1396490 80 19  1  0  0  0
346  0  70000 68081468 2280136 43093688    0    0  1472 554872 234743 1352118 80 19  1  0  0  0
233  1  70000 68066700 2280136 43093704    0    0   816 471712 226107 1336094 80 19  1  0  0  0
482  0  70000 68079084 2280136 43093716    0    0  1696 547996 231663 1392486 80 19  1  0  0  0
489  0  70000 68077552 2280136 43093728    0    0  1072 573556 231127 1384886 80 19  1  0  0  0
276  1  70000 68068400 2280136 43093744    0    0  1072 530268 230022 1382255 80 19  1  0  0  0
399  0  70000 68074604 2280140 43093760    0    0   992 586116 236229 1350129 80 19  1  0  0  0
procs -----------memory---------- ---swap-- -----io---- -system-- -------cpu-------
 r  b   swpd   free   buff  cache   si   so    bi    bo   in   cs us sy id wa st gu
416  1  70000 68086524 2280140 43093776    0    0  2768 554424 234669 1302206 80 19  1  0  0  0
274  1  70000 68052684 2280140 43093788    0    0   272 513800 302823 1352141 80 20  1  0  0  0
287  1  70000 68022504 2280140 43093804    0    0  1552 539720 234377 1392220 80 19  1  0  0  0
414  0  70000 68039688 2280140 43093816    0    0  4000 509144 231455 1318554 80 19  1  0  0  0
460  1  70000 68037940 2280140 43093828    0    0   976 462252 229255 1340346 80 19  1  0  0  0
505  0  70000 68043956 2280140 43093840    0    0  1280 601892 227071 1294589 81 19  0  0  0  0
297  0  70000 68039128 2280140 43093856    0    0  1440 457932 232917 1359528 80 19  1  0  0  0
284  0  70000 68038120 2280140 43093872    0    0   560 702040 244758 1406024 79 19  2  0  0  0
390  0  70000 68035920 2280140 43093884    0    0  1216 507760 235001 1383791 80 19  1  0  0  0
211  1  70000 68047568 2280140 43093888    0    0   752 443568 225311 1361239 81 18  0  0  0  0
390  0  70000 68043400 2280140 43093896    0    0  7632 730608 212337 1088948 60 15 25  0  0  0
300  0  70000 68041072 2280140 43093912    0    0  1472 392780 231737 1392608 80 19  1  0  0  0
271  1  70000 68058988 2280140 43093924    0    0  2576 454156 230513 1293506 80 19  1  0  0  0
454  1  70000 68063592 2280140 43093936    0    0  1904 537832 229390 1327061 80 19  1  0  0  0
344  2  70000 68069480 2280140 43093952    0    0  2832 661800 243871 1384741 79 19  1  0  0  0
605  1  70000 68074236 2280140 43093968    0    0  2448 381028 221667 1317604 81 19  1  0  0  0
518  0  70000 68068400 2280140 43093980    0    0   880 572604 240809 1403479 79 19  1  0  0  0
622  0  70000 68065948 2280140 43093992    0    0  1664 660020 235111 1319326 80 19  1  0  0  0
336  2  70000 68067396 2280140 43094004    0    0   624 462616 230357 1350005 80 19  1  0  0  0
561  0  70000 68057380 2280140 43094012    0    0   400 472316 230979 1358077 80 19  1  0  0  0
296  1  70000 68068100 2280140 43094028    0    0  2304 525288 234232 1396191 79 19  1  0  0  0
procs -----------memory---------- ---swap-- -----io---- -system-- -------cpu-------
 r  b   swpd   free   buff  cache   si   so    bi    bo   in   cs us sy id wa st gu
296  1  70000 68071224 2280140 43094044    0    0  2832 486624 228351 1336422 80 19  1  0  0  0
474  0  70000 68066164 2280140 43094064    0    0   928 531292 226791 1333291 81 19  0  0  0  0
452  0  70000 68068712 2280140 43094076    0    0  1360 539872 233225 1324517 79 19  1  0  0  0
557  0  70000 68075688 2280144 43094088    0    0   608 513016 228089 1364109 80 19  1  0  0  0
348  0  70000 68074024 2280144 43094100    0    0  1584 638012 232814 1323909 80 19  1  0  0  0
691  1  70000 68072156 2280144 43094112    0    0  1280 582412 234088 1341595 80 19  1  0  0  0
362  1  70000 68078168 2280144 43094136    0    0  1120 582156 233093 1342968 80 19  1  0  0  0
473  0  70000 68078984 2280144 43094148    0    0  1008 412944 228559 1335301 80 19  1  0  0  0
221  1  70000 68068568 2280144 43094164    0    0   720 651252 235611 1384452 80 19  1  0  0  0
640  0  70000 68072412 2280144 43094172    0    0   608 613252 244791 1429720 79 19  2  0  0  0
684  0  70000 68062624 2280144 43094176    0    0 10800 484716 204250 1031708 59 14 27  0  0  0
446  0  70000 68063012 2280144 43094196    0    0   896 628292 238345 1415419 79 19  1  0  0  0
531  0  70000 68068432 2280144 43094212    0    0  2528 406340 229940 1355466 80 19  1  0  0  0
418  0  70000 68054584 2280144 43094224    0    0  1424 653312 236729 1377756 80 19  1  0  0  0
385  0  70000 68055312 2280144 43094248    0    0  1328 469524 230670 1341139 80 19  1  0  0  0
251  0  70000 68051276 2280144 43094260    0    0   112 485848 230584 1313614 81 19  1  0  0  0
141  2  70000 68043912 2280144 43094272    0    0   624 527032 221497 1340501 81 19  0  0  0  0
288  2  70000 68050548 2280144 43094288    0    0  1136 556596 232141 1314686 80 19  1  0  0  0
612  0  70000 68049192 2280144 43094368    0    0  1392 400324 222618 1302994 81 19  0  0  0  0
338  1  70000 68065040 2280144 43094380    0    0  1296 715708 245346 1352920 80 19  1  0  0  0
329  1  70000 68054756 2280144 43094396    0    0  1600 506984 235454 1329912 80 19  1  0  0  0
procs -----------memory---------- ---swap-- -----io---- -system-- -------cpu-------
 r  b   swpd   free   buff  cache   si   so    bi    bo   in   cs us sy id wa st gu
365  0  70000 68061688 2280144 43094408    0    0  1328 672204 244799 1385722 79 19  2  0  0  0
525  0  70000 68067128 2280144 43094420    0    0  1504 524816 235696 1398177 79 19  2  0  0  0
406  0  70000 68057480 2280148 43094436    0    0  3136 442948 273887 1331929 80 19  1  0  0  0
642  0  70000 68039464 2280148 43094452    0    0  1456 427200 308881 1293227 80 19  1  0  0  0
583  0  70000 68000004 2280148 43094464    0    0  1328 581232 324982 1346880 79 20  2  0  0  0
434  0  70000 67996752 2280148 43094476    0    0  1552 577644 345824 1350725 79 20  1  0  0  0
569  0  70000 67929048 2280148 43094488    0    0  1104 585948 318230 1370680 80 19  1  0  0  0
412  1  70000 67998692 2280148 43094504    0    0  1424 569120 245670 1344271 80 20  0  0  0  0
512  0  70000 67959600 2280148 43094516    0    0  1280 531880 308695 1367715 80 19  1  0  0  0
 6  0  70000 67927696 2280148 43094524    0    0  4304 631796 225296 1195467 72 17 11  0  0  0
279  0  70000 67981352 2280148 43094532    0    0  5648 402224 287832 1190457 69 17 14  0  0  0
208  0  70000 67891644 2280148 43094552    0    0  1536 535584 307234 1338848 79 20  0  0  0  0
255  0  70000 67953268 2280148 43094568    0    0  1632 529444 298014 1326644 80 20  1  0  0  0
222  1  70000 67911912 2280148 43094580    0    0   256 603576 292206 1401983 79 21  1  0  0  0
644  0  70000 67948764 2280148 43094592    0    0   176 491932 236885 1366635 79 20  0  0  0  0
392  0  70000 67942884 2280148 43094604    0    0   864 441232 233356 1337947 80 19  1  0  0  0
298  0  70000 67934492 2280148 43094628    0    0  2256 684400 237135 1387298 79 20  1  0  0  0
341  0  70000 67956388 2280148 43094644    0    0  1232 527152 261366 1397295 78 21  1  0  0  0
458  0  70000 67930344 2280148 43094652    0    0  1504 517240 232999 1356339 79 20  1  0  0  0
484  1  70000 67931900 2280148 43094664    0    0   928 549060 274547 1359878 79 20  1  0  0  0
307  0  70000 67943216 2280148 43094676    0    0   752 533536 277439 1327066 79 21  0  0  0  0
procs -----------memory---------- ---swap-- -----io---- -system-- -------cpu-------
 r  b   swpd   free   buff  cache   si   so    bi    bo   in   cs us sy id wa st gu
636  0  70000 67941532 2280148 43094696    0    0   224 618892 279285 1397252 79 20  1  0  0  0
382  0  70000 67945728 2280148 43094708    0    0   352 514880 316474 1355689 79 20  1  0  0  0
193  0  70000 67955012 2280148 43094720    0    0   464 543080 260709 1357890 79 20  1  0  0  0
335  0  70000 67922164 2280148 43094732    0    0  1840 560348 307632 1390933 79 21  1  0  0  0
393  0  70000 67938732 2280148 43094748    0    0  2768 524104 306649 1330636 79 21  0  0  0  0
489  0  70000 67919064 2280148 43094764    0    0   480 550236 287094 1350747 79 20  0  0  0  0
512  0  70000 67913444 2280148 43094780    0    0  1248 440288 275981 1332037 79 21  0  0  0  0
172  1  70000 67924948 2280148 43094796    0    0   368 671012 248482 1413037 78 21  1  0  0  0
344  0  70000 67937864 2280148 43094812    0    0  1744 534268 255876 1370286 80 20  0  0  0  0
290  0  70000 67936008 2280148 43094824    0    0   768 563140 237615 1365151 80 19  1  0  0  0
400  0  70000 67979044 2280148 43094832    0    0  6688 547580 201947 1004602 59 15 26  0  0  0
405  0  70000 67961036 2280148 43094852    0    0  1792 481312 246563 1363382 80 20  1  0  0  0
487  0  70000 67929376 2280148 43094868    0    0  1312 594536 251072 1325908 78 20  2  0  0  0
304  0  70000 67942340 2280148 43094884    0    0  1024 420408 238342 1366059 79 20  1  0  0  0
222  2  70000 67955044 2280148 43094896    0    0   928 608364 237531 1327619 80 20  0  0  0  0
323  0  70000 67957328 2280148 43094908    0    0   784 559384 260722 1346432 79 20  0  0  0  0
308  0  70000 67960764 2280148 43094924    0    0  4432 522008 234825 1323915 80 20  0  0  0  0
506  1  70000 67955212 2280148 43094940    0    0   544 532280 228582 1330895 80 19  0  0  0  0
367  0  70000 67951620 2280148 43094952    0    0  1392 549500 229496 1305153 80 19  1  0  0  0
368  0  70000 67979688 2280148 43094964    0    0  2336 463732 224012 1335895 81 19  1  0  0  0
463  0  70000 67980408 2280148 43094968    0    0  3504 594284 236481 1363888 80 19  1  0  0  0
procs -----------memory---------- ---swap-- -----io---- -system-- -------cpu-------
 r  b   swpd   free   buff  cache   si   so    bi    bo   in   cs us sy id wa st gu
273  1  70000 68000140 2280148 43094984    0    0   224 496284 230913 1373877 80 19  1  0  0  0
373  0  70000 68002024 2280148 43094996    0    0   272 528052 225897 1366423 80 19  1  0  0  0
455  1  70000 68000108 2280148 43095012    0    0   736 520036 232720 1361782 80 19  1  0  0  0
427  0  70000 68014752 2280148 43095024    0    0   528 554876 233971 1378631 80 19  1  0  0  0
462  0  70000 68023672 2280148 43095040    0    0   384 601128 232026 1369379 80 19  1  0  0  0
363  0  70000 68016744 2280148 43095052    0    0   704 523392 222233 1356130 81 19  1  0  0  0
297  0  70000 68016872 2280148 43095072    0    0  1104 559356 226123 1355340 80 19  1  0  0  0
212  0  70000 68018852 2280148 43095084    0    0   624 526260 234330 1399467 80 19  1  0  0  0
324  1  70000 68017580 2280148 43095096    0    0   800 542944 225478 1354903 80 19  1  0  0  0
509  0  70000 68031896 2280148 43095108    0    0  1104 448008 226554 1313019 81 19  0  0  0  0
333  0  70000 68024944 2280148 43095124    0    0   624 637440 239530 1390360 80 19  1  0  0  0
 6  1  70000 68020216 2280148 43095136    0    0  4672 531992 223669 1226262 71 17 12  0  0  0
127  0  70000 68027260 2280148 43095148    0    0  6608 490528 207249 1156250 69 16 14  0  0  0
383  0  70000 68024328 2280148 43095164    0    0   624 550156 234447 1364912 80 19  1  0  0  0
289  2  70000 68035784 2280148 43095176    0    0   704 559320 229126 1388965 80 20  1  0  0  0
224  0  70000 68033000 2280148 43095260    0    0   688 523864 233714 1379461 80 19  1  0  0  0
817  0  70000 68040532 2280148 43095272    0    0  2656 528980 226008 1330187 81 19  1  0  0  0
254  0  70000 68041664 2280148 43095292    0    0  1568 529500 230773 1380307 80 19  1  0  0  0
530  0  70000 68033736 2280148 43095304    0    0   176 488568 228351 1344897 80 19  1  0  0  0
322  0  70000 68025344 2280148 43095316    0    0   944 527828 236907 1395602 80 19  1  0  0  0
235  0  70000 68033224 2280148 43095332    0    0   768 534612 229563 1338788 80 19  1  0  0  0
procs -----------memory---------- ---swap-- -----io---- -system-- -------cpu-------
 r  b   swpd   free   buff  cache   si   so    bi    bo   in   cs us sy id wa st gu
265  0  70000 68028788 2280148 43095344    0    0  1264 529940 229912 1358538 80 19  1  0  0  0
199  0  70000 68027572 2280148 43095360    0    0  1024 533096 231583 1341545 80 19  1  0  0  0
336  2  70000 68038736 2280148 43095380    0    0  1648 529060 230987 1374106 80 19  1  0  0  0
319  0  70000 68028716 2280148 43095392    0    0  1360 516244 225901 1339671 81 19  1  0  0  0
189  0  70000 68016844 2280148 43095404    0    0  1216 516544 231243 1358113 80 19  1  0  0  0
602  0  70000 68023668 2280148 43095416    0    0   832 535788 235474 1352091 80 19  1  0  0  0
441  1  70000 68031788 2280148 43095432    0    0  1472 560240 231372 1379142 80 19  1  0  0  0
291  0  70000 68024248 2280148 43095444    0    0   448 429668 221351 1328354 81 19  0  0  0  0
354  1  70000 68022396 2280148 43095468    0    0  1584 619096 233100 1368524 80 19  1  0  0  0
325  0  70000 68037056 2280148 43095480    0    0  2560 545436 236076 1387231 81 19  1  0  0  0
451  0  70000 68030412 2280148 43095500    0    0  1600 500588 230615 1355070 81 19  0  0  0  0
341  1  70000 68025488 2280148 43095512    0    0  7824 575192 207268 1067263 59 14 26  0  0  0
362  0  70000 68026508 2280148 43095520    0    0  1488 542264 227545 1356698 80 19  1  0  0  0
524  0  70000 68040080 2280148 43095532    0    0  1440 547456 236122 1407560 79 20  2  0  0  0
529  1  70000 68035416 2280148 43095548    0    0   816 543128 226522 1363560 80 19  1  0  0  0
293  0  70000 68046184 2280148 43095564    0    0   736 525536 229795 1386756 80 19  1  0  0  0
213  0  70000 68027764 2280148 43095588    0    0  1088 547280 229702 1357879 81 19  0  0  0  0
179  0  70000 68022560 2280148 43095600    0    0  1152 539484 230912 1397158 80 19  1  0  0  0
375  0  70000 68026092 2280148 43095612    0    0   384 525848 230316 1348465 80 19  1  0  0  0
446  0  70000 68025240 2280148 43095624    0    0    16 531056 233333 1399534 80 19  1  0  0  0
257  0  70000 68019576 2280148 43095636    0    0   816 551680 223699 1364042 81 19  1  0  0  0
procs -----------memory---------- ---swap-- -----io---- -system-- -------cpu-------
 r  b   swpd   free   buff  cache   si   so    bi    bo   in   cs us sy id wa st gu
496  0  70000 68024172 2280148 43095652    0    0  1072 519872 221501 1341171 81 19  0  0  0  0
517  0  70000 68027704 2280148 43095664    0    0  2752 569720 227634 1369988 80 19  1  0  0  0
457  0  70000 68020608 2280148 43095680    0    0  1392 544608 228117 1348020 80 19  1  0  0  0
523  0  70000 68027596 2280148 43095692    0    0  1344 540532 233827 1355095 80 19  1  0  0  0
152  0  70000 68025764 2280148 43095704    0    0  1008 542028 221999 1346541 80 19  1  0  0  0
391  0  70000 68029840 2280148 43095720    0    0   752 528308 226885 1372662 80 19  1  0  0  0
398  0  70000 68042572 2280148 43095732    0    0  1360 571056 231634 1416207 79 19  2  0  0  0
220  0  70000 68041432 2280148 43095744    0    0   704 532128 223964 1339395 80 19  1  0  0  0
329  0  70000 68035796 2280148 43095756    0    0  1296 550344 228258 1382320 80 19  1  0  0  0
122  0  70000 68034328 2280148 43095768    0    0   784 546300 226818 1381319 80 19  1  0  0  0
518  0  70000 68034856 2280148 43095780    0    0  1088 546052 229933 1405911 80 19  1  0  0  0
551  0  70000 68033692 2280148 43095792    0    0  5136 541372 200692 1056905 60 14 25  1  0  0
573  0  70000 68038460 2280148 43095800    0    0  1408 540796 221805 1324680 81 19  1  0  0  0
203  0  70000 68037024 2280148 43095816    0    0  1280 549836 225571 1378102 80 19  1  0  0  0
423  0  70000 68030488 2280148 43095828    0    0  1056 546992 231171 1395072 80 19  1  0  0  0
381  0  70000 68029548 2280148 43095844    0    0  1504 530396 233602 1400555 79 19  1  0  0  0
284  0  70000 68030108 2280148 43095860    0    0  2080 542204 221017 1287821 81 19  0  0  0  0
456  0  70000 68041300 2280148 43095876    0    0  1408 542020 228418 1359431 80 19  1  0  0  0
346  0  70000 68034680 2280148 43095884    0    0  1744 543340 225115 1355417 80 19  1  0  0  0
642  0  70000 68030824 2280148 43095900    0    0  1088 541744 226216 1353904 80 19  1  0  0  0
467  0  70000 68019588 2280148 43095912    0    0   816 543288 230616 1357388 80 19  1  0  0  0
procs -----------memory---------- ---swap-- -----io---- -system-- -------cpu-------
 r  b   swpd   free   buff  cache   si   so    bi    bo   in   cs us sy id wa st gu
332  0  70000 68027612 2280148 43095928    0    0  1328 539012 231532 1359573 80 19  1  0  0  0
97  0  70000 68020788 2280148 43095940    0    0   272 526220 229347 1386319 80 19  1  0  0  0
363  0  70000 68025348 2280148 43095956    0    0  1088 528192 231603 1336679 80 19  1  0  0  0
381  0  70000 68028728 2280148 43095968    0    0  1120 542372 233738 1379066 80 19  1  0  0  0
503  0  70000 68026220 2280148 43095984    0    0  1184 545776 231402 1357661 80 19  1  0  0  0
326  0  70000 68023404 2280148 43095996    0    0   576 546308 233599 1406670 80 19  1  0  0  0
484  0  70000 68031896 2280148 43096008    0    0  1504 554232 229967 1323748 80 19  1  0  0  0
479  0  70000 68030788 2280148 43096016    0    0  1504 527440 225243 1346331 80 19  1  0  0  0
625  0  70000 68017212 2280148 43096036    0    0  1248 542972 234708 1381538 79 20  1  0  0  0
381  0  70000 68007556 2280148 43096148    0    0  1664 544628 231583 1324254 80 19  1  0  0  0
435  0  70000 68009256 2280148 43096140    0    0  1424 549896 233770 1356121 81 18  1  0  0  0
248  0  70000 68009112 2280148 43096144    0    0  9328 558340 201352 1067727 60 14 25  0  0  0
495  0  70000 68021028 2280148 43096244    0    0  1856 543672 224805 1303332 81 19  1  0  0  0
399  0  70000 68009324 2280148 43096256    0    0  1984 542464 235479 1315258 81 19  1  0  0  0
313  0  70000 68012172 2280148 43096268    0    0   880 545508 231327 1400786 80 19  1  0  0  0
433  0  70000 68017788 2280148 43096288    0    0   848 543596 226377 1353354 80 19  1  0  0  0
279  1  70000 68010480 2280148 43096300    0    0  1280 543936 232139 1380119 80 19  1  0  0  0
357  0  70000 68021080 2280148 43096312    0    0  1872 551488 233441 1399474 80 19  1  0  0  0
451  0  70000 68023240 2280148 43096324    0    0  2000 529336 229641 1339918 80 19  1  0  0  0
348  0  70000 68023044 2280148 43096340    0    0   816 543428 231592 1352893 80 19  1  0  0  0
396  0  70000 68025060 2280148 43096352    0    0     0 533844 227451 1346469 81 19  1  0  0  0
procs -----------memory---------- ---swap-- -----io---- -system-- -------cpu-------
 r  b   swpd   free   buff  cache   si   so    bi    bo   in   cs us sy id wa st gu
563  0  70000 68021548 2280148 43096368    0    0  1104 523716 226810 1343696 80 19  1  0  0  0
248  0  70000 68019716 2280148 43096376    0    0  1024 546884 232174 1401903 80 19  1  0  0  0
457  0  70000 68016572 2280148 43096392    0    0   576 546552 230037 1369405 81 19  1  0  0  0
149  0  70000 67998760 2280148 43096404    0    0  1104 553168 227199 1346796 81 19  0  0  0  0
516  0  70000 68003864 2280148 43096416    0    0  1136 545244 223941 1343507 81 19  1  0  0  0
230  0  70000 68004172 2280148 43096432    0    0   752 544012 226635 1352996 80 19  1  0  0  0
51  1  70000 67995648 2280148 43096444    0    0  1632 545584 224989 1362325 80 19  1  0  0  0
54  0  70000 68008232 2280148 43096456    0    0  1120 546888 233741 1412453 80 19  1  0  0  0
237  0  70000 68004188 2280148 43096472    0    0  1200 530900 230998 1388733 80 20  1  0  0  0
527  0  70000 68006564 2280148 43096484    0    0   672 544652 229831 1357067 80 19  1  0  0  0
559  0  70000 68009240 2280148 43096500    0    0  1648 543584 215064 1285876 81 18  0  0  0  0
214  0  70000 68011456 2280148 43096508    0    0  6416 541436 203654 1086547 59 14 26  1  0  0
260  0  70000 68017288 2280148 43096520    0    0  1888 543540 228817 1363129 80 19  1  0  0  0
434  0  70000 68015552 2280148 43096532    0    0  1888 544764 225347 1328936 80 19  1  0  0  0
327  0  70000 68017284 2280148 43096552    0    0  1184 547364 234173 1404032 79 19  1  0  0  0
357  0  70000 68023844 2280148 43096568    0    0  1008 544076 223656 1375585 80 19  1  0  0  0
400  0  70000 68015852 2280148 43096584    0    0   960 542680 231520 1342990 81 19  0  0  0  0
337  0  70000 68018632 2280148 43096596    0    0  1968 528428 235097 1344839 80 19  0  0  0  0
340  0  70000 68007376 2280148 43096608    0    0   688 549660 239307 1393721 80 19  1  0  0  0
406  0  70000 68021944 2280148 43096616    0    0  1488 543872 233196 1361703 80 19  1  0  0  0
525  0  70000 68026012 2280148 43096632    0    0  1808 530904 228379 1360752 80 19  1  0  0  0
procs -----------memory---------- ---swap-- -----io---- -system-- -------cpu-------
 r  b   swpd   free   buff  cache   si   so    bi    bo   in   cs us sy id wa st gu
340  0  70000 68025012 2280148 43096648    0    0  2016 542204 226108 1388879 80 19  1  0  0  0
385  0  70000 68017084 2280148 43096656    0    0   672 546744 221737 1366317 80 19  1  0  0  0
373  0  70000 68017956 2280148 43096680    0    0   160 518460 225644 1355836 80 19  1  0  0  0
192  0  70000 68005244 2280148 43096692    0    0   960 515380 229231 1365812 80 19  1  0  0  0
478  0  70000 68006508 2280152 43096704    0    0  1424 535332 223841 1316608 81 19  1  0  0  0
343  0  70000 68008356 2280152 43096716    0    0  1280 534012 227739 1342264 80 19  1  0  0  0
510  0  70000 67871304 2280152 43096736    0    0   960 518848 329016 1332961 80 20  0  0  0  0
46  1  70000 68197092 2280152 43096684    0    0 12416 580156 1064274 1491187 37 40 23  1  0  0
 6  0  70000 70257700 2280152 43096504    0    0 21184 697260 604930 1262916 16 15 68  1  0  0
 4  0  70000 78996840 2280152 43096264    0    0 25408 556860 444014 203241  4 17 78  1  0  0
