procs -----------memory---------- ---swap-- -----io---- -system-- -------cpu-------
 r  b   swpd   free   buff  cache   si   so    bi    bo   in   cs us sy id wa st gu
 7  2  68208 97657840 2332528 76702084   27   35 223198 231819 55577   43 22  4 71  3  0  0
110 20  68208 96986348 2332532 76702140    0    0 171168 398520 399100 690593 12 18 68  2  0  0
12  1  68208 96946488 2332532 76702176    0    0 660592 651004 327639 1539862 45 28 18  9  0  0
51 25  68208 96922420 2332532 76702204    0    0 454320 310556 297200 1627331 45 30 23  2  0  0
59 15  68208 96891264 2332532 76702220    0    0 329232 222552 280903 1569548 42 34 22  1  0  0
29  2  68208 96872376 2332532 76702240    0    0 310608 217784 276705 1560628 41 35 22  1  0  0
157  3  68208 96848140 2332532 76702264    0    0 407824 280292 288583 1604905 43 32 22  2  0  0
33  1  68208 96838864 2332532 76702288    0    0 337264 324772 287653 1583144 41 35 22  1  0  0
96  2  68208 96775076 2332532 76702296    0    0 276400 420340 281749 1575449 41 35 23  1  0  0
54  3  68208 96760896 2332532 76702316    0    0 268272 449516 279012 1577159 40 34 24  1  0  0
70  2  68208 96731012 2332532 76702336    0    0 273520 459528 281184 1577021 41 34 23  1  0  0
121  2  68208 96715484 2332532 76702360    0    0 293408 490196 285154 1594908 42 34 23  2  0  0
54  3  68208 96695124 2332532 76702376    0    0 304656 505436 296028 1620588 43 32 23  2  0  0
50  8  68208 96675928 2332532 76702396    0    0 429232 591760 310090 1645751 44 30 22  4  0  0
46  4  68208 96668132 2332532 76702416    0    0 430080 310824 295351 1676940 45 30 23  2  0  0
103  7  68208 96622128 2332532 76702424    0    0 349008 277008 285236 1631985 43 33 23  2  0  0
73  2  68208 96597148 2332532 76702452    0    0 370864 338048 292119 1635959 43 32 23  2  0  0
85 11  68208 96587312 2332532 76702472    0    0 442512 306872 296177 1656346 44 31 23  2  0  0
60 13  68208 96558132 2332532 76702488    0    0 337296 245596 286095 1621603 42 34 23  1  0  0
86  3  68208 96548496 2332532 76702500    0    0 323664 228344 279009 1603148 41 34 23  1  0  0
54  6  68208 96534568 2332532 76702520    0    0 311536 225408 276425 1602449 42 33 24  1  0  0
procs -----------memory---------- ---swap-- -----io---- -system-- -------cpu-------
 r  b   swpd   free   buff  cache   si   so    bi    bo   in   cs us sy id wa st gu
104  4  68208 96538120 2332532 76702544    0    0 486880 414720 301995 1654935 44 28 23  5  0  0
120  1  68208 96514872 2332532 76702556    0    0 390272 284288 290828 1653649 43 32 24  2  0  0
21  1  68208 96487800 2332532 76702572    0    0 303120 219264 277514 1602655 41 33 24  1  0  0
125  3  68208 96478052 2332532 76702588    0    0 279104 210460 269265 1584665 41 33 25  1  0  0
51  2  68208 96469112 2332532 76702612    0    0 345808 261400 282612 1625648 43 32 24  2  0  0
50  3  68208 96454732 2332532 76702632    0    0 398464 294236 296560 1660179 44 31 24  2  0  0
131  3  68208 96464948 2332532 76702648    0    0 387712 373148 290249 1646082 44 31 24  2  0  0
14  0  68208 96466176 2332532 76702668    0    0 341776 252960 287907 1627573 42 33 23  2  0  0
97  1  68208 96455056 2332532 76702684    0    0 300336 226144 284059 1624865 41 33 24  1  0  0
68  2  68208 96422620 2332532 76702696    0    0 281088 213768 270844 1599599 42 33 24  1  0  0
39  1  68208 96408796 2332532 76702792    0    0 382032 280888 288945 1642725 44 32 23  2  0  0
111  7  68208 96410996 2332532 76702812    0    0 297456 225132 273055 1599919 41 33 24  1  0  0
23  6  68208 96416412 2332532 76702836    0    0 310512 237916 276729 1612648 42 33 24  1  0  0
64  8  68208 96408828 2332532 76702856    0    0 332272 253120 282999 1617083 42 33 23  1  0  0
38  7  68208 96417308 2332532 76702876    0    0 347568 327640 290747 1626814 42 34 23  2  0  0
48  1  68208 96406340 2332532 76702892    0    0 338480 252716 285221 1625290 42 33 23  1  0  0
27  6  68208 96385860 2332532 76702904    0    0 400960 301088 290157 1656154 45 30 24  2  0  0
40  7  68208 96393924 2332532 76702928    0    0 419376 313124 296015 1665132 44 31 22  2  0  0
35  3  68208 96395760 2332532 76702944    0    0 310352 241044 276729 1609151 42 32 24  1  0  0
33  1  68208 96379912 2332532 76702964    0    0 297792 245836 274289 1604268 41 33 24  1  0  0
97  1  68208 96366044 2332532 76702984    0    0 317168 241044 280998 1603257 41 34 23  1  0  0
procs -----------memory---------- ---swap-- -----io---- -system-- -------cpu-------
 r  b   swpd   free   buff  cache   si   so    bi    bo   in   cs us sy id wa st gu
43  2  68208 96372788 2332532 76703008    0    0 351776 335348 291500 1629135 43 33 23  2  0  0
121  2  68208 96371000 2332532 76703028    0    0 319104 248928 282821 1621399 42 33 24  1  0  0
49 10  68208 96368740 2332532 76703036    0    0 341536 256360 281461 1625285 43 31 24  2  0  0
42  8  68208 96372324 2332532 76703052    0    0 414816 315972 291969 1667496 45 30 24  2  0  0
57 12  68208 96362652 2332532 76703072    0    0 416624 311640 290474 1665373 45 30 24  2  0  0
51  2  68208 96351080 2332532 76703100    0    0 381744 320088 288960 1646085 43 32 23  2  0  0
55  9  68208 96348884 2332532 76703120    0    0 374224 329056 291056 1641593 43 32 23  2  0  0
68  3  68208 96352116 2332532 76703136    0    0 312912 239984 278631 1610492 42 33 24  1  0  0
37  1  68208 96354952 2332532 76703152    0    0 284592 217032 272166 1612573 41 34 24  1  0  0
26  1  68208 96334228 2332532 76703168    0    0 328992 255464 280716 1619808 42 33 23  1  0  0
63  1  68208 96320808 2332532 76703184    0    0 309056 254536 278316 1609513 42 33 24  1  0  0
98  3  68208 96323124 2332532 76703208    0    0 280208 217256 271161 1593681 41 33 24  1  0  0
109  3  68208 96314164 2332532 76703232    0    0 325680 251412 281840 1610030 42 34 23  1  0  0
94  7  68208 96317344 2332532 76703236    0    0 321824 252084 281439 1614223 42 33 23  1  0  0
45  1  68208 96321836 2332532 76703260    0    0 357632 387388 292157 1642435 43 32 23  2  0  0
66 12  68208 96328492 2332532 76703280    0    0 330624 326228 283872 1643520 42 32 24  2  0  0
24  6  68208 96317400 2332532 76703288    0    0 487264 542908 305591 1596676 43 28 21  8  0  0
120  3  68208 96323892 2332532 76703320    0    0 410976 391824 300187 1653107 44 32 22  2  0  0
20  0  68208 96315364 2332532 76703328    0    0 369488 299672 285631 1613386 43 32 23  2  0  0
72  2  68208 96309196 2332532 76703344    0    0 289616 230704 274863 1566741 41 35 23  1  0  0
109  0  68208 96301508 2332532 76703384    0    0 281312 228052 273079 1575696 41 34 23  1  0  0
procs -----------memory---------- ---swap-- -----io---- -system-- -------cpu-------
 r  b   swpd   free   buff  cache   si   so    bi    bo   in   cs us sy id wa st gu
47 10  68208 96303092 2332532 76703396    0    0 278560 257924 275037 1578602 41 35 23  1  0  0
115  2  68208 96311116 2332532 76703412    0    0 316688 284620 283335 1589900 42 34 23  1  0  0
62  9  68208 96312340 2332532 76703448    0    0 312816 252596 279815 1578051 43 33 23  1  0  0
36  2  68208 96299488 2332532 76703452    0    0 355248 310588 284412 1610286 44 31 23  2  0  0
56  5  68208 96305024 2332532 76703484    0    0 437824 343736 298531 1651047 45 31 22  2  0  0
33  2  68208 96285720 2332532 76703492    0    0 265200 212248 267948 1557188 41 35 23  1  0  0
13  1  68208 96281556 2332532 76703508    0    0 254432 205668 265515 1550132 40 35 23  1  0  0
145  3  68208 96281892 2332532 76703532    0    0 316432 262072 280203 1573353 41 35 23  1  0  0
99  2  68208 96293840 2332532 76703544    0    0 304960 310512 281456 1579837 42 34 23  1  0  0
91  0  68208 96281940 2332532 76703564    0    0 322112 260868 281655 1589076 41 35 23  1  0  0
56  2  68208 96284304 2332532 76703576    0    0 308736 250544 274853 1586825 42 34 23  1  0  0
51  4  68208 96279576 2332532 76703592    0    0 363680 292772 286186 1619746 43 32 23  2  0  0
63  5  68208 96293668 2332532 76703616    0    0 444784 350156 297401 1651414 45 31 22  2  0  0
15  2  68208 96286716 2332532 76703640    0    0 449296 377648 304558 1662031 45 31 22  2  0  0
27  3  68208 96296024 2332532 76703656    0    0 387136 371344 293552 1618130 44 32 22  2  0  0
17  5  68208 96291496 2332532 76703680    0    0 313264 256944 278634 1584244 42 34 23  1  0  0
50  6  68208 96276560 2332532 76703692    0    0 276560 227896 272154 1580576 41 34 24  1  0  0
95 11  68208 96265064 2332532 76703708    0    0 325536 270056 288545 1595092 41 35 22  1  0  0
139 11  68208 96254160 2332532 76703732    0    0 298048 244740 276552 1577150 41 36 22  1  0  0
37  2  68208 96254280 2332532 76703744    0    0 304928 247084 272946 1575397 42 34 24  1  0  0
77  6  68208 96251456 2332532 76703768    0    0 351760 289836 281433 1604744 43 33 23  2  0  0
procs -----------memory---------- ---swap-- -----io---- -system-- -------cpu-------
 r  b   swpd   free   buff  cache   si   so    bi    bo   in   cs us sy id wa st gu
58  9  68208 96275272 2332532 76703788    0    0 415312 395712 297158 1638070 44 32 22  2  0  0
55  2  68208 96278528 2332532 76703816    0    0 418032 338036 291884 1638476 44 30 23  2  0  0
59  1  68208 96265612 2332532 76703828    0    0 336256 279172 284657 1605510 41 35 23  1  0  0
32  1  68208 96251204 2332532 76703848    0    0 290752 240200 273983 1571672 41 35 23  1  0  0
65  3  68208 96263504 2332532 76703864    0    0 307680 255920 273307 1581418 42 32 24  1  0  0
101  3  68208 96254436 2332532 76703888    0    0 329184 268940 281642 1579471 41 35 23  1  0  0
69 12  68208 96250232 2332532 76703900    0    0 432000 430876 298280 1629819 44 31 22  3  0  0
79 25  68208 96244684 2332536 76703980    0    0 408464 395000 294726 1638283 45 31 22  2  0  0
94  3  68208 96248464 2332536 76704008    0    0 353216 282080 285493 1606141 42 34 22  2  0  0
80 12  68208 96242576 2332536 76704024    0    0 284240 237632 273586 1568870 40 35 23  1  0  0
33  0  68208 96227964 2332536 76704040    0    0 271296 227404 267086 1562672 41 34 24  1  0  0
41 13  68208 96228560 2332536 76704064    0    0 304688 254988 272977 1581631 42 33 24  1  0  0
43 11  68208 96232172 2332536 76704080    0    0 320464 265564 279447 1587312 41 35 23  1  0  0
28  5  68208 96237028 2332536 76704104    0    0 407040 336100 288663 1634140 44 31 23  2  0  0
64  3  68208 96247348 2332536 76704128    0    0 370944 306928 286522 1608803 42 34 22  2  0  0
145  5  68208 96235256 2332536 76704148    0    0 343648 340284 287477 1599560 42 34 22  1  0  0
25  1  68208 96236936 2332536 76704160    0    0 304640 256380 279499 1586777 41 35 23  1  0  0
97  0  68208 96217996 2332536 76704172    0    0 288640 242220 272469 1572688 41 35 23  1  0  0
45  3  68208 96218868 2332536 76704196    0    0 314672 266168 278462 1585312 42 35 22  1  0  0
11  0  68208 96202608 2332536 76704216    0    0 305792 243920 276623 1574916 41 34 23  1  0  0
19  0  68208 96216424 2332536 76704232    0    0 481088 410320 302596 1664863 46 30 21  3  0  0
procs -----------memory---------- ---swap-- -----io---- -system-- -------cpu-------
 r  b   swpd   free   buff  cache   si   so    bi    bo   in   cs us sy id wa st gu
75  0  68208 96214280 2332536 76704248    0    0 451328 422952 299538 1617150 44 31 21  4  0  0
53  2  68208 96205076 2332536 76704272    0    0 299648 249044 272992 1579472 41 34 24  1  0  0
141 10  68208 96213388 2332536 76704280    0    0 287344 240704 279043 1580905 41 35 23  1  0  0
61  2  68208 96207460 2332536 76704312    0    0 312960 257336 280219 1579832 41 34 23  1  0  0
110  3  68208 96208604 2332536 76704316    0    0 279552 235500 271317 1561338 41 34 24  1  0  0
64  9  68208 96194696 2332536 76704336    0    0 284400 240644 270863 1564801 41 35 23  1  0  0
73  2  68208 96196900 2332536 76704364    0    0 326496 270960 282098 1588878 41 34 23  2  0  0
37  6  68208 96217548 2332536 76704372    0    0 445648 424580 305436 1663305 45 31 22  3  0  0
154  2  68208 96211372 2332536 76704396    0    0 386496 317520 290397 1624059 44 32 23  2  0  0
33  3  68208 96224420 2332536 76704416    0    0 276048 248512 279061 1586350 41 34 24  1  0  0
45  1  68208 96200660 2332536 76704424    0    0 315088 264128 283180 1587572 42 34 23  1  0  0
101  4  68208 96187964 2332536 76704440    0    0 286816 241300 272333 1568539 41 35 23  1  0  0
30  3  68208 96183384 2332536 76704464    0    0 266656 226664 266637 1554583 40 35 24  1  0  0
91  2  68208 96178128 2332536 76704492    0    0 322672 269876 283624 1589859 42 35 22  1  0  0
47  3  68208 96183056 2332536 76704516    0    0 287680 242940 282618 1584887 41 34 24  1  0  0
22  4  68208 96208508 2332536 76704536    0    0 489760 465424 308765 1673059 46 30 22  2  0  0
18  1  68208 96203444 2332536 76704544    0    0 362272 304020 289341 1614862 43 33 23  2  0  0
144  0  68208 96193908 2332536 76704564    0    0 300704 253276 275104 1577371 42 34 23  1  0  0
81  5  68208 96174456 2332536 76704576    0    0 309952 264036 280436 1581846 42 34 23  1  0  0
135  0  68208 96170956 2332536 76704604    0    0 320464 268156 281233 1584618 42 35 22  1  0  0
53 10  68208 96184536 2332536 76704616    0    0 430032 418428 299663 1643722 44 32 22  2  0  0
procs -----------memory---------- ---swap-- -----io---- -system-- -------cpu-------
 r  b   swpd   free   buff  cache   si   so    bi    bo   in   cs us sy id wa st gu
67 16  68208 96181192 2332536 76704636    0    0 397728 334056 291734 1629645 44 32 23  2  0  0
34  2  68208 96180888 2332536 76704660    0    0 414512 360276 292055 1634984 44 32 22  2  0  0
134  9  68208 96180424 2332536 76704680    0    0 307824 261284 280920 1596938 41 34 24  1  0  0
31  7  68208 96172568 2332536 76704700    0    0 319328 272760 282535 1590597 41 35 23  1  0  0
49  4  68208 96163112 2332536 76704720    0    0 288832 248824 273254 1572855 41 34 23  1  0  0
86  4  68208 96161588 2332536 76704740    0    0 316016 315940 281607 1582152 41 35 22  1  0  0
46  0  68208 96152284 2332536 76704760    0    0 282208 246472 270789 1570277 41 34 24  1  0  0
64 15  68208 96158592 2332536 76704776    0    0 331440 278016 273356 1606476 42 33 24  1  0  0
78  5  68208 96146132 2332536 76704796    0    0 326576 275040 275130 1603559 42 34 23  1  0  0
81  9  68208 96161580 2332536 76704816    0    0 319056 273036 271191 1603223 41 33 24  1  0  0
23  2  68208 96163372 2332536 76704836    0    0 394864 326300 292367 1658421 43 33 23  2  0  0
16  5  68208 96155588 2332536 76704848    0    0 340464 351556 290233 1623398 43 33 22  1  0  0
97  1  68208 96147236 2332536 76704868    0    0 301952 251796 273293 1587184 41 34 23  1  0  0
41  3  68208 96150192 2332536 76704892    0    0 290928 251144 268857 1576890 41 34 24  1  0  0
47  6  68208 96143888 2332536 76704908    0    0 299392 250324 269734 1578002 41 34 23  1  0  0
100 11  68208 96153688 2332536 76704932    0    0 320864 270368 277440 1589515 42 34 23  1  0  0
56 18  68208 96168628 2332536 76704948    0    0 307600 278708 271614 1589836 41 34 24  1  0  0
35  7  68208 96165044 2332536 76704968    0    0 345824 294668 281949 1611823 42 33 23  2  0  0
36  5  68208 96156904 2332536 76704976    0    0 367296 308284 283278 1613968 43 32 23  2  0  0
48  7  68208 96148912 2332536 76704992    0    0 411984 400224 298967 1654425 44 31 22  3  0  0
31  3  68208 96154052 2332536 76705012    0    0 361792 308044 284252 1648283 43 31 24  2  0  0
procs -----------memory---------- ---swap-- -----io---- -system-- -------cpu-------
 r  b   swpd   free   buff  cache   si   so    bi    bo   in   cs us sy id wa st gu
59 10  68208 96152472 2332536 76705040    0    0 363376 309980 284277 1649676 43 32 24  2  0  0
38  1  68208 96161884 2332536 76705056    0    0 427024 410504 295249 1662116 44 30 23  3  0  0
64  0  68208 96157036 2332536 76705080    0    0 386720 326648 291639 1663084 43 31 23  2  0  0
117  1  68208 96164016 2332536 76705092    0    0 300704 254584 277630 1621377 41 33 24  1  0  0
109  0  68208 96146948 2332536 76705192    0    0 282928 240624 271059 1601855 42 32 25  1  0  0
23  2  68208 96141344 2332536 76705212    0    0 335696 283224 284442 1624933 42 33 23  1  0  0
32  0  68208 96119184 2332536 76705236    0    0 307696 314140 287864 1610573 42 34 23  1  0  0
141  1  68208 96123524 2332536 76705252    0    0 328576 288856 283410 1618088 41 34 23  1  0  0
21  3  68208 96134416 2332536 76705284    0    0 421296 358428 294473 1670761 45 29 24  2  0  0
33  8  68208 96131412 2332536 76705292    0    0 324272 277636 287421 1626924 42 33 23  1  0  0
113  1  68208 96134012 2332536 76705312    0    0 301584 254240 288340 1633942 42 33 24  1  0  0
79  7  68208 96124484 2332536 76705336    0    0 299008 256768 285837 1634333 42 33 24  1  0  0
23  4  68208 96131512 2332540 76705352    0    0 347456 293188 291056 1644103 42 33 23  2  0  0
67  2  68208 96138448 2332540 76705368    0    0 456896 439344 302771 1666231 45 29 23  3  0  0
70  2  68208 96133692 2332540 76705392    0    0 430128 359688 302470 1681723 45 30 23  2  0  0
120  4  68208 96135656 2332540 76705400    0    0 391392 333668 293953 1655926 44 32 23  2  0  0
116  2  68208 96120892 2332540 76705436    0    0 331648 283612 281951 1622617 42 33 24  1  0  0
28  2  68208 96127844 2332540 76705448    0    0 296368 274048 277938 1618340 43 31 25  1  0  0
85 13  68208 96117300 2332540 76705456    0    0 336416 331288 290038 1625381 43 33 23  1  0  0
43  4  68208 96114012 2332540 76705484    0    0 308784 261428 279578 1606882 42 33 23  1  0  0
62  3  68208 96114280 2332540 76705492    0    0 369264 314300 295241 1655613 43 31 24  2  0  0
procs -----------memory---------- ---swap-- -----io---- -system-- -------cpu-------
 r  b   swpd   free   buff  cache   si   so    bi    bo   in   cs us sy id wa st gu
61  4  68208 96112008 2332540 76705512    0    0 317472 269200 288961 1636882 42 33 24  1  0  0
76  2  68208 96094628 2332540 76705536    0    0 279728 246444 277491 1608449 42 33 24  1  0  0
80  3  68208 96101564 2332540 76705556    0    0 349568 290008 286797 1621208 43 32 24  2  0  0
52 10  68208 96115116 2332540 76705584    0    0 317280 269816 281772 1628394 42 33 24  1  0  0
37  7  68208 96110364 2332540 76705600    0    0 406400 408644 304811 1693283 45 30 24  2  0  0
43  5  68208 96119416 2332540 76705620    0    0 418016 352296 293650 1660684 45 30 23  2  0  0
74  5  68208 96116428 2332540 76705628    0    0 390064 330020 296579 1675695 44 30 24  2  0  0
19  8  68208 96121432 2332540 76705656    0    0 342448 292736 290825 1644115 42 33 24  2  0  0
83  1  68208 96112344 2332540 76705668    0    0 307392 262100 279241 1606723 42 33 24  1  0  0
44  4  68208 96113252 2332540 76705688    0    0 280336 242628 270974 1603221 42 32 25  1  0  0
97  2  68208 96099724 2332540 76705700    0    0 342992 349712 290409 1626617 42 33 23  2  0  0
85  4  68208 96104456 2332540 76705724    0    0 352544 309468 289305 1647093 43 31 24  2  0  0
53 11  68208 96112712 2332540 76705744    0    0 480320 402512 307210 1701002 46 29 23  2  0  0
43  5  68208 96110968 2332540 76705748    0    0 456688 389256 306418 1695624 45 30 23  2  0  0
78  5  68208 96112960 2332540 76705772    0    0 292032 250628 283703 1616862 42 33 24  1  0  0
51  3  68208 96106112 2332540 76705804    0    0 321840 335800 285502 1619232 43 33 23  1  0  0
129  3  68208 96088100 2332540 76705816    0    0 329168 283496 284047 1617849 42 33 23  1  0  0
28 10  68208 96080780 2332540 76705844    0    0 316640 272204 284023 1613147 41 33 24  1  0  0
32  0  68208 96083728 2332540 76705860    0    0 410720 348256 297184 1672803 44 31 24  2  0  0
101  6  68208 96078744 2332540 76705860    0    0 304320 257292 278562 1605748 42 33 23  1  0  0
111 10  68208 96090900 2332540 76705884    0    0 334608 287744 280404 1622694 43 31 24  2  0  0
procs -----------memory---------- ---swap-- -----io---- -system-- -------cpu-------
 r  b   swpd   free   buff  cache   si   so    bi    bo   in   cs us sy id wa st gu
111 11  68208 96082456 2332544 76705900    0    0 315504 271860 289513 1623673 42 33 23  1  0  0
36  1  68208 96089720 2332544 76705920    0    0 434768 438856 303144 1676688 45 30 23  2  0  0
56  3  68208 96080052 2332544 76705948    0    0 353536 305436 287074 1635859 43 32 24  2  0  0
72  5  68208 96073524 2332544 76705952    0    0 294304 261572 280692 1620310 41 33 24  1  0  0
77  7  68208 96087000 2332544 76705984    0    0 339296 289100 289701 1633670 42 33 23  1  0  0
13  2  68208 96084744 2332544 76706000    0    0 302288 258000 279592 1609497 42 33 24  1  0  0
32  4  68208 96078576 2332544 76706020    0    0 282864 246084 274992 1595507 41 34 24  1  0  0
13  0  68208 96064196 2332544 76706052    0    0 295552 255336 274777 1611283 41 33 24  1  0  0
46 19  68208 96101872 2332544 76706064    0    0 454144 440680 306360 1682688 46 29 23  2  0  0
41  9  68208 96094092 2332544 76706076    0    0 423920 357444 298424 1676033 44 31 23  2  0  0
56  4  68208 96095748 2332544 76706104    0    0 398000 339460 296082 1666748 44 31 23  2  0  0
142 10  68208 96097224 2332544 76706124    0    0 348496 315968 284086 1643537 42 32 24  2  0  0
57  2  68208 96086548 2332544 76706140    0    0 353168 296512 297035 1649104 43 32 23  2  0  0
48  8  68208 96076088 2332544 76706152    0    0 291648 257780 279136 1616321 41 34 24  1  0  0
160  1  68208 96065292 2332544 76706176    0    0 330688 336188 289011 1620035 42 34 23  1  0  0
73 11  68208 96073456 2332544 76706180    0    0 302736 260820 280724 1606204 42 34 23  1  0  0
114  2  68208 96066372 2332544 76706208    0    0 325872 282984 280754 1619514 42 32 24  1  0  0
57  2  68208 96057180 2332544 76706240    0    0 332784 279500 293647 1631904 43 33 23  1  0  0
36  7  68208 96070248 2332544 76706252    0    0 302320 260512 280017 1614270 42 33 24  1  0  0
59  9  68208 96063448 2332544 76706264    0    0 309920 265696 283360 1612814 42 33 24  1  0  0
34  8  68208 96063444 2332544 76706268    0    0 321904 281192 280389 1621212 42 32 24  2  0  0
procs -----------memory---------- ---swap-- -----io---- -system-- -------cpu-------
 r  b   swpd   free   buff  cache   si   so    bi    bo   in   cs us sy id wa st gu
55  7  68208 96055384 2332544 76706304    0    0 314384 328344 281933 1616771 42 32 24  2  0  0
42  5  68208 96080248 2332544 76706400    0    0 431632 366476 306326 1690008 44 31 23  2  0  0
95  4  68208 96072968 2332544 76706408    0    0 437888 368128 297328 1673772 45 30 23  2  0  0
57  6  68208 96067296 2332544 76706436    0    0 320432 290228 279464 1617848 42 32 24  1  0  0
109  2  68208 96067056 2332544 76706460    0    0 288432 246500 275783 1600694 41 34 24  1  0  0
34  9  68208 96062328 2332544 76706472    0    0 302464 257468 278911 1612626 42 33 24  1  0  0
79  2  68208 96059576 2332544 76706492    0    0 310464 324736 281297 1607224 41 33 24  1  0  0
72 13  68208 96045688 2332544 76706496    0    0 335728 292308 285828 1619575 42 33 23  1  0  0
54 12  68208 96060192 2332544 76706528    0    0 369040 309764 286177 1637673 43 31 24  2  0  0
83  4  68208 96073028 2332544 76706552    0    0 449792 378932 301529 1682589 46 29 23  2  0  0
73 14  68208 96069008 2332544 76706552    0    0 443360 371200 300209 1681612 45 29 24  2  0  0
82 26  68208 96067064 2332544 76706584    0    0 444576 425496 303879 1649607 44 31 22  3  0  0
76  2  68208 96071452 2332544 76706592    0    0 316544 267144 284013 1624492 42 33 23  1  0  0
30  4  68208 96047268 2332544 76706616    0    0 278784 240748 272884 1597091 42 33 24  1  0  0
39  5  68208 96042736 2332544 76706640    0    0 339888 288724 284862 1627008 42 33 23  2  0  0
89  3  68208 96055688 2332544 76706660    0    0 439072 390104 299306 1677150 45 30 23  2  0  0
143  2  68208 96052816 2332544 76706672    0    0 454608 376464 308900 1695463 45 30 22  2  0  0
137  4  68208 96050688 2332544 76706684    0    0 372416 376224 293616 1639937 43 32 23  2  0  0
75 16  68208 96041292 2332544 76706720    0    0 304224 256840 277515 1599913 42 33 24  1  0  0
146  9  68208 96043340 2332544 76706728    0    0 353888 300900 291972 1650580 43 32 23  2  0  0
21  3  68208 96028552 2332544 76706736    0    0 302064 259128 280380 1606920 42 33 23  1  0  0
procs -----------memory---------- ---swap-- -----io---- -system-- -------cpu-------
 r  b   swpd   free   buff  cache   si   so    bi    bo   in   cs us sy id wa st gu
62  5  68208 96011664 2332544 76706752    0    0 280208 242824 272994 1604127 41 34 24  1  0  0
29  9  68208 96028000 2332544 76706776    0    0 301776 258988 278922 1602609 41 34 24  1  0  0
117  4  68208 96027168 2332544 76706796    0    0 318368 273796 282389 1614526 42 33 23  1  0  0
27  6  68208 96029900 2332544 76706816    0    0 281056 252644 282281 1616975 41 34 24  1  0  0
22  4  68208 96034776 2332544 76706844    0    0 385904 371988 299360 1650956 43 32 23  2  0  0
59  1  68208 96032784 2332544 76706852    0    0 338560 290728 283622 1636829 43 31 24  2  0  0
127  8  68208 96029080 2332544 76706868    0    0 418784 352412 293395 1673026 45 30 23  3  0  0
68  7  68208 96034452 2332544 76706900    0    0 371600 328724 288460 1636885 43 31 23  2  0  0
44  5  68208 96023624 2332544 76706924    0    0 391248 392252 294649 1648868 43 31 23  2  0  0
26  5  68208 96018188 2332544 76706936    0    0 312624 267608 280843 1606857 42 33 23  2  0  0
40  0  68208 96006228 2332544 76706968    0    0 288144 246848 277937 1605513 41 34 24  1  0  0
43  3  68208 96015980 2332544 76706976    0    0 278048 241780 276133 1614937 41 33 24  1  0  0
49  8  68208 96026472 2332544 76707000    0    0 325168 273676 283964 1618229 42 34 23  2  0  0
74  4  68208 96018036 2332544 76707012    0    0 291104 249328 274088 1614943 42 33 24  1  0  0
45  0  68208 96016196 2332544 76707036    0    0 315808 271516 274691 1629726 42 32 24  2  0  0
56  1  68208 96018364 2332544 76707056    0    0 328064 284516 281941 1638496 42 33 24  1  0  0
33  7  68208 96020560 2332544 76707084    0    0 354320 358264 288282 1651418 43 32 23  2  0  0
36  3  68208 96018384 2332544 76707096    0    0 353632 304648 280677 1645626 43 31 24  2  0  0
61  0  68208 96016844 2332544 76707108    0    0 391088 339392 291421 1667244 44 31 23  2  0  0
36  6  68208 96030444 2332544 76707124    0    0 469472 463064 303293 1681790 45 30 23  3  0  0
113  8  68208 96018440 2332544 76707140    0    0 332976 290644 280656 1599468 41 34 23  2  0  0
procs -----------memory---------- ---swap-- -----io---- -system-- -------cpu-------
 r  b   swpd   free   buff  cache   si   so    bi    bo   in   cs us sy id wa st gu
89  6  68208 96015480 2332544 76707160    0    0 285472 255296 267890 1576095 41 34 24  1  0  0
57 11  68208 96013652 2332544 76707176    0    0 303680 259128 275746 1584133 41 35 23  1  0  0
13  1  68208 96011704 2332544 76707196    0    0 284352 244940 270612 1568879 41 35 23  1  0  0
31  5  68208 96009732 2332544 76707224    0    0 278864 240260 272229 1574933 41 34 23  1  0  0
24 10  68208 96016620 2332544 76707244    0    0 343488 294828 281119 1600644 42 34 23  2  0  0
47 35  68208 95974900 2332544 76707272    0    0 364496 363968 287808 1606245 43 32 23  2  0  0
28  5  68208 95896928 2332544 76707272    0    0 428096 366868 318541 1657331 44 31 22  2  0  0
128  0  68208 95940000 2332544 76707296    0    0 371824 319672 292642 1620392 43 33 23  2  0  0
36  1  68208 95842032 2332544 76707316    0    0 289808 254072 271711 1577919 41 34 24  1  0  0
73  2  68208 95841092 2332544 76707324    0    0 311440 273108 280725 1581978 41 34 23  1  0  0
77  0  68208 95900592 2332544 76707340    0    0 311920 265284 277548 1590391 41 35 23  1  0  0
51 10  68208 95888800 2332544 76707368    0    0 340608 350544 282288 1606217 42 33 23  2  0  0
73  6  68208 95861668 2332544 76707388    0    0 354784 321280 284417 1618387 43 33 22  2  0  0
146  1  68208 95885592 2332544 76707408    0    0 402208 348172 292693 1645048 43 32 23  2  0  0
58 15  68208 95901776 2332544 76707420    0    0 309200 264480 276659 1587856 41 35 23  1  0  0
106  9  68208 95931792 2332544 76707440    0    0 286480 243912 274296 1573937 41 35 23  1  0  0
137  0  68208 95903676 2332544 76707464    0    0 270000 238972 269658 1575720 40 35 23  1  0  0
38  7  68208 95903112 2332544 76707480    0    0 297840 258964 281772 1599999 41 35 23  1  0  0
47  0  68208 95906928 2332544 76707500    0    0 312224 269488 285443 1599086 42 34 23  1  0  0
72 11  68208 95923768 2332544 76707576    0    0 346208 355072 284798 1601568 42 33 23  2  0  0
79  1  68208 95950132 2332544 76707592    0    0 460112 393784 302915 1676954 45 31 22  2  0  0
procs -----------memory---------- ---swap-- -----io---- -system-- -------cpu-------
 r  b   swpd   free   buff  cache   si   so    bi    bo   in   cs us sy id wa st gu
54  7  68208 95969608 2332544 76707620    0    0 427968 360788 295477 1658876 45 31 23  2  0  0
152 14  68208 95968096 2332544 76707656    0    0 418896 363012 293961 1649850 44 32 22  2  0  0
31  3  68208 95989620 2332544 76707664    0    0 325872 359104 288187 1610971 41 35 22  1  0  0
42  6  68208 95941688 2332544 76707684    0    0 308848 265668 277125 1581197 41 35 23  1  0  0
41  9  68208 95928752 2332544 76707700    0    0 282768 247104 270038 1569350 40 35 23  1  0  0
78 15  68208 95913476 2332544 76707724    0    0 281696 245740 268856 1573283 41 34 23  1  0  0
45  4  68208 95922296 2332544 76707744    0    0 366448 311796 292509 1631822 43 33 23  2  0  0
97  1  68208 95924432 2332544 76707756    0    0 313904 268360 276883 1596367 41 34 24  1  0  0
95  7  68208 95946940 2332544 76707768    0    0 383824 331696 288165 1631192 43 32 23  2  0  0
64  4  68208 95943136 2332544 76707796    0    0 290560 248840 272575 1572213 41 35 23  1  0  0
156  1  68208 95943352 2332544 76707812    0    0 297648 316528 281355 1587788 41 35 23  1  0  0
60  5  68208 95923664 2332544 76707836    0    0 321136 276304 279904 1589654 41 35 22  1  0  0
 8  0  68208 95964100 2332544 76707844    0    0 407184 345656 291543 1636661 44 32 22  2  0  0
54  3  68208 95970792 2332544 76707868    0    0 326784 282784 288711 1610775 42 34 23  1  0  0
33  6  68208 95968988 2332544 76707876    0    0 292208 252516 282839 1603247 41 34 24  1  0  0
60  5  68208 95954944 2332544 76707908    0    0 350496 305300 292427 1624832 43 33 23  2  0  0
69  3  68208 95955800 2332544 76707920    0    0 311984 269752 282799 1594652 42 34 23  1  0  0
50 14  68208 95941628 2332544 76707948    0    0 294736 309264 276584 1580322 41 34 23  1  0  0
39 11  68208 95941196 2332548 76707960    0    0 331060 298268 282817 1592646 42 35 22  1  0  0
39  7  68208 95930660 2332548 76707988    0    0 315760 274484 278764 1601918 42 33 24  1  0  0
62  5  68208 95981732 2332548 76708016    0    0 467120 403428 305827 1671735 46 30 22  2  0  0
procs -----------memory---------- ---swap-- -----io---- -system-- -------cpu-------
 r  b   swpd   free   buff  cache   si   so    bi    bo   in   cs us sy id wa st gu
106  8  68208 95977980 2332548 76708028    0    0 483904 465296 307818 1678399 45 30 22  3  0  0
52  9  68208 95972140 2332548 76708040    0    0 331648 284552 282161 1600744 42 34 22  1  0  0
135  2  68208 95951744 2332548 76708060    0    0 332624 288544 279532 1596382 42 33 23  1  0  0
19  1  68208 95943932 2332548 76708080    0    0 276464 244868 269533 1566632 41 34 24  1  0  0
79  2  68208 95931040 2332548 76708092    0    0 309856 267144 279126 1583428 42 34 23  1  0  0
41  4  68208 95933100 2332548 76708116    0    0 285456 243640 275467 1564033 41 35 23  1  0  0
34  9  68208 95927576 2332548 76708132    0    0 273392 238284 268541 1558593 40 35 24  1  0  0
112  0  68208 95930744 2332548 76708152    0    0 305296 264220 279923 1583877 41 35 23  1  0  0
70  3  68208 95945088 2332548 76708164    0    0 282080 244148 277482 1579768 41 35 24  1  0  0
62 17  68208 95933160 2332548 76708192    0    0 306400 337620 288177 1591020 41 35 23  1  0  0
138  3  68208 95946136 2332548 76708212    0    0 362896 310352 292938 1624690 42 33 23  2  0  0
45  8  68208 95945532 2332548 76708236    0    0 388992 338088 292006 1625184 43 32 23  2  0  0
72  3  68208 95955060 2332548 76708252    0    0 409984 354580 295535 1633976 44 31 23  2  0  0
58  7  68208 95961256 2332548 76708272    0    0 316992 276292 278533 1583749 42 34 23  1  0  0
23  3  68208 95961168 2332548 76708284    0    0 317392 274104 284501 1601693 41 34 23  1  0  0
24  1  68208 95953460 2332548 76708300    0    0 295184 319448 284567 1596002 42 33 24  1  0  0
42  7  68208 95938716 2332548 76708316    0    0 316688 266964 288427 1605478 42 34 23  1  0  0
78  6  68208 95942820 2332548 76708340    0    0 310352 267792 280369 1591661 41 34 23  1  0  0
41  0  68208 95915188 2332548 76708356    0    0 275744 239664 267250 1566544 40 35 24  1  0  0
72  1  68208 95913808 2332548 76708372    0    0 368496 317472 284127 1619633 43 32 23  2  0  0
54  2  68208 95922508 2332548 76708396    0    0 367264 329852 284118 1619665 44 31 23  2  0  0
procs -----------memory---------- ---swap-- -----io---- -system-- -------cpu-------
 r  b   swpd   free   buff  cache   si   so    bi    bo   in   cs us sy id wa st gu
201  1  68208 95955108 2332548 76708416    0    0 355408 308076 282755 1623874 43 33 23  2  0  0
15  2  68208 95956216 2332548 76708428    0    0 296944 261204 276134 1581401 42 34 23  1  0  0
35  5  68208 95936244 2332548 76708448    0    0 325232 331836 284017 1591304 42 35 22  1  0  0
62  7  68208 95937060 2332548 76708472    0    0 294128 259228 282154 1587559 41 35 23  1  0  0
49  2  68208 95914068 2332548 76708488    0    0 271904 233708 275900 1583468 41 34 24  1  0  0
76  4  68208 95921992 2332548 76708512    0    0 335696 292636 288749 1608648 42 34 23  1  0  0
27  5  68208 95904360 2332548 76708536    0    0 285504 249332 272193 1573531 41 34 23  1  0  0
39  4  68208 95899584 2332548 76708552    0    0 343776 298808 280729 1608191 42 33 23  2  0  0
30 10  68208 95919724 2332548 76708560    0    0 341248 291764 288534 1611706 43 33 22  2  0  0
70  7  68208 95909388 2332548 76708584    0    0 310144 302560 281537 1593850 42 34 23  2  0  0
66  3  68208 95915056 2332548 76708596    0    0 348592 311856 287033 1594216 42 34 22  2  0  0
106 10  68208 95917488 2332548 76708628    0    0 307888 264432 281134 1582596 41 35 23  1  0  0
152  2  68208 95915152 2332548 76708644    0    0 282848 246024 279038 1588401 41 34 24  1  0  0
83  3  68208 95922840 2332548 76708660    0    0 298624 260356 284144 1593477 41 35 23  1  0  0
44  5  68208 95919636 2332548 76708684    0    0 343888 313780 286078 1612809 42 33 23  2  0  0
37  1  68208 95944648 2332548 76708764    0    0 313600 278304 277953 1600140 42 34 23  1  0  0
70  2  68208 95943340 2332548 76708776    0    0 360096 308632 287429 1614504 43 34 22  2  0  0
13  0  68208 95921028 2332548 76708800    0    0 322832 335848 288438 1601628 42 34 23  1  0  0
85  3  68208 95915848 2332548 76708820    0    0 317552 272660 280000 1584671 42 34 23  1  0  0
65  5  68208 95906700 2332548 76708848    0    0 288496 249664 272001 1569135 40 35 23  1  0  0
60  4  68208 95902648 2332548 76708860    0    0 308144 272144 277836 1585015 42 34 23  1  0  0
procs -----------memory---------- ---swap-- -----io---- -system-- -------cpu-------
 r  b   swpd   free   buff  cache   si   so    bi    bo   in   cs us sy id wa st gu
72  1  68208 95890408 2332548 76708880    0    0 292064 253128 285542 1591044 41 34 23  1  0  0
75  7  68208 95891620 2332548 76708892    0    0 279440 241840 281501 1588122 41 34 24  1  0  0
59 21  68208 95900816 2332548 76708908    0    0 377776 330348 288033 1627479 44 32 23  2  0  0
61 10  68208 95925652 2332548 76708932    0    0 384672 355392 291188 1626569 43 33 22  2  0  0
125 10  68208 95915916 2332548 76708956    0    0 315440 305052 286155 1601517 42 34 23  1  0  0
34  2  68208 95920484 2332548 76708972    0    0 330864 300980 277735 1599630 42 33 24  2  0  0
25  2  68208 95913784 2332548 76709000    0    0 326176 282984 278603 1595545 42 34 23  1  0  0
42  4  68208 95904632 2332548 76709016    0    0 340464 295860 283248 1604465 42 33 23  2  0  0
66 14  68208 95924876 2332548 76709036    0    0 296240 264208 277877 1590195 42 34 23  1  0  0
50  3  68208 95912272 2332548 76709048    0    0 316256 271388 280180 1592177 41 35 23  1  0  0
103  7  68208 95903360 2332548 76709064    0    0 297184 255640 274385 1575600 41 34 23  1  0  0
43  4  68208 95900708 2332548 76709080    0    0 271856 240536 268103 1563450 41 34 24  1  0  0
25 13  68208 95903196 2332548 76709100    0    0 337104 344356 286903 1593482 43 34 22  1  0  0
31  4  68208 95919352 2332548 76709124    0    0 422880 359436 294788 1639474 45 31 23  2  0  0
37  1  68208 95946340 2332548 76709144    0    0 429648 372696 295813 1648307 45 30 22  2  0  0
73  4  68208 95949752 2332548 76709164    0    0 416512 361100 295187 1650886 44 31 23  2  0  0
74  3  68208 95942184 2332548 76709184    0    0 387456 399368 294205 1630445 44 32 22  2  0  0
38  2  68208 95929616 2332548 76709200    0    0 344800 301588 281652 1607137 42 33 23  2  0  0
94  2  68208 95922936 2332548 76709228    0    0 321008 276376 288559 1602651 41 35 22  1  0  0
71  7  68208 95895608 2332548 76709248    0    0 296464 258496 275836 1572809 42 34 23  1  0  0
70  6  68208 95884284 2332548 76709268    0    0 270112 232604 268286 1565571 41 35 23  1  0  0
procs -----------memory---------- ---swap-- -----io---- -system-- -------cpu-------
 r  b   swpd   free   buff  cache   si   so    bi    bo   in   cs us sy id wa st gu
25 14  68208 95879780 2332548 76709288    0    0 291680 255864 274594 1572935 41 35 23  1  0  0
87  2  68208 95896864 2332548 76709304    0    0 310560 268616 277389 1578286 41 35 23  1  0  0
51  2  68208 95922124 2332548 76709312    0    0 304624 321328 286139 1599748 41 35 23  1  0  0
107  2  68208 95916216 2332548 76709336    0    0 319792 274584 281229 1585898 42 34 22  1  0  0
54  7  68208 95891924 2332548 76709356    0    0 333392 289076 278840 1598294 42 33 24  2  0  0
20  5  68208 95885548 2332548 76709376    0    0 310912 275096 283092 1600001 42 33 23  1  0  0
59  7  68208 95888116 2332548 76709392    0    0 313024 272940 283975 1594152 41 34 23  1  0  0
95  8  68208 95871044 2332548 76709412    0    0 313568 276412 276256 1587253 42 33 23  1  0  0
56  3  68208 95879020 2332548 76709432    0    0 345168 300260 284731 1601833 42 34 23  1  0  0
97  7  68208 95895604 2332548 76709448    0    0 291424 258248 277711 1579617 41 35 23  1  0  0
111  2  68208 95894744 2332548 76709460    0    0 295936 307092 289016 1594982 41 35 23  1  0  0
11  2  68208 95900748 2332548 76709480    0    0 337776 304992 285395 1601921 42 35 22  1  0  0
39  8  68208 95891464 2332548 76709500    0    0 296016 257004 274365 1574567 41 34 23  1  0  0
118  6  68208 95874688 2332548 76709524    0    0 389200 333664 288032 1627055 44 32 23  2  0  0
67  2  68208 95894948 2332548 76709528    0    0 312032 273464 277721 1597466 42 33 23  1  0  0
184  0  68208 95889612 2332548 76709560    0    0 325680 285160 285256 1592480 42 34 23  1  0  0
63  1  68208 95876616 2332548 76709564    0    0 291936 251032 276261 1577234 41 35 23  1  0  0
36  1  68208 95871676 2332548 76709580    0    0 307120 319976 278979 1586243 42 34 23  1  0  0
16  0  68208 95871460 2332548 76709616    0    0 329088 285392 280212 1605908 42 33 23  1  0  0
45  2  68208 95866216 2332548 76709636    0    0 352240 303148 288007 1621137 43 32 23  2  0  0
88  7  68208 95866792 2332548 76709652    0    0 327952 289624 280210 1599813 42 34 23  1  0  0
procs -----------memory---------- ---swap-- -----io---- -system-- -------cpu-------
 r  b   swpd   free   buff  cache   si   so    bi    bo   in   cs us sy id wa st gu
111  9  68208 95873384 2332548 76709668    0    0 296432 255736 273120 1570539 42 34 23  1  0  0
25  2  68208 95885456 2332548 76709692    0    0 290736 251880 271661 1575598 41 34 23  1  0  0
173  7  68208 95886764 2332548 76709708    0    0 274080 240312 270273 1585006 41 34 23  1  0  0
62 17  68208 95893792 2332548 76709716    0    0 332928 288140 282889 1598091 43 34 23  1  0  0
89  1  68208 95884500 2332548 76709736    0    0 322304 292684 277966 1585281 42 33 23  1  0  0
94 17  68208 95868392 2332548 76709752    0    0 332400 321676 285034 1599994 43 33 23  1  0  0
55  4  68208 95887556 2332548 76709776    0    0 400192 367368 302212 1645928 44 31 23  2  0  0
86  3  68208 95897528 2332548 76709804    0    0 366448 323036 287345 1619128 43 33 22  2  0  0
38  5  68208 95898052 2332548 76709820    0    0 291984 257048 273485 1572083 41 34 24  1  0  0
78  1  68208 95890068 2332548 76709840    0    0 283504 251300 272176 1575272 42 34 23  1  0  0
74  3  68208 95896052 2332548 76709848    0    0 327280 279820 288657 1607061 42 35 22  1  0  0
92  6  68208 95871008 2332548 76709868    0    0 317264 273960 277345 1583366 41 34 23  1  0  0
41 10  68208 95880012 2332548 76709964    0    0 351312 362400 287086 1601088 42 33 23  2  0  0
67  7  68208 95900416 2332548 76709984    0    0 386320 330336 293941 1637372 44 31 23  2  0  0
43  5  68208 95912112 2332548 76710000    0    0 412512 371420 298817 1650193 44 33 22  2  0  0
104  7  68208 95881944 2332548 76710028    0    0 274352 234508 268689 1565020 41 35 23  1  0  0
66  6  68208 95854012 2332548 76710056    0    0 287584 252464 272449 1574862 42 34 23  1  0  0
70  1  68208 95869420 2332548 76710064    0    0 319952 271608 288906 1611323 43 33 23  1  0  0
68 14  68208 95884584 2332548 76710084    0    0 317488 328140 282438 1582766 42 34 23  1  0  0
88  3  68208 95870716 2332548 76710104    0    0 310704 273408 282426 1583451 41 35 23  1  0  0
58  5  68208 95861104 2332548 76710120    0    0 287984 247752 272160 1571012 41 34 24  1  0  0
procs -----------memory---------- ---swap-- -----io---- -system-- -------cpu-------
 r  b   swpd   free   buff  cache   si   so    bi    bo   in   cs us sy id wa st gu
114  6  68208 95836500 2332548 76710140    0    0 286208 252076 268987 1575077 41 34 24  1  0  0
40  4  68208 95865460 2332548 76710156    0    0 377760 325356 287331 1623145 43 32 23  2  0  0
56  1  68208 95899884 2332548 76710180    0    0 435360 368240 295447 1648299 44 31 23  2  0  0
51 11  68208 95908680 2332548 76710188    0    0 339392 339744 283489 1608451 42 33 23  2  0  0
83  5  68208 95901344 2332548 76710208    0    0 346960 309312 285969 1606067 43 34 22  1  0  0
56  1  68208 95897896 2332548 76710228    0    0 389584 336832 290874 1631261 43 32 23  2  0  0
155  1  68208 95892080 2332548 76710240    0    0 318000 295032 291150 1600622 42 34 23  1  0  0
76  4  68208 95863836 2332548 76710268    0    0 285760 247672 282090 1582597 41 35 23  1  0  0
57  2  68208 95857268 2332548 76710292    0    0 268624 234356 267937 1566328 40 34 24  1  0  0
52  1  68208 95874464 2332548 76710308    0    0 323664 285140 278875 1590048 42 34 23  1  0  0
54  2  68208 95889600 2332548 76710324    0    0 310832 273516 277880 1592994 41 34 23  1  0  0
27  2  68208 95884380 2332548 76710340    0    0 370080 376096 291713 1622707 43 33 23  2  0  0
81 24  68208 95889556 2332548 76710364    0    0 361728 305432 289311 1625492 44 31 23  2  0  0
145  6  68208 95887360 2332548 76710388    0    0 347664 304720 285527 1604390 42 34 23  1  0  0
116  2  68208 95868944 2332548 76710404    0    0 300464 261696 274004 1582007 42 34 23  1  0  0
28 12  68208 95862136 2332548 76710420    0    0 327120 282436 281466 1593904 42 34 23  1  0  0
107 11  68208 95862008 2332552 76710444    0    0 334352 289028 282317 1598915 43 33 23  1  0  0
49  4  68208 95874748 2332552 76710468    0    0 367632 373424 289596 1621093 44 32 23  2  0  0
147  1  68208 95871528 2332552 76710476    0    0 372416 321400 288314 1624706 43 32 23  2  0  0
85  4  68208 95867512 2332552 76710496    0    0 320416 294980 285463 1606708 42 34 23  1  0  0
36  7  68208 95856180 2332552 76710516    0    0 294144 252580 283936 1585538 41 35 23  1  0  0
procs -----------memory---------- ---swap-- -----io---- -system-- -------cpu-------
 r  b   swpd   free   buff  cache   si   so    bi    bo   in   cs us sy id wa st gu
98  2  68208 95864152 2332556 76710532    0    0 284848 246992 271096 1573102 41 34 23  1  0  0
86  2  68208 95874280 2332556 76710556    0    0 322720 283864 281294 1589066 42 34 22  1  0  0
97  3  68208 95844540 2332556 76710580    0    0 302736 262484 276437 1574765 42 34 23  1  0  0
79  4  68208 95839464 2332556 76710596    0    0 288496 250044 273060 1575136 42 34 23  1  0  0
90  4  68208 95855300 2332556 76710608    0    0 385088 383992 293244 1631672 43 32 23  2  0  0
83  2  68208 95893352 2332560 76710628    0    0 430288 372240 295538 1645981 45 31 22  2  0  0
48  8  68208 95878228 2332560 76710656    0    0 355088 306588 284875 1611536 42 33 23  2  0  0
109  0  68208 95870764 2332560 76710672    0    0 311376 268268 279702 1584471 42 34 23  1  0  0
67  2  68208 95838748 2332560 76710688    0    0 310736 271744 282579 1586740 41 34 23  1  0  0
47  3  68208 95846620 2332560 76710704    0    0 278752 246568 280812 1583164 40 35 24  1  0  0
77  3  68208 95866664 2332560 76710724    0    0 355280 364088 306509 1614735 42 34 22  2  0  0
17  1  68208 95860668 2332560 76710740    0    0 290416 252452 275900 1576257 41 34 23  1  0  0
75  3  68208 95850888 2332560 76710764    0    0 282400 243772 271178 1569207 41 34 24  1  0  0
67  1  68208 95837952 2332560 76710776    0    0 333120 306300 281581 1599382 42 34 23  1  0  0
75  4  68208 95847136 2332560 76710796    0    0 379856 326032 288929 1619333 44 31 23  2  0  0
84  9  68208 95866488 2332560 76710816    0    0 396592 344996 292963 1633533 43 33 23  2  0  0
64  5  68208 95864752 2332560 76710832    0    0 351856 303488 283124 1606489 42 34 23  2  0  0
53  5  68208 95862824 2332560 76710856    0    0 314736 328208 284594 1594538 42 34 23  1  0  0
140  2  68208 95855284 2332560 76710868    0    0 346256 301712 289763 1612004 42 33 23  2  0  0
20  3  68208 95840840 2332560 76710880    0    0 279952 240720 270861 1571353 41 34 24  1  0  0
68  1  68208 95839724 2332560 76710904    0    0 293600 260352 278298 1581964 41 35 23  1  0  0
procs -----------memory---------- ---swap-- -----io---- -system-- -------cpu-------
 r  b   swpd   free   buff  cache   si   so    bi    bo   in   cs us sy id wa st gu
66  4  68208 95837788 2332560 76710924    0    0 299824 258992 284021 1595214 41 35 23  1  0  0
90  4  68208 95821312 2332560 76710952    0    0 312768 273036 283156 1602214 41 33 24  1  0  0
38  0  68208 95826532 2332560 76710968    0    0 331728 283216 281833 1589976 42 35 22  1  0  0
83  2  68208 95831520 2332560 76710992    0    0 331344 286612 279754 1595457 42 34 23  1  0  0
48  4  68208 95840480 2332560 76711008    0    0 325984 335376 283271 1597722 42 34 23  1  0  0
36  6  68208 95847200 2332560 76711024    0    0 365248 326788 289670 1624599 43 32 23  2  0  0
120  9  68208 95871984 2332560 76711048    0    0 425232 372888 295115 1646363 45 31 23  2  0  0
65  4  68208 95872232 2332560 76711068    0    0 318064 281916 283136 1605324 42 34 23  1  0  0
29  4  68208 95845080 2332560 76711104    0    0 358384 307140 287553 1620202 42 33 23  2  0  0
53  4  68208 95849220 2332560 76711208    0    0 311200 267332 277661 1580351 42 34 23  1  0  0
71  6  68208 95825480 2332568 76711280    0    0 278960 243224 270295 1561060 41 35 23  1  0  0
54  5  68208 95839664 2332568 76711304    0    0 323392 332216 289928 1598258 42 35 22  1  0  0
110  4  68208 95845012 2332568 76711316    0    0 309984 267312 288337 1603633 42 34 23  1  0  0
88  9  68208 95849928 2332568 76711332    0    0 320880 281272 278861 1597296 42 32 24  1  0  0
44  4  68208 95841752 2332568 76711356    0    0 356656 308052 283279 1607332 42 33 23  2  0  0
55  6  68208 95867260 2332568 76711376    0    0 388496 339656 288265 1636386 43 32 23  2  0  0
37  3  68208 95858072 2332568 76711400    0    0 360624 328496 285999 1610696 43 33 22  2  0  0
30  0  68208 95844916 2332568 76711416    0    0 302544 262400 276133 1579597 41 35 23  1  0  0
37  0  68208 95843532 2332568 76711440    0    0 295152 318316 275764 1576488 41 34 23  1  0  0
47  6  68208 95847212 2332568 76711452    0    0 324448 280832 289244 1613215 42 34 22  1  0  0
32  4  68208 95842440 2332568 76711468    0    0 304208 263792 275480 1577152 42 33 23  1  0  0
procs -----------memory---------- ---swap-- -----io---- -system-- -------cpu-------
 r  b   swpd   free   buff  cache   si   so    bi    bo   in   cs us sy id wa st gu
51  5  68208 95847216 2332568 76711488    0    0 390480 335608 289056 1623857 44 32 23  2  0  0
73  0  68208 95854636 2332568 76711512    0    0 387328 333608 288822 1625159 44 31 23  2  0  0
62  6  68208 95872764 2332568 76711532    0    0 452176 440264 303788 1654685 44 32 21  2  0  0
91  9  68208 95848900 2332568 76711552    0    0 288176 244480 273212 1569110 41 35 23  1  0  0
53  0  68208 95835048 2332568 76711568    0    0 292192 259500 278088 1578828 41 35 23  1  0  0
57  4  68208 95854792 2332568 76711576    0    0 306352 266100 283886 1593737 42 34 23  1  0  0
24  1  68208 95848160 2332568 76711604    0    0 289040 251404 271856 1568210 41 35 23  1  0  0
73  6  68208 95840412 2332568 76711624    0    0 271664 234084 268099 1559942 41 34 24  1  0  0
163  2  68208 95827548 2332568 76711640    0    0 329936 292884 282686 1595616 42 34 23  1  0  0
33 10  68208 95831928 2332568 76711660    0    0 299424 261440 275665 1572547 41 35 23  1  0  0
42  9  68208 95854552 2332568 76711688    0    0 437568 443988 300929 1650845 45 31 22  2  0  0
85 14  68208 95841980 2332568 76711708    0    0 342128 299028 281468 1597693 42 33 23  2  0  0
44  4  68208 95855788 2332568 76711724    0    0 467600 396424 308972 1685118 45 31 22  3  0  0
159  1  68208 95841296 2332568 76711732    0    0 338752 291248 285062 1604629 42 34 22  2  0  0
126  2  68208 95825924 2332572 76711752    0    0 277040 243860 269534 1564310 41 35 24  1  0  0
72  1  68208 95831188 2332572 76711776    0    0 312096 322128 282388 1583313 41 35 22  1  0  0
65  6  68208 95823976 2332572 76711796    0    0 316128 277056 288535 1601110 43 33 23  1  0  0
82  9  68208 95800640 2332572 76711816    0    0 290656 250668 281235 1592969 41 34 24  1  0  0
50 11  68208 95802988 2332572 76711836    0    0 285776 250988 278845 1594400 41 34 24  1  0  0
40  5  68208 95804916 2332572 76711856    0    0 325216 282564 282417 1598627 42 34 22  1  0  0
37  1  68208 95822504 2332572 76711864    0    0 294800 254520 273844 1583329 41 35 23  1  0  0
procs -----------memory---------- ---swap-- -----io---- -system-- -------cpu-------
 r  b   swpd   free   buff  cache   si   so    bi    bo   in   cs us sy id wa st gu
56 10  68208 95825356 2332572 76711888    0    0 335376 292936 279551 1604566 42 33 23  1  0  0
109 12  68208 95824460 2332572 76711908    0    0 350928 318740 286831 1616094 42 33 23  2  0  0
81  8  68208 95832280 2332572 76711924    0    0 346432 352568 285408 1605111 42 34 23  2  0  0
60 10  68208 95815240 2332572 76711944    0    0 292304 255312 274884 1568422 41 35 23  1  0  0
118  1  68208 95798972 2332572 76711964    0    0 288288 247800 272643 1573709 42 34 23  1  0  0
34  5  68208 95809904 2332572 76711988    0    0 303168 268116 275831 1586365 41 35 23  1  0  0
147  2  68208 95829024 2332572 76711996    0    0 312880 268112 281579 1586525 41 35 22  1  0  0
53  1  68208 95845440 2332572 76712028    0    0 400000 349964 291327 1633168 44 32 22  2  0  0
31  0  68208 95843788 2332572 76712044    0    0 455392 447416 303759 1659783 45 31 22  2  0  0
47  2  68208 95851768 2332572 76712064    0    0 373120 323144 286125 1616750 42 33 23  2  0  0
46  4  68208 95843044 2332572 76712084    0    0 322896 282320 285569 1599148 41 35 22  1  0  0
81  2  68208 95827740 2332572 76712100    0    0 293344 257248 282333 1587595 41 34 23  1  0  0
32  8  68208 95806552 2332572 76712124    0    0 277952 246632 270710 1568188 40 35 23  1  0  0
50  1  68208 95820156 2332572 76712136    0    0 320256 275596 282650 1598321 41 35 23  1  0  0
42  7  68208 95814520 2332572 76712152    0    0 353440 319864 282102 1606282 43 32 23  2  0  0
80  7  68208 95844976 2332572 76712172    0    0 420688 413408 297176 1642378 44 31 23  2  0  0
35  1  68208 95828932 2332572 76712196    0    0 300448 266060 273584 1583915 42 34 23  1  0  0
42  5  68208 95816972 2332572 76712216    0    0 322816 272552 281058 1584544 43 33 23  1  0  0
54  6  68208 95804508 2332572 76712232    0    0 296768 254760 275457 1569635 41 34 23  1  0  0
169  1  68208 95806176 2332572 76712248    0    0 274032 247796 279741 1579988 41 35 23  1  0  0
75  1  68208 95837812 2332572 76712260    0    0 315328 271896 279792 1587566 41 35 23  1  0  0
procs -----------memory---------- ---swap-- -----io---- -system-- -------cpu-------
 r  b   swpd   free   buff  cache   si   so    bi    bo   in   cs us sy id wa st gu
27  0  68208 95826228 2332572 76712276    0    0 332160 289068 280519 1605861 43 33 23  1  0  0
54  3  68208 95826084 2332572 76712300    0    0 405872 402240 296561 1638276 44 32 22  2  0  0
92 22  68208 95852836 2332572 76712316    0    0 457072 389428 301361 1663547 45 31 22  2  0  0
54 10  68208 95834184 2332572 76712336    0    0 322224 278776 278746 1594435 42 33 23  1  0  0
48  1  68208 95823048 2332572 76712352    0    0 304896 283136 281801 1604611 42 33 24  1  0  0
35  9  68208 95816256 2332572 76712380    0    0 328512 287516 291077 1616892 42 35 22  1  0  0
132 11  68208 95816116 2332572 76712468    0    0 299744 257392 275486 1578399 41 34 23  2  0  0
54  1  68208 95812432 2332572 76712480    0    0 276896 237964 269851 1572043 41 34 24  1  0  0
54  2  68208 95799136 2332572 76712500    0    0 294832 312548 277183 1577811 41 35 23  1  0  0
49  6  68208 95797988 2332572 76712524    0    0 295008 258840 273153 1574547 41 35 23  1  0  0
107  9  68208 95790284 2332572 76712556    0    0 324544 284732 279581 1602537 42 33 23  1  0  0
57  7  68208 95796948 2332572 76712572    0    0 336336 290092 279159 1596173 43 32 23  1  0  0
103  2  68208 95790700 2332572 76712588    0    0 356800 316192 281055 1613397 42 33 23  2  0  0
77  5  68208 95831340 2332572 76712608    0    0 400848 388520 293849 1641481 44 32 22  2  0  0
98  6  68208 95831476 2332572 76712620    0    0 370576 336968 289991 1631436 43 33 22  2  0  0
38 10  68208 95814208 2332572 76712636    0    0 283056 249488 271977 1578475 41 34 24  1  0  0
79  3  68208 95791616 2332572 76712656    0    0 260048 226060 273183 1577984 40 35 24  1  0  0
47  6  68208 95802796 2332572 76712672    0    0 315344 275212 282026 1595738 42 34 23  1  0  0
62  2  68208 95801264 2332572 76712696    0    0 293904 250964 274026 1571053 41 35 23  1  0  0
40  1  68208 95808368 2332572 76712716    0    0 318800 292976 274951 1592591 42 33 24  1  0  0
45  1  68208 95800104 2332572 76712740    0    0 316128 271736 287507 1595673 41 35 23  1  0  0
procs -----------memory---------- ---swap-- -----io---- -system-- -------cpu-------
 r  b   swpd   free   buff  cache   si   so    bi    bo   in   cs us sy id wa st gu
48 11  68208 95815168 2332572 76712748    0    0 375712 378872 292208 1631959 43 32 23  2  0  0
103  5  68208 95830004 2332572 76712764    0    0 493024 420032 304718 1680010 46 30 22  2  0  0
45  5  68208 95842240 2332572 76712784    0    0 321792 281024 277046 1599871 42 33 23  1  0  0
119  1  68208 95841556 2332572 76712804    0    0 316752 282004 280978 1590342 42 34 23  1  0  0
76  4  68208 95823108 2332576 76712824    0    0 298400 256208 274808 1576570 42 34 23  1  0  0
38 21  68208 95806956 2332576 76712844    0    0 288448 282516 281142 1581967 41 34 23  1  0  0
100  8  68208 95800984 2332576 76712860    0    0 320992 297396 291790 1604600 42 35 22  1  0  0
30  6  68208 95793440 2332576 76712876    0    0 285376 248052 277313 1583856 41 34 23  1  0  0
89  9  68208 95799200 2332576 76712892    0    0 317808 275404 276486 1590965 42 33 23  1  0  0
59  3  68208 95800900 2332576 76712908    0    0 321680 276292 279418 1590507 41 34 23  1  0  0
68  7  68208 95806832 2332576 76712932    0    0 372336 335880 283594 1618343 43 32 24  2  0  0
95  2  68208 95834140 2332576 76712948    0    0 382512 330160 287327 1625354 44 32 22  2  0  0
23  8  68208 95809984 2332576 76712968    0    0 436960 420976 302867 1641736 44 31 21  3  0  0
61  2  68208 95821280 2332576 76712984    0    0 339760 301764 280692 1631861 43 32 24  2  0  0
63 10  68208 95816780 2332576 76713004    0    0 328528 282056 282430 1626949 42 33 23  1  0  0
82  5  68208 95805804 2332576 76713020    0    0 307968 268044 281595 1614089 42 33 23  1  0  0
68  2  68208 95781772 2332576 76713040    0    0 284048 250980 272683 1603989 41 33 24  1  0  0
51  5  68208 95778876 2332576 76713060    0    0 327600 339832 280686 1627316 43 32 24  2  0  0
23  1  68208 95804776 2332576 76713080    0    0 321024 278984 281873 1616223 42 34 23  1  0  0
48 14  68208 95798320 2332576 76713100    0    0 357776 308268 285284 1638922 43 32 23  2  0  0
45  5  68208 95801532 2332576 76713128    0    0 323200 281584 284162 1620704 42 33 23  1  0  0
procs -----------memory---------- ---swap-- -----io---- -system-- -------cpu-------
 r  b   swpd   free   buff  cache   si   so    bi    bo   in   cs us sy id wa st gu
24  3  68208 95812504 2332576 76713148    0    0 310592 266520 277694 1615250 41 34 23  2  0  0
102 10  68208 95819248 2332576 76713156    0    0 285904 250908 275626 1609648 41 33 24  1  0  0
78  1  68208 95798988 2332576 76713176    0    0 330032 282392 284945 1620870 42 34 23  1  0  0
69  3  68208 95780104 2332576 76713196    0    0 299664 273148 277461 1602447 42 33 23  1  0  0
149  7  68208 95790504 2332576 76713224    0    0 285120 271984 274126 1605685 42 33 24  1  0  0
97  6  68208 95811860 2332576 76713244    0    0 434816 403236 300138 1678455 45 30 23  2  0  0
40  6  68208 95838736 2332576 76713264    0    0 455280 387252 301081 1690619 45 30 22  2  0  0
70  4  68208 95840080 2332576 76713280    0    0 463376 396188 303458 1691591 46 29 23  2  0  0
55  6  68208 95837800 2332576 76713288    0    0 314192 329036 283231 1633851 42 33 24  1  0  0
106  1  68208 95811836 2332576 76713312    0    0 317232 281124 283750 1618565 42 33 23  1  0  0
60  2  68208 95804640 2332576 76713332    0    0 299072 261792 277420 1609378 42 32 24  1  0  0
57 13  68208 95797788 2332576 76713356    0    0 297808 259236 274958 1610497 42 32 25  1  0  0
28  5  68208 95787472 2332576 76713372    0    0 342976 296344 285377 1628249 42 32 24  2  0  0
126  4  68208 95792512 2332576 76713388    0    0 282352 247576 271516 1602442 41 33 24  1  0  0
84 10  68208 95784068 2332576 76713416    0    0 330800 301504 284369 1625724 43 33 23  1  0  0
116  1  68208 95792900 2332576 76713428    0    0 309616 267264 280000 1617271 42 34 23  1  0  0
73  8  68208 95787928 2332576 76713440    0    0 401856 399808 303844 1674551 44 31 23  2  0  0
54 10  68208 95802996 2332576 76713460    0    0 371424 322232 289713 1657454 43 31 24  2  0  0
98  1  68208 95812544 2332576 76713480    0    0 343440 292640 284892 1627460 43 33 23  2  0  0
66 10  68208 95800176 2332576 76713504    0    0 316144 278580 288360 1625756 42 33 23  1  0  0
38  3  68208 95790824 2332576 76713520    0    0 294144 258124 283896 1619078 41 34 24  1  0  0
procs -----------memory---------- ---swap-- -----io---- -system-- -------cpu-------
 r  b   swpd   free   buff  cache   si   so    bi    bo   in   cs us sy id wa st gu
101  0  68208 95783756 2332576 76713536    0    0 279536 245244 277496 1611055 41 34 24  1  0  0
120  2  68208 95804056 2332576 76713544    0    0 337584 291424 287243 1623732 42 34 23  1  0  0
17  1  68208 95797568 2332576 76713560    0    0 341488 353524 288659 1634280 43 32 24  2  0  0
71  5  68208 95806624 2332580 76713660    0    0 339840 291912 289063 1632545 43 33 23  1  0  0
66  4  68208 95781792 2332580 76713676    0    0 275088 235512 272433 1600593 41 34 24  1  0  0
91  1  68208 95798576 2332580 76713696    0    0 384736 329252 291658 1646614 44 31 23  2  0  0
52  0  68208 95789172 2332580 76713716    0    0 368880 337108 289588 1649158 44 31 24  2  0  0
82  4  68208 95811028 2332580 76713736    0    0 358592 313100 298854 1652197 43 32 23  2  0  0
42  6  68208 95803508 2332580 76713764    0    0 340592 349596 292428 1639161 42 33 23  2  0  0
126  5  68208 95792772 2332580 76713780    0    0 296704 259180 279038 1610803 41 34 24  1  0  0
88  2  68208 95778804 2332580 76713796    0    0 276384 244024 270337 1596013 41 33 24  1  0  0
128  2  68208 95785412 2332580 76713816    0    0 334976 285256 284630 1627676 43 32 23  1  0  0
69  4  68208 95778996 2332580 76713836    0    0 282768 245800 275192 1602141 41 34 24  1  0  0
48  2  68208 95769832 2332580 76713856    0    0 307072 263804 275159 1617044 42 33 24  1  0  0
83 10  68208 95763428 2332580 76713872    0    0 362624 310408 287488 1637273 43 32 23  2  0  0
83  0  68208 95824008 2332580 76713896    0    0 454784 447236 308284 1689618 45 30 22  2  0  0
44  1  68208 95830740 2332580 76713908    0    0 461040 392260 307966 1697376 46 30 22  2  0  0
50  1  68208 95817932 2332580 76713924    0    0 314448 291108 290357 1625009 42 33 23  1  0  0
42 16  68208 95789048 2332584 76713940    0    0 292240 257976 278287 1610224 42 33 24  1  0  0
79  3  68208 95791380 2332584 76713964    0    0 325824 276764 284977 1614656 42 34 23  1  0  0
63  3  68208 95773176 2332584 76713980    0    0 317648 275096 280945 1613607 41 34 23  1  0  0
procs -----------memory---------- ---swap-- -----io---- -system-- -------cpu-------
 r  b   swpd   free   buff  cache   si   so    bi    bo   in   cs us sy id wa st gu
158  1  68208 95758040 2332584 76714000    0    0 284544 251908 282471 1609058 41 33 24  1  0  0
32 13  68208 95772176 2332584 76714020    0    0 362912 361524 297426 1648601 43 33 22  2  0  0
53  9  68208 95815192 2332584 76714036    0    0 394544 339584 292052 1665065 44 31 24  2  0  0
48  8  68208 95825632 2332584 76714052    0    0 501328 433492 310321 1718951 46 29 22  2  0  0
48  4  68208 95825348 2332584 76714076    0    0 333792 286468 283171 1629966 42 33 23  1  0  0
66  2  68208 95792852 2332584 76714096    0    0 279696 244724 270100 1600392 42 33 24  1  0  0
56  4  68208 95791168 2332584 76714112    0    0 355488 361820 295203 1644585 42 33 23  2  0  0
51  1  68208 95790820 2332584 76714128    0    0 306656 269300 283004 1618689 42 33 24  1  0  0
42  1  68208 95767560 2332584 76714152    0    0 289920 247720 273303 1599191 42 33 24  1  0  0
66  1  68208 95780288 2332584 76714172    0    0 334128 288196 282009 1634509 42 32 24  1  0  0
102  3  68208 95778252 2332584 76714180    0    0 337264 287472 291656 1652424 43 32 24  2  0  0
30  5  68208 95798336 2332584 76714200    0    0 433808 395636 305167 1695676 45 31 23  2  0  0
58  3  68208 95807856 2332584 76714220    0    0 371632 319740 285722 1646321 43 31 24  2  0  0
40  2  68208 95799380 2332584 76714248    0    0 379920 383528 292649 1654061 44 31 23  2  0  0
65  3  68208 95764068 2332584 76714264    0    0 284016 249048 272604 1597262 41 33 24  1  0  0
56  2  68208 95761464 2332584 76714284    0    0 276448 245180 269331 1597499 41 33 24  1  0  0
127  1  68208 95796664 2332584 76714300    0    0 321408 278264 284080 1617867 42 34 23  1  0  0
114  2  68208 95798336 2332584 76714312    0    0 308816 269160 278491 1617619 42 32 24  1  0  0
110  0  68208 95787652 2332584 76714336    0    0 377584 322508 286454 1643756 44 31 24  2  0  0
59 13  68208 95790004 2332584 76714356    0    0 391296 338800 290324 1660148 44 31 24  2  0  0
51  1  68208 95816372 2332584 76714376    0    0 522464 469044 316410 1731984 46 30 21  2  0  0
procs -----------memory---------- ---swap-- -----io---- -system-- -------cpu-------
 r  b   swpd   free   buff  cache   si   so    bi    bo   in   cs us sy id wa st gu
29  1  68208 95815512 2332584 76714400    0    0 329856 327716 295586 1631684 42 33 23  1  0  0
44  1  68208 95797580 2332584 76714416    0    0 303440 260812 278826 1607289 41 34 24  1  0  0
111  8  68208 95772368 2332584 76714440    0    0 271024 230916 274360 1593935 41 34 24  1  0  0
139  2  68208 95758228 2332584 76714456    0    0 353200 308320 291172 1640081 42 33 23  2  0  0
87  5  68208 95777220 2332584 76714468    0    0 312080 269796 286581 1621602 42 33 23  2  0  0
66  6  68208 95762440 2332584 76714488    0    0 293968 247452 276515 1614181 42 32 25  2  0  0
35  2  68208 95772372 2332584 76714512    0    0 341808 291844 286436 1624510 42 33 23  2  0  0
32  5  68208 95806604 2332584 76714532    0    0 496864 469444 307314 1667833 44 30 22  4  0  0
92  0  68208 95815124 2332584 76714552    0    0 460864 399100 304626 1695603 45 29 23  2  0  0
70  7  68208 95820300 2332584 76714572    0    0 343008 351552 296069 1642757 43 32 23  2  0  0
84  0  68208 95820528 2332584 76714584    0    0 330560 292376 286582 1631761 42 33 24  1  0  0
54 13  68208 95793868 2332588 76714604    0    0 279312 248624 271477 1597633 41 33 24  1  0  0
31 13  68208 95782436 2332588 76714624    0    0 294480 257544 276119 1607045 41 34 24  1  0  0
100  3  68208 95780624 2332588 76714644    0    0 302432 277540 279103 1603298 42 33 23  1  0  0
35  2  68208 95755432 2332588 76714660    0    0 282784 247536 273099 1602547 42 33 25  1  0  0
19  2  68208 95763964 2332588 76714668    0    0 284688 248492 270517 1599739 42 32 25  1  0  0
124 10  68208 95763516 2332588 76714696    0    0 399248 345968 292442 1664496 44 31 23  2  0  0
64  6  68208 95798308 2332588 76714712    0    0 392032 392308 297086 1662742 44 31 23  2  0  0
71  7  68208 95799888 2332588 76714728    0    0 316208 277324 289050 1639513 43 33 23  1  0  0
13  3  68208 95773264 2332588 76714744    0    0 282656 251284 273743 1599432 41 33 24  1  0  0
34  2  68208 95766504 2332588 76714768    0    0 320208 283408 281896 1616008 42 34 23  1  0  0
procs -----------memory---------- ---swap-- -----io---- -system-- -------cpu-------
 r  b   swpd   free   buff  cache   si   so    bi    bo   in   cs us sy id wa st gu
74  6  68208 95763792 2332588 76714856    0    0 291952 254988 277212 1594712 42 33 24  1  0  0
78  1  68208 95778308 2332588 76714876    0    0 266544 229520 268249 1588266 41 33 25  1  0  0
95  3  68208 95778292 2332588 76714900    0    0 327248 286200 284931 1620103 42 34 23  1  0  0
45  3  68208 95781780 2332588 76714920    0    0 303200 267776 278989 1611126 41 34 24  1  0  0
79  2  68208 95777536 2332588 76714932    0    0 362528 367792 291117 1643735 44 31 24  2  0  0
49 11  68208 95794908 2332588 76714952    0    0 431056 372836 300210 1686710 44 30 23  2  0  0
81  5  68208 95792432 2332588 76714972    0    0 407168 405276 295051 1591832 42 33 21  4  0  0
72  5  68208 95777488 2332588 76714992    0    0 334560 291496 280104 1598340 42 33 23  1  0  0
34 22  68208 95783608 2332588 76715020    0    0 290272 259088 276167 1583105 41 34 24  1  0  0
65  6  68208 95781260 2332588 76715036    0    0 412304 354240 296912 1647331 44 32 22  2  0  0
51  2  68208 95775504 2332588 76715056    0    0 298688 260924 274594 1585667 42 33 24  1  0  0
62  0  68208 95769180 2332588 76715064    0    0 323872 277712 282991 1593700 41 35 22  1  0  0
55  5  68208 95751348 2332588 76715080    0    0 291808 252664 276013 1582992 41 34 23  1  0  0
48 12  68208 95764788 2332588 76715108    0    0 307808 316648 287450 1596797 41 34 23  1  0  0
129  2  68208 95767292 2332588 76715124    0    0 332000 284924 288387 1605063 42 34 23  1  0  0
91 10  68208 95753772 2332588 76715140    0    0 325936 275692 276572 1593212 42 33 23  1  0  0
58  5  68208 95757952 2332588 76715164    0    0 374304 327656 288803 1615517 43 33 23  2  0  0
36  9  68208 95750636 2332588 76715180    0    0 287248 252072 272039 1566856 41 35 23  1  0  0
77  6  68208 95755944 2332588 76715200    0    0 285648 251472 273901 1582480 41 34 23  1  0  0
44  1  68208 95749892 2332588 76715216    0    0 301888 257588 276626 1579227 41 35 22  1  0  0
59  0  68208 95744768 2332588 76715236    0    0 285200 268836 271931 1572691 41 34 24  1  0  0
procs -----------memory---------- ---swap-- -----io---- -system-- -------cpu-------
 r  b   swpd   free   buff  cache   si   so    bi    bo   in   cs us sy id wa st gu
134 14  68208 95797584 2332588 76715256    0    0 512672 484436 310858 1682039 47 29 21  2  0  0
67  9  68208 95796776 2332588 76715272    0    0 380176 323348 288928 1615827 43 32 23  2  0  0
50  4  68208 95795556 2332588 76715296    0    0 426528 419408 299591 1649201 45 31 23  2  0  0
61  3  68208 95773836 2332588 76715316    0    0 306576 269588 277300 1580768 41 34 23  1  0  0
30  6  68208 95768748 2332588 76715336    0    0 264000 228864 268414 1565738 41 35 24  1  0  0
10  2  68208 95767216 2332588 76715344    0    0 302208 262040 283683 1594336 41 34 23  1  0  0
153  0  68208 95762580 2332588 76715368    0    0 299840 260084 284744 1593699 41 35 23  1  0  0
28  5  68208 95740208 2332588 76715384    0    0 286960 250612 270267 1570799 41 34 24  1  0  0
67 117  68208 95749856 2332588 76715404    0    0 374800 322980 283076 1617641 43 33 22  2  0  0
89  8  68208 95775092 2332588 76715424    0    0 396576 380756 291522 1614475 42 31 22  4  0  0
28  3  68208 95787088 2332588 76715440    0    0 397456 357880 289102 1663540 44 31 23  2  0  0
50 10  68208 95794752 2332588 76715460    0    0 376880 328528 289702 1654638 44 31 23  2  0  0
28  2  68208 95798164 2332588 76715472    0    0 387648 342964 289153 1670423 44 30 24  2  0  0
51 11  68208 95775100 2332588 76715492    0    0 353136 305944 287961 1643515 43 33 23  2  0  0
55  3  68208 95745068 2332588 76715508    0    0 300256 317684 280467 1609411 41 34 24  1  0  0
14  0  68208 95750592 2332588 76715536    0    0 317824 278256 281926 1621750 42 34 23  1  0  0
64  3  68208 95740064 2332588 76715556    0    0 295056 253968 281491 1617573 42 33 24  1  0  0
63  0  68208 95753780 2332588 76715580    0    0 286608 251104 280223 1617223 42 33 24  1  0  0
53  2  68208 95770672 2332588 76715600    0    0 352048 301476 289577 1642440 43 33 23  2  0  0
54  5  68208 95766712 2332588 76715612    0    0 283840 244940 272392 1609347 42 33 24  1  0  0
15  2  68208 95747124 2332588 76715632    0    0 365312 320300 288796 1646120 43 31 24  2  0  0
procs -----------memory---------- ---swap-- -----io---- -system-- -------cpu-------
 r  b   swpd   free   buff  cache   si   so    bi    bo   in   cs us sy id wa st gu
25  4  68208 95749060 2332588 76715652    0    0 378160 342624 289139 1654606 43 32 23  2  0  0
58  4  68208 95752280 2332588 76715684    0    0 368304 367912 292816 1644771 43 32 23  2  0  0
50  3  68208 95734624 2332588 76715700    0    0 287296 249292 273152 1603147 41 34 24  1  0  0
54  0  68208 95759168 2332592 76715720    0    0 308224 270656 279024 1615735 42 34 24  1  0  0
69  2  68208 95741100 2332592 76715736    0    0 302704 264160 282366 1617426 41 34 23  1  0  0
35  8  68208 95752904 2332592 76715748    0    0 298352 252604 285792 1631812 41 34 24  1  0  0
55  4  68208 95752764 2332592 76715760    0    0 387824 336240 288646 1659486 43 31 24  2  0  0
52 10  68208 95740364 2332592 76715784    0    0 348848 324612 282762 1637469 43 32 23  2  0  0
84  7  68208 95755388 2332592 76715804    0    0 388480 366480 293084 1648423 43 33 23  2  0  0
129  0  68208 95767496 2332592 76715824    0    0 349280 301072 279948 1640143 42 32 25  2  0  0
36  2  68208 95747548 2332592 76715840    0    0 325024 284392 281509 1617681 41 34 23  1  0  0
65  1  68208 95750216 2332592 76715860    0    0 312304 273140 282970 1618724 42 33 24  1  0  0
59  1  68208 95739240 2332592 76715876    0    0 284896 246844 278256 1619986 41 33 24  1  0  0
34  2  68208 95732704 2332596 76715884    0    0 317504 278432 283030 1617989 42 33 23  1  0  0
47  2  68208 95726480 2332596 76715912    0    0 294512 271104 275775 1604488 41 33 24  1  0  0
77  7  68208 95730960 2332596 76715928    0    0 316640 327372 281444 1615440 42 33 24  1  0  0
70  9  68208 95736924 2332596 76715952    0    0 341456 294800 285240 1630683 42 33 23  1  0  0
56  4  68208 95755792 2332596 76715972    0    0 351568 300852 282249 1641854 43 32 24  2  0  0
54  1  68208 95767120 2332596 76716060    0    0 430704 370360 298225 1679527 45 31 23  2  0  0
53  5  68208 95791484 2332596 76716072    0    0 467360 406912 303677 1708152 46 29 23  2  0  0
94  0  68208 95774660 2332596 76716084    0    0 299952 260648 276750 1610994 42 33 24  1  0  0
procs -----------memory---------- ---swap-- -----io---- -system-- -------cpu-------
 r  b   swpd   free   buff  cache   si   so    bi    bo   in   cs us sy id wa st gu
60  1  68208 95755028 2332596 76716100    0    0 327440 339884 284148 1618786 42 33 23  1  0  0
53  0  68208 95739404 2332596 76716128    0    0 324768 280868 288706 1627502 42 33 24  1  0  0
100  3  68208 95745192 2332596 76716148    0    0 287856 246492 277694 1604688 41 34 24  1  0  0
59  7  68208 95730432 2332596 76716172    0    0 283712 247920 271491 1600375 42 33 24  1  0  0
49  3  68208 95726172 2332596 76716188    0    0 341104 294032 285975 1619158 42 33 23  2  0  0
 8  1  68208 95741856 2332596 76716212    0    0 350496 316428 291007 1645615 43 31 24  2  0  0
23  1  68208 95749112 2332596 76716228    0    0 379664 327344 291798 1672207 44 31 24  2  0  0
32  9  68208 95763680 2332596 76716248    0    0 392560 334100 295566 1656696 44 31 23  2  0  0
41 10  68208 95784984 2332596 76716264    0    0 452800 447028 313778 1701856 45 30 22  2  0  0
52  5  68208 95760148 2332596 76716284    0    0 312208 273248 292375 1633831 42 33 23  1  0  0
84  9  68208 95745940 2332596 76716304    0    0 326624 281884 284433 1621301 42 33 23  1  0  0
87  2  68208 95735908 2332596 76716332    0    0 285808 248340 273018 1599317 41 33 25  1  0  0
46  5  68208 95728492 2332596 76716352    0    0 321232 277532 284348 1611435 42 34 23  1  0  0
70  3  68208 95728208 2332596 76716360    0    0 296384 255128 282989 1622916 41 33 24  1  0  0
80 11  68208 95735092 2332596 76716376    0    0 354912 357136 297458 1643858 43 31 23  2  0  0
79  3  68208 95759460 2332596 76716400    0    0 394368 343828 292233 1661466 44 30 24  2  0  0
61  4  68208 95750776 2332596 76716416    0    0 334304 291388 288721 1637365 43 32 24  2  0  0
79  5  68208 95734340 2332596 76716436    0    0 294560 274568 283187 1624048 41 34 24  1  0  0
183  7  68208 95735436 2332596 76716456    0    0 292160 256092 275781 1607354 41 33 24  1  0  0
39  7  68208 95730012 2332596 76716476    0    0 322832 277244 281645 1613314 42 33 23  1  0  0
153  4  68208 95752216 2332596 76716492    0    0 287552 247208 274146 1605773 41 33 24  1  0  0
procs -----------memory---------- ---swap-- -----io---- -system-- -------cpu-------
 r  b   swpd   free   buff  cache   si   so    bi    bo   in   cs us sy id wa st gu
53  3  68208 95752564 2332596 76716500    0    0 393504 390600 295626 1658859 44 31 23  2  0  0
49  6  68208 95755168 2332596 76716524    0    0 390672 336876 289669 1657029 44 30 24  2  0  0
73  5  68208 95768804 2332596 76716544    0    0 456704 388988 306998 1694197 45 30 23  2  0  0
60  7  68208 95765060 2332596 76716564    0    0 334016 285092 293240 1634594 42 33 23  2  0  0
86  2  68208 95759432 2332596 76716584    0    0 309104 266456 282137 1614109 42 34 23  1  0  0
54  1  68208 95740056 2332596 76716600    0    0 302448 317924 281910 1601178 42 34 23  1  0  0
59  5  68208 95744200 2332596 76716620    0    0 304464 267808 280478 1611905 41 34 24  1  0  0
126  1  68208 95749484 2332596 76716628    0    0 322928 285532 278962 1629126 42 32 24  2  0  0
61  1  68208 95750116 2332596 76716652    0    0 392528 347504 296664 1658567 44 32 22  2  0  0
51  4  68208 95757912 2332596 76716668    0    0 358320 309928 285516 1635159 43 31 24  2  0  0
100  2  68208 95769128 2332596 76716688    0    0 386928 335984 291584 1649144 44 31 23  2  0  0
82  0  68208 95750408 2332596 76716708    0    0 306304 321336 286212 1620700 42 33 24  1  0  0
58 15  68208 95740092 2332596 76716728    0    0 312000 265196 280391 1603542 42 33 24  1  0  0
39  3  68208 95748228 2332596 76716748    0    0 279040 242972 273360 1596792 41 33 24  1  0  0
73  5  68208 95743432 2332596 76716752    0    0 317616 280668 284631 1619514 42 33 23  1  0  0
39  2  68208 95743836 2332596 76716772    0    0 331200 284192 283201 1619099 43 32 24  1  0  0
57  3  68208 95767636 2332596 76716796    0    0 445328 381016 298948 1678321 45 30 23  2  0  0
54  6  68208 95773068 2332596 76716816    0    0 422320 411864 297891 1668415 45 29 23  2  0  0
15  1  68208 95766596 2332596 76716836    0    0 358384 312144 287891 1637712 43 32 23  2  0  0
48  1  68208 95739536 2332596 76716852    0    0 304992 262132 278710 1595574 41 34 23  2  0  0
28  4  68208 95731892 2332596 76716872    0    0 281568 245152 278682 1606323 42 33 24  1  0  0
procs -----------memory---------- ---swap-- -----io---- -system-- -------cpu-------
 r  b   swpd   free   buff  cache   si   so    bi    bo   in   cs us sy id wa st gu
46  3  68208 95731792 2332596 76716888    0    0 323424 287124 287958 1623978 42 33 23  1  0  0
65  6  68208 95741188 2332596 76716912    0    0 308512 282368 278855 1611833 42 33 23  1  0  0
79  3  68208 95751836 2332596 76716932    0    0 423616 413812 298620 1667676 45 30 23  2  0  0
73  5  68208 95742436 2332596 76716952    0    0 322960 279460 281153 1617985 42 33 23  1  0  0
51  4  68208 95720392 2332596 76716972    0    0 322208 281812 279664 1618835 42 33 24  1  0  0
42  5  68208 95732892 2332596 76716996    0    0 323616 280860 283771 1614865 42 34 23  1  0  0
28  4  68208 95731868 2332596 76717016    0    0 293312 249892 275912 1607927 41 33 24  1  0  0
58  1  68208 95735268 2332596 76717032    0    0 294640 264016 280977 1618415 42 32 24  1  0  0
58  3  68208 95729468 2332596 76717048    0    0 329520 288092 285723 1619403 42 33 23  1  0  0
72  2  68208 95725920 2332596 76717064    0    0 324448 286568 279660 1622449 42 32 24  1  0  0
44  5  68208 95738684 2332596 76717084    0    0 358640 357736 292569 1638732 43 32 23  2  0  0
58  1  68208 95739704 2332596 76717108    0    0 396448 341536 290092 1654232 44 30 24  2  0  0
54 11  68208 95764500 2332596 76717128    0    0 358000 326556 288765 1634512 42 33 23  2  0  0
44  6  68208 95752732 2332596 76717148    0    0 353616 308388 292758 1652839 43 32 24  2  0  0
42  8  68208 95759076 2332596 76717168    0    0 361984 309952 288880 1648894 43 32 23  2  0  0
71  6  68208 95753768 2332596 76717264    0    0 395744 393644 298214 1663091 45 31 23  2  0  0
15  1  68208 95734572 2332596 76717292    0    0 299280 256160 285307 1620428 41 34 23  1  0  0
59  0  68208 95707668 2332596 76717312    0    0 267200 231000 279421 1605723 41 33 24  1  0  0
66  4  68208 95716516 2332596 76717328    0    0 320608 280136 284676 1616086 42 34 23  1  0  0
85  4  68208 95721640 2332596 76717352    0    0 341152 290188 283360 1624879 43 33 23  2  0  0
61  9  68208 95724844 2332600 76717356    0    0 375200 321904 287741 1648138 44 31 24  2  0  0
procs -----------memory---------- ---swap-- -----io---- -system-- -------cpu-------
 r  b   swpd   free   buff  cache   si   so    bi    bo   in   cs us sy id wa st gu
58 11  68208 95747520 2332600 76717392    0    0 372512 335428 294490 1664195 44 31 23  2  0  0
27 13  68208 95745612 2332600 76717404    0    0 328400 321836 288440 1625812 42 34 23  1  0  0
107  6  68208 95739412 2332600 76717424    0    0 308528 271036 279536 1605498 42 33 24  1  0  0
20  2  68208 95726696 2332600 76717444    0    0 286144 249996 273036 1594899 41 33 24  1  0  0
18  3  68208 95736384 2332600 76717464    0    0 341680 288432 294339 1641152 43 33 23  1  0  0
30  0  68208 95717356 2332600 76717488    0    0 302656 260108 280433 1611530 42 32 24  1  0  0
30  5  68208 95708136 2332600 76717504    0    0 275024 262832 269617 1590518 41 33 25  1  0  0
59  3  68208 95735068 2332600 76717512    0    0 431424 430136 301854 1670382 45 29 23  2  0  0
44  4  68208 95749316 2332600 76717540    0    0 404256 341680 295233 1676454 44 31 23  2  0  0
57  5  68208 95765500 2332600 76717552    0    0 447776 379252 299723 1677128 45 29 23  2  0  0
139  0  68208 95755604 2332600 76717576    0    0 299600 265440 283692 1615735 42 33 23  1  0  0
55  8  68208 95737060 2332600 76717592    0    0 300672 263000 284796 1620148 41 34 24  1  0  0
97  5  68208 95712080 2332600 76717608    0    0 278816 243660 269770 1594363 41 33 24  1  0  0
35  6  68208 95722540 2332600 76717636    0    0 317456 327788 282663 1614376 43 33 23  2  0  0
45  9  68208 95725728 2332600 76717652    0    0 355392 309212 286439 1634689 43 32 23  2  0  0
85 13  68208 95730128 2332600 76717672    0    0 439760 376060 298494 1685643 45 29 24  2  0  0
42  3  68208 95715204 2332600 76717680    0    0 315456 294776 278256 1612754 43 31 24  1  0  0
42  7  68208 95764152 2332600 76717704    0    0 450880 381480 300736 1682402 45 29 23  2  0  0
118  1  68208 95759336 2332600 76717720    0    0 353824 363016 295090 1633336 43 33 23  2  0  0
64  5  68208 95736488 2332600 76717740    0    0 286272 244732 275786 1595978 41 34 24  1  0  0
107  0  68208 95709596 2332600 76717760    0    0 265616 227188 268838 1588607 41 34 24  1  0  0
procs -----------memory---------- ---swap-- -----io---- -system-- -------cpu-------
 r  b   swpd   free   buff  cache   si   so    bi    bo   in   cs us sy id wa st gu
73  4  68208 95716228 2332600 76717784    0    0 325040 289140 284137 1615412 42 33 23  1  0  0
60  4  68208 95736268 2332600 76717800    0    0 306512 262976 282616 1609486 42 32 24  1  0  0
29  6  68208 95722552 2332600 76717804    0    0 290352 252524 283669 1623091 42 33 24  1  0  0
77  4  68208 95713668 2332600 76717824    0    0 398224 340024 293964 1656099 43 32 23  2  0  0
157  1  68208 95742212 2332600 76717848    0    0 445760 434940 303206 1682305 45 30 23  2  0  0
75  3  68208 95722424 2332600 76717872    0    0 293312 251248 278346 1606381 42 33 24  1  0  0
90  3  68208 95709072 2332600 76717888    0    0 277584 243928 271096 1598427 41 35 24  1  0  0
133  8  68208 95731632 2332600 76717908    0    0 331440 282356 285518 1620271 41 34 23  1  0  0
43  3  68208 95724356 2332600 76717924    0    0 289328 251544 275917 1598570 42 33 24  1  0  0
45  8  68208 95736752 2332600 76717952    0    0 364672 328332 291197 1653496 44 31 23  2  0  0
94 12  68208 95724612 2332600 76717972    0    0 351056 299072 289376 1627543 43 33 23  2  0  0
105  9  68208 95708768 2332600 76717996    0    0 302736 317632 282509 1602573 42 34 23  1  0  0
55 11  68208 95706024 2332600 76718016    0    0 322528 279484 283124 1612844 42 33 24  1  0  0
133  6  68208 95710856 2332600 76718032    0    0 294864 258140 274448 1601102 41 34 24  1  0  0
31  1  68208 95719888 2332600 76718052    0    0 335664 287396 281986 1624343 42 33 24  1  0  0
67  5  68208 95747780 2332600 76718072    0    0 465952 397040 301292 1692826 45 30 23  2  0  0
72  9  68208 95760540 2332600 76718088    0    0 419792 422516 301195 1687533 44 30 24  2  0  0
59  3  68208 95746676 2332600 76718100    0    0 349264 300204 286046 1626398 43 32 23  2  0  0
79  6  68208 95730212 2332600 76718120    0    0 322112 280608 279923 1615763 43 32 24  1  0  0
67  3  68208 95730904 2332600 76718136    0    0 328240 284728 285098 1620255 42 33 23  1  0  0
122  9  68208 95725184 2332600 76718160    0    0 336896 287808 282638 1625971 43 32 24  2  0  0
procs -----------memory---------- ---swap-- -----io---- -system-- -------cpu-------
 r  b   swpd   free   buff  cache   si   so    bi    bo   in   cs us sy id wa st gu
75  1  68208 95728732 2332600 76718176    0    0 307600 283224 280092 1608972 42 34 23  1  0  0
50 10  68208 95720684 2332600 76718196    0    0 306080 270008 279639 1605544 42 33 24  1  0  0
55  6  68208 95722724 2332600 76718216    0    0 277008 242180 273210 1604211 41 33 24  1  0  0
81  0  68208 95711228 2332600 76718232    0    0 320736 333796 286892 1617868 43 33 23  1  0  0
61 10  68208 95729980 2332600 76718256    0    0 465200 386868 304205 1679397 46 30 23  2  0  0
123  0  68208 95732408 2332600 76718272    0    0 328672 285828 294151 1639451 42 34 22  2  0  0
50 10  68208 95723272 2332600 76718292    0    0 322144 275832 289006 1630717 42 33 24  2  0  0
70  3  68208 95696696 2332600 76718312    0    0 282320 251588 279718 1620841 41 33 24  1  0  0
95  6  68208 95732640 2332604 76718328    0    0 353904 304632 295699 1645248 42 33 23  2  0  0
111  2  68208 95746596 2332604 76718352    0    0 347072 328716 287263 1640143 43 33 23  2  0  0
51 17  68208 95740788 2332604 76718360    0    0 398368 363724 298466 1668685 44 31 23  2  0  0
159  1  68208 95744676 2332604 76718376    0    0 451824 383488 306321 1697700 45 30 23  2  0  0
80  4  68208 95743232 2332604 76718472    0    0 291744 272036 273178 1602931 41 34 24  1  0  0
97  2  68208 95723508 2332604 76718492    0    0 303744 267744 274669 1605675 41 33 24  1  0  0
68  1  68208 95706976 2332604 76718516    0    0 311536 265388 279203 1613441 42 33 24  1  0  0
95  0  68208 95695044 2332604 76718528    0    0 287120 257748 275745 1603129 41 34 24  1  0  0
44  0  68208 95694392 2332604 76718552    0    0 383664 378412 294695 1653713 43 33 23  2  0  0
127  0  68208 95699168 2332604 76718560    0    0 297888 258720 276439 1617009 42 32 24  1  0  0
105  1  68208 95720148 2332604 76718576    0    0 369712 315900 286885 1641324 43 32 24  2  0  0
43  3  68208 95720120 2332604 76718596    0    0 356784 305976 284813 1647432 44 31 24  2  0  0
108  3  68208 95711584 2332604 76718624    0    0 383264 326820 290019 1648733 44 31 23  2  0  0
procs -----------memory---------- ---swap-- -----io---- -system-- -------cpu-------
 r  b   swpd   free   buff  cache   si   so    bi    bo   in   cs us sy id wa st gu
22  2  68208 95686244 2332604 76718648    0    0 296560 256448 275061 1607118 41 33 24  1  0  0
64  5  68208 95709464 2332604 76718664    0    0 295360 313696 277063 1603468 42 33 24  1  0  0
25  0  68208 95711616 2332604 76718684    0    0 326352 280248 282218 1616064 42 33 23  2  0  0
66  9  68208 95713892 2332604 76718696    0    0 394592 339608 290927 1662165 44 31 24  2  0  0
43  5  68208 95757400 2332604 76718716    0    0 522016 466188 316293 1732523 47 28 22  3  0  0
95  8  68208 95754184 2332604 76718736    0    0 382688 342372 288889 1655948 44 31 23  2  0  0
53  2  68208 95754820 2332604 76718760    0    0 394128 376828 296132 1660271 43 33 22  2  0  0
124  1  68208 95726788 2332608 76718776    0    0 306720 264684 281398 1615682 41 33 24  1  0  0
44  3  68208 95701680 2332608 76718792    0    0 280496 247836 271721 1594756 41 33 24  1  0  0
119  5  68208 95699532 2332608 76718820    0    0 314768 277360 280451 1612202 42 33 23  1  0  0
29  9  68208 95713556 2332608 76718836    0    0 315024 274624 280242 1626512 42 32 24  1  0  0
42  9  68208 95711192 2332608 76718844    0    0 281744 249096 275153 1606215 41 33 24  1  0  0
73  5  68208 95716500 2332608 76718860    0    0 337664 289988 292025 1636694 42 34 23  1  0  0
52  2  68208 95705328 2332608 76718884    0    0 289712 254312 275616 1594708 42 33 24  1  0  0
57  1  68208 95707012 2332608 76718908    0    0 370512 369160 291301 1637853 43 32 23  2  0  0
125  0  68208 95753688 2332608 76718924    0    0 518480 444176 314009 1721223 47 29 22  3  0  0
67  2  68208 95744152 2332608 76718944    0    0 284800 264592 274231 1593762 41 34 24  1  0  0
107  5  68208 95742408 2332608 76718964    0    0 334032 294832 284800 1623185 42 33 23  1  0  0
111  0  68208 95751304 2332608 76718980    0    0 312704 268960 283592 1617212 43 33 23  1  0  0
84  5  68208 95733980 2332608 76719000    0    0 314192 327456 282724 1599572 42 33 23  2  0  0
32  0  68208 95726656 2332608 76719016    0    0 373792 318776 289957 1640313 43 32 23  2  0  0
procs -----------memory---------- ---swap-- -----io---- -system-- -------cpu-------
 r  b   swpd   free   buff  cache   si   so    bi    bo   in   cs us sy id wa st gu
33  6  68208 95724544 2332608 76719036    0    0 355504 308600 287974 1652015 43 31 24  2  0  0
74  6  68208 95739236 2332608 76719052    0    0 430736 365884 300902 1673712 45 30 23  2  0  0
120  2  68208 95734220 2332608 76719076    0    0 322736 275080 277897 1615582 43 32 24  2  0  0
85  4  68208 95724956 2332608 76719096    0    0 336384 289748 286419 1619766 42 34 23  1  0  0
16  2  68208 95736796 2332608 76719108    0    0 321344 331460 285883 1627295 43 32 24  1  0  0
34  9  68208 95717312 2332608 76719124    0    0 325024 279676 283718 1612549 42 33 23  1  0  0
90  1  68208 95704608 2332608 76719140    0    0 297984 261656 284216 1614209 42 33 24  1  0  0
74  7  68208 95675516 2332608 76719164    0    0 294896 258156 282613 1623194 42 33 24  1  0  0
81  6  68208 95703772 2332608 76719184    0    0 361520 307896 289839 1635096 43 33 23  2  0  0
56  7  68208 95706016 2332608 76719200    0    0 354368 322236 285874 1636826 44 31 24  2  0  0
68 15  68208 95752544 2332608 76719220    0    0 466656 417352 306730 1698800 45 30 23  2  0  0
43  1  68208 95759824 2332608 76719232    0    0 382208 368268 296418 1656725 43 33 23  2  0  0
67  4  68208 95736212 2332608 76719248    0    0 305936 264796 279830 1604408 42 33 23  1  0  0
42 10  68208 95729088 2332608 76719268    0    0 351568 304856 284619 1634632 43 32 23  2  0  0
20  3  68208 95723084 2332608 76719288    0    0 319648 276240 283758 1614136 42 34 23  1  0  0
34  0  68208 95701144 2332608 76719308    0    0 292544 250296 275380 1600809 42 33 24  1  0  0
82  5  68208 95699380 2332608 76719328    0    0 297776 260044 274072 1604698 41 33 24  1  0  0
46  5  68208 95713044 2332608 76719344    0    0 314160 273804 283124 1609095 42 34 23  1  0  0
46  3  68208 95723844 2332608 76719364    0    0 346320 315028 287368 1640102 43 32 24  2  0  0
71  4  68208 95726824 2332608 76719376    0    0 415840 393088 298773 1671406 44 30 23  2  0  0
57  3  68208 95739644 2332608 76719400    0    0 464576 459384 302576 1615039 43 30 21  6  0  0
procs -----------memory---------- ---swap-- -----io---- -system-- -------cpu-------
 r  b   swpd   free   buff  cache   si   so    bi    bo   in   cs us sy id wa st gu
157  0  68208 95735676 2332608 76719416    0    0 308768 268992 277676 1583036 41 35 23  1  0  0
12  1  68208 95706676 2332608 76719432    0    0 285584 251448 270739 1576218 41 35 23  1  0  0
23  1  68208 95697932 2332608 76719456    0    0 303920 266764 275136 1576338 42 34 23  1  0  0
83  9  68208 95707616 2332608 76719484    0    0 320816 277040 278018 1582562 42 34 23  1  0  0
57  1  68208 95725936 2332608 76719504    0    0 369824 320580 292216 1639006 43 32 23  2  0  0
41  4  68208 95750780 2332608 76719512    0    0 448304 435828 302881 1663628 45 31 22  2  0  0
88  6  68208 95737108 2332608 76719528    0    0 398032 347284 295291 1641154 44 31 22  2  0  0
73  2  68208 95708512 2332608 76719548    0    0 286848 249312 273670 1567964 41 35 23  1  0  0
80  1  68208 95700840 2332608 76719568    0    0 275824 232904 268521 1560130 41 34 24  1  0  0
37  0  68208 95704144 2332608 76719668    0    0 294224 262228 276892 1579102 42 34 23  1  0  0
180  0  68208 95698268 2332608 76719684    0    0 314784 272560 283643 1590057 42 35 22  1  0  0
31 172  68208 95689708 2332608 76719700    0    0 461920 463848 292323 1540067 41 30 20  8  0  0
43  3  68208 95710336 2332608 76719716    0    0 479552 402756 309954 1693734 45 29 22  3  0  0
43 16  68208 95728936 2332608 76719732    0    0 397520 342600 295652 1654794 43 32 23  2  0  0
48  1  68208 95748004 2332608 76719760    0    0 385040 385512 297817 1656141 44 31 23  2  0  0
166  2  68208 95735336 2332608 76719776    0    0 317104 269528 285615 1621626 43 33 24  1  0  0
70  5  68208 95703804 2332608 76719796    0    0 285232 254532 273438 1602357 42 33 24  1  0  0
100  4  68208 95700296 2332608 76719816    0    0 294736 263176 275927 1602111 41 34 24  1  0  0
45  8  68208 95696608 2332608 76719840    0    0 311168 272080 279479 1606781 42 33 23  1  0  0
32  7  68208 95710880 2332608 76719856    0    0 291424 251204 277276 1615675 42 33 24  1  0  0
40  6  68208 95720016 2332608 76719864    0    0 347360 300888 296989 1648391 43 33 23  1  0  0
procs -----------memory---------- ---swap-- -----io---- -system-- -------cpu-------
 r  b   swpd   free   buff  cache   si   so    bi    bo   in   cs us sy id wa st gu
39  1  68208 95709248 2332608 76719880    0    0 311696 269044 279065 1609741 41 34 24  1  0  0
74  4  68208 95718184 2332608 76719900    0    0 357664 361628 289194 1628944 42 33 23  2  0  0
117  5  68208 95740688 2332608 76719924    0    0 502704 442240 310800 1694819 46 30 22  3  0  0
22  1  68208 95720432 2332608 76719948    0    0 309296 269792 282402 1606405 41 34 24  1  0  0
31  0  68208 95696508 2332608 76719968    0    0 281440 252396 273218 1595986 41 34 24  1  0  0
107  1  68208 95688972 2332608 76719988    0    0 308720 269444 282726 1613071 42 34 23  1  0  0
39  4  68208 95673988 2332608 76720000    0    0 303184 259148 277778 1614947 42 33 24  1  0  0
60  3  68208 95700260 2332608 76720016    0    0 382672 378776 296990 1656497 44 31 23  2  0  0
91  6  68208 95733136 2332608 76720036    0    0 462992 395980 304985 1680552 46 30 22  2  0  0
69  8  68208 95731932 2332608 76720056    0    0 389680 331292 292761 1658026 44 32 23  2  0  0
79  8  68208 95738304 2332608 76720072    0    0 372896 318148 287718 1651108 43 31 24  2  0  0
62  8  68208 95713236 2332608 76720096    0    0 317360 268204 279958 1608938 42 34 23  1  0  0
75  4  68208 95724460 2332608 76720112    0    0 399136 398824 295302 1660500 44 32 23  2  0  0
11  4  68208 95734264 2332608 76720132    0    0 312720 273064 290142 1640022 42 33 24  1  0  0
31  1  68208 95709156 2332608 76720152    0    0 280176 241676 270892 1596555 41 34 24  1  0  0
61  5  68208 95715432 2332608 76720176    0    0 313472 288436 280468 1612996 42 34 23  1  0  0
112  0  68208 95691620 2332608 76720200    0    0 305264 259596 277900 1604000 42 33 24  1  0  0
30  5  68208 95687848 2332608 76720216    0    0 279184 245428 273275 1608518 41 33 24  1  0  0
34  0  68208 95702184 2332608 76720232    0    0 329424 281148 287964 1629603 42 33 23  1  0  0
