procs -----------memory---------- ---swap-- -----io---- -system-- -------cpu-------
 r  b   swpd   free   buff  cache   si   so    bi    bo   in   cs us sy id wa st gu
 4  3 340440 103599080 2280788 83058188    4    9 28746 34332 11497    7  3  1 95  0  0  0
67  2 340440 103031832 2280788 83058272    0    0 225280 324196 303396 660320 15 18 66  2  0  0
70  2 340440 103094764 2280788 83058292    0    0 357920 341788 277651 1498892 43 31 25  1  0  0
105  1 340440 103094772 2280788 83058308    0    0 284496 320792 275229 1470456 42 33 24  1  0  0
70  3 340440 103086724 2280788 83058328    0    0 266864 119368 244471 1435440 41 34 25  1  0  0
65  0 340440 103051560 2280788 83058344    0    0 327200 148944 258094 1466759 43 33 24  1  0  0
40  2 340440 103036436 2280788 83058372    0    0 308960 186704 249895 1453148 42 34 24  1  0  0
51  1 340440 103039300 2280788 83058384    0    0 282720 122528 245144 1444126 42 33 24  1  0  0
35 12 340440 103007716 2280788 83058396    0    0 309808 159424 273387 1492161 43 32 24  1  0  0
39  9 340440 102981540 2280788 83058416    0    0 312016 194040 274030 1482588 44 31 24  1  0  0
66  8 340440 102974744 2280788 83058436    0    0 283088 132624 247118 1455808 42 33 24  1  0  0
90  7 340440 102964964 2280788 83058460    0    0 305008 130192 247501 1449894 41 33 24  1  0  0
55  2 340440 102951240 2280788 83058476    0    0 314752 174732 257375 1466306 41 34 24  1  0  0
100  0 340440 102937036 2280788 83058496    0    0 269392 121896 240074 1431067 41 34 25  1  0  0
65  6 340440 102953348 2280788 83058512    0    0 307376 134404 248570 1456914 41 34 24  1  0  0
56  1 340440 102931596 2280788 83058524    0    0 306800 170476 251792 1460838 41 34 24  1  0  0
20  0 340440 102922816 2280788 83058548    0    0 276560 117816 251277 1453870 41 33 24  1  0  0
48  3 340440 102901512 2280788 83058568    0    0 314096 167880 267722 1480959 43 32 23  1  0  0
41  8 340440 102899708 2280788 83058584    0    0 306240 186988 271271 1480272 43 32 24  1  0  0
75  2 340440 102891732 2280788 83058604    0    0 270640 130208 254408 1456364 42 33 25  1  0  0
112  5 340440 102881928 2280788 83058620    0    0 314992 132768 246714 1446628 41 33 24  1  0  0
procs -----------memory---------- ---swap-- -----io---- -system-- -------cpu-------
 r  b   swpd   free   buff  cache   si   so    bi    bo   in   cs us sy id wa st gu
145  6 340440 102893596 2280788 83058640    0    0 313200 195276 269239 1482111 43 33 24  1  0  0
29  2 340440 102885464 2280788 83058648    0    0 262880 128268 254705 1454534 42 33 24  1  0  0
97  7 340440 102883788 2280788 83058668    0    0 307344 146236 262843 1478215 42 33 24  1  0  0
62  2 340440 102877388 2280788 83058688    0    0 308320 192112 277697 1497748 43 32 24  1  0  0
12  0 340440 102868460 2280788 83058708    0    0 292832 153548 266114 1473185 43 31 24  1  0  0
22  1 340440 102857840 2280788 83058732    0    0 301248 157124 269768 1481580 43 33 23  1  0  0
103  1 340440 102862424 2280788 83058748    0    0 310448 181048 270679 1489792 43 32 24  1  0  0
73 11 340440 102866484 2280788 83058768    0    0 277200 122232 244036 1442305 42 33 24  1  0  0
62  2 340440 102871852 2280788 83058780    0    0 308176 153388 263021 1486344 43 32 24  1  0  0
92  2 340440 102857048 2280792 83058796    0    0 304416 188940 270861 1488679 42 32 24  1  0  0
85  6 340440 102841584 2280792 83058828    0    0 280624 120420 242982 1438450 41 34 25  1  0  0
99  1 340440 102860228 2280792 83058844    0    0 293824 140144 252567 1459800 42 33 24  1  0  0
48  2 340440 102838500 2280792 83058868    0    0 310192 193508 269978 1492893 43 32 23  1  0  0
113  5 340440 102846188 2280792 83058888    0    0 281472 140648 261217 1477721 42 33 24  1  0  0
80  5 340440 102858672 2280792 83058908    0    0 318928 197060 272355 1496267 43 32 24  1  0  0
56  3 340440 102856516 2280792 83058920    0    0 299872 154732 270964 1488407 43 32 24  1  0  0
63  4 340440 102838048 2280792 83058936    0    0 279472 128580 245770 1459271 41 33 24  1  0  0
23  3 340440 102848748 2280792 83058956    0    0 285936 119676 244662 1443012 40 35 24  1  0  0
31  6 340440 102850908 2280792 83058980    0    0 314672 176660 249073 1455768 41 34 24  1  0  0
47  2 340440 102831996 2280792 83058996    0    0 272512 124432 239452 1434907 41 33 25  1  0  0
79  0 340440 102854920 2280792 83059016    0    0 321904 174920 262284 1479531 42 33 24  1  0  0
procs -----------memory---------- ---swap-- -----io---- -system-- -------cpu-------
 r  b   swpd   free   buff  cache   si   so    bi    bo   in   cs us sy id wa st gu
50  3 340440 102854812 2280792 83059040    0    0 323520 171056 273164 1494161 43 32 24  1  0  0
109  6 340440 102856572 2280792 83059052    0    0 284640 136572 253113 1461873 41 34 24  1  0  0
74  4 340440 102848932 2280792 83059068    0    0 314368 199880 273518 1490669 43 33 23  1  0  0
71  6 340440 102839852 2280796 83059088    0    0 292128 144528 267394 1478278 43 33 24  1  0  0
21  5 340440 102843948 2280796 83059104    0    0 321872 162004 277312 1495869 43 32 24  1  0  0
25  0 340440 102846464 2280796 83059140    0    0 298352 181220 260056 1466855 42 33 24  1  0  0
23  0 340440 102830476 2280796 83059156    0    0 306192 150484 264535 1475349 43 32 24  1  0  0
54  2 340440 102838824 2280796 83059180    0    0 271472 123432 247383 1447675 41 33 25  1  0  0
84  1 340440 102848704 2280796 83059192    0    0 315600 144020 259239 1471148 42 34 23  1  0  0
72  3 340440 102840156 2280796 83059208    0    0 320752 179928 251581 1463624 42 33 24  1  0  0
108  7 340440 102833228 2280796 83059228    0    0 275296 119028 247284 1433458 40 34 25  1  0  0
26  2 340440 102835688 2280796 83059248    0    0 297264 129300 242252 1448944 40 34 25  1  0  0
69  1 340440 102854312 2280796 83059264    0    0 325408 200688 271690 1495287 43 33 23  1  0  0
90  6 340440 102843876 2280796 83059280    0    0 283760 144600 259915 1471332 42 32 25  1  0  0
35  0 340440 102839248 2280796 83059304    0    0 301552 155048 269470 1489634 43 32 24  1  0  0
87  6 340440 102853188 2280796 83059320    0    0 323760 201104 284698 1522872 43 32 23  1  0  0
65  8 340440 102837796 2280796 83059336    0    0 287792 130348 249485 1451497 41 34 24  1  0  0
37  1 340440 102830168 2280796 83059352    0    0 293008 131840 244456 1447549 41 34 24  1  0  0
92 13 340440 102839272 2280800 83059372    0    0 299936 191436 269210 1492017 43 33 23  1  0  0
89  4 340440 102828664 2280800 83059396    0    0 302640 162700 265601 1484912 42 33 24  1  0  0
52 16 340440 102833124 2280800 83059416    0    0 287920 130960 243251 1449307 41 34 24  1  0  0
procs -----------memory---------- ---swap-- -----io---- -system-- -------cpu-------
 r  b   swpd   free   buff  cache   si   so    bi    bo   in   cs us sy id wa st gu
72  0 340440 102828872 2280800 83059436    0    0 278656 123684 241179 1444116 41 34 24  1  0  0
102  9 340440 102847268 2280800 83059452    0    0 314112 190540 266181 1493050 42 33 23  1  0  0
91  2 340440 102843752 2280800 83059468    0    0 274464 141236 259920 1475655 42 32 25  1  0  0
82  0 340440 102843592 2280800 83059488    0    0 300816 136452 245213 1460641 41 34 24  1  0  0
72  5 340440 102836672 2280800 83059512    0    0 314608 181776 255063 1472958 42 33 24  1  0  0
48  1 340440 102835864 2280800 83059528    0    0 279168 137184 259442 1470511 42 33 24  1  0  0
89  2 340440 102833412 2280800 83059548    0    0 305120 136584 246057 1453899 41 33 24  1  0  0
80  2 340440 102834012 2280804 83059564    0    0 315216 188372 259014 1472710 43 33 24  1  0  0
70  0 340440 102842944 2280804 83059580    0    0 283376 123532 254559 1464526 41 33 24  1  0  0
30  0 340440 102850388 2280804 83059596    0    0 296448 133116 245111 1455303 41 33 24  1  0  0
29  0 340440 102839860 2280804 83059612    0    0 307744 175560 248886 1458395 41 34 24  1  0  0
62  7 340440 102834624 2280804 83059632    0    0 278192 119632 244824 1449800 41 34 25  1  0  0
80  1 340440 102830924 2280804 83059652    0    0 297488 138764 255566 1464183 42 32 24  1  0  0
64  3 340440 102834260 2280804 83059672    0    0 310400 198508 267404 1484616 43 32 24  1  0  0
145  4 340440 102839008 2280804 83059692    0    0 285968 129960 251793 1448815 41 34 24  1  0  0
102  7 340440 102834420 2280804 83059716    0    0 286544 125068 249085 1453054 41 34 24  1  0  0
56  1 340440 102832808 2280804 83059728    0    0 309968 176456 255857 1465230 41 34 24  1  0  0
92  0 340440 102842348 2280804 83059744    0    0 303280 154912 267058 1480891 43 32 24  1  0  0
85 11 340440 102844336 2280804 83059764    0    0 268720 127776 248613 1441329 41 34 25  1  0  0
58  3 340440 102846312 2280804 83059784    0    0 315952 170976 254710 1467737 41 33 24  1  0  0
29 10 340440 102843184 2280804 83059804    0    0 310880 149388 264313 1470501 42 33 24  1  0  0
procs -----------memory---------- ---swap-- -----io---- -system-- -------cpu-------
 r  b   swpd   free   buff  cache   si   so    bi    bo   in   cs us sy id wa st gu
57  6 340440 102848560 2280804 83059824    0    0 292000 132224 245084 1447265 41 33 24  1  0  0
62  1 340440 102844456 2280804 83059844    0    0 292128 143792 246435 1442509 42 33 24  1  0  0
65  4 340440 102862780 2280804 83059856    0    0 325952 194516 275433 1491062 43 32 23  1  0  0
57 12 340440 102859724 2280804 83059868    0    0 370848 192776 292091 1501630 45 30 23  2  0  0
60  7 340440 102839164 2280804 83059892    0    0 310608 199132 272163 1493640 44 32 24  1  0  0
89  3 340440 102838820 2280804 83059912    0    0 273392 138988 260975 1463569 43 32 24  1  0  0
15  8 340440 102846116 2280804 83059932    0    0 308160 132544 250140 1458604 41 34 25  1  0  0
77  5 340440 102837636 2280804 83059948    0    0 302592 172212 252649 1457937 41 33 24  1  0  0
78  4 340440 102830136 2280804 83059968    0    0 281584 125744 243199 1437093 41 33 24  1  0  0
85  1 340440 102840188 2280804 83059988    0    0 307712 136796 249217 1462103 42 33 24  1  0  0
69  6 340440 102846828 2280804 83060004    0    0 311024 175648 250478 1457377 42 33 24  1  0  0
58  1 340440 102833676 2280804 83060020    0    0 278512 121432 245715 1444537 42 33 25  1  0  0
92  4 340440 102840720 2280804 83060040    0    0 306800 138696 248331 1454553 42 32 24  1  0  0
79  0 340440 102839228 2280804 83060064    0    0 312400 187364 260156 1467379 43 33 24  1  0  0
28  4 340440 102841908 2280804 83060092    0    0 278128 139400 262569 1473067 43 32 24  1  0  0
69  4 340440 102839192 2280804 83060112    0    0 300192 147324 255723 1473961 42 33 24  1  0  0
35  5 340440 102854280 2280804 83060128    0    0 309472 202984 274792 1499772 43 32 23  1  0  0
22  5 340440 102840836 2280804 83060140    0    0 288000 140852 261154 1459674 43 32 24  1  0  0
75  3 340440 102832340 2280804 83060156    0    0 302656 142408 252468 1458280 41 33 24  1  0  0
38  3 340440 102841056 2280804 83060184    0    0 316864 203816 273253 1493618 44 31 24  1  0  0
98  4 340440 102833396 2280804 83060204    0    0 273488 138556 259481 1463322 42 33 24  1  0  0
procs -----------memory---------- ---swap-- -----io---- -system-- -------cpu-------
 r  b   swpd   free   buff  cache   si   so    bi    bo   in   cs us sy id wa st gu
52  2 340440 102827308 2280804 83060220    0    0 300400 140508 254015 1466255 41 33 25  1  0  0
44  5 340440 102846488 2280804 83060236    0    0 319296 192732 272783 1492679 42 33 23  1  0  0
24  9 340440 102848924 2280804 83060252    0    0 268432 121596 239744 1444611 40 34 24  1  0  0
34  0 340440 102838152 2280804 83060268    0    0 318240 153944 258664 1487198 42 33 24  1  0  0
63  2 340440 102826960 2280804 83060288    0    0 317216 204844 260438 1480958 42 33 24  1  0  0
65  4 340440 102830156 2280808 83060304    0    0 291152 133296 250081 1455669 41 33 24  1  0  0
50  4 340440 102820176 2280808 83060324    0    0 299904 148636 251451 1473895 41 33 24  1  0  0
119  3 340440 102831724 2280808 83060352    0    0 311072 197584 266782 1487978 43 33 24  1  0  0
98  5 340440 102836484 2280808 83060368    0    0 286160 122092 240530 1440337 41 34 24  1  0  0
36  4 340440 102841220 2280808 83060388    0    0 300480 132936 244157 1456612 41 33 25  1  0  0
74  2 340440 102833760 2280808 83060396    0    0 303456 178332 247484 1459307 41 33 24  1  0  0
64  4 340440 102836596 2280808 83060420    0    0 293232 129916 242834 1449111 41 34 24  1  0  0
43  4 340440 102831720 2280808 83060444    0    0 283488 123996 240208 1435893 40 35 24  1  0  0
38  1 340440 102823256 2280808 83060460    0    0 303440 173424 245412 1453539 41 34 24  1  0  0
74  2 340440 102817516 2280808 83060484    0    0 307248 150080 257397 1473975 42 33 24  1  0  0
90  8 340440 102833228 2280808 83060500    0    0 288336 131352 242463 1447101 41 34 25  1  0  0
73  4 340440 102835904 2280808 83060528    0    0 290976 124872 253738 1460816 41 35 24  1  0  0
81  5 340440 102830496 2280808 83060536    0    0 312032 198588 272750 1499092 43 33 23  1  0  0
51  1 340440 102818536 2280808 83060548    0    0 282352 139928 251820 1457217 42 33 24  1  0  0
41  0 340440 102817736 2280808 83060572    0    0 300496 130080 246575 1448509 41 35 23  1  0  0
70  8 340440 102817556 2280808 83060592    0    0 307168 172148 247221 1455941 41 34 24  1  0  0
procs -----------memory---------- ---swap-- -----io---- -system-- -------cpu-------
 r  b   swpd   free   buff  cache   si   so    bi    bo   in   cs us sy id wa st gu
79  0 340440 102822080 2280808 83060612    0    0 285024 126332 242495 1438182 41 34 24  1  0  0
35  0 340440 102822520 2280808 83060628    0    0 291888 134500 242988 1450420 41 33 24  1  0  0
47  0 340440 102846636 2280808 83060648    0    0 298192 174556 247299 1455058 41 34 24  1  0  0
90  0 340440 102846796 2280808 83060660    0    0 302368 130784 245977 1454344 41 34 24  1  0  0
47  3 340440 102842324 2280808 83060688    0    0 291936 133736 241913 1441700 41 34 24  1  0  0
43  2 340440 102811428 2280808 83060704    0    0 306832 196248 267519 1495670 42 33 23  1  0  0
38  0 340440 102818168 2280808 83060724    0    0 298768 149884 266426 1478750 42 33 24  1  0  0
40  9 340440 102815172 2280808 83060740    0    0 272704 123396 240803 1456249 40 34 25  1  0  0
78  5 340440 102837500 2280808 83060768    0    0 310320 197408 249086 1456840 41 34 24  1  0  0
74  0 340440 102832468 2280808 83060784    0    0 295888 130980 244259 1441873 40 35 24  1  0  0
64  1 340440 102824108 2280812 83060796    0    0 289856 129044 248515 1462211 41 34 24  1  0  0
26  5 340440 102819456 2280812 83060812    0    0 298432 131240 247695 1453550 41 34 24  1  0  0
 8  0 340440 102826708 2280812 83060832    0    0 308672 178224 249279 1452820 41 33 24  1  0  0
30  0 340440 102810932 2280812 83060860    0    0 271376 120520 240027 1435588 41 34 24  1  0  0
76 12 340440 102822016 2280812 83060872    0    0 310848 149796 266024 1485311 42 33 24  1  0  0
50 11 340440 102825608 2280812 83060892    0    0 308816 188540 259637 1473725 42 33 24  1  0  0
26  0 340440 102825132 2280812 83060908    0    0 288592 148496 262555 1469779 43 32 24  1  0  0
53  4 340440 102837604 2280812 83060924    0    0 290416 129936 245396 1455612 41 34 24  1  0  0
78  0 340440 102840220 2280812 83060940    0    0 297968 170508 247701 1448254 40 34 24  1  0  0
38  0 340440 102828532 2280812 83060960    0    0 302160 143460 255643 1465064 43 33 24  1  0  0
102  6 340440 102832236 2280812 83060984    0    0 298704 136140 244939 1450493 41 34 24  1  0  0
procs -----------memory---------- ---swap-- -----io---- -system-- -------cpu-------
 r  b   swpd   free   buff  cache   si   so    bi    bo   in   cs us sy id wa st gu
88  2 340440 102828856 2280812 83061000    0    0 291808 170032 247187 1442127 41 34 24  1  0  0
82 10 340440 102827024 2280812 83061020    0    0 303168 130684 249611 1452875 41 34 24  1  0  0
90  4 340440 102829272 2280812 83061048    0    0 267760 124016 239183 1428126 40 34 24  1  0  0
70 12 340440 102842892 2280812 83061064    0    0 311856 168200 251591 1463086 41 34 24  1  0  0
35  4 340440 102833800 2280812 83061076    0    0 310576 165928 265906 1484722 43 32 24  1  0  0
57  2 340440 102808848 2280812 83061096    0    0 266080 118236 240810 1435500 41 34 24  1  0  0
32  0 340440 102828024 2280812 83061120    0    0 316048 163468 264590 1477687 43 33 24  1  0  0
38  2 340440 102832876 2280812 83061140    0    0 318976 200984 273368 1490249 43 33 23  1  0  0
41  0 340440 102821560 2280812 83061164    0    0 269968 135672 262397 1467344 43 32 24  1  0  0
107  2 340440 102814900 2280812 83061184    0    0 298480 143516 257291 1465225 42 33 24  1  0  0
45  5 340440 102836456 2280812 83061196    0    0 314880 202436 271926 1489834 43 32 24  1  0  0
63  0 340440 102828052 2280812 83061208    0    0 272304 137948 242917 1432966 41 34 24  1  0  0
36  1 340440 102828904 2280812 83061228    0    0 302880 132612 245072 1449504 40 34 24  1  0  0
92  5 340440 102832200 2280812 83061248    0    0 304928 182960 266390 1485763 42 33 24  1  0  0
75  4 340440 102809616 2280812 83061268    0    0 285152 137680 254146 1454690 42 32 25  1  0  0
26  5 340440 102812332 2280812 83061292    0    0 301840 137100 245271 1456380 41 33 24  1  0  0
28  1 340440 102814716 2280812 83061316    0    0 291744 168596 245827 1444570 41 34 24  1  0  0
84  0 340440 102835808 2280812 83061332    0    0 300704 129320 248725 1446048 41 33 24  1  0  0
31  1 340440 102824420 2280812 83061344    0    0 295376 140960 251247 1455145 41 34 24  1  0  0
95  5 340440 102823080 2280812 83061364    0    0 296080 182508 255399 1458385 42 32 24  1  0  0
61  1 340440 102813788 2280812 83061388    0    0 314064 135792 248198 1454192 41 34 24  1  0  0
procs -----------memory---------- ---swap-- -----io---- -system-- -------cpu-------
 r  b   swpd   free   buff  cache   si   so    bi    bo   in   cs us sy id wa st gu
91  2 340440 102816516 2280812 83061404    0    0 282272 126600 243499 1437402 41 34 24  1  0  0
99  4 340440 102827384 2280812 83061424    0    0 319552 184512 251499 1456808 41 33 25  1  0  0
100  5 340440 102830960 2280812 83061444    0    0 296736 152780 268232 1477110 43 32 24  1  0  0
22  0 340440 102833216 2280812 83061468    0    0 294768 138668 253973 1467876 42 33 24  1  0  0
140  4 340440 102827776 2280812 83061476    0    0 305776 171984 254208 1465436 41 34 24  1  0  0
50  1 340440 102819048 2280812 83061496    0    0 295408 133100 246088 1444641 41 34 24  1  0  0
90  6 340440 102834256 2280812 83061516    0    0 283792 130688 241591 1440154 41 32 25  1  0  0
39  2 340440 102827420 2280812 83061536    0    0 286784 125840 244442 1447153 41 34 24  1  0  0
16  3 340440 102818528 2280812 83061560    0    0 317616 194964 274540 1487844 42 33 23  1  0  0
64  0 340440 102811220 2280812 83061576    0    0 271088 141036 263833 1467137 42 33 24  1  0  0
59  0 340440 102830824 2280812 83061600    0    0 306272 160660 270970 1492693 42 33 24  1  0  0
72  4 340440 102835660 2280812 83061608    0    0 320320 199772 278029 1507386 43 32 23  1  0  0
21  0 340440 102833076 2280812 83061624    0    0 274912 122980 242642 1439950 40 35 24  1  0  0
124  8 340440 102814480 2280812 83061652    0    0 299088 139424 245085 1454631 41 34 24  1  0  0
45  0 340440 102825872 2280812 83061672    0    0 305696 193492 247090 1456271 42 33 24  1  0  0
79  3 340440 102837904 2280812 83061692    0    0 277584 120892 240366 1442419 41 34 24  1  0  0
58  4 340440 102831864 2280812 83061708    0    0 290576 132848 243059 1445496 41 34 25  1  0  0
76  2 340440 102823708 2280812 83061728    0    0 309280 181628 250355 1453257 41 34 24  1  0  0
55  1 340440 102833608 2280812 83061748    0    0 294528 127240 247542 1450671 41 34 24  1  0  0
138  3 340440 102827244 2280812 83061760    0    0 294688 139416 253346 1459533 42 33 24  1  0  0
89  5 340440 102819816 2280812 83061780    0    0 299136 178016 246827 1448457 42 32 25  1  0  0
procs -----------memory---------- ---swap-- -----io---- -system-- -------cpu-------
 r  b   swpd   free   buff  cache   si   so    bi    bo   in   cs us sy id wa st gu
34  3 340440 102838748 2280812 83061800    0    0 296000 148580 264717 1477459 42 33 24  1  0  0
70  7 340440 102827196 2280812 83061820    0    0 278752 123732 240735 1443216 40 34 25  1  0  0
48  0 340440 102832516 2280812 83061844    0    0 308832 174688 266043 1474558 44 32 24  1  0  0
57  3 340440 102822552 2280812 83061856    0    0 311184 159160 249474 1449926 42 33 24  1  0  0
46  3 340440 102826196 2280812 83061872    0    0 267552 117556 242708 1436112 41 34 24  1  0  0
19  9 340440 102829352 2280812 83061888    0    0 307248 138092 246299 1457575 41 34 24  1  0  0
42  1 340440 102818880 2280812 83061916    0    0 311984 192056 263454 1483234 42 32 24  1  0  0
33  0 340440 102823868 2280812 83061940    0    0 278768 144140 260144 1465491 43 31 25  1  0  0
42  0 340440 102825900 2280812 83061956    0    0 287376 130460 242090 1442971 41 34 24  1  0  0
51  5 340440 102815632 2280812 83061976    0    0 300960 170780 247674 1444554 42 33 24  1  0  0
 4  7 340440 102828736 2280812 83061996    0    0 273296 121516 241774 1434767 40 34 25  1  0  0
70  2 340440 102824320 2280812 83062012    0    0 302256 149044 259919 1476095 42 33 24  1  0  0
86  9 340440 102817880 2280812 83062028    0    0 303312 183924 258297 1460341 42 33 24  1  0  0
76  7 340440 102822996 2280812 83062048    0    0 284000 124116 249818 1453139 41 34 24  1  0  0
68  2 340440 102819736 2280812 83062064    0    0 294016 133428 246738 1445486 41 33 25  1  0  0
68  1 340440 102817420 2280812 83062084    0    0 307120 180036 247934 1453281 41 34 24  1  0  0
65  5 340440 102819396 2280816 83062100    0    0 286544 127928 243738 1442380 41 34 24  1  0  0
71 10 340440 102819184 2280816 83062124    0    0 309760 165444 259822 1472165 42 32 24  1  0  0
42  7 340440 102825664 2280816 83062144    0    0 309024 195920 266577 1472271 42 33 23  1  0  0
25  6 340440 102829932 2280816 83062156    0    0 284352 148372 265428 1478625 43 32 24  1  0  0
96  8 340440 102816596 2280816 83062168    0    0 281568 138660 253836 1460413 41 34 24  1  0  0
procs -----------memory---------- ---swap-- -----io---- -system-- -------cpu-------
 r  b   swpd   free   buff  cache   si   so    bi    bo   in   cs us sy id wa st gu
18  0 340440 102818600 2280816 83062188    0    0 318480 199412 273546 1488758 43 32 24  1  0  0
90  1 340440 102814564 2280816 83062212    0    0 304656 158184 270549 1479072 43 33 23  1  0  0
138  7 340440 102812396 2280816 83062228    0    0 288096 154388 264841 1482006 42 33 24  1  0  0
41  7 340440 102818420 2280816 83062256    0    0 294016 184132 262265 1465079 42 33 24  1  0  0
15  0 340440 102839260 2280816 83062272    0    0 306704 134296 256181 1467705 41 34 24  1  0  0
76  2 340440 102822564 2280820 83062276    0    0 263920 120632 240782 1439300 41 34 24  1  0  0
49  0 340440 102813556 2280820 83062300    0    0 310688 153884 263250 1475016 42 33 24  1  0  0
64  0 340440 102821704 2280820 83062324    0    0 310288 186104 259498 1474366 42 33 24  1  0  0
90  2 340440 102821264 2280820 83062344    0    0 267904 116248 238744 1434822 41 34 25  1  0  0
87  7 340440 102823292 2280820 83062360    0    0 319856 163104 265069 1478784 43 32 24  1  0  0
26  0 340440 102809516 2280820 83062384    0    0 309744 203448 272691 1491569 43 32 24  1  0  0
39  3 340440 102828852 2280820 83062408    0    0 274544 120320 242636 1438683 41 34 25  1  0  0
43  0 340440 102837308 2280820 83062420    0    0 317952 155924 264557 1486256 43 33 24  1  0  0
98  4 340440 102811232 2280820 83062440    0    0 308448 188548 256117 1467397 42 33 24  1  0  0
31  5 340440 102808096 2280820 83062456    0    0 294448 145804 260063 1465361 42 34 23  1  0  0
111  4 340440 102816276 2280820 83062476    0    0 292592 131360 252095 1458116 41 34 24  1  0  0
50  1 340440 102821472 2280820 83062500    0    0 308912 182040 254267 1456103 42 33 25  1  0  0
36  1 340440 102814636 2280820 83062524    0    0 286752 149544 266047 1471991 43 32 24  1  0  0
71  1 340440 102822092 2280820 83062544    0    0 295056 138760 251066 1459944 42 33 24  1  0  0
60  2 340440 102839252 2280820 83062556    0    0 324640 188536 260749 1469751 42 33 23  1  0  0
108  3 340440 102823072 2280820 83062568    0    0 299664 156208 267859 1473025 43 31 24  1  0  0
procs -----------memory---------- ---swap-- -----io---- -system-- -------cpu-------
 r  b   swpd   free   buff  cache   si   so    bi    bo   in   cs us sy id wa st gu
18  0 340440 102831960 2280820 83062588    0    0 298240 175700 268133 1475775 43 33 23  1  0  0
55  2 340440 102817020 2280820 83062612    0    0 313616 189632 262944 1471267 42 33 24  1  0  0
58  1 340440 102811924 2280820 83062636    0    0 292400 136776 256015 1462559 41 33 25  1  0  0
34  0 340440 102820476 2280820 83062652    0    0 271840 124824 243195 1445368 41 34 24  1  0  0
25  2 340440 102824576 2280820 83062672    0    0 333536 210492 273898 1490417 44 32 23  1  0  0
84  4 340440 102837428 2280820 83062688    0    0 289184 135292 256099 1464404 42 33 24  1  0  0
38  2 340440 102814108 2280820 83062704    0    0 285568 130704 248457 1450057 42 33 24  1  0  0
99  3 340440 102812572 2280820 83062724    0    0 296016 140988 255591 1462716 41 34 24  1  0  0
34  1 340440 102815088 2280820 83062744    0    0 312048 195052 263480 1474497 43 32 24  1  0  0
38  3 340440 102813468 2280824 83062756    0    0 270720 137272 261211 1464343 43 32 24  1  0  0
27  1 340440 102816220 2280824 83062780    0    0 308800 138368 249213 1455133 42 33 24  1  0  0
54  2 340440 102821244 2280824 83062804    0    0 313072 189976 259513 1467942 42 33 24  1  0  0
130  2 340440 102836132 2280824 83062824    0    0 283824 139936 258871 1470172 42 33 24  1  0  0
31 12 340440 102835396 2280824 83062828    0    0 277200 127588 241428 1444262 41 33 24  1  0  0
46  1 340440 102823648 2280828 83062852    0    0 306336 171768 247070 1454750 41 34 24  1  0  0
128  3 340440 102803200 2280828 83062876    0    0 300976 131888 248145 1450054 42 33 24  1  0  0
28  1 340440 102724116 2280828 83062896    0    0 278752 127932 246778 1440749 40 34 25  1  0  0
68  0 340440 102759328 2280828 83062916    0    0 305888 192072 261719 1470336 42 33 24  1  0  0
16  0 340440 102753540 2280828 83062932    0    0 291760 129732 248085 1451919 41 34 24  1  0  0
21  8 340440 102735964 2280828 83062952    0    0 290912 133836 251846 1463315 41 33 25  1  0  0
114  3 340440 102682400 2280828 83062960    0    0 298784 134488 251896 1447971 41 34 24  1  0  0
procs -----------memory---------- ---swap-- -----io---- -system-- -------cpu-------
 r  b   swpd   free   buff  cache   si   so    bi    bo   in   cs us sy id wa st gu
50  2 340440 102696396 2280828 83062984    0    0 316896 183388 248435 1465783 41 34 25  1  0  0
51  0 340440 102742596 2280828 83063004    0    0 271920 118472 244585 1448319 40 34 25  1  0  0
35  4 340440 102724924 2280828 83063024    0    0 301616 142632 257143 1474781 41 34 24  1  0  0
64  8 340440 102723424 2280828 83063044    0    0 315824 216076 267453 1483548 43 32 24  1  0  0
55  8 340440 102726932 2280828 83063060    0    0 265472 122272 238201 1432768 40 34 25  1  0  0
24  2 340440 102745308 2280828 83063080    0    0 316464 137420 247998 1460998 41 34 24  1  0  0
70  9 340440 102762116 2280828 83063092    0    0 300880 176100 248431 1463025 41 33 24  1  0  0
87  4 340440 102750516 2280828 83063116    0    0 276848 123280 240201 1439491 40 35 24  1  0  0
32  2 340440 102749708 2280828 83063136    0    0 286896 130512 243774 1444133 41 34 24  1  0  0
53  6 340440 102727916 2280828 83063148    0    0 309248 175148 252330 1461858 41 34 24  1  0  0
17  3 340440 102758280 2280828 83063168    0    0 289904 126568 247103 1448115 41 33 25  1  0  0
69  1 340440 102771268 2280828 83063192    0    0 293328 136876 243807 1444783 41 33 24  1  0  0
19 12 340440 102762516 2280828 83063212    0    0 305488 178320 248876 1459277 41 34 24  1  0  0
71  2 340440 102773488 2280828 83063224    0    0 287936 124700 245025 1446598 41 33 25  1  0  0
25  0 340440 102765336 2280828 83063236    0    0 298816 135848 253677 1464370 40 35 24  1  0  0
68  5 340440 102776512 2280828 83063256    0    0 304736 181428 253824 1460552 41 34 23  1  0  0
55  6 340440 102792352 2280828 83063280    0    0 294800 150124 266609 1483821 43 32 24  1  0  0
61  8 340440 102763228 2280828 83063300    0    0 275888 123008 239323 1439568 41 33 25  1  0  0
71  3 340440 102759580 2280828 83063316    0    0 322368 200504 273401 1503050 43 32 24  1  0  0
43  0 340440 102764668 2280828 83063336    0    0 282288 145692 265679 1476059 43 33 23  1  0  0
21  2 340440 102776632 2280828 83063348    0    0 301872 142228 252739 1465713 41 34 24  1  0  0
procs -----------memory---------- ---swap-- -----io---- -system-- -------cpu-------
 r  b   swpd   free   buff  cache   si   so    bi    bo   in   cs us sy id wa st gu
87  2 340440 102788096 2280828 83063380    0    0 307968 176652 256863 1462858 41 34 24  1  0  0
69  4 340440 102778928 2280828 83063396    0    0 310448 158548 278389 1495320 43 32 24  1  0  0
50  5 340440 102777368 2280828 83063416    0    0 280736 141968 254148 1464941 42 33 24  1  0  0
81  0 340440 102779836 2280828 83063432    0    0 302224 190120 266927 1476238 43 32 24  1  0  0
63  6 340440 102767732 2280828 83063452    0    0 295216 146784 265444 1478559 43 33 23  1  0  0
30 10 340440 102757044 2280828 83063476    0    0 279664 125584 251538 1452949 41 34 24  1  0  0
99  1 340440 102763044 2280828 83063492    0    0 306880 147352 258438 1477281 41 33 24  1  0  0
102  3 340440 102796148 2280832 83063504    0    0 308320 208244 271713 1486523 43 33 23  1  0  0
85  3 340440 102789156 2280832 83063524    0    0 267552 135136 260122 1466036 42 32 24  1  0  0
79  4 340440 102779792 2280832 83063544    0    0 303776 153988 263175 1478785 43 32 24  1  0  0
85  3 340440 102772816 2280832 83063560    0    0 307840 176636 250221 1452384 41 34 24  1  0  0
57  5 340440 102770608 2280832 83063584    0    0 281488 127092 242431 1438368 41 34 24  1  0  0
57  0 340440 102762776 2280832 83063608    0    0 297840 135092 246046 1448104 41 34 24  1  0  0
52  2 340440 102790620 2280832 83063624    0    0 306256 174492 256664 1467797 41 35 24  1  0  0
107  1 340440 102787528 2280832 83063640    0    0 297376 133384 250682 1454330 42 33 24  1  0  0
77  0 340440 102769656 2280832 83063660    0    0 297312 141432 252526 1456423 41 34 24  1  0  0
86  3 340440 102776528 2280832 83063680    0    0 300992 185080 257798 1467432 42 32 24  1  0  0
124  5 340440 102775412 2280832 83063700    0    0 299296 138968 259902 1467853 42 33 23  1  0  0
68  9 340440 102770100 2280832 83063720    0    0 282336 129616 244721 1446879 41 34 24  1  0  0
51  1 340440 102771380 2280832 83063744    0    0 308352 180540 249335 1455560 41 34 25  1  0  0
46  3 340440 102772876 2280832 83063760    0    0 306064 135588 250563 1458240 42 34 23  1  0  0
procs -----------memory---------- ---swap-- -----io---- -system-- -------cpu-------
 r  b   swpd   free   buff  cache   si   so    bi    bo   in   cs us sy id wa st gu
39 10 340440 102794228 2280832 83063776    0    0 266896 119396 239046 1438087 40 34 25  1  0  0
48  1 340440 102777276 2280832 83063804    0    0 308592 154680 265045 1487040 43 32 24  1  0  0
51  2 340440 102785692 2280832 83063816    0    0 317872 208372 271902 1495614 43 32 24  1  0  0
36  1 340440 102776632 2280832 83063840    0    0 274112 122712 240189 1435529 41 34 24  1  0  0
74  2 340440 102770448 2280832 83063860    0    0 304128 131976 250528 1460735 41 33 25  1  0  0
121  5 340440 102754460 2280832 83063880    0    0 311504 180848 254630 1458783 41 34 24  1  0  0
98  1 340440 102765368 2280832 83063896    0    0 275344 126468 243941 1439223 41 33 24  1  0  0
52  5 340440 102771860 2280832 83063912    0    0 304144 151412 267007 1478642 43 32 23  1  0  0
11  0 340440 102772800 2280832 83063928    0    0 310096 174212 249747 1450166 42 33 24  1  0  0
60  4 340440 102772212 2280832 83063952    0    0 269968 121900 240842 1433074 40 35 24  1  0  0
68  1 340440 102754744 2280832 83063972    0    0 303856 156276 246689 1448825 41 33 24  1  0  0
40  4 340440 102771144 2280836 83063996    0    0 311056 185948 258498 1468493 42 33 24  1  0  0
48  0 340440 102774568 2280836 83064016    0    0 271920 131472 256043 1461439 42 33 24  1  0  0
23  6 340440 102799788 2280836 83064032    0    0 310816 149248 260193 1477601 42 33 24  1  0  0
28  7 340440 102798776 2280836 83064044    0    0 305536 179328 249863 1457872 41 34 24  1  0  0
32  5 340440 102797648 2280836 83064064    0    0 263248 116212 238002 1428416 40 34 25  1  0  0
33  7 340440 102772156 2280840 83064088    0    0 304240 135144 248534 1456904 42 33 24  1  0  0
48  5 340440 102761744 2280840 83064104    0    0 306848 180788 253662 1464579 41 34 24  1  0  0
30  1 340440 102741500 2280840 83064128    0    0 291072 130608 245393 1435624 41 34 24  1  0  0
36  1 340440 102754648 2280840 83064144    0    0 302832 135348 246051 1452514 41 34 24  1  0  0
106  6 340440 102777444 2280840 83064172    0    0 311184 177160 252354 1466404 41 33 24  1  0  0
procs -----------memory---------- ---swap-- -----io---- -system-- -------cpu-------
 r  b   swpd   free   buff  cache   si   so    bi    bo   in   cs us sy id wa st gu
60  3 340440 102791732 2280844 83064184    0    0 292480 130736 247643 1454209 41 33 24  1  0  0
61  2 340440 102783408 2280844 83064200    0    0 290656 135380 242841 1448358 41 34 24  1  0  0
82  4 340440 102778844 2280844 83064220    0    0 306752 183340 256769 1466307 42 33 24  1  0  0
59  0 340440 102766796 2280844 83064240    0    0 278640 120396 241371 1438844 41 34 24  1  0  0
37  8 340440 102768580 2280844 83064260    0    0 305984 138400 246455 1457669 41 33 24  1  0  0
63  1 340440 102776108 2280844 83064284    0    0 298224 177904 247974 1442081 41 34 24  1  0  0
39  0 340440 102784920 2280844 83064300    0    0 287584 127492 244652 1441560 41 34 24  1  0  0
38  6 340440 102794832 2280844 83064316    0    0 293008 130856 248690 1456694 41 34 24  1  0  0
117 12 340440 102791604 2280844 83064328    0    0 303920 199800 276101 1492943 43 32 24  1  0  0
39  2 340440 102758696 2280844 83064352    0    0 296160 155028 268489 1478202 43 32 24  1  0  0
66 12 340440 102763272 2280844 83064380    0    0 282656 130600 242529 1453361 41 34 24  1  0  0
115 24 340440 102752276 2280844 83064396    0    0 297344 142280 255301 1459480 41 34 24  1  0  0
48 10 340440 102771872 2280844 83064416    0    0 316992 187300 278949 1502718 44 32 23  1  0  0
106  3 340440 102763276 2280844 83064436    0    0 264960 123984 242453 1441822 40 34 25  1  0  0
40 12 340440 102775836 2280844 83064452    0    0 316352 213524 273259 1491468 43 32 23  1  0  0
23  1 340440 102769244 2280844 83064464    0    0 299728 153228 269701 1476503 43 32 23  1  0  0
71 10 340440 102757164 2280844 83064484    0    0 266736 125636 246110 1448088 41 33 24  1  0  0
43  1 340440 102764996 2280844 83064504    0    0 308784 152592 270023 1479642 42 33 24  1  0  0
125  6 340440 102774844 2280844 83064520    0    0 314864 206676 272375 1487806 43 32 24  1  0  0
42  1 340440 102766776 2280844 83064544    0    0 266048 119056 239935 1438270 41 34 25  1  0  0
41  1 340440 102771984 2280844 83064568    0    0 301168 135224 247636 1452529 41 33 24  1  0  0
procs -----------memory---------- ---swap-- -----io---- -system-- -------cpu-------
 r  b   swpd   free   buff  cache   si   so    bi    bo   in   cs us sy id wa st gu
69  2 340440 102794264 2280844 83064588    0    0 313600 192952 274654 1499720 42 33 24  1  0  0
49  0 340440 102795756 2280844 83064596    0    0 283232 144384 259285 1471064 42 32 25  1  0  0
90  1 340440 102762300 2280844 83064620    0    0 296752 132004 246257 1447332 41 34 24  1  0  0
79  2 340440 102772692 2280844 83064636    0    0 314048 196160 267624 1479491 42 33 23  1  0  0
92  3 340440 102764148 2280844 83064660    0    0 274960 129828 252392 1453252 41 33 24  1  0  0
83  3 340440 102773736 2280844 83064680    0    0 312752 156436 263264 1473792 42 34 23  1  0  0
63  2 340440 102781000 2280844 83064700    0    0 302864 197004 269592 1489980 43 32 24  1  0  0
91  5 340440 102790636 2280844 83064720    0    0 278752 123704 242146 1445332 40 34 25  1  0  0
77 14 340440 102788084 2280844 83064728    0    0 294336 131052 252280 1468935 41 34 24  1  0  0
91  3 340440 102785848 2280848 83064748    0    0 309440 180864 255646 1466517 41 34 24  1  0  0
106  7 340440 102765332 2280848 83064768    0    0 293808 131808 245558 1444143 41 34 24  1  0  0
73  4 340440 102762028 2280848 83064792    0    0 284896 127728 241998 1444574 41 34 24  1  0  0
54  1 340440 102760508 2280848 83064804    0    0 291456 129844 244961 1443624 41 34 23  1  0  0
107  7 340440 102771816 2280848 83064824    0    0 312656 176616 254753 1467221 42 33 24  1  0  0
25  4 340440 102784072 2280848 83064844    0    0 275264 128492 242647 1437307 40 34 24  1  0  0
72  9 340440 102801280 2280848 83064864    0    0 303728 156564 248641 1454492 40 35 23  1  0  0
78  6 340440 102779588 2280848 83064880    0    0 317328 174608 249650 1459041 40 34 24  1  0  0
52  0 340440 102775400 2280848 83064900    0    0 275312 121472 242256 1441863 41 34 24  1  0  0
115  2 340440 102751356 2280848 83064916    0    0 299376 144868 252017 1460097 42 33 24  1  0  0
15  0 340440 102762772 2280848 83064936    0    0 321696 204620 273746 1487084 43 32 24  1  0  0
71  6 340440 102776540 2280848 83064964    0    0 280480 123980 242791 1435804 41 33 24  1  0  0
procs -----------memory---------- ---swap-- -----io---- -system-- -------cpu-------
 r  b   swpd   free   buff  cache   si   so    bi    bo   in   cs us sy id wa st gu
114 10 340440 102774328 2280848 83064984    0    0 301744 135348 255306 1466057 42 33 24  1  0  0
56  4 340440 102779496 2280848 83064996    0    0 315936 190896 264074 1476314 42 33 24  1  0  0
22  0 340440 102783272 2280848 83065008    0    0 282912 146596 263320 1468864 42 33 24  1  0  0
47  7 340440 102762648 2280852 83065032    0    0 305200 158524 268320 1487749 43 32 24  1  0  0
62  7 340440 102753440 2280852 83065056    0    0 302736 176880 254870 1457303 42 33 24  1  0  0
117  3 340440 102766952 2280852 83065076    0    0 284128 129408 243617 1435949 41 34 24  1  0  0
93  0 340440 102764760 2280852 83065092    0    0 300272 138728 246707 1455869 41 33 24  1  0  0
98  4 340440 102757648 2280852 83065116    0    0 291024 167112 244795 1449888 41 34 24  1  0  0
146 12 340440 102768680 2280856 83065124    0    0 299952 132740 258110 1468712 41 34 24  1  0  0
76  0 340440 102756536 2280856 83065144    0    0 270128 125548 240857 1436833 40 34 25  1  0  0
36  6 340440 102753228 2280856 83065164    0    0 318144 195220 271377 1488359 43 33 23  1  0  0
57  3 340440 102745856 2280856 83065188    0    0 306512 161452 268799 1481973 43 32 24  1  0  0
72  9 340440 102766108 2280856 83065208    0    0 278048 144100 263589 1474765 43 32 24  1  0  0
62  2 340440 102773904 2280856 83065228    0    0 315776 190992 266474 1472149 42 33 24  1  0  0
14  4 340440 102773096 2280856 83065248    0    0 306560 138452 248697 1452662 41 34 23  1  0  0
54  1 340440 102780056 2280856 83065264    0    0 273792 124180 244077 1443465 40 35 24  1  0  0
24  0 340440 102763464 2280856 83065272    0    0 301392 132472 251828 1456056 41 33 24  1  0  0
57  2 340440 102766308 2280856 83065296    0    0 319776 198020 264239 1475838 42 33 24  1  0  0
85  1 340440 102769436 2280856 83065320    0    0 280656 145200 264197 1472717 43 32 24  1  0  0
89  6 340440 102773704 2280856 83065340    0    0 293760 169056 265747 1478328 43 32 24  1  0  0
49  1 340440 102774684 2280856 83065364    0    0 318160 192468 265221 1474186 43 33 24  1  0  0
procs -----------memory---------- ---swap-- -----io---- -system-- -------cpu-------
 r  b   swpd   free   buff  cache   si   so    bi    bo   in   cs us sy id wa st gu
64  0 340440 102773212 2280856 83065396    0    0 276304 139640 256326 1465640 42 32 24  1  0  0
74  5 340440 102791756 2280856 83065412    0    0 301600 150568 260250 1475232 42 33 24  1  0  0
46  0 340440 102784912 2280860 83065420    0    0 295360 189440 270453 1487720 43 33 23  1  0  0
15  0 340440 102773144 2280860 83065452    0    0 274256 121292 248335 1447611 41 34 24  1  0  0
54  4 340440 102760760 2280860 83065464    0    0 309968 156188 262274 1478148 42 33 24  1  0  0
24  2 340440 102759212 2280860 83065480    0    0 305120 181960 253784 1457673 42 33 24  1  0  0
51  1 340440 102764972 2280860 83065504    0    0 287984 127008 243844 1441726 41 34 24  1  0  0
14 12 340440 102756784 2280860 83065524    0    0 279952 124612 240982 1442457 41 33 25  1  0  0
76  3 340440 102784264 2280860 83065544    0    0 318224 192220 261495 1473328 42 33 24  1  0  0
61  5 340440 102774396 2280860 83065552    0    0 286512 149384 266291 1477489 43 32 24  1  0  0
48  2 340440 102769848 2280860 83065580    0    0 279600 144768 262799 1476332 42 32 24  1  0  0
56  6 340440 102770668 2280860 83065600    0    0 302416 194208 277958 1492800 43 33 23  1  0  0
106  2 340440 102752308 2280860 83065620    0    0 297792 155328 267753 1482839 42 33 23  1  0  0
53  1 340440 102784688 2280860 83065636    0    0 288160 135480 247055 1454798 41 34 25  1  0  0
97 10 340440 102769448 2280860 83065660    0    0 289840 168396 244882 1443487 40 34 24  1  0  0
46  0 340440 102771736 2280860 83065684    0    0 304896 154256 269808 1484070 43 32 24  1  0  0
28  2 340440 102761180 2280860 83065700    0    0 292096 154632 268673 1484780 43 33 23  1  0  0
27  5 340440 102766548 2280860 83065716    0    0 298208 152816 270595 1473993 43 32 23  1  0  0
102  0 340440 102768556 2280860 83065732    0    0 304448 193616 270496 1488510 43 32 24  1  0  0
39  6 340440 102759856 2280860 83065760    0    0 271104 142120 260105 1467143 43 31 25  1  0  0
62  1 340440 102759236 2280860 83065776    0    0 313664 163120 271765 1495949 43 33 23  1  0  0
procs -----------memory---------- ---swap-- -----io---- -system-- -------cpu-------
 r  b   swpd   free   buff  cache   si   so    bi    bo   in   cs us sy id wa st gu
71  3 340440 102753524 2280860 83065792    0    0 307968 181628 248668 1458642 42 32 25  1  0  0
27  3 340440 102744980 2280864 83065804    0    0 276192 138784 241529 1434419 40 34 24  1  0  0
126  6 340440 102773980 2280864 83065824    0    0 319392 148052 259187 1476558 42 33 24  1  0  0
81  8 340440 102769132 2280864 83065848    0    0 304032 191564 263801 1475493 42 32 24  1  0  0
56  0 340440 102768360 2280864 83065868    0    0 285152 144692 257019 1472167 42 32 24  1  0  0
83  1 340440 102765360 2280864 83065888    0    0 303408 135668 245789 1454321 42 33 24  1  0  0
43  6 340440 102752964 2280868 83065904    0    0 301984 172616 249973 1457450 41 34 24  1  0  0
54  1 340440 102774304 2280868 83065928    0    0 286192 127912 248564 1452441 41 33 25  1  0  0
80  1 340440 102791036 2280868 83065952    0    0 302240 144912 252865 1456738 42 33 24  1  0  0
43  2 340440 102797300 2280868 83065964    0    0 301152 193120 273099 1487602 43 33 24  1  0  0
57  1 340440 102760712 2280868 83065976    0    0 287584 137040 256243 1463241 42 33 24  1  0  0
66  4 340440 102764792 2280868 83065996    0    0 301408 145740 261286 1476015 43 32 24  1  0  0
93 15 340440 102764424 2280868 83066020    0    0 299136 197668 270577 1487305 43 32 23  1  0  0
17  0 340440 102757144 2280868 83066044    0    0 297520 146828 261557 1467431 43 32 24  1  0  0
53  2 340440 102773016 2280868 83066060    0    0 289056 128812 241922 1444992 42 33 24  1  0  0
23  4 340440 102766236 2280868 83066080    0    0 295856 169796 251960 1453415 41 34 24  1  0  0
47  2 340440 102789532 2280868 83066096    0    0 299136 136004 250456 1451707 41 34 24  1  0  0
143 12 340440 102778192 2280868 83066112    0    0 298752 144484 252322 1459244 42 33 24  1  0  0
71  1 340440 102771980 2280868 83066132    0    0 290832 149168 267436 1476946 43 32 24  1  0  0
88 10 340440 102765000 2280868 83066152    0    0 307104 199148 269830 1487643 43 32 24  1  0  0
71  5 340440 102736932 2280868 83066168    0    0 278384 125824 240368 1440319 41 34 24  1  0  0
procs -----------memory---------- ---swap-- -----io---- -system-- -------cpu-------
 r  b   swpd   free   buff  cache   si   so    bi    bo   in   cs us sy id wa st gu
80  0 340440 102751280 2280868 83066188    0    0 308144 137244 246921 1445297 41 34 24  1  0  0
54  3 340440 102767856 2280868 83066212    0    0 313792 184012 255968 1462019 41 34 23  1  0  0
70  1 340440 102790472 2280868 83066228    0    0 284288 147076 270840 1478103 42 33 23  1  0  0
31  8 340440 102786376 2280868 83066244    0    0 295888 157388 268371 1487226 43 32 24  1  0  0
71  3 340440 102781340 2280868 83066264    0    0 318416 203008 272916 1493010 42 33 24  1  0  0
80  6 340440 102781284 2280872 83066284    0    0 275552 143676 261503 1473701 42 33 24  1  0  0
89 11 340440 102774180 2280872 83066304    0    0 306384 142596 255011 1457012 42 33 23  1  0  0
80  6 340440 102764616 2280872 83066324    0    0 310864 178108 249024 1458851 41 33 24  1  0  0
50  7 340440 102773400 2280872 83066348    0    0 282688 124328 244729 1439979 41 34 24  1  0  0
38  1 340440 102785780 2280872 83066368    0    0 306800 149684 261084 1471461 42 33 24  1  0  0
75  2 340440 102786700 2280876 83066376    0    0 319264 204420 273721 1495201 43 32 24  1  0  0
101  2 340440 102790448 2280876 83066400    0    0 282992 138304 257339 1460937 43 32 24  1  0  0
52  2 340440 102765036 2280876 83066416    0    0 298928 133220 245598 1454052 41 33 24  1  0  0
98  3 340440 102769456 2280876 83066440    0    0 314944 181964 250923 1460162 42 34 24  1  0  0
32  0 340440 102753520 2280876 83066456    0    0 283024 124668 242502 1444518 41 34 24  1  0  0
42  0 340440 102757772 2280876 83066472    0    0 304064 136948 248206 1447623 42 33 23  1  0  0
75  1 340440 102783496 2280876 83066492    0    0 313456 185504 258542 1474893 41 34 23  1  0  0
82  2 340440 102781440 2280876 83066500    0    0 292016 141396 260667 1463778 42 33 24  1  0  0
95  5 340440 102784932 2280876 83066520    0    0 294656 137768 249367 1451622 41 34 24  1  0  0
66  5 340440 102772000 2280876 83066544    0    0 312576 198552 271848 1488678 43 32 24  1  0  0
58  2 340440 102769172 2280876 83066564    0    0 284624 126268 245591 1447325 41 34 24  1  0  0
procs -----------memory---------- ---swap-- -----io---- -system-- -------cpu-------
 r  b   swpd   free   buff  cache   si   so    bi    bo   in   cs us sy id wa st gu
59  1 340440 102763464 2280876 83066584    0    0 291024 133388 246946 1452999 41 33 24  1  0  0
78  8 340440 102767416 2280876 83066604    0    0 302704 177204 250981 1455257 41 33 24  1  0  0
71  8 340440 102771632 2280876 83066640    0    0 294304 145244 260437 1474935 42 32 24  1  0  0
64  6 340440 102787424 2280876 83066648    0    0 286528 128776 245805 1447024 41 34 24  1  0  0
37  4 340440 102780016 2280876 83066660    0    0 311488 177528 252729 1458010 42 33 24  1  0  0
60  1 340440 102768452 2280876 83066684    0    0 297936 134980 245794 1450155 42 33 24  1  0  0
66  2 340440 102749488 2280876 83066700    0    0 289056 135124 245121 1449681 40 34 24  1  0  0
29  3 340440 102771468 2280876 83066724    0    0 302496 175880 249823 1448010 41 34 24  1  0  0
29  6 340440 102781436 2280876 83066744    0    0 316832 153720 249720 1462445 41 33 24  1  0  0
64  2 340440 102788300 2280876 83066760    0    0 274992 124336 242972 1438681 40 35 24  1  0  0
84  4 340440 102796488 2280876 83066812    0    0 306944 157684 265774 1476511 42 33 24  1  0  0
96  8 340440 102769540 2280876 83066828    0    0 309760 196232 268715 1487602 43 33 24  1  0  0
67  2 340440 102761152 2280876 83066860    0    0 278512 122292 240132 1441523 41 33 24  1  0  0
74  3 340440 102762448 2280876 83066876    0    0 310080 141912 248028 1458255 42 33 24  1  0  0
98  2 340440 102758124 2280880 83066896    0    0 315120 192488 261959 1470429 42 33 24  1  0  0
40  2 340440 102747868 2280880 83066916    0    0 274112 119892 242015 1432188 41 34 24  1  0  0
27  6 340440 102756632 2280880 83066932    0    0 306592 149812 260248 1471085 43 32 24  1  0  0
57  7 340440 102768492 2280880 83066952    0    0 311936 205180 276927 1497485 43 32 23  1  0  0
 9  0 340440 102763976 2280880 83066968    0    0 288352 144416 259985 1459961 42 33 24  1  0  0
62  2 340440 102785092 2280880 83066988    0    0 300992 133676 245733 1453850 41 34 24  1  0  0
54  3 340440 102761956 2280880 83067004    0    0 302848 174696 255993 1461463 41 34 24  1  0  0
procs -----------memory---------- ---swap-- -----io---- -system-- -------cpu-------
 r  b   swpd   free   buff  cache   si   so    bi    bo   in   cs us sy id wa st gu
53  5 340440 102760868 2280880 83067028    0    0 291360 152220 268556 1480139 43 32 24  1  0  0
69  1 340440 102776568 2280880 83067044    0    0 290016 136940 247423 1453016 41 34 24  1  0  0
71 12 340440 102773232 2280880 83067068    0    0 291296 153780 249024 1446470 41 33 24  1  0  0
84  0 340440 102792356 2280880 83067084    0    0 304512 149960 258465 1469311 42 33 24  1  0  0
52  4 340440 102786180 2280880 83067092    0    0 280752 130732 242783 1436010 41 33 24  1  0  0
86  3 340440 102774592 2280880 83067120    0    0 313904 150616 260773 1467156 42 33 24  1  0  0
27  0 340440 102766084 2280880 83067132    0    0 313152 192780 265629 1482379 43 33 24  1  0  0
20  1 340440 102770888 2280880 83067156    0    0 305888 144368 258222 1463029 41 34 24  1  0  0
23  2 340440 102756828 2280880 83067172    0    0 302880 182820 253022 1461705 41 34 24  1  0  0
44  1 340440 102755932 2280880 83067200    0    0 288720 130820 244681 1444366 41 34 24  1  0  0
36 12 340440 102771520 2280880 83067216    0    0 275168 124188 243810 1445035 41 34 24  1  0  0
27  1 340440 102788504 2280880 83067224    0    0 307744 169516 267379 1479018 43 32 24  1  0  0
44  5 340440 102784392 2280880 83067248    0    0 306896 193844 266366 1485959 43 32 24  1  0  0
73  0 340440 102771052 2280880 83067264    0    0 270304 119036 241133 1434425 41 34 24  1  0  0
77  5 340440 102755544 2280880 83067292    0    0 298736 138092 254808 1465839 42 33 24  1  0  0
47  4 340440 102766556 2280880 83067308    0    0 313936 196392 264914 1476416 43 32 24  1  0  0
44  2 340440 102761004 2280880 83067328    0    0 276608 138552 254812 1457627 42 33 24  1  0  0
79  8 340440 102796656 2280880 83067348    0    0 309776 148968 259281 1476996 42 33 24  1  0  0
58  0 340440 102792668 2280880 83067364    0    0 308368 197144 275290 1494361 43 32 24  1  0  0
113  4 340440 102768680 2280880 83067380    0    0 279856 138132 254381 1458968 41 34 24  1  0  0
38  0 340440 102765016 2280880 83067400    0    0 284400 131064 241374 1447260 41 34 24  1  0  0
procs -----------memory---------- ---swap-- -----io---- -system-- -------cpu-------
 r  b   swpd   free   buff  cache   si   so    bi    bo   in   cs us sy id wa st gu
64  0 340440 102762512 2280880 83067416    0    0 293872 171092 247784 1445684 41 35 24  1  0  0
47  2 340440 102771604 2280880 83067436    0    0 312352 134008 251856 1462373 41 35 23  1  0  0
91  3 340440 102755548 2280880 83067468    0    0 265968 120564 241676 1440686 41 34 25  1  0  0
81  3 340440 102786396 2280880 83067480    0    0 316688 145552 250762 1461816 42 34 23  1  0  0
76  5 340440 102793876 2280880 83067496    0    0 314016 177412 251975 1466405 42 34 23  1  0  0
63  4 340440 102768768 2280880 83067512    0    0 281824 123212 247894 1446114 40 35 24  1  0  0
67  5 340440 102773472 2280880 83067540    0    0 296128 141396 256061 1471902 42 33 24  1  0  0
35 14 340440 102749836 2280880 83067556    0    0 313376 200976 273857 1492295 43 33 23  1  0  0
125  5 340440 102745336 2280880 83067580    0    0 271408 123456 243568 1438986 40 34 25  1  0  0
154  9 340440 102754704 2280880 83067596    0    0 300672 181624 259138 1471493 42 33 24  1  0  0
45  0 340440 102771340 2280880 83067616    0    0 306240 157768 276551 1497297 43 32 23  1  0  0
126 15 340440 102789072 2280880 83067632    0    0 280496 137732 259288 1471259 42 32 25  1  0  0
68  0 340440 102778312 2280880 83067652    0    0 307248 157416 275977 1503232 43 32 24  1  0  0
36  2 340440 102769600 2280884 83067668    0    0 318528 199500 272682 1495731 43 32 24  1  0  0
23  4 340440 102751000 2280884 83067688    0    0 273808 136764 258622 1459842 42 32 24  1  0  0
59  4 340440 102746576 2280884 83067704    0    0 301056 151924 243368 1451738 41 33 25  1  0  0
28  8 340440 102748960 2280884 83067728    0    0 310096 185568 265571 1485403 42 33 24  1  0  0
48  1 340440 102761164 2280884 83067748    0    0 273872 144496 262693 1473734 43 32 24  1  0  0
72  2 340440 102782396 2280892 83067756    0    0 306416 164076 270796 1495751 43 32 24  1  0  0
48  0 340440 102781072 2280892 83067776    0    0 305664 194944 269704 1494396 43 32 24  1  0  0
79  4 340440 102761812 2280892 83067788    0    0 276800 139780 261781 1471356 42 33 25  1  0  0
procs -----------memory---------- ---swap-- -----io---- -system-- -------cpu-------
 r  b   swpd   free   buff  cache   si   so    bi    bo   in   cs us sy id wa st gu
87  5 340440 102763312 2280892 83067812    0    0 312816 165304 269646 1488297 43 32 24  1  0  0
33  5 340440 102766004 2280892 83067836    0    0 317056 205976 273140 1493069 43 32 24  1  0  0
99  3 340440 102762128 2280896 83067852    0    0 293616 144192 259229 1468573 42 32 24  1  0  0
41  0 340440 102767220 2280896 83067876    0    0 311824 154108 264065 1474809 43 32 24  1  0  0
30 15 340440 102783728 2280896 83067896    0    0 312048 177388 259711 1477505 41 34 23  1  0  0
105  5 340440 102780972 2280896 83067904    0    0 288448 131444 245069 1441063 41 34 24  1  0  0
56  2 340440 102770636 2280896 83067928    0    0 294752 133984 244348 1450308 41 34 24  1  0  0
16  0 340440 102761172 2280896 83067948    0    0 318784 194000 267083 1472857 44 32 23  1  0  0
104  5 340440 102766656 2280896 83067964    0    0 281776 143800 264866 1475200 42 33 24  1  0  0
58  1 340440 102761820 2280896 83067988    0    0 290704 140148 255804 1476161 41 34 24  1  0  0
102  2 340440 102757280 2280896 83068008    0    0 314384 202856 274108 1493325 43 32 24  1  0  0
68  3 340440 102773840 2280896 83068032    0    0 311872 151352 265040 1464078 42 33 24  1  0  0
31  4 340440 102768612 2280896 83068040    0    0 302064 145956 259821 1465223 42 33 24  1  0  0
64  2 340440 102774372 2280896 83068064    0    0 310992 177488 250307 1460767 41 34 24  1  0  0
31  5 340440 102765528 2280896 83068084    0    0 264896 122936 238815 1437512 40 34 25  1  0  0
82  3 340440 102760172 2280896 83068104    0    0 314576 155476 266315 1489336 43 32 23  1  0  0
78  2 340440 102764788 2280896 83068120    0    0 313120 196340 269355 1481699 43 33 23  1  0  0
22  0 340440 102755832 2280896 83068140    0    0 293280 144768 265770 1475045 43 32 24  1  0  0
35  2 340440 102780108 2280896 83068160    0    0 301120 174728 269667 1490610 43 32 24  1  0  0
115 10 340440 102778780 2280896 83068168    0    0 318432 206888 275735 1496984 43 32 23  1  0  0
40  0 340440 102765976 2280896 83068184    0    0 286864 143968 263187 1471036 42 33 24  1  0  0
procs -----------memory---------- ---swap-- -----io---- -system-- -------cpu-------
 r  b   swpd   free   buff  cache   si   so    bi    bo   in   cs us sy id wa st gu
52  5 340440 102766108 2280896 83068208    0    0 277216 123920 250278 1456120 40 34 25  1  0  0
49  7 340440 102760704 2280900 83068228    0    0 303664 177308 252593 1461546 41 33 24  1  0  0
24  9 340440 102772724 2280900 83068248    0    0 305168 155208 265931 1480916 43 32 24  1  0  0
130  8 340440 102757384 2280900 83068268    0    0 268784 134228 253208 1456681 41 33 24  1  0  0
60  8 340440 102752156 2280900 83068288    0    0 299504 133924 250693 1451764 41 34 24  1  0  0
30  0 340440 102750780 2280900 83068300    0    0 307792 173696 260360 1478527 41 33 24  1  0  0
28  1 340440 102757840 2280900 83068324    0    0 271312 125088 241129 1431082 41 34 24  1  0  0
65  6 340440 102764528 2280900 83068340    0    0 312912 160116 271679 1484064 43 33 23  1  0  0
36  0 340440 102769664 2280900 83068360    0    0 304960 195568 270326 1485532 43 32 24  1  0  0
84  3 340440 102761836 2280900 83068376    0    0 277328 127100 256302 1459029 41 34 24  1  0  0
60  0 340440 102769072 2280900 83068400    0    0 301200 154024 267886 1477023 43 32 24  1  0  0
60  9 340440 102783552 2280900 83068420    0    0 306944 187164 259831 1468582 42 34 23  1  0  0
94  4 340440 102777888 2280900 83068436    0    0 289312 139000 256970 1458184 42 33 24  1  0  0
72  1 340440 102757828 2280900 83068444    0    0 303584 135004 247252 1453434 41 34 24  1  0  0
114 12 340440 102765340 2280900 83068460    0    0 305712 189776 262824 1475052 42 32 24  1  0  0
87  6 340440 102754704 2280900 83068480    0    0 283552 140312 256692 1456797 42 33 24  1  0  0
81  5 340440 102753912 2280900 83068508    0    0 295104 135888 247187 1449682 41 34 24  1  0  0
37  5 340440 102739996 2280900 83068528    0    0 309072 174552 250637 1449838 41 34 24  1  0  0
118  1 340440 102746668 2280900 83068544    0    0 291216 129292 255617 1456771 41 33 24  1  0  0
70  4 340440 102757760 2280900 83068560    0    0 302912 147704 259205 1472287 42 33 24  1  0  0
56  0 340440 102761604 2280900 83068580    0    0 310816 200556 272203 1487251 43 32 24  1  0  0
procs -----------memory---------- ---swap-- -----io---- -system-- -------cpu-------
 r  b   swpd   free   buff  cache   si   so    bi    bo   in   cs us sy id wa st gu
51  1 340440 102771852 2280900 83068604    0    0 294736 161716 263656 1479818 43 32 24  1  0  0
11  0 340440 102755652 2280900 83068624    0    0 287296 128056 247762 1449857 41 33 25  1  0  0
68  1 340440 102745468 2280900 83068644    0    0 313808 181744 256233 1466469 42 33 24  1  0  0
45  1 340440 102756476 2280900 83068660    0    0 300816 132976 247306 1446662 41 34 24  1  0  0
115  2 340440 102764568 2280900 83068688    0    0 278080 126464 242025 1441299 40 34 25  1  0  0
101  9 340440 102778872 2280900 83068708    0    0 319824 180088 255396 1460934 42 34 23  1  0  0
38  0 340440 102771324 2280900 83068716    0    0 308576 137216 248633 1449799 41 34 24  1  0  0
39  4 340440 102750352 2280900 83068736    0    0 269136 123012 241094 1430734 41 34 25  1  0  0
95  2 340440 102746076 2280900 83068760    0    0 307120 153252 261543 1471845 42 32 24  1  0  0
81  5 340440 102761248 2280900 83068772    0    0 313008 193256 271251 1495925 42 33 24  1  0  0
110  5 340440 102740228 2280900 83068792    0    0 282816 125588 252408 1453871 41 33 25  1  0  0
18  7 340440 102758532 2280900 83068812    0    0 320160 160528 263291 1473323 43 32 24  1  0  0
112  0 340440 102776480 2280900 83068828    0    0 306576 173576 251501 1459399 41 34 24  1  0  0
61  5 340440 102768828 2280900 83068844    0    0 271216 121512 240883 1433844 40 34 25  1  0  0
48  2 340440 102760280 2280900 83068860    0    0 303152 134364 251984 1454053 41 33 24  1  0  0
39  3 340440 102762604 2280904 83068876    0    0 306912 177464 251203 1459841 41 34 24  1  0  0
34  1 340440 102764016 2280904 83068900    0    0 267392 121384 239275 1430840 40 35 24  1  0  0
79  6 340440 102767052 2280904 83068920    0    0 316304 141588 249701 1454992 42 33 24  1  0  0
41  2 340440 102750384 2280904 83068940    0    0 310016 176860 253533 1466354 42 34 24  1  0  0
60  0 340440 102777244 2280904 83068960    0    0 280368 125228 243029 1446728 41 33 25  1  0  0
30  6 340440 102789636 2280904 83068968    0    0 304848 139984 248111 1446152 41 33 24  1  0  0
procs -----------memory---------- ---swap-- -----io---- -system-- -------cpu-------
 r  b   swpd   free   buff  cache   si   so    bi    bo   in   cs us sy id wa st gu
68  2 340440 102775416 2280904 83068992    0    0 302400 172616 249120 1450851 41 34 24  1  0  0
123  8 340440 102754028 2280904 83069012    0    0 289104 126164 245049 1432136 41 34 24  1  0  0
55  5 340440 102762340 2280908 83069024    0    0 311936 156220 264251 1478626 43 32 24  1  0  0
49  2 340440 102760024 2280908 83069048    0    0 302192 208356 263038 1474987 42 33 24  1  0  0
52  2 340440 102762516 2280908 83069080    0    0 289360 129120 245668 1447193 41 33 25  1  0  0
75  8 340440 102775840 2280908 83069100    0    0 290736 129932 248895 1456027 40 34 25  1  0  0
80  3 340440 102775712 2280908 83069112    0    0 311584 181928 252177 1457256 41 34 24  1  0  0
22  2 340440 102765828 2280912 83069124    0    0 299328 131964 249770 1446969 41 34 24  1  0  0
44  0 340440 102759244 2280912 83069148    0    0 290496 131764 244336 1450700 41 34 25  1  0  0
27  0 340440 102763096 2280912 83069168    0    0 293792 167516 246817 1444781 42 33 24  1  0  0
47  0 340440 102762036 2280912 83069192    0    0 308064 157404 266566 1479529 43 33 23  1  0  0
82  1 340440 102768468 2280912 83069208    0    0 269568 142544 260980 1475845 42 32 25  1  0  0
104  5 340440 102769488 2280912 83069228    0    0 300400 179872 258725 1465911 42 34 24  1  0  0
68  3 340440 102769508 2280912 83069244    0    0 304144 133700 251185 1465284 41 34 24  1  0  0
60  5 340440 102780240 2280912 83069260    0    0 270512 123416 242587 1439927 40 34 24  1  0  0
68  3 340440 102767548 2280912 83069288    0    0 304192 150476 257514 1466933 42 33 24  1  0  0
86  4 340440 102752516 2280912 83069308    0    0 297136 183668 261813 1473517 43 33 23  1  0  0
50  2 340440 102751328 2280912 83069324    0    0 265408 118504 238027 1431377 40 34 25  1  0  0
52 10 340440 102746568 2280912 83069348    0    0 320512 164184 273706 1498533 44 31 23  1  0  0
90  6 340440 102762328 2280912 83069372    0    0 308048 200800 272733 1487475 43 32 24  1  0  0
55  2 340440 102775696 2280912 83069392    0    0 274160 139520 262162 1467118 42 33 24  1  0  0
procs -----------memory---------- ---swap-- -----io---- -system-- -------cpu-------
 r  b   swpd   free   buff  cache   si   so    bi    bo   in   cs us sy id wa st gu
96  0 340440 102761704 2280912 83069404    0    0 310576 151076 260474 1477344 42 33 24  1  0  0
59  5 340440 102773100 2280912 83069416    0    0 310208 202056 275390 1498387 43 32 24  1  0  0
77  2 340440 102764436 2280912 83069440    0    0 291216 154140 265761 1480405 43 32 24  1  0  0
126 13 340440 102774328 2280912 83069464    0    0 293040 193016 269619 1478728 43 33 24  1  0  0
89  6 340440 102749052 2280912 83069484    0    0 302064 151920 270109 1484360 43 33 24  1  0  0
13  0 340440 102752060 2280912 83069500    0    0 275536 135420 256509 1469984 42 33 25  1  0  0
96  8 340440 102755928 2280912 83069516    0    0 306768 157116 270880 1491668 43 32 24  1  0  0
82  2 340440 102765780 2280912 83069532    0    0 305248 215380 273485 1485425 43 32 23  1  0  0
102  1 340440 102754996 2280912 83069556    0    0 264720 123208 246901 1446147 41 33 25  1  0  0
83  4 340440 102761480 2280912 83069572    0    0 317104 160848 267896 1492244 42 32 24  1  0  0
52  1 340440 102749088 2280912 83069596    0    0 309200 200948 272638 1493130 43 32 24  1  0  0
48  3 340440 102740768 2280912 83069612    0    0 278448 130860 241806 1447145 41 33 25  1  0  0
42  5 340440 102760444 2280912 83069632    0    0 292784 128520 243096 1445658 40 34 24  1  0  0
50  5 340440 102779256 2280912 83069652    0    0 312560 175948 252607 1460851 42 34 23  1  0  0
29  0 340440 102766908 2280912 83069660    0    0 298800 139392 247367 1453331 42 33 24  1  0  0
26  7 340440 102755600 2280912 83069684    0    0 306112 192888 260677 1481562 43 32 24  1  0  0
39  2 340440 102766568 2280912 83069704    0    0 277216 121672 241487 1436915 40 35 24  1  0  0
37  0 340440 102758724 2280912 83069724    0    0 297760 132840 245715 1456751 41 34 24  1  0  0
30  0 340440 102762492 2280912 83069748    0    0 309664 182104 255331 1461548 42 34 24  1  0  0
80  3 340440 102763180 2280912 83069764    0    0 286384 144396 261665 1463963 42 33 24  1  0  0
89  8 340440 102786220 2280912 83069784    0    0 287648 130052 246913 1447958 41 34 24  1  0  0
procs -----------memory---------- ---swap-- -----io---- -system-- -------cpu-------
 r  b   swpd   free   buff  cache   si   so    bi    bo   in   cs us sy id wa st gu
54  5 340440 102787048 2280912 83069800    0    0 293072 131628 246543 1443570 41 34 23  1  0  0
87  5 340440 102767976 2280912 83069816    0    0 318240 181460 251031 1462807 42 33 24  1  0  0
31  2 340440 102751488 2280912 83069832    0    0 271696 120196 238565 1432144 40 34 25  1  0  0
27  3 340440 102743988 2280912 83069852    0    0 298688 147272 256092 1474147 41 33 24  1  0  0
51  1 340440 102738372 2280912 83069876    0    0 311360 198140 277506 1498233 43 32 24  1  0  0
94  2 340440 102763812 2280912 83069900    0    0 279760 146760 266056 1472593 43 32 24  1  0  0
40  3 340440 102769452 2280912 83069916    0    0 303904 156236 266634 1482277 42 33 24  1  0  0
16 11 340440 102790424 2280912 83069932    0    0 293104 169988 246519 1448045 41 33 24  1  0  0
46  6 340440 102762136 2280912 83069948    0    0 304624 151344 272837 1498688 43 32 24  1  0  0
77  0 340440 102750224 2280912 83069968    0    0 275920 133076 246513 1450770 41 33 25  1  0  0
96 13 340440 102743728 2280912 83069992    0    0 303808 153476 247375 1448693 41 34 24  1  0  0
72  0 340440 102754908 2280912 83070008    0    0 308032 174396 248656 1451368 42 34 24  1  0  0
125  3 340440 102741836 2280912 83070028    0    0 273024 118612 240735 1430500 41 34 25  1  0  0
49  6 340440 102756096 2280912 83070048    0    0 303904 139172 248505 1455512 41 34 24  1  0  0
48  2 340440 102768584 2280912 83070068    0    0 314528 180152 251065 1466199 42 33 24  1  0  0
71  1 340440 102754040 2280912 83070080    0    0 281936 124752 242476 1434918 41 34 24  1  0  0
79  2 340440 102767992 2280912 83070100    0    0 297104 137808 249975 1456390 42 33 24  1  0  0
100  4 340440 102772128 2280912 83070116    0    0 316480 202996 273120 1486565 43 31 24  1  0  0
43  1 340440 102753968 2280912 83070136    0    0 273936 127240 242159 1440870 41 33 25  1  0  0
40  2 340440 102759860 2280912 83070160    0    0 292224 131788 242727 1449491 40 34 24  1  0  0
35  1 340440 102772788 2280912 83070176    0    0 296784 172788 250089 1455473 42 33 24  1  0  0
procs -----------memory---------- ---swap-- -----io---- -system-- -------cpu-------
 r  b   swpd   free   buff  cache   si   so    bi    bo   in   cs us sy id wa st gu
41  2 340440 102784252 2280912 83070192    0    0 300720 155132 277920 1500838 43 32 24  1  0  0
63  2 340440 102761220 2280912 83070204    0    0 273744 136160 253513 1455255 42 33 25  1  0  0
73  6 340440 102771584 2280912 83070228    0    0 317952 181484 251502 1450946 42 33 24  1  0  0
49  5 340440 102762240 2280912 83070244    0    0 292944 128628 246119 1447084 41 34 24  1  0  0
78  0 340440 102748240 2280912 83070268    0    0 275664 121984 242515 1442880 40 34 25  1  0  0
59  7 340440 102746960 2280912 83070296    0    0 289200 130984 243014 1442746 41 33 24  1  0  0
43  9 340440 102764736 2280912 83070312    0    0 303872 188912 260209 1474585 42 33 23  1  0  0
26 16 340440 102763868 2280912 83070332    0    0 276672 127820 247168 1445896 41 33 24  1  0  0
20  0 340440 102758664 2280912 83070344    0    0 313696 136008 256483 1468653 42 32 25  1  0  0
72  4 340440 102754512 2280912 83070368    0    0 304816 186676 260180 1466473 42 33 24  1  0  0
91  1 340440 102740008 2280912 83070388    0    0 291216 150664 266518 1476659 43 33 24  1  0  0
75  3 340440 102740236 2280912 83070404    0    0 268688 122868 238306 1437147 40 34 25  1  0  0
36  2 340440 102741124 2280912 83070420    0    0 313088 195900 271490 1486957 43 32 24  1  0  0
50  1 340440 102738724 2280912 83070444    0    0 312896 161340 276830 1492007 44 31 24  1  0  0
47  7 340440 102751640 2280912 83070468    0    0 290944 156824 251423 1458386 41 33 24  1  0  0
47  4 340440 102763100 2280912 83070476    0    0 313312 201496 274039 1491072 44 32 23  1  0  0
72  2 340440 102764148 2280912 83070496    0    0 281712 142800 267671 1474703 42 33 24  1  0  0
30  1 340440 102748660 2280912 83070520    0    0 283232 146204 270636 1486539 42 32 24  1  0  0
41  1 340440 102746040 2280912 83070536    0    0 306448 176172 249868 1455686 42 33 24  1  0  0
40  1 340440 102740712 2280912 83070560    0    0 293712 132684 244141 1446555 41 33 24  1  0  0
71  6 340440 102753824 2280916 83070576    0    0 294960 168124 247240 1444371 41 34 24  1  0  0
procs -----------memory---------- ---swap-- -----io---- -system-- -------cpu-------
 r  b   swpd   free   buff  cache   si   so    bi    bo   in   cs us sy id wa st gu
35  3 340440 102768320 2280916 83070612    0    0 311968 136404 253067 1468965 41 34 24  1  0  0
133  7 340440 102759300 2280916 83070620    0    0 264048 125432 248606 1458328 40 34 25  1  0  0
72  2 340440 102758476 2280916 83070636    0    0 306672 135648 249403 1451508 41 34 24  1  0  0
83  5 340440 102759216 2280916 83070660    0    0 314256 179784 250719 1451273 41 35 24  1  0  0
33  1 340440 102749784 2280920 83070676    0    0 268272 116356 239955 1431591 41 33 25  1  0  0
28  7 340440 102742360 2280920 83070700    0    0 319392 151656 261669 1475576 42 33 24  1  0  0
76  1 340440 102748560 2280920 83070716    0    0 306656 178232 249645 1454385 41 33 25  1  0  0
137  4 340440 102775460 2280920 83070736    0    0 269056 122376 242806 1432474 41 34 24  1  0  0
37  5 340440 102770300 2280920 83070748    0    0 302928 136800 245904 1457035 41 33 24  1  0  0
89  5 340440 102755768 2280920 83070768    0    0 310464 179488 255666 1464319 42 33 24  1  0  0
16  0 340440 102750128 2280920 83070784    0    0 281632 143236 264438 1473408 42 33 24  1  0  0
42 10 340440 102743316 2280920 83070804    0    0 296784 137604 245699 1452829 41 33 24  1  0  0
31  1 340440 102769348 2280920 83070824    0    0 304016 173280 249287 1449506 41 34 24  1  0  0
29  3 340440 102760708 2280920 83070852    0    0 299808 129340 249669 1447770 42 33 24  1  0  0
67  9 340440 102783340 2280920 83070876    0    0 271728 127684 239816 1443129 40 34 25  1  0  0
25  2 340440 102784852 2280920 83070892    0    0 300784 174148 249991 1455544 41 33 24  1  0  0
55  4 340440 102764792 2280920 83070908    0    0 302944 151436 247702 1457097 41 34 24  1  0  0
30  2 340440 102745224 2280920 83070932    0    0 275152 122872 240367 1434053 41 34 24  1  0  0
31  1 340440 102747208 2280920 83070952    0    0 318032 159996 270624 1489048 43 32 23  1  0  0
57  2 340440 102757104 2280924 83070964    0    0 306752 200912 271317 1496143 43 32 24  1  0  0
77  3 340440 102739012 2280924 83070988    0    0 267280 131188 248555 1446043 41 33 24  1  0  0
procs -----------memory---------- ---swap-- -----io---- -system-- -------cpu-------
 r  b   swpd   free   buff  cache   si   so    bi    bo   in   cs us sy id wa st gu
45  0 340440 102756512 2280924 83071004    0    0 312112 144512 267073 1480779 43 33 23  1  0  0
51  1 340440 102779508 2280924 83071020    0    0 321072 183952 261015 1477266 41 34 24  1  0  0
 9  4 340440 102752944 2280924 83071040    0    0 280400 125480 243055 1440747 41 34 24  1  0  0
52  4 340440 102738788 2280924 83071060    0    0 313584 141916 248256 1452097 42 33 24  1  0  0
65  3 340440 102738684 2280924 83071080    0    0 317456 186020 259304 1463171 42 33 24  1  0  0
37  0 340440 102742244 2280924 83071096    0    0 280608 136796 257335 1464836 42 33 24  1  0  0
109  3 340440 102739440 2280924 83071136    0    0 299728 137440 244483 1444516 41 33 25  1  0  0
43  1 340440 102754108 2280924 83071172    0    0 310720 192604 263741 1476948 42 33 24  1  0  0
80  3 340440 102770128 2280928 83071204    0    0 276736 123432 253736 1454136 41 34 24  1  0  0
98 10 340440 102765992 2280928 83071212    0    0 314896 143968 251049 1465345 42 33 24  1  0  0
54  6 340440 102771720 2280928 83071188    0    0 309168 179808 249087 1453353 41 33 24  1  0  0
34  4 340440 102765796 2280928 83071212    0    0 272400 118660 238284 1438531 40 34 24  1  0  0
68  6 340440 102755952 2280928 83071232    0    0 314384 141452 249200 1458354 42 33 24  1  0  0
86  1 340440 102759896 2280928 83071256    0    0 313024 189364 261188 1480087 42 32 24  1  0  0
26  0 340440 102747924 2280928 83071272    0    0 276800 135732 254693 1458872 42 33 24  1  0  0
29  1 340440 102780200 2280928 83071296    0    0 307616 138588 249837 1463416 41 34 24  1  0  0
29  0 340440 102761432 2280928 83071312    0    0 289264 166124 247189 1450703 41 34 24  1  0  0
96  2 340440 102758908 2280928 83071328    0    0 302128 137680 249600 1447424 41 34 23  1  0  0
41  5 340440 102760708 2280928 83071352    0    0 277232 127976 241492 1444571 41 33 25  1  0  0
87  6 340440 102760708 2280928 83071380    0    0 308928 193296 250303 1450929 41 34 24  1  0  0
104  4 340440 102749624 2280928 83071384    0    0 310304 134040 252156 1464956 41 33 24  1  0  0
procs -----------memory---------- ---swap-- -----io---- -system-- -------cpu-------
 r  b   swpd   free   buff  cache   si   so    bi    bo   in   cs us sy id wa st gu
26  1 340440 102758556 2280928 83071408    0    0 274112 125000 243531 1437837 41 33 25  1  0  0
61  0 340440 102775680 2280928 83071420    0    0 319344 194332 262663 1479506 42 34 24  1  0  0
54  1 340440 102743232 2280928 83071444    0    0 300272 132224 248593 1450841 41 34 24  1  0  0
22  0 340440 102726912 2280928 83071468    0    0 267808 115792 238358 1427350 40 34 25  1  0  0
77  4 340440 102738768 2280928 83071484    0    0 311648 146616 249440 1455305 42 33 24  1  0  0
59  0 340440 102751216 2280928 83071504    0    0 309392 174192 249949 1459949 41 33 24  1  0  0
50  1 340440 102736856 2280928 83071524    0    0 262192 119776 237811 1435433 40 34 25  1  0  0
75  8 340440 102738144 2280928 83071532    0    0 315680 177368 253237 1459568 41 34 24  1  0  0
107  4 340440 102757132 2280928 83071560    0    0 292464 130652 250108 1446098 42 33 24  1  0  0
23  0 340440 102769704 2280928 83071572    0    0 309536 151672 260714 1472115 42 33 23  1  0  0
33  0 340440 102762984 2280928 83071588    0    0 298064 195668 270204 1481452 42 32 24  1  0  0
127  6 340440 102767836 2280928 83071608    0    0 299840 152124 272137 1475151 43 32 24  1  0  0
79  4 340440 102761620 2280928 83071624    0    0 300960 137708 253972 1458263 41 34 24  1  0  0
71  4 340440 102750932 2280928 83071660    0    0 295344 173380 247102 1451537 41 33 25  1  0  0
81  0 340440 102746412 2280928 83071672    0    0 290000 128548 244837 1446308 41 34 24  1  0  0
43  7 340440 102774152 2280928 83071688    0    0 292432 129624 245451 1450307 41 34 24  1  0  0
53  4 340440 102774812 2280928 83071700    0    0 289856 158964 250198 1456842 41 33 24  1  0  0
102  1 340440 102762104 2280928 83071712    0    0 306144 165872 270771 1487704 42 33 24  1  0  0
109  1 340440 102763372 2280928 83071744    0    0 276912 140976 256664 1456046 41 33 24  1  0  0
58  6 340440 102763324 2280928 83071764    0    0 313680 137064 249360 1449096 42 33 24  1  0  0
129  6 340440 102750108 2280928 83071780    0    0 304976 172148 252194 1460125 41 33 24  1  0  0
procs -----------memory---------- ---swap-- -----io---- -system-- -------cpu-------
 r  b   swpd   free   buff  cache   si   so    bi    bo   in   cs us sy id wa st gu
35  1 340440 102735336 2280928 83071796    0    0 270304 120360 246392 1436564 41 34 24  1  0  0
42  0 340440 102760388 2280928 83071824    0    0 311056 161940 250706 1457227 42 33 24  1  0  0
47  0 340440 102792244 2280928 83071844    0    0 307088 175624 251645 1459860 41 34 24  1  0  0
108  4 340440 102772020 2280928 83071856    0    0 281296 122224 240641 1433092 41 33 25  1  0  0
52  2 340440 102748576 2280928 83071876    0    0 306832 139772 252617 1454508 41 34 24  1  0  0
24  0 340440 102729944 2280928 83071892    0    0 308880 179092 249112 1453577 41 34 24  1  0  0
64  1 340440 102747676 2280928 83071912    0    0 276768 123588 241013 1432621 41 34 25  1  0  0
95  1 340440 102752092 2280928 83071948    0    0 308384 137680 247855 1458798 42 33 24  1  0  0
59  0 340440 102749808 2280928 83071952    0    0 307872 175408 247948 1455800 41 34 24  1  0  0
63  6 340440 102769256 2280928 83071980    0    0 279568 127032 246085 1441602 41 34 24  1  0  0
30  2 340440 102763820 2280928 83071992    0    0 307856 140172 248096 1455454 41 33 24  1  0  0
82  1 340440 102748408 2280928 83072000    0    0 299280 172972 248486 1454006 41 34 24  1  0  0
57  3 340440 102746848 2280928 83072028    0    0 295168 147236 262537 1476316 43 32 24  1  0  0
40  4 340440 102748012 2280928 83072048    0    0 281312 127996 242767 1446538 40 34 25  1  0  0
24  6 340440 102748064 2280928 83072064    0    0 313024 188916 257545 1472667 42 33 24  1  0  0
131  2 340440 102758584 2280928 83072084    0    0 293184 131348 244535 1445022 41 34 24  1  0  0
29  7 340440 102775000 2280928 83072108    0    0 288320 129820 245340 1447074 41 33 25  1  0  0
65  3 340440 102768956 2280928 83072120    0    0 303584 184468 263894 1475920 42 33 24  1  0  0
138  5 340440 102756744 2280928 83072136    0    0 311648 140560 251488 1449002 41 34 23  1  0  0
119 12 340440 102756420 2280928 83072160    0    0 279792 127936 240350 1441715 41 34 24  1  0  0
32 10 340440 102746124 2280928 83072180    0    0 311760 175252 253175 1463933 41 33 24  1  0  0
procs -----------memory---------- ---swap-- -----io---- -system-- -------cpu-------
 r  b   swpd   free   buff  cache   si   so    bi    bo   in   cs us sy id wa st gu
61  3 340440 102739848 2280932 83072192    0    0 305296 134868 254115 1465670 41 34 24  1  0  0
16  0 340440 102741040 2280932 83072216    0    0 287136 132356 242277 1446341 41 34 24  1  0  0
44  9 340440 102774036 2280932 83072240    0    0 309424 137416 247808 1452421 41 33 24  1  0  0
79 13 340440 102769516 2280932 83072256    0    0 309920 174944 249852 1458671 42 33 24  1  0  0
39  0 340440 102762532 2280932 83072280    0    0 340432 188764 276692 1483911 44 32 23  1  0  0
64  8 340440 102758592 2280932 83072296    0    0 300528 198360 270280 1483813 43 32 24  1  0  0
52  1 340440 102751468 2280932 83072308    0    0 299440 157744 270859 1482674 43 33 23  1  0  0
34  3 340440 102741080 2280932 83072328    0    0 276176 123552 242616 1442067 41 34 24  1  0  0
48  6 340440 102760828 2280932 83072360    0    0 311152 163480 278401 1500218 43 32 24  1  0  0
42  0 340440 102754336 2280932 83072372    0    0 312720 195612 279213 1502493 43 32 23  1  0  0
55  4 340440 102762544 2280932 83072380    0    0 273984 143228 263139 1474121 43 31 24  1  0  0
40  1 340440 102764972 2280932 83072400    0    0 307536 159608 269601 1486954 43 32 24  1  0  0
61  1 340440 102753052 2280932 83072428    0    0 312288 199796 272819 1493568 43 32 24  1  0  0
30  4 340440 102744596 2280932 83072444    0    0 274048 140440 267303 1480524 42 32 25  1  0  0
61  1 340440 102751016 2280932 83072456    0    0 318816 163044 269743 1488407 43 32 24  1  0  0
34  3 340440 102736056 2280932 83072480    0    0 307040 198288 272538 1487049 43 32 24  1  0  0
111  9 340440 102755780 2280932 83072496    0    0 300672 155288 271081 1473281 43 32 24  1  0  0
40  0 340440 102769632 2280932 83072516    0    0 322352 168368 275887 1496756 44 32 24  1  0  0
61  2 340440 102762112 2280932 83072528    0    0 310176 197752 268692 1484133 42 32 24  1  0  0
84  4 340440 102751376 2280932 83072548    0    0 294912 136192 245684 1449775 41 33 25  1  0  0
87  5 340440 102748064 2280932 83072568    0    0 288720 128168 244509 1441212 41 34 24  1  0  0
procs -----------memory---------- ---swap-- -----io---- -system-- -------cpu-------
 r  b   swpd   free   buff  cache   si   so    bi    bo   in   cs us sy id wa st gu
62  3 340440 102750836 2280932 83072596    0    0 297248 172400 249159 1450336 42 34 24  1  0  0
106  4 340440 102742044 2280932 83072620    0    0 278608 118600 240527 1434895 40 34 25  1  0  0
56  3 340440 102765388 2280932 83072644    0    0 300080 147404 255375 1461318 42 33 24  1  0  0
75  9 340440 102778420 2280932 83072652    0    0 304432 198596 271408 1488997 43 31 24  1  0  0
55  3 340440 102766804 2280932 83072664    0    0 292608 149256 265930 1468836 42 33 24  1  0  0
70  5 340440 102759308 2280932 83072684    0    0 287440 150012 264238 1487345 43 32 24  1  0  0
95  0 340440 102749420 2280932 83072696    0    0 305552 199284 255305 1459119 42 33 24  1  0  0
65  5 340440 102763976 2280932 83072716    0    0 303488 156920 268606 1473247 43 33 24  1  0  0
134  1 340440 102754212 2280932 83072736    0    0 282928 134924 247653 1453771 41 34 24  1  0  0
62  1 340440 102737680 2280940 83072768    0    0 290000 126000 245918 1448151 41 33 24  1  0  0
42  1 340440 102769504 2280940 83072784    0    0 312672 196508 275133 1494787 43 32 24  1  0  0
52  8 340440 102763204 2280940 83072800    0    0 285664 140844 252936 1455392 41 34 24  1  0  0
65  4 340440 102749556 2280940 83072820    0    0 309472 136576 248880 1457078 41 34 24  1  0  0
66  0 340440 102756772 2280940 83072844    0    0 312864 174996 255421 1460939 42 33 24  1  0  0
81  5 340440 102751548 2280940 83072852    0    0 294784 135744 249783 1453919 41 33 24  1  0  0
40  0 340440 102734024 2280940 83072876    0    0 289600 152304 266833 1476300 43 33 24  1  0  0
37  4 340440 102756676 2280940 83072892    0    0 312816 195996 272390 1491196 43 32 23  1  0  0
31  2 340440 102778456 2280940 83072908    0    0 274624 119652 253022 1461153 40 34 24  1  0  0
53  3 340440 102782416 2280940 83072932    0    0 294112 138616 252317 1467915 41 33 24  1  0  0
33  0 340440 102762252 2280940 83072948    0    0 321392 204740 275103 1496167 43 32 23  1  0  0
62  7 340440 102748072 2280940 83072968    0    0 282848 145424 264810 1474436 43 32 24  1  0  0
procs -----------memory---------- ---swap-- -----io---- -system-- -------cpu-------
 r  b   swpd   free   buff  cache   si   so    bi    bo   in   cs us sy id wa st gu
97  5 340440 102740300 2280940 83072976    0    0 290128 133164 253819 1465693 41 33 25  1  0  0
34  0 340440 102739076 2280940 83073004    0    0 300272 172104 256443 1470948 41 34 24  1  0  0
11  0 340440 102736344 2280940 83073028    0    0 304080 140704 250406 1452754 41 34 24  1  0  0
59  0 340440 102762904 2280940 83073048    0    0 284640 128868 245810 1449299 41 35 24  1  0  0
25  0 340440 102752500 2280940 83073060    0    0 310032 174372 251398 1455213 42 33 24  1  0  0
50  1 340440 102773120 2280940 83073080    0    0 300960 132004 248780 1452201 41 33 24  1  0  0
113  2 340440 102765032 2280940 83073112    0    0 276608 126600 243247 1433404 40 34 25  1  0  0
24  0 340440 102767032 2280940 83073128    0    0 304528 137636 248976 1444458 41 34 24  1  0  0
90  2 340440 102763276 2280940 83073144    0    0 314336 178824 251395 1456931 42 33 24  1  0  0
65  4 340440 102743580 2280940 83073152    0    0 273824 117608 241460 1429485 40 34 24  1  0  0
26  1 340440 102763436 2280940 83073180    0    0 304704 138084 249903 1457459 41 34 24  1  0  0
107  9 340440 102765048 2280940 83073192    0    0 315488 199348 251448 1462486 42 33 24  1  0  0
37  0 340440 102737288 2280940 83073208    0    0 268848 122196 241319 1438070 41 34 24  1  0  0
101 10 340440 102746320 2280940 83073240    0    0 294912 128072 243710 1447105 40 34 24  1  0  0
65  7 340440 102745524 2280940 83073252    0    0 314144 193944 262865 1475044 43 32 23  1  0  0
47  1 340440 102748784 2280940 83073268    0    0 276896 148728 263770 1469504 43 32 24  1  0  0
80  0 340440 102745228 2280940 83073292    0    0 306576 157184 270874 1487574 42 33 23  1  0  0
67  1 340440 102765608 2280940 83073312    0    0 300672 191520 270464 1499728 43 32 24  1  0  0
73  5 340440 102772880 2280940 83073332    0    0 280160 128412 246711 1443952 41 33 24  1  0  0
73  2 340440 102755356 2280940 83073344    0    0 307376 136884 247932 1453241 41 33 24  1  0  0
32  0 340440 102735616 2280940 83073368    0    0 305440 177612 246705 1456735 41 34 24  1  0  0
procs -----------memory---------- ---swap-- -----io---- -system-- -------cpu-------
 r  b   swpd   free   buff  cache   si   so    bi    bo   in   cs us sy id wa st gu
93  0 340440 102760044 2280940 83073384    0    0 302512 142324 260223 1469500 42 34 23  1  0  0
74 11 340440 102761464 2280940 83073408    0    0 274720 124044 250072 1455827 40 34 25  1  0  0
80 16 340440 102756244 2280944 83073432    0    0 325328 197880 264706 1482248 43 32 24  1  0  0
82  3 340440 102748240 2280944 83073452    0    0 291056 141676 259362 1473076 41 33 24  1  0  0
101  9 340440 102763848 2280944 83073460    0    0 263168 115228 240739 1434743 41 34 24  1  0  0
37  1 340440 102759528 2280944 83073472    0    0 297296 133528 251152 1460178 41 34 24  1  0  0
36  0 340440 102761528 2280944 83073488    0    0 301232 191636 264719 1473639 42 33 24  1  0  0
101  2 340440 102748680 2280944 83073520    0    0 276832 138420 251157 1459937 41 34 24  1  0  0
39  1 340440 102748308 2280944 83073548    0    0 295856 129648 247536 1442890 41 34 24  1  0  0
36  7 340440 102745320 2280944 83073564    0    0 288624 167256 246023 1451350 41 34 24  1  0  0
84  3 340440 102753304 2280944 83073592    0    0 297344 133456 247794 1445001 42 33 24  1  0  0
96  1 340440 102790132 2280944 83073600    0    0 292944 134220 247452 1450997 41 34 24  1  0  0
117  5 340440 102768244 2280948 83073600    0    0 307696 178308 253993 1465979 42 33 24  1  0  0
47  0 340440 102748060 2280948 83073636    0    0 297936 150976 268075 1475576 43 32 24  1  0  0
40  9 340440 102735660 2280948 83073656    0    0 275472 127220 240575 1444695 41 34 24  1  0  0
83 13 340440 102746328 2280948 83073664    0    0 320608 216960 269998 1487755 43 32 24  1  0  0
85  0 340440 102751904 2280948 83073680    0    0 304368 155724 269274 1478224 43 32 24  1  0  0
52  8 340440 102736000 2280956 83073692    0    0 297840 135392 254363 1463576 41 34 24  1  0  0
47  3 340440 102751412 2280956 83073720    0    0 314528 203860 278256 1505229 43 32 24  1  0  0
38  4 340440 102744860 2280956 83073740    0    0 281744 148932 265022 1472958 43 32 24  1  0  0
42  9 340440 102752924 2280956 83073760    0    0 302928 139428 251062 1461071 41 34 24  1  0  0
procs -----------memory---------- ---swap-- -----io---- -system-- -------cpu-------
 r  b   swpd   free   buff  cache   si   so    bi    bo   in   cs us sy id wa st gu
40  5 340440 102761420 2280956 83073776    0    0 298160 172576 255110 1464252 42 33 24  1  0  0
50  1 340440 102750300 2280956 83073804    0    0 293488 146208 262085 1474563 42 33 24  1  0  0
65  2 340440 102736988 2280956 83073828    0    0 298176 137692 244280 1455917 41 33 25  1  0  0
90  2 340440 102718060 2280956 83073844    0    0 298512 172316 247622 1448906 42 33 24  1  0  0
42  2 340440 102777688 2280956 83073856    0    0 319760 157368 275091 1502108 43 32 23  1  0  0
65  3 340440 102748932 2280956 83073872    0    0 270576 143272 261668 1476742 42 32 25  1  0  0
91  5 340440 102747328 2280956 83073900    0    0 313408 165248 249629 1451706 41 34 24  1  0  0
63  4 340440 102755656 2280956 83073924    0    0 303888 148188 247979 1450281 41 34 24  1  0  0
44  3 340440 102745228 2280956 83073928    0    0 284352 126984 241394 1444136 41 34 24  1  0  0
53  1 340440 102734584 2280956 83073948    0    0 295264 132380 256615 1460055 42 33 24  1  0  0
98  2 340440 102731208 2280956 83073968    0    0 301856 176808 247991 1451679 41 34 24  1  0  0
43  6 340440 102762988 2280956 83073988    0    0 267040 120508 242375 1438609 40 35 24  1  0  0
80  1 340440 102778712 2280956 83074004    0    0 305056 135136 246578 1455675 41 34 24  1  0  0
86  2 340440 102760640 2280956 83074024    0    0 301120 173744 251223 1458608 41 33 24  1  0  0
134  4 340440 102745508 2280956 83074036    0    0 307456 160276 270450 1476467 43 33 23  1  0  0
42  2 340440 102736116 2280956 83074068    0    0 295120 141372 252410 1450638 41 33 24  1  0  0
34  6 340440 102746912 2280956 83074076    0    0 295680 171952 246437 1446513 41 33 24  1  0  0
117  7 340440 102751800 2280956 83074096    0    0 295872 128576 245127 1445627 41 34 24  1  0  0
51  2 340440 102761724 2280956 83074120    0    0 292368 154972 249014 1452686 41 34 25  1  0  0
45  1 340440 102767048 2280956 83074140    0    0 300096 157276 271586 1483709 43 33 24  1  0  0
28  0 340440 102741464 2280956 83074168    0    0 298480 191696 269825 1484578 43 31 24  1  0  0
procs -----------memory---------- ---swap-- -----io---- -system-- -------cpu-------
 r  b   swpd   free   buff  cache   si   so    bi    bo   in   cs us sy id wa st gu
27  5 340440 102731640 2280960 83074180    0    0 276352 143576 263366 1470954 42 33 24  1  0  0
78  9 340440 102739840 2280960 83074192    0    0 303296 158660 270509 1484658 43 32 23  1  0  0
31  0 340440 102752928 2280960 83074224    0    0 301728 195916 271820 1486240 43 32 24  1  0  0
74  1 340440 102759364 2280960 83074244    0    0 265392 122996 248248 1438611 41 33 24  1  0  0
51  2 340440 102767804 2280960 83074268    0    0 309392 136460 254633 1469208 41 34 24  1  0  0
27  2 340440 102772788 2280960 83074280    0    0 304992 177996 260895 1470703 42 34 23  1  0  0
70  8 340440 102759716 2280960 83074288    0    0 294352 133120 248494 1443564 40 34 24  1  0  0
24  0 340440 102743144 2280960 83074312    0    0 309248 141780 247260 1454971 41 34 24  1  0  0
27  3 340440 102740744 2280960 83074340    0    0 305952 172760 247740 1450340 41 34 24  1  0  0
86  1 340440 102734832 2280960 83074360    0    0 277408 120980 241057 1437787 40 35 24  1  0  0
45  6 340440 102760968 2280964 83074368    0    0 302576 138572 246688 1454359 42 33 24  1  0  0
70  5 340440 102764928 2280964 83074392    0    0 314720 190852 261292 1473173 42 33 24  1  0  0
57  3 340440 102771360 2280964 83074408    0    0 281184 128140 247636 1449498 42 34 24  1  0  0
55  6 340440 102745148 2280964 83074416    0    0 304528 135336 250149 1466130 41 34 24  1  0  0
45  2 340440 102748844 2280964 83074448    0    0 313440 182240 258442 1472232 41 34 24  1  0  0
31  0 340440 102732248 2280968 83074468    0    0 302768 134624 249478 1440253 41 34 24  1  0  0
18  0 340440 102748936 2280968 83074484    0    0 286144 129964 241581 1450365 41 34 24  1  0  0
84  9 340440 102739312 2280968 83074500    0    0 300704 170864 247391 1449833 41 34 24  1  0  0
55  4 340440 102747816 2280968 83074536    0    0 283936 125596 243426 1439648 40 34 24  1  0  0
70  6 340440 102760268 2280968 83074540    0    0 299392 137396 249070 1459721 41 34 24  1  0  0
118  2 340440 102758068 2280968 83074564    0    0 291312 170492 246588 1442377 41 33 24  1  0  0
procs -----------memory---------- ---swap-- -----io---- -system-- -------cpu-------
 r  b   swpd   free   buff  cache   si   so    bi    bo   in   cs us sy id wa st gu
117  9 340440 102737856 2280968 83074584    0    0 295520 147184 245166 1443781 41 34 24  1  0  0
36  0 340440 102738844 2280968 83074592    0    0 274848 120896 239763 1438819 40 34 25  1  0  0
82  8 340440 102746620 2280968 83074624    0    0 301008 151852 254042 1461699 41 34 23  1  0  0
59  0 340440 102748244 2280972 83074648    0    0 313520 175116 263381 1467717 42 33 24  1  0  0
27  0 340440 102732924 2280972 83074664    0    0 276656 126872 241396 1443343 41 34 24  1  0  0
57  0 340440 102744688 2280972 83074672    0    0 296384 153996 274240 1492881 43 32 24  1  0  0
70  0 340440 102743328 2280972 83074696    0    0 322624 198468 285175 1515939 44 31 24  1  0  0
63  4 340440 102754900 2280972 83074716    0    0 274768 134164 253592 1457050 42 33 24  1  0  0
65  5 340440 102743292 2280972 83074728    0    0 304512 144664 251680 1462513 42 33 24  1  0  0
53 10 340440 102754400 2280972 83074752    0    0 306976 175356 249001 1453929 41 34 24  1  0  0
69  3 340440 102757160 2280972 83074768    0    0 269072 121348 246069 1438632 41 35 24  1  0  0
85  0 340440 102751240 2280972 83074796    0    0 314528 141572 249997 1460969 42 33 24  1  0  0
68  5 340440 102756288 2280972 83074808    0    0 308720 177380 252515 1458598 41 34 24  1  0  0
103  2 340440 102743212 2280972 83074824    0    0 266416 118392 239680 1433037 41 34 24  1  0  0
28  2 340440 102751980 2280972 83074848    0    0 296416 130404 252547 1469396 41 34 24  1  0  0
18  0 340440 102749196 2280972 83074872    0    0 317952 193476 265429 1476239 43 33 24  1  0  0
70  6 340440 102734508 2280972 83074892    0    0 286016 140972 257479 1458239 42 33 24  1  0  0
60  0 340440 102756536 2280972 83074904    0    0 296560 134084 244419 1451713 41 33 25  1  0  0
109  0 340440 102741180 2280972 83074920    0    0 311648 175220 251866 1463553 41 34 23  1  0  0
57  3 340440 102764804 2280972 83074948    0    0 295728 132696 250173 1454768 41 34 24  1  0  0
44  8 340440 102759824 2280972 83074968    0    0 285696 133680 244636 1445069 41 34 24  1  0  0
procs -----------memory---------- ---swap-- -----io---- -system-- -------cpu-------
 r  b   swpd   free   buff  cache   si   so    bi    bo   in   cs us sy id wa st gu
140 13 340440 102752368 2280972 83074972    0    0 287920 168816 244001 1448405 41 34 25  1  0  0
69  5 340440 102756844 2280972 83074996    0    0 308016 131456 250171 1455528 41 34 24  1  0  0
43  8 340440 102752404 2280972 83075004    0    0 275264 127804 241337 1439599 40 35 24  1  0  0
65  7 340440 102732448 2280972 83075040    0    0 299552 155300 268667 1478771 43 32 24  1  0  0
93  1 340440 102739516 2280972 83075076    0    0 304928 201164 258580 1469096 43 32 24  1  0  0
84  3 340440 102749584 2280972 83075096    0    0 277312 131836 257532 1458347 41 33 24  1  0  0
59  2 340440 102756268 2280972 83075108    0    0 299200 140716 249017 1458549 41 34 24  1  0  0
53  1 340440 102755424 2280976 83075120    0    0 305888 176788 249604 1454575 41 34 24  1  0  0
34  1 340440 102735908 2280976 83075144    0    0 283008 122580 244305 1435969 41 34 24  1  0  0
85  1 340440 102745568 2280976 83075160    0    0 290304 132868 252848 1454062 42 33 25  1  0  0
85  4 340440 102761904 2280976 83075184    0    0 320672 188736 260266 1473075 42 33 24  1  0  0
61  1 340440 102744456 2280976 83075204    0    0 273696 136632 256695 1464217 42 33 24  1  0  0
50  7 340440 102750204 2280976 83075224    0    0 301600 134404 244691 1450747 41 34 24  1  0  0
15  0 340440 102764248 2280976 83075228    0    0 310544 181132 263440 1484527 42 34 23  1  0  0
67  0 340440 102747560 2280976 83075268    0    0 285488 142912 265069 1474235 43 33 24  1  0  0
57  0 340440 102735032 2280976 83075280    0    0 296080 143940 253094 1465030 41 34 24  1  0  0
53  5 340440 102743160 2280976 83075292    0    0 300032 176140 252781 1460407 42 33 24  1  0  0
27 12 340440 102742444 2280976 83075324    0    0 306320 137200 247958 1438900 41 33 24  1  0  0
56  7 340440 102747988 2280976 83075348    0    0 321024 166016 273677 1495499 43 32 24  1  0  0
