procs -----------memory---------- ---swap-- -----io---- -system-- -------cpu-------
 r  b   swpd   free   buff  cache   si   so    bi    bo   in   cs us sy id wa st gu
 6  1 346328 105194468 2185980 80361932    4    9 28615 34304 10195    6  3  1 95  0  0  0
121  4 346328 104494776 2185984 80361996    0    0 167360 208600 336876 726319 12 15 71  2  0  0
48 11 346328 104513684 2185984 80362032    0    0 416800 181728 269326 1511208 43 32 22  2  0  0
43  0 346328 104503068 2185984 80362052    0    0 282352 25924 258830 1527690 42 33 24  1  0  0
65  4 346328 104477716 2185984 80362068    0    0 182560 48532 243040 1474826 38 38 24  1  0  0
133  0 346328 104444628 2185988 80362084    0    0 160400 80456 239421 1458129 37 38 24  1  0  0
60  1 346328 104436796 2185988 80362112    0    0 153712 77804 234608 1457642 36 38 25  1  0  0
45  0 346328 104419664 2185988 80362124    0    0 142208 71700 234253 1463789 36 38 25  1  0  0
23  2 346328 104406764 2185988 80362140    0    0 141808 70076 229664 1451473 36 38 25  1  0  0
50  4 346328 104382800 2185988 80362156    0    0 147952 74916 232927 1462511 37 38 25  1  0  0
113  6 346328 104379796 2185988 80362180    0    0 177168 83400 239543 1466914 37 38 24  1  0  0
60  1 346328 104370368 2185988 80362200    0    0 161680 82672 236441 1466082 36 39 24  1  0  0
55  0 346328 104327564 2185988 80362220    0    0 153648 73384 231328 1457631 37 38 25  1  0  0
129  2 346328 104344824 2185988 80362236    0    0 161600 109640 227896 1451018 37 38 25  1  0  0
30  1 346328 104332760 2185988 80362264    0    0 171040 82684 230765 1454625 37 38 24  1  0  0
55  0 346328 104290072 2185988 80362616    0    0 158336 77052 223291 1441078 38 37 24  1  0  0
72  0 346328 104229452 2186020 80362940    0    0 158112 75992 221468 1427518 38 37 24  1  0  0
60  0 346328 104251444 2186020 80362704    0    0 156240 74920 221967 1435314 36 39 25  1  0  0
137  0 346328 104223200 2186020 80362724    0    0 150320 73444 220670 1440216 36 38 25  1  0  0
95  2 346328 104199304 2186068 80362780    0    0 143120 70228 213804 1421474 37 37 26  1  0  0
74  8 346328 104208656 2186068 80362776    0    0 155072 80280 223673 1447318 36 38 25  1  0  0
procs -----------memory---------- ---swap-- -----io---- -system-- -------cpu-------
 r  b   swpd   free   buff  cache   si   so    bi    bo   in   cs us sy id wa st gu
101  0 346328 104232716 2186068 80362792    0    0 172112 82948 228649 1448328 37 38 24  1  0  0
48  1 346328 104178836 2186068 80362812    0    0 162112 77112 226099 1439508 37 38 24  1  0  0
117  3 346328 104193952 2186068 80362880    0    0 154000 75944 218424 1435170 37 38 24  1  0  0
128  1 346328 104188812 2186068 80362864    0    0 150400 75220 219280 1435327 36 39 25  1  0  0
64  1 346328 104173232 2186068 80362888    0    0 147872 74200 219386 1438408 36 38 25  1  0  0
91  8 346328 104160164 2186068 80362908    0    0 170192 106132 229652 1445874 37 39 24  1  0  0
63  1 346328 104164508 2186068 80362924    0    0 171040 84356 230337 1456878 37 38 24  1  0  0
69  1 346328 104098272 2186068 80362936    0    0 167104 82228 233102 1457701 38 37 24  1  0  0
95  0 346328 104120760 2186068 80362996    0    0 155840 78792 220421 1434098 37 38 25  1  0  0
49 12 346328 104128152 2186076 80363008    0    0 149136 74512 219743 1437510 37 38 25  1  0  0
137  0 346328 104110828 2186076 80363048    0    0 149088 71432 216757 1444507 36 37 26  1  0  0
210  2 346328 104108060 2186076 80363064    0    0 149360 73064 219048 1439431 37 38 25  1  0  0
165  0 346328 104115132 2186076 80363084    0    0 168080 87692 221281 1452120 37 37 25  1  0  0
66  4 346328 104109416 2186076 80363104    0    0 211344 101020 232588 1476236 38 37 25  1  0  0
76  1 346328 104093316 2186076 80363120    0    0 220544 104828 230296 1461665 39 36 25  1  0  0
133  4 346328 104093928 2186076 80363140    0    0 254816 147860 234730 1465293 40 35 25  1  0  0
99  4 346328 104073228 2186076 80363156    0    0 193824 95876 227992 1458445 39 36 25  1  0  0
11  0 346328 103996480 2186076 80363172    0    0 174560 85148 232013 1454550 38 36 25  1  0  0
55  2 346328 104041324 2186076 80363224    0    0 181152 88200 220034 1440513 38 35 26  1  0  0
102  8 346328 104040632 2186076 80363244    0    0 240672 123332 231448 1455964 40 34 25  1  0  0
59  4 346328 104033684 2186076 80363264    0    0 246848 120372 232588 1456107 39 35 25  1  0  0
procs -----------memory---------- ---swap-- -----io---- -system-- -------cpu-------
 r  b   swpd   free   buff  cache   si   so    bi    bo   in   cs us sy id wa st gu
47  3 346328 104023800 2186076 80363284    0    0 204544 123108 228809 1459751 39 35 25  1  0  0
38  1 346328 104003884 2186076 80363308    0    0 181952 88532 230207 1450364 38 38 24  1  0  0
43  1 346328 103996596 2186076 80363324    0    0 157424 77460 224191 1444125 37 38 25  1  0  0
137  0 346328 103994344 2186080 80363336    0    0 152256 74116 222088 1441547 36 38 25  1  0  0
35  0 346328 103967736 2186080 80363360    0    0 147952 71604 221419 1444297 37 38 25  1  0  0
16  5 346328 103979124 2186080 80363384    0    0 143504 71184 220687 1446485 36 38 25  1  0  0
10  0 346328 103966448 2186080 80363396    0    0 134928 67648 224151 1441831 37 37 26  1  0  0
40  8 346328 103957148 2186080 80363416    0    0 169392 82012 229718 1452192 38 38 24  1  0  0
101  3 346328 103945672 2186084 80363432    0    0 161840 78864 225977 1446169 36 39 24  1  0  0
67  0 346328 103935364 2186084 80363456    0    0 153728 73508 222949 1442744 37 38 25  1  0  0
83  0 346328 103965660 2186084 80363172    0    0 149520 74456 220620 1444476 37 37 25  1  0  0
76  1 346328 103965568 2186084 80363188    0    0 155568 102528 224081 1450203 37 37 25  1  0  0
25  4 346328 103960060 2186084 80363200    0    0 175968 84476 239704 1463653 37 39 24  1  0  0
92  4 346328 103930316 2186088 80363208    0    0 167216 82304 226823 1449343 37 38 24  1  0  0
130  0 346328 103942792 2186088 80363228    0    0 157456 78608 224151 1445905 37 38 25  1  0  0
44  1 346328 103917700 2186088 80363256    0    0 152224 74196 220929 1437190 37 38 25  1  0  0
55  0 346328 103835472 2186088 80363712    0    0 147696 72408 215300 1429925 38 37 25  1  0  0
35  8 346328 103860188 2186088 80363736    0    0 140432 68824 213243 1437240 37 38 25  1  0  0
45  5 346328 103854920 2186096 80363744    0    0 142624 70180 215295 1434390 37 38 25  1  0  0
53  1 346328 103886964 2186104 80363788    0    0 169472 84100 226285 1455146 37 38 24  1  0  0
116  1 346328 103881676 2186104 80363804    0    0 170368 85312 226482 1455102 37 38 25  1  0  0
procs -----------memory---------- ---swap-- -----io---- -system-- -------cpu-------
 r  b   swpd   free   buff  cache   si   so    bi    bo   in   cs us sy id wa st gu
59  1 346328 103820476 2186104 80363824    0    0 156992 75508 223365 1436260 38 37 25  1  0  0
91  5 346328 103816464 2186104 80363864    0    0 150576 71828 217778 1437019 36 38 25  1  0  0
140  0 346328 103836048 2186104 80363868    0    0 164096 107816 226101 1446018 37 38 24  1  0  0
30  6 346328 103828652 2186104 80363884    0    0 165168 82636 228139 1446691 37 38 24  1  0  0
106  6 346328 103841204 2186104 80363916    0    0 160880 77220 226829 1448960 37 38 25  1  0  0
196  0 346328 103805240 2186104 80363924    0    0 155936 76160 223237 1439200 37 38 25  1  0  0
61  3 346328 103818992 2186104 80363980    0    0 147808 74988 216366 1435487 37 37 26  1  0  0
20  0 346328 103821616 2186104 80363972    0    0 139680 70300 218601 1436671 37 38 25  1  0  0
34  0 346328 103804900 2186104 80363988    0    0 157168 80976 223461 1445764 37 38 25  1  0  0
20  1 346328 103813684 2186104 80364008    0    0 171760 80796 230382 1451662 37 39 24  1  0  0
110  0 346328 103802296 2186104 80364032    0    0 163216 82152 226117 1446869 37 38 24  1  0  0
123  0 346328 103812276 2186104 80364048    0    0 159248 76472 223980 1451349 37 38 25  1  0  0
21  0 346328 103806192 2186104 80364060    0    0 150272 72264 219964 1448126 37 37 26  1  0  0
36  0 346328 103794048 2186104 80364080    0    0 144960 68320 219082 1439466 36 38 25  1  0  0
46  1 346328 103753036 2186104 80364100    0    0 142128 70980 215981 1438292 37 38 25  1  0  0
84  7 346328 103801680 2186104 80364176    0    0 169824 107836 225193 1442508 37 39 24  1  0  0
105  6 346328 103800424 2186104 80364156    0    0 157760 78044 223529 1446479 37 38 24  1  0  0
68  3 346328 103782800 2186104 80364176    0    0 160032 79756 221691 1448227 37 38 25  1  0  0
14  0 346328 103793944 2186104 80364196    0    0 154400 76628 222777 1449534 37 37 25  1  0  0
55  4 346328 103775456 2186104 80364204    0    0 155888 74244 227507 1462166 37 37 25  1  0  0
87  1 346328 103750336 2186104 80364228    0    0 144832 72652 220663 1453381 36 38 26  1  0  0
procs -----------memory---------- ---swap-- -----io---- -system-- -------cpu-------
 r  b   swpd   free   buff  cache   si   so    bi    bo   in   cs us sy id wa st gu
65  0 346328 103766292 2186104 80364248    0    0 160400 83272 223750 1447801 37 38 24  1  0  0
121 13 346328 103765212 2186104 80364268    0    0 166128 82716 227558 1450269 37 38 25  1  0  0
14  0 346328 103762636 2186104 80364288    0    0 168832 82752 228087 1447451 37 38 24  1  0  0
85  3 346328 103778064 2186104 80364304    0    0 164512 81380 225114 1445958 36 38 25  1  0  0
98  0 346328 103764508 2186104 80364316    0    0 147376 71132 222792 1447550 37 37 25  1  0  0
130  0 346328 103752620 2186104 80364332    0    0 144064 70472 219017 1440422 36 38 25  1  0  0
48  3 346328 103774896 2186108 80364352    0    0 158208 104508 224409 1447715 37 38 24  1  0  0
49  2 346328 103770992 2186108 80364060    0    0 169440 83044 227349 1453477 37 38 25  1  0  0
121  0 346328 103785624 2186108 80364080    0    0 167744 83000 225890 1441746 37 38 25  1  0  0
27  0 346328 103775768 2186108 80364104    0    0 158080 78408 225415 1442417 37 38 24  1  0  0
67  2 346328 103790620 2186108 80364124    0    0 150608 73764 225447 1448214 37 37 25  1  0  0
95  2 346328 103777004 2186116 80364128    0    0 152320 74672 223033 1446739 37 38 25  1  0  0
66  1 346328 103729964 2186116 80364464    0    0 141888 69144 225468 1452244 37 37 25  1  0  0
19  0 346328 103652832 2186116 80364500    0    0 148288 76548 225108 1449152 37 37 25  1  0  0
74  2 346328 103692492 2186116 80364524    0    0 174560 87052 228701 1452522 37 38 24  1  0  0
110  0 346328 103664640 2186116 80364544    0    0 167200 79352 225263 1440961 37 38 24  1  0  0
47  5 346328 103705872 2186148 80364752    0    0 155408 77716 218761 1431367 37 37 25  1  0  0
93  0 346328 103712884 2186148 80364600    0    0 152832 73968 222525 1444970 37 38 25  1  0  0
85  1 346328 103717068 2186148 80364612    0    0 165312 113632 227357 1450388 37 38 25  1  0  0
34  0 346328 103668472 2186148 80364780    0    0 167392 81052 225388 1437687 38 38 24  1  0  0
109  0 346328 103683620 2186148 80364672    0    0 164176 78956 224375 1439709 36 39 24  1  0  0
procs -----------memory---------- ---swap-- -----io---- -system-- -------cpu-------
 r  b   swpd   free   buff  cache   si   so    bi    bo   in   cs us sy id wa st gu
72  1 346328 103694076 2186148 80364688    0    0 160800 75788 223804 1447011 37 38 25  1  0  0
32  1 346328 103680252 2186148 80364704    0    0 158784 79528 225161 1441693 38 37 25  1  0  0
49  2 346328 103664872 2186148 80364728    0    0 145168 71740 219390 1438429 36 38 25  1  0  0
48  6 346328 103641080 2186148 80364744    0    0 146400 71028 221785 1440016 37 38 25  0  0  0
40  5 346328 103679420 2186148 80364764    0    0 139424 68300 216056 1433598 37 38 25  0  0  0
78  4 346328 103667528 2186148 80364800    0    0 157648 80324 230989 1465125 37 38 25  1  0  0
68  4 346328 103665108 2186148 80364816    0    0 169824 84412 236215 1466436 37 37 25  1  0  0
98  0 346328 103659608 2186148 80364832    0    0 162944 79304 235115 1464912 37 38 25  1  0  0
53  3 346328 103669456 2186148 80364852    0    0 161504 80060 235921 1461867 36 39 24  1  0  0
33  0 346328 103685260 2186148 80364876    0    0 152240 81164 233532 1463176 36 38 25  1  0  0
96  0 346328 103703500 2186152 80364884    0    0 174832 108624 240446 1475230 37 38 24  1  0  0
99  5 346328 103673504 2186152 80364904    0    0 170256 83256 226790 1448100 37 38 25  1  0  0
63  0 346328 103662208 2186152 80364920    0    0 152768 74536 223827 1443046 38 38 24  1  0  0
14  0 346328 103629016 2186152 80365232    0    0 152592 73736 216849 1436484 37 37 25  1  0  0
157  0 346328 103648596 2186152 80364972    0    0 140288 68280 217447 1444478 37 37 25  0  0  0
64  2 346328 103649484 2186156 80364988    0    0 141856 85648 216925 1437580 37 38 25  1  0  0
198  0 346328 103657516 2186156 80365016    0    0 161056 80544 226370 1450261 37 38 25  1  0  0
91  2 346328 103672364 2186156 80365028    0    0 171456 84620 230454 1457693 36 39 24  1  0  0
113  0 346328 103660496 2186156 80365044    0    0 165856 78760 225554 1445672 37 38 24  1  0  0
57  0 346328 103642864 2186156 80365068    0    0 156320 77880 222364 1442010 36 38 25  1  0  0
118  1 346328 103639120 2186156 80365084    0    0 145520 71768 232828 1458174 36 39 24  1  0  0
procs -----------memory---------- ---swap-- -----io---- -system-- -------cpu-------
 r  b   swpd   free   buff  cache   si   so    bi    bo   in   cs us sy id wa st gu
13  0 346328 103649132 2186156 80365104    0    0 144400 78020 228759 1457725 37 38 25  1  0  0
85  6 346328 103648404 2186156 80365124    0    0 177712 111664 240552 1471450 36 39 24  1  0  0
70  0 346328 103645932 2186156 80365140    0    0 170768 84156 240257 1473818 37 38 24  1  0  0
72  0 346328 103634916 2186156 80365152    0    0 163152 78688 235715 1466315 36 39 25  1  0  0
52  1 346328 103630176 2186160 80365168    0    0 155200 76780 223029 1446882 38 37 25  1  0  0
50  0 346328 103669216 2186160 80365192    0    0 150416 75464 222350 1439951 38 37 24  1  0  0
83  2 346328 103674740 2186160 80364904    0    0 142224 69884 218735 1439322 37 38 25  1  0  0
42  2 346328 103657596 2186160 80364928    0    0 145680 75300 220654 1440705 36 38 25  1  0  0
50  0 346328 103668068 2186160 80364948    0    0 178272 86560 229625 1454620 37 37 25  1  0  0
21  0 346328 103677688 2186160 80364964    0    0 167296 81604 229623 1452474 36 39 24  1  0  0
13  0 346328 103682856 2186160 80364976    0    0 153872 73720 224141 1445168 37 38 25  1  0  0
11  0 346328 103595180 2186160 80365316    0    0 150944 73928 220323 1435822 38 37 25  1  0  0
42  1 346328 103596020 2186160 80365512    0    0 143856 71060 216080 1425269 38 36 25  1  0  0
144  0 346328 103612308 2186160 80365364    0    0 160544 111120 227095 1443749 37 38 24  1  0  0
33  0 346328 103568552 2186164 80365664    0    0 174208 85148 231268 1451725 38 38 24  1  0  0
34  0 346328 103612740 2186164 80365408    0    0 162192 79624 235348 1462056 37 38 24  1  0  0
135  0 346328 103641824 2186164 80365420    0    0 158400 80496 235942 1466195 37 38 25  1  0  0
54  3 346328 103572316 2186164 80365436    0    0 150288 73136 229909 1450331 38 38 24  1  0  0
47  1 346328 103599092 2186164 80365600    0    0 149104 71412 223552 1448074 38 36 26  1  0  0
76  6 346328 103620172 2186164 80365620    0    0 144736 71816 219073 1442682 36 38 25  1  0  0
64  0 346328 103619408 2186164 80365648    0    0 144912 74692 219287 1439363 36 38 25  1  0  0
procs -----------memory---------- ---swap-- -----io---- -system-- -------cpu-------
 r  b   swpd   free   buff  cache   si   so    bi    bo   in   cs us sy id wa st gu
76  1 346328 103620052 2186164 80365664    0    0 177072 87256 229674 1455263 38 38 24  1  0  0
34  1 346328 103563620 2186164 80365684    0    0 170176 82712 226921 1445687 38 37 24  1  0  0
11  1 346328 103614004 2186164 80365700    0    0 160224 76300 221931 1439570 37 37 25  1  0  0
14  0 346328 103603960 2186168 80365720    0    0 156768 77976 221958 1443471 37 37 25  1  0  0
74  5 346328 103603196 2186168 80365744    0    0 193392 123868 226725 1461852 39 36 25  1  0  0
53  2 346328 103607804 2186168 80365768    0    0 236672 113748 237153 1462655 40 35 25  1  0  0
126  3 346328 103592400 2186168 80365784    0    0 250448 122808 232467 1449450 40 34 25  1  0  0
76  1 346328 103607612 2186168 80365800    0    0 259600 126644 235064 1471587 40 34 24  1  0  0
16  7 346328 103606876 2186168 80365820    0    0 181264 87252 228289 1455162 38 36 25  1  0  0
92  1 346328 103582624 2186172 80365836    0    0 151792 94888 222178 1441683 37 37 25  1  0  0
53  2 346328 103536316 2186172 80365852    0    0 146704 72048 217638 1435822 37 37 25  1  0  0
94  0 346328 103554664 2186172 80365896    0    0 155472 113700 220788 1438435 37 38 24  1  0  0
120  0 346328 103577960 2186172 80365892    0    0 169184 82172 227365 1451789 37 38 24  1  0  0
73  6 346328 103583952 2186172 80365920    0    0 162416 79752 225673 1439199 37 38 24  1  0  0
81  7 346328 103588284 2186176 80365944    0    0 159552 76920 223663 1445289 37 38 24  1  0  0
87  5 346328 103599652 2186176 80365956    0    0 148528 73380 225030 1446895 37 38 25  1  0  0
51  5 346328 103579024 2186176 80365968    0    0 146800 68992 218275 1441928 36 38 25  1  0  0
 7  0 346328 103583176 2186176 80365984    0    0 138624 69132 216171 1433917 36 38 26  1  0  0
60  0 346328 103578280 2186176 80366016    0    0 169792 86700 229243 1457548 37 38 24  1  0  0
42  2 346328 103571416 2186180 80366032    0    0 166208 82144 227247 1454025 37 38 24  1  0  0
61  6 346328 103555800 2186180 80366052    0    0 155296 78892 230530 1462891 37 38 24  1  0  0
procs -----------memory---------- ---swap-- -----io---- -system-- -------cpu-------
 r  b   swpd   free   buff  cache   si   so    bi    bo   in   cs us sy id wa st gu
163  0 346328 103577764 2186180 80366068    0    0 154960 73812 233399 1466521 36 38 25  1  0  0
102  0 346328 103567688 2186180 80366084    0    0 147424 71396 230486 1467087 36 38 26  1  0  0
66  2 346328 103611124 2186180 80366100    0    0 147104 73880 228198 1457612 37 38 25  1  0  0
228  1 346328 103559764 2186180 80365992    0    0 144976 104064 226377 1455560 37 37 25  1  0  0
162  0 346328 103538680 2186180 80366156    0    0 175136 91180 230721 1451228 39 37 24  1  0  0
12  1 346328 103556316 2186180 80366168    0    0 168512 81292 225885 1445275 36 39 24  1  0  0
27  3 346328 103509380 2186180 80366184    0    0 159440 78824 224134 1437656 37 38 24  1  0  0
26  0 346328 103555380 2186188 80366248    0    0 153824 75376 221278 1438884 37 38 24  1  0  0
82  0 346328 103570424 2186192 80366256    0    0 148864 74536 221897 1444385 37 38 25  1  0  0
104  0 346328 103543228 2186192 80366276    0    0 140256 67848 218999 1438943 36 38 25  0  0  0
84  0 346328 103546724 2186192 80366592    0    0 139168 69696 212259 1429895 37 37 26  1  0  0
69  5 346328 103555592 2186192 80366324    0    0 158864 78484 223347 1448771 37 37 25  1  0  0
32  0 346328 103565140 2186192 80366340    0    0 165072 82728 228174 1446237 38 38 24  1  0  0
69  0 346328 103551444 2186200 80366352    0    0 162256 80384 226502 1441218 37 38 25  1  0  0
23  4 346328 103565052 2186200 80366380    0    0 157744 76464 226320 1449701 37 38 24  1  0  0
57  5 346328 103537888 2186200 80366412    0    0 148832 81536 226812 1437183 38 36 25  1  0  0
131  0 346328 103539844 2186200 80366432    0    0 170672 113788 238080 1461678 37 39 24  1  0  0
70  1 346328 103545324 2186200 80366448    0    0 172352 85288 237922 1463198 37 38 24  1  0  0
32  0 346328 103550816 2186204 80366472    0    0 164928 80852 230853 1450831 37 39 24  1  0  0
45  4 346328 103544368 2186204 80366496    0    0 161408 80856 222939 1447020 37 38 25  1  0  0
91  0 346328 103551784 2186216 80366500    0    0 148880 74472 222962 1448060 36 38 25  1  0  0
procs -----------memory---------- ---swap-- -----io---- -system-- -------cpu-------
 r  b   swpd   free   buff  cache   si   so    bi    bo   in   cs us sy id wa st gu
103  0 346328 103564132 2186216 80366532    0    0 148352 72064 222725 1447580 37 38 25  1  0  0
123  5 346328 103555048 2186216 80366544    0    0 144064 70476 217222 1441681 36 37 26  1  0  0
66  3 346328 103548524 2186216 80366568    0    0 159024 81676 223500 1450244 37 38 25  1  0  0
101  1 346328 103497772 2186216 80366580    0    0 162448 77864 224985 1435159 37 38 24  1  0  0
31  4 346328 103548024 2186216 80366604    0    0 180336 88748 222144 1445162 37 37 25  1  0  0
64  2 346328 103552472 2186216 80366624    0    0 231488 151860 231883 1452575 40 34 25  1  0  0
49  0 346328 103567980 2186216 80366648    0    0 211424 104088 230607 1466628 39 35 25  1  0  0
13 10 346328 103568896 2186216 80366664    0    0 195920 95140 229847 1461202 38 36 25  1  0  0
85  0 346328 103529028 2186220 80366676    0    0 152624 73064 229659 1459000 38 37 25  1  0  0
45  0 346328 103530212 2186220 80366712    0    0 141728 74756 219522 1438953 36 39 25  1  0  0
55  6 346328 103494068 2186220 80366728    0    0 138224 68832 218214 1442866 36 38 25  0  0  0
65  5 346328 103505500 2186220 80366748    0    0 171328 84608 230414 1454439 37 38 24  1  0  0
122  3 346328 103519916 2186220 80366768    0    0 158512 79564 227166 1444701 36 39 24  0  0  0
35  0 346328 103528912 2186220 80366792    0    0 156224 73312 227577 1450017 36 39 24  1  0  0
107  3 346328 103519348 2186220 80366800    0    0 154752 76100 224702 1440620 37 38 25  1  0  0
 8  0 346328 103508488 2186220 80366816    0    0 151664 74444 222745 1433385 36 38 25  1  0  0
23  0 346328 103546744 2186220 80366836    0    0 162256 118344 229499 1443906 37 38 24  1  0  0
35  5 346328 103562688 2186220 80366544    0    0 162976 78660 228352 1442181 37 39 24  1  0  0
44  4 346328 103555484 2186220 80366572    0    0 154080 75744 225637 1439799 36 39 25  1  0  0
20  1 346328 103546512 2186220 80366588    0    0 151456 77900 222477 1440735 36 38 25  1  0  0
62  3 346328 103570224 2186220 80366600    0    0 152336 90940 228085 1455250 37 37 25  1  0  0
procs -----------memory---------- ---swap-- -----io---- -system-- -------cpu-------
 r  b   swpd   free   buff  cache   si   so    bi    bo   in   cs us sy id wa st gu
35  0 346328 103559196 2186220 80366612    0    0 144240 72208 230136 1458564 37 37 26  1  0  0
87  3 346328 103503428 2186220 80366948    0    0 141600 71388 225655 1452660 37 37 26  1  0  0
57  0 346328 103475128 2186220 80366976    0    0 166288 85912 232936 1459155 38 37 24  1  0  0
116  0 346328 103499660 2186220 80367000    0    0 172048 83548 224972 1441774 37 38 24  1  0  0
88  3 346328 103452468 2186220 80367016    0    0 158208 77860 224388 1439472 37 38 24  1  0  0
59  2 346328 103506844 2186228 80367056    0    0 160512 78696 220979 1443820 38 37 25  1  0  0
43  0 346328 103521712 2186228 80367056    0    0 152784 78008 221444 1452138 37 38 25  1  0  0
42  1 346328 103474296 2186228 80367076    0    0 147760 77476 216522 1441988 37 37 25  1  0  0
110  1 346328 103494116 2186228 80367296    0    0 173920 116524 224248 1456219 38 37 24  1  0  0
15  0 346328 103505148 2186228 80367120    0    0 170736 82096 224634 1457403 37 38 25  1  0  0
130  8 346328 103492632 2186236 80367132    0    0 167680 84840 223232 1450016 37 38 25  1  0  0
39  0 346328 103496612 2186236 80367160    0    0 153440 76636 222000 1443795 37 38 25  1  0  0
66  1 346328 103491520 2186236 80367180    0    0 155600 74112 234045 1462935 37 38 25  1  0  0
100  0 346328 103474120 2186236 80367392    0    0 149200 73464 226927 1455336 38 37 25  1  0  0
69  3 346328 103475232 2186236 80367216    0    0 138112 69316 225026 1460489 37 36 26  1  0  0
57  0 346328 103487288 2186236 80367236    0    0 146288 76000 226331 1461824 36 38 26  1  0  0
20  8 346328 103495972 2186236 80367256    0    0 183328 90424 235874 1481467 36 38 25  1  0  0
45  0 346328 103506484 2186236 80367276    0    0 164480 80984 235546 1473032 37 39 24  1  0  0
46  0 346328 103491488 2186236 80367292    0    0 167664 82844 234063 1473671 37 38 24  1  0  0
71  0 346328 103499800 2186236 80367312    0    0 165376 119560 235553 1473629 37 38 24  1  0  0
79  0 346328 103505852 2186236 80367320    0    0 166448 80476 230555 1464034 37 38 25  1  0  0
procs -----------memory---------- ---swap-- -----io---- -system-- -------cpu-------
 r  b   swpd   free   buff  cache   si   so    bi    bo   in   cs us sy id wa st gu
173  0 346328 103497180 2186236 80367348    0    0 164768 80776 224552 1449697 36 39 24  1  0  0
127  3 346328 103443184 2186236 80367368    0    0 154192 74484 218871 1439373 38 37 25  1  0  0
94  0 346328 103478372 2186236 80367396    0    0 149824 76068 222890 1437495 36 38 25  1  0  0
56  0 346328 103474560 2186236 80367412    0    0 146784 71404 217577 1441316 36 38 25  1  0  0
54  0 346328 103477528 2186244 80367428    0    0 140368 68480 215249 1440847 36 38 26  0  0  0
58  7 346328 103485612 2186244 80367448    0    0 153280 77104 222392 1458700 37 38 25  1  0  0
106  4 346328 103477752 2186244 80367460    0    0 167776 83312 226827 1454269 36 39 24  1  0  0
125  2 346328 103486692 2186244 80367480    0    0 161728 79048 225136 1451346 37 38 25  1  0  0
66  0 346328 103466720 2186244 80367500    0    0 156480 76992 223494 1446608 37 38 24  1  0  0
31  0 346328 103482064 2186244 80367520    0    0 148688 74336 219669 1446573 37 38 25  0  0  0
40  0 346328 103470116 2186244 80367540    0    0 151488 73456 221091 1441754 36 38 25  1  0  0
89 12 346328 103475344 2186244 80367560    0    0 159008 121772 226303 1454452 36 38 25  1  0  0
162  2 346328 103491392 2186244 80367580    0    0 171696 85188 229641 1459629 37 38 24  1  0  0
10  0 346328 103483956 2186244 80367592    0    0 163968 81320 226926 1451551 37 38 25  1  0  0
110  0 346328 103506028 2186244 80367616    0    0 154496 76132 221533 1444320 37 37 25  1  0  0
67  7 346328 103511148 2186244 80367324    0    0 146752 73332 221711 1440797 37 38 25  1  0  0
41  4 346328 103508420 2186244 80367344    0    0 146976 72956 218206 1441816 36 37 26  1  0  0
87  3 346328 103514372 2186244 80367364    0    0 157104 81380 224797 1447845 37 38 25  1  0  0
140  2 346328 103534772 2186244 80367384    0    0 171168 84864 231246 1449706 37 38 24  1  0  0
57  0 346328 103538464 2186244 80367396    0    0 164208 82144 227769 1449308 37 38 24  1  0  0
48  5 346328 103480380 2186248 80367720    0    0 156448 77964 221404 1436871 37 37 25  1  0  0
procs -----------memory---------- ---swap-- -----io---- -system-- -------cpu-------
 r  b   swpd   free   buff  cache   si   so    bi    bo   in   cs us sy id wa st gu
55  1 346328 103442412 2186248 80368024    0    0 147184 76260 224636 1436147 37 37 25  1  0  0
84  3 346328 103456900 2186248 80367772    0    0 141504 72744 227671 1457782 36 38 25  0  0  0
49  3 346328 103406212 2186248 80367796    0    0 159776 122940 234723 1456864 38 38 24  1  0  0
22  0 346328 103450512 2186248 80367840    0    0 178160 89180 236176 1463435 38 37 24  1  0  0
 7  1 346328 103489208 2186248 80367836    0    0 232448 132552 244507 1472515 39 35 25  1  0  0
54  0 346328 103476512 2186248 80367844    0    0 304848 166004 271315 1516944 44 32 24  1  0  0
31  0 346328 103458640 2186248 80367880    0    0 177696 90588 231778 1454858 37 37 25  1  0  0
38  0 346328 103474588 2186248 80367896    0    0 151088 73804 229115 1460201 36 38 25  1  0  0
75  5 346328 103469128 2186252 80367908    0    0 161856 122196 229118 1454292 38 37 25  1  0  0
35  0 346328 103468400 2186252 80367928    0    0 170576 87616 226428 1459766 36 39 24  1  0  0
91  1 346328 103447380 2186252 80367944    0    0 159376 78600 224511 1452987 37 38 24  0  0  0
37  0 346328 103429316 2186252 80367964    0    0 154688 78812 221312 1454661 38 37 25  1  0  0
84  1 346328 103455676 2186252 80367976    0    0 153488 76028 219552 1445769 37 38 25  1  0  0
64  6 346328 103453780 2186252 80367996    0    0 144736 70532 217675 1447676 37 37 26  1  0  0
27  5 346328 103441200 2186252 80368012    0    0 143328 72672 215491 1446520 36 38 26  1  0  0
85  0 346328 103449504 2186252 80368032    0    0 156064 80952 221077 1451467 36 38 25  1  0  0
156  0 346328 103437040 2186252 80368056    0    0 158096 80556 225414 1447818 36 40 24  1  0  0
77  0 346328 103458032 2186252 80368076    0    0 158048 80468 222264 1447447 36 38 25  1  0  0
110  0 346328 103452176 2186252 80368088    0    0 154416 81088 222161 1453664 37 37 25  1  0  0
65  1 346328 103449500 2186252 80368100    0    0 150272 76272 217652 1442908 36 37 26  1  0  0
54  0 346328 103402480 2186252 80368120    0    0 164880 124768 227667 1448299 37 38 24  1  0  0
procs -----------memory---------- ---swap-- -----io---- -system-- -------cpu-------
 r  b   swpd   free   buff  cache   si   so    bi    bo   in   cs us sy id wa st gu
71  0 346328 103422640 2186252 80368196    0    0 166384 84928 220945 1443652 38 37 24  1  0  0
129  0 346328 103441972 2186252 80368184    0    0 159408 79008 224481 1447383 36 39 24  1  0  0
94  4 346328 103444276 2186260 80368192    0    0 152464 78932 222803 1442950 36 38 25  1  0  0
164  2 346328 103452244 2186260 80368220    0    0 148256 73908 219827 1448235 37 38 25  0  0  0
33  1 346328 103449788 2186260 80368236    0    0 144352 74268 220265 1448031 37 37 25  0  0  0
54  0 346328 103439684 2186260 80368244    0    0 142304 73684 217634 1440068 37 38 25  1  0  0
24  0 346328 103445376 2186260 80368268    0    0 155696 81488 222051 1448226 37 37 25  1  0  0
46  0 346328 103455980 2186260 80368284    0    0 169536 86804 229112 1449171 37 38 24  1  0  0
28  0 346328 103459872 2186260 80368304    0    0 161072 79824 226320 1447460 36 39 24  1  0  0
61  1 346328 103447416 2186260 80368328    0    0 154176 77108 222413 1445918 37 37 25  1  0  0
166  0 346328 103463764 2186260 80368344    0    0 150544 75812 224549 1446909 36 39 25  1  0  0
42  0 346328 103467448 2186260 80368356    0    0 168064 124840 229696 1456390 36 38 25  1  0  0
48  1 346328 103443100 2186260 80368376    0    0 163632 81780 228852 1447049 37 38 24  1  0  0
200  0 346328 103477904 2186260 80368264    0    0 160256 80600 226388 1448152 37 38 24  1  0  0
70  1 346328 103486248 2186260 80368108    0    0 159280 81012 224105 1448182 37 38 25  1  0  0
65  0 346328 103481488 2186260 80368124    0    0 151520 78168 223521 1446330 37 38 24  1  0  0
47  1 346328 103495320 2186260 80368148    0    0 145296 72980 221139 1442153 37 38 25  0  0  0
75  0 346328 103501296 2186260 80368164    0    0 141296 72900 219623 1448933 36 38 25  0  0  0
103  6 346328 103467044 2186260 80368176    0    0 172960 90920 229258 1454939 37 39 23  1  0  0
97  5 346328 103398292 2186260 80368504    0    0 170880 85548 224283 1442498 38 37 24  1  0  0
164  0 346328 103407792 2186260 80368812    0    0 161056 81372 221578 1437520 37 37 25  1  0  0
procs -----------memory---------- ---swap-- -----io---- -system-- -------cpu-------
 r  b   swpd   free   buff  cache   si   so    bi    bo   in   cs us sy id wa st gu
95  0 346328 103396496 2186260 80368556    0    0 161344 81580 223684 1437405 38 37 24  1  0  0
28  1 346328 103441084 2186260 80368760    0    0 147952 75452 218211 1434440 37 38 25  0  0  0
99  0 346328 103446448 2186260 80368604    0    0 156496 117944 225409 1447622 38 37 25  1  0  0
83  1 346328 103406012 2186260 80368620    0    0 178448 88768 231030 1455652 38 38 24  1  0  0
45  3 346328 103432680 2186260 80368652    0    0 168576 85508 223949 1436163 37 38 24  1  0  0
43  0 346328 103431936 2186260 80368668    0    0 158640 81056 224083 1445893 38 37 25  1  0  0
55  0 346328 103442224 2186260 80368688    0    0 149600 74696 221358 1439976 37 38 25  1  0  0
151  4 346328 103434128 2186260 80368708    0    0 147104 76380 221073 1441636 37 38 25  1  0  0
12  0 346328 103382116 2186260 80368728    0    0 140400 72372 216082 1430496 37 37 25  1  0  0
60  1 346328 103422664 2186260 80368940    0    0 168544 87252 229744 1449806 39 37 23  1  0  0
23  0 346328 103428656 2186260 80368768    0    0 168624 101260 230648 1452126 37 38 24  1  0  0
81  0 346328 103439432 2186264 80368784    0    0 160128 84400 225498 1442885 36 38 25  1  0  0
36  5 346328 103428216 2186264 80368808    0    0 153280 77336 220777 1442691 37 38 25  1  0  0
91  0 346328 103429624 2186264 80368828    0    0 140752 73308 219881 1443461 36 38 25  0  0  0
99  5 346328 103429588 2186264 80368844    0    0 140592 69880 218230 1441442 37 38 25  0  0  0
52  0 346328 103419012 2186264 80368864    0    0 154032 116044 225201 1449233 37 38 25  1  0  0
189  3 346328 103443308 2186264 80368888    0    0 166752 86472 227682 1445702 37 38 24  1  0  0
91  0 346328 103383560 2186264 80368896    0    0 157264 78628 225518 1442876 38 37 25  1  0  0
74 10 346328 103417596 2186264 80368968    0    0 153456 76864 216719 1432091 37 37 25  1  0  0
104  1 346328 103418144 2186264 80368932    0    0 147552 76080 217473 1442704 36 38 25  1  0  0
50  5 346328 103407600 2186264 80368948    0    0 140960 74912 215635 1439985 36 38 26  1  0  0
procs -----------memory---------- ---swap-- -----io---- -system-- -------cpu-------
 r  b   swpd   free   buff  cache   si   so    bi    bo   in   cs us sy id wa st gu
71  2 346328 103413916 2186264 80368976    0    0 171504 87000 234165 1467881 37 39 24  1  0  0
147  5 346328 103427508 2186264 80368996    0    0 175248 89148 236506 1468391 37 38 25  1  0  0
32  2 346328 103445040 2186264 80369012    0    0 167456 85596 237787 1470813 37 38 25  1  0  0
120  4 346328 103438052 2186264 80369020    0    0 175120 90120 226083 1448046 38 36 25  1  0  0
60  8 346328 103424820 2186264 80369044    0    0 180560 92012 224108 1448638 38 36 25  1  0  0
18  7 346328 103423048 2186272 80369056    0    0 182144 133468 224902 1456894 38 36 25  1  0  0
131  1 346328 103430324 2186272 80369084    0    0 211040 102236 232363 1464350 38 37 24  1  0  0
23  1 346328 103428480 2186272 80369104    0    0 199056 99672 227700 1453496 38 35 26  1  0  0
90  3 346328 103429132 2186272 80369120    0    0 179072 89860 222360 1455749 38 36 26  1  0  0
84  0 346328 103464136 2186272 80369132    0    0 146464 75128 220696 1448728 37 37 25  1  0  0
12  0 346328 103420460 2186276 80369016    0    0 145136 76180 217600 1435458 37 38 25  1  0  0
65 11 346328 103394800 2186276 80369180    0    0 172416 86452 227087 1439305 38 37 24  1  0  0
29  0 346328 103411072 2186276 80369208    0    0 161120 82588 225760 1444199 36 38 25  1  0  0
142  0 346328 103371772 2186276 80369228    0    0 153264 78176 221398 1444492 39 36 25  1  0  0
137  4 346328 103406512 2186276 80369304    0    0 149232 75212 216346 1440175 37 37 25  1  0  0
51  2 346328 103428772 2186276 80369288    0    0 144528 74788 218767 1444561 35 39 25  1  0  0
111  9 346328 103432668 2186284 80369300    0    0 159760 122188 225446 1454176 37 38 25  1  0  0
57  1 346328 103360280 2186284 80369316    0    0 170144 87184 225332 1445235 38 38 24  1  0  0
109  7 346328 103388712 2186284 80369340    0    0 162096 80924 225087 1443333 37 39 24  1  0  0
80  0 346328 103385496 2186284 80369368    0    0 151232 77296 222123 1447273 37 38 25  0  0  0
127  0 346328 103392036 2186284 80369384    0    0 148624 76036 220464 1440909 36 39 25  1  0  0
procs -----------memory---------- ---swap-- -----io---- -system-- -------cpu-------
 r  b   swpd   free   buff  cache   si   so    bi    bo   in   cs us sy id wa st gu
54  2 346328 103399856 2186288 80369404    0    0 144288 74592 217172 1446893 37 37 25  1  0  0
52  3 346328 103380980 2186288 80369424    0    0 156768 81152 223212 1453872 37 38 25  1  0  0
68  1 346328 103387916 2186288 80369204    0    0 170624 87524 223501 1442896 37 38 24  1  0  0
10  0 346328 103419848 2186288 80369472    0    0 163072 82272 225537 1449695 37 38 24  1  0  0
166  0 346328 103398208 2186288 80369488    0    0 154016 78536 223047 1447022 36 38 25  1  0  0
27  0 346328 103400144 2186288 80369512    0    0 151360 77404 220421 1441949 37 37 25  1  0  0
39  0 346328 103401816 2186288 80369532    0    0 141584 77800 215825 1440900 37 36 26  1  0  0
74  0 346328 103404416 2186288 80369556    0    0 170544 118552 229987 1459750 37 39 24  1  0  0
27  0 346328 103407704 2186288 80369572    0    0 169008 84544 229886 1458540 37 38 24  1  0  0
46  0 346328 103406932 2186288 80369580    0    0 163376 82100 224099 1449984 37 38 25  1  0  0
79  0 346328 103389156 2186292 80369600    0    0 155440 79300 222734 1449892 37 38 25  1  0  0
86  5 346328 103363464 2186292 80369624    0    0 148512 75308 216357 1438431 38 37 25  1  0  0
74  7 346328 103388392 2186292 80369656    0    0 152304 78068 216442 1437562 37 37 25  1  0  0
73  0 346328 103394052 2186292 80369672    0    0 145120 90144 216325 1443056 37 37 26  1  0  0
 8  1 346328 103411136 2186292 80369688    0    0 208800 108776 232975 1468209 38 37 25  1  0  0
61  0 346328 103422704 2186292 80369704    0    0 242432 121616 243556 1481034 40 34 25  1  0  0
83  5 346328 103420196 2186292 80369720    0    0 252752 164120 235275 1461421 40 35 24  1  0  0
33  0 346328 103404768 2186292 80369744    0    0 194432 97420 226072 1455004 38 35 26  1  0  0
 7  0 346328 103384328 2186292 80369764    0    0 154048 77828 221301 1445155 37 37 26  1  0  0
147  3 346328 103374620 2186292 80369780    0    0 144224 73452 219469 1437086 36 39 25  1  0  0
45  2 346328 103392880 2186292 80369804    0    0 145056 73808 218222 1439990 36 38 26  1  0  0
procs -----------memory---------- ---swap-- -----io---- -system-- -------cpu-------
 r  b   swpd   free   buff  cache   si   so    bi    bo   in   cs us sy id wa st gu
13  0 346328 103401464 2186292 80369824    0    0 166224 87028 229674 1455950 38 37 25  1  0  0
63  0 346328 103413672 2186292 80369836    0    0 168944 83432 227953 1448314 37 38 24  1  0  0
93  0 346328 103400544 2186292 80369852    0    0 155952 78156 226519 1441519 37 38 25  1  0  0
75  5 346328 103428048 2186292 80369872    0    0 151376 76952 224243 1443886 37 38 25  1  0  0
47  1 346328 103425232 2186296 80369584    0    0 150304 75800 223404 1442444 36 38 25  1  0  0
98  4 346328 103420904 2186296 80369608    0    0 146768 74192 219128 1442235 36 38 26  1  0  0
105  1 346328 103426752 2186296 80369628    0    0 157712 120552 226261 1445077 38 37 25  1  0  0
15  5 346328 103434764 2186296 80369648    0    0 172688 86020 232823 1457660 37 38 24  1  0  0
20  1 346328 103428048 2186296 80369656    0    0 165136 83796 227037 1448345 37 38 24  1  0  0
 8  0 346328 103392472 2186296 80369680    0    0 161552 83724 230720 1452970 37 38 24  1  0  0
60  3 346328 103330676 2186296 80370016    0    0 151648 77232 229804 1448032 39 36 25  1  0  0
38  0 346328 103368860 2186296 80370032    0    0 148368 74424 224196 1450607 36 38 26  1  0  0
94  0 346328 103336724 2186296 80370052    0    0 143168 74476 222671 1452717 37 38 25  1  0  0
64  1 346328 103366808 2186296 80370408    0    0 151040 79648 217315 1436468 37 38 25  1  0  0
67  3 346328 103389016 2186296 80370092    0    0 168368 84384 228182 1464057 37 38 25  1  0  0
20  0 346328 103385924 2186296 80370104    0    0 158560 78344 224537 1445251 36 39 25  1  0  0
30  0 346328 103342456 2186296 80370128    0    0 154576 78688 220143 1436617 37 38 24  1  0  0
114 10 346328 103377644 2186296 80370172    0    0 150960 76816 221061 1438239 36 39 25  1  0  0
35  1 346328 103374392 2186296 80370188    0    0 196912 140468 226476 1454601 39 35 25  1  0  0
100  2 346328 103370620 2186300 80370208    0    0 271680 133264 237651 1459948 41 34 24  1  0  0
59  1 346328 103397352 2186300 80370232    0    0 257280 130792 236114 1455765 40 34 25  1  0  0
procs -----------memory---------- ---swap-- -----io---- -system-- -------cpu-------
 r  b   swpd   free   buff  cache   si   so    bi    bo   in   cs us sy id wa st gu
40  0 346328 103365048 2186300 80370244    0    0 196384 99756 230189 1465022 38 36 25  1  0  0
10  0 346328 103385788 2186300 80370124    0    0 173376 87156 220727 1442307 38 37 25  1  0  0
81  0 346328 103381816 2186300 80370284    0    0 151088 76052 221093 1440438 36 38 25  1  0  0
42  1 346328 103366260 2186300 80370304    0    0 148320 115656 222160 1446964 37 38 25  1  0  0
45  0 346328 103368500 2186300 80370320    0    0 170736 87840 229487 1451273 37 39 24  1  0  0
109  2 346328 103380716 2186300 80370340    0    0 162064 79308 227869 1450249 37 38 24  1  0  0
100  2 346328 103392060 2186300 80370356    0    0 154128 76824 225702 1446716 37 38 25  0  0  0
69  0 346328 103391348 2186300 80370372    0    0 152352 75964 222899 1445738 36 39 25  1  0  0
68  3 346328 103368528 2186308 80370380    0    0 141056 70036 218950 1442469 36 39 25  0  0  0
56 10 346328 103370000 2186308 80370412    0    0 145936 76204 219201 1441442 36 38 25  0  0  0
66  0 346328 103327480 2186308 80370436    0    0 172576 102836 227160 1441166 37 39 23  1  0  0
67  4 346328 103366176 2186308 80370456    0    0 167664 84848 227862 1447349 37 38 24  1  0  0
27  0 346328 103370588 2186308 80370480    0    0 158480 80392 224247 1450984 37 38 25  1  0  0
48  8 346328 103381836 2186308 80370496    0    0 153040 77116 234630 1462184 37 38 25  0  0  0
32  0 346328 103356800 2186308 80370512    0    0 145360 74188 230336 1459145 36 38 25  0  0  0
11  0 346328 103368228 2186308 80370536    0    0 163456 121868 237291 1463843 36 39 24  1  0  0
52  0 346328 103386536 2186308 80370560    0    0 166608 85264 235307 1466990 37 38 25  1  0  0
 9  0 346328 103367848 2186308 80370584    0    0 159040 77604 234970 1464023 36 39 24  1  0  0
10  0 346328 103362028 2186312 80370600    0    0 151584 76064 226705 1457855 37 37 26  1  0  0
51  4 346328 103368448 2186312 80370624    0    0 144720 74616 219029 1447025 36 38 25  1  0  0
34  0 346328 103377240 2186312 80370640    0    0 143392 72812 219136 1450419 36 38 25  1  0  0
procs -----------memory---------- ---swap-- -----io---- -system-- -------cpu-------
 r  b   swpd   free   buff  cache   si   so    bi    bo   in   cs us sy id wa st gu
152  5 346328 103382016 2186312 80370652    0    0 153808 80192 220435 1449408 37 38 25  1  0  0
57  2 346328 103364800 2186312 80370668    0    0 169472 85060 229772 1449583 36 39 24  1  0  0
48  6 346328 103396820 2186312 80370688    0    0 161696 80408 225820 1444417 37 39 24  1  0  0
122  0 346328 103405736 2186312 80370400    0    0 152688 78024 222330 1446210 37 38 25  1  0  0
63  1 346328 103400100 2186312 80370428    0    0 147232 73548 220869 1439363 36 39 25  0  0  0
86  3 346328 103407256 2186312 80370444    0    0 144240 72796 222515 1445742 37 38 25  1  0  0
102  0 346328 103412096 2186312 80370456    0    0 160944 121092 227904 1453420 37 38 25  1  0  0
15  1 346328 103403644 2186312 80370472    0    0 166880 85736 229524 1443486 37 38 24  1  0  0
57  0 346328 103355888 2186312 80370704    0    0 158496 80320 221794 1434639 38 36 25  1  0  0
65  1 346328 103316912 2186312 80370884    0    0 154432 78044 222762 1431654 38 37 24  1  0  0
40  0 346328 103353164 2186312 80370900    0    0 156048 79592 230796 1458425 37 37 25  1  0  0
87  7 346328 103372560 2186312 80370916    0    0 178304 89884 231357 1458365 38 36 26  1  0  0
43  3 346328 103361240 2186320 80370852    0    0 239120 123976 236797 1464058 41 33 25  1  0  0
19  0 346328 103374608 2186320 80370988    0    0 212400 107104 229365 1456926 39 36 25  1  0  0
39  0 346328 103362812 2186320 80371012    0    0 161440 82204 218558 1424130 37 38 25  1  0  0
95  0 346328 103336948 2186320 80371032    0    0 152368 74752 218612 1442840 37 37 25  1  0  0
130  0 346328 103340464 2186320 80371100    0    0 168208 128176 225497 1441558 38 38 24  1  0  0
42  0 346328 103349940 2186324 80371108    0    0 169136 83224 225321 1453847 36 38 25  1  0  0
 8  0 346328 103352616 2186324 80371148    0    0 160304 79684 224407 1449261 38 38 24  1  0  0
54 11 346328 103365872 2186324 80371156    0    0 158080 77140 225641 1453890 36 39 25  1  0  0
105  2 346328 103365404 2186324 80371164    0    0 159744 82880 222324 1445158 36 38 25  1  0  0
procs -----------memory---------- ---swap-- -----io---- -system-- -------cpu-------
 r  b   swpd   free   buff  cache   si   so    bi    bo   in   cs us sy id wa st gu
49  4 346328 103298700 2186324 80371184    0    0 151936 76252 224347 1437670 38 37 24  1  0  0
91  0 346328 103337868 2186332 80371208    0    0 143648 72580 214268 1433621 37 37 25  1  0  0
70  6 346328 103344336 2186332 80371228    0    0 144240 77184 217111 1438894 36 38 26  1  0  0
59  0 346328 103352208 2186332 80371256    0    0 166784 84492 230022 1454026 37 38 24  1  0  0
44  4 346328 103364736 2186332 80371272    0    0 165216 82784 234930 1464992 37 38 25  1  0  0
 8  0 346328 103368232 2186332 80371292    0    0 159152 82648 236606 1473248 37 38 24  1  0  0
111  1 346328 103343996 2186332 80371304    0    0 153424 83728 231856 1460779 37 38 25  1  0  0
129  0 346328 103350520 2186332 80371324    0    0 174944 121932 239881 1464678 37 38 24  1  0  0
52  0 346328 103353588 2186332 80371352    0    0 161328 80752 228368 1448346 37 39 24  1  0  0
118  6 346328 103352760 2186332 80371368    0    0 156432 79988 223845 1441486 36 38 25  1  0  0
147  0 346328 103298244 2186332 80371388    0    0 151568 75444 220947 1437177 37 38 25  1  0  0
50  0 346328 103341880 2186332 80371420    0    0 144320 73760 217743 1438250 36 38 25  1  0  0
104  2 346328 103354900 2186332 80371436    0    0 149856 73608 218235 1441623 36 38 25  1  0  0
75  4 346328 103371964 2186332 80371456    0    0 188816 98540 229967 1459515 37 37 25  1  0  0
93  4 346328 103363448 2186332 80371468    0    0 172208 84016 228017 1452014 37 38 24  1  0  0
57  8 346328 103347560 2186332 80371488    0    0 160752 81148 224639 1445366 37 38 25  1  0  0
54  0 346328 103345216 2186332 80371512    0    0 160016 82336 224267 1441071 37 38 25  1  0  0
27  0 346328 103342868 2186332 80371528    0    0 151760 94952 221039 1434546 36 38 25  1  0  0
47  2 346328 103361800 2186332 80371548    0    0 161856 122328 237586 1468363 37 38 25  1  0  0
61 12 346328 103358244 2186332 80371560    0    0 170656 86428 239518 1470952 37 38 24  1  0  0
30  4 346328 103351744 2186332 80371576    0    0 164480 83644 236363 1458595 37 37 25  1  0  0
procs -----------memory---------- ---swap-- -----io---- -system-- -------cpu-------
 r  b   swpd   free   buff  cache   si   so    bi    bo   in   cs us sy id wa st gu
48  2 346328 103346572 2186332 80371600    0    0 155344 79680 234021 1456236 36 39 25  1  0  0
65  0 346328 103345964 2186332 80371624    0    0 158464 80136 226103 1450673 37 37 25  1  0  0
128  0 346328 103341036 2186332 80371632    0    0 155632 78104 221112 1446422 37 38 25  1  0  0
47  6 346328 103386044 2186332 80371656    0    0 150752 76348 221620 1443440 36 38 25  1  0  0
23  0 346328 103407992 2186332 80371364    0    0 149264 74464 218921 1447172 37 37 25  1  0  0
31  0 346328 103393100 2186336 80371372    0    0 192128 99452 227942 1464640 37 37 25  1  0  0
27  0 346328 103383792 2186336 80371396    0    0 206384 102776 229093 1463959 38 36 25  1  0  0
33  0 346328 103390872 2186336 80371412    0    0 238512 157524 232510 1461903 39 35 25  1  0  0
28  6 346328 103390084 2186336 80371436    0    0 244096 122304 232469 1467702 40 34 25  1  0  0
106  7 346328 103321716 2186336 80371760    0    0 184448 91668 222633 1444031 39 35 25  1  0  0
87  7 346328 103293468 2186340 80371936    0    0 169664 84896 213528 1415305 38 36 25  1  0  0
50  1 346328 103308128 2186340 80371916    0    0 153776 83300 215918 1404792 36 39 25  0  0  0
61  3 346328 103315540 2186340 80371936    0    0 174016 87768 223185 1441556 39 37 24  1  0  0
72  0 346328 103334668 2186340 80371960    0    0 157328 79244 222726 1448360 37 38 25  1  0  0
16  0 346328 103344592 2186340 80371980    0    0 159568 81236 222486 1442487 37 38 25  1  0  0
103  0 346328 103296596 2186356 80372268    0    0 146384 72588 217154 1429784 38 37 25  1  0  0
13  0 346328 103323136 2186356 80372028    0    0 146320 77236 217784 1437818 37 37 25  1  0  0
99  0 346328 103344944 2186356 80372048    0    0 158848 117508 225892 1446827 37 38 25  1  0  0
58  0 346328 103349912 2186356 80372064    0    0 171152 85752 229980 1459721 36 39 24  1  0  0
131  0 346328 103332680 2186356 80372080    0    0 161920 81480 224516 1447784 36 39 24  1  0  0
29  0 346328 103306848 2186356 80372108    0    0 160384 82972 225049 1442224 37 37 25  1  0  0
procs -----------memory---------- ---swap-- -----io---- -system-- -------cpu-------
 r  b   swpd   free   buff  cache   si   so    bi    bo   in   cs us sy id wa st gu
 3  0 346328 103321776 2186356 80372272    0    0 145984 73600 227280 1461771 37 38 25  1  0  0
16  3 346328 103315988 2186356 80372288    0    0 142368 71948 225935 1456128 36 38 26  1  0  0
35  1 346328 103325576 2186356 80372312    0    0 140896 75660 227426 1463219 37 37 26  1  0  0
149  0 346328 103342168 2186356 80372336    0    0 172928 87328 239847 1473978 36 39 24  1  0  0
47  3 346328 103344576 2186356 80372344    0    0 166976 84768 233638 1460793 37 38 25  1  0  0
126  0 346328 103343436 2186356 80372360    0    0 146416 74904 221464 1444549 37 37 25  1  0  0
97  0 346328 103325532 2186356 80372376    0    0 146736 81636 218915 1440446 37 38 25  1  0  0
115  1 346328 103315988 2186356 80372400    0    0 174912 122332 232999 1458041 38 38 24  1  0  0
47  0 346328 103310228 2186356 80372428    0    0 162912 79284 224069 1433064 38 38 24  1  0  0
25  1 346328 103343704 2186356 80372416    0    0 156192 78420 222783 1443342 37 38 25  1  0  0
 8  0 346328 103348784 2186356 80372436    0    0 147536 73708 222794 1447578 36 39 25  0  0  0
58  1 346328 103327552 2186356 80372444    0    0 144144 71832 220271 1439111 36 39 25  1  0  0
71  4 346328 103328548 2186356 80372468    0    0 158896 83324 224835 1442564 37 38 24  1  0  0
89  0 346328 103306572 2186356 80372488    0    0 173680 87868 228416 1449590 37 38 24  1  0  0
51  0 346328 103337384 2186356 80372504    0    0 161312 83244 226457 1444285 37 38 24  1  0  0
154  0 346328 103338652 2186356 80372524    0    0 154592 78928 224745 1438446 37 38 25  1  0  0
100  0 346328 103339848 2186356 80372548    0    0 145952 73400 223295 1444878 36 38 26  1  0  0
130  0 346328 103340844 2186356 80372560    0    0 142192 72140 229542 1463401 37 38 25  1  0  0
84  0 346328 103323068 2186356 80372576    0    0 164208 138900 238955 1469452 38 37 24  1  0  0
16  0 346328 103339984 2186360 80372592    0    0 169776 84480 228804 1447924 37 38 24  1  0  0
45  3 346328 103320168 2186360 80372612    0    0 161440 81888 225717 1442180 36 38 25  1  0  0
procs -----------memory---------- ---swap-- -----io---- -system-- -------cpu-------
 r  b   swpd   free   buff  cache   si   so    bi    bo   in   cs us sy id wa st gu
26  0 346328 103365252 2186360 80372496    0    0 159968 83736 222920 1442155 37 38 25  1  0  0
121  0 346328 103373816 2186360 80372344    0    0 147344 75340 221777 1439157 36 38 25  1  0  0
36  3 346328 103380624 2186360 80372372    0    0 146640 74848 221384 1441806 37 38 25  1  0  0
93  0 346328 103373952 2186360 80372380    0    0 140480 73644 219528 1445529 37 37 25  0  0  0
13  4 346328 103376196 2186360 80372392    0    0 172224 85244 230399 1451300 38 37 24  1  0  0
71  5 346328 103379824 2186360 80372416    0    0 166368 84932 229565 1452800 36 39 24  1  0  0
37  0 346328 103367332 2186360 80372432    0    0 164240 84444 225745 1446188 38 37 25  1  0  0
122  2 346328 103363720 2186360 80372456    0    0 159008 79420 224355 1443127 37 38 25  1  0  0
52  0 346328 103362292 2186360 80372476    0    0 146416 75272 231823 1456098 36 39 25  0  0  0
32  0 346328 103370308 2186360 80372496    0    0 164208 124996 240441 1471854 37 39 24  1  0  0
40  2 346328 103377940 2186360 80372508    0    0 167056 83756 237879 1467612 37 37 25  1  0  0
143  0 346328 103357848 2186360 80372528    0    0 157664 80920 235305 1465511 37 38 25  1  0  0
70  0 346328 103362984 2186360 80372552    0    0 155120 77028 233677 1458489 36 38 25  1  0  0
65  1 346328 103365204 2186360 80372568    0    0 155264 80388 232947 1452877 38 37 25  1  0  0
108  0 346328 103359504 2186360 80372588    0    0 146032 74108 223660 1449554 37 37 26  1  0  0
78  1 346328 103367608 2186360 80372608    0    0 144448 72608 218001 1440291 37 37 26  1  0  0
72  0 346328 103388752 2186360 80372628    0    0 160720 84424 228888 1461064 36 38 25  1  0  0
12  0 346328 103387848 2186360 80372636    0    0 167808 84800 228979 1456463 37 39 24  1  0  0
81  0 346328 103380460 2186360 80372660    0    0 160768 81168 225822 1447098 37 39 24  1  0  0
22  0 346328 103355692 2186360 80372680    0    0 155184 77172 223784 1443461 36 38 25  1  0  0
75  4 346328 103348848 2186360 80372696    0    0 151776 77520 222253 1445416 37 38 25  1  0  0
procs -----------memory---------- ---swap-- -----io---- -system-- -------cpu-------
 r  b   swpd   free   buff  cache   si   so    bi    bo   in   cs us sy id wa st gu
48  0 346328 103367752 2186360 80372712    0    0 160112 119748 224329 1446261 37 37 25  1  0  0
79  7 346328 103374824 2186360 80372732    0    0 172688 85764 229964 1459353 37 39 24  1  0  0
97  1 346328 103384196 2186360 80372748    0    0 165728 85580 233867 1464281 36 39 24  1  0  0
93  0 346328 103371716 2186360 80372764    0    0 175008 87380 236954 1466780 38 38 24  1  0  0
40  1 346328 103375376 2186360 80372784    0    0 186880 94300 234153 1463392 39 35 25  1  0  0
57  2 346328 103369804 2186360 80372800    0    0 244144 127916 241294 1475616 40 34 25  1  0  0
79  3 346328 103374912 2186360 80372824    0    0 243728 121640 234089 1463420 40 34 25  1  0  0
15  0 346328 103362496 2186360 80372848    0    0 199488 105716 222762 1421253 38 36 26  1  0  0
80  5 346328 103376056 2186364 80372864    0    0 201440 134092 235084 1466787 39 36 25  1  0  0
39  1 346328 103371156 2186364 80372880    0    0 175120 89080 231439 1461667 37 38 24  1  0  0
73  1 346328 103351600 2186364 80372892    0    0 160736 78816 225243 1443676 37 37 25  1  0  0
65  0 346328 103355820 2186364 80372916    0    0 151744 78012 222912 1439053 37 37 25  1  0  0
124  2 346328 103324676 2186364 80372944    0    0 150544 75484 220927 1440698 36 38 25  1  0  0
42  1 346328 103303760 2186364 80372960    0    0 137024 69652 219469 1441546 36 38 25  1  0  0
89  2 346328 103289596 2186364 80372980    0    0 159984 82972 228632 1444700 36 38 25  1  0  0
40  0 346328 103289016 2186364 80372996    0    0 165168 80180 231513 1453733 37 38 25  1  0  0
45  1 346328 103271216 2186364 80373004    0    0 162464 83132 229401 1449477 37 37 25  1  0  0
52  6 346328 103264768 2186364 80373028    0    0 157984 98084 228445 1442502 36 38 25  1  0  0
101  7 346328 103240752 2186368 80373040    0    0 153360 78796 225280 1440627 36 39 25  1  0  0
108  2 346328 103249968 2186368 80373064    0    0 153808 116504 228934 1446564 36 39 25  1  0  0
90  4 346328 103270088 2186368 80373080    0    0 173088 88952 228528 1453783 37 39 24  1  0  0
procs -----------memory---------- ---swap-- -----io---- -system-- -------cpu-------
 r  b   swpd   free   buff  cache   si   so    bi    bo   in   cs us sy id wa st gu
24  2 346328 103265180 2186368 80373100    0    0 170128 85612 228047 1448903 37 37 25  1  0  0
77  0 346328 103284844 2186368 80373124    0    0 158880 81712 228058 1449389 36 39 24  1  0  0
79  0 346328 103253896 2186372 80373132    0    0 149232 74512 221751 1441366 36 38 25  1  0  0
112  0 346328 103269448 2186372 80373156    0    0 146224 73852 219692 1443747 36 37 26  1  0  0
50  4 346328 103277068 2186372 80373172    0    0 154144 78732 223054 1446287 37 38 25  1  0  0
15  0 346328 103283560 2186372 80373192    0    0 169856 84240 229812 1449104 38 38 24  1  0  0
23  0 346328 103265596 2186372 80373224    0    0 157456 80956 227144 1444316 37 38 25  1  0  0
165  0 346328 103270384 2186372 80373236    0    0 153024 76360 225220 1442579 36 38 25  0  0  0
58  0 346328 103281532 2186372 80373248    0    0 145664 74232 224279 1450766 37 38 25  0  0  0
60  0 346328 103295916 2186372 80373276    0    0 148256 73576 220530 1441445 37 37 25  1  0  0
97  0 346328 103290668 2186372 80373276    0    0 172192 126188 231333 1456439 37 38 24  1  0  0
179  0 346328 103291272 2186372 80373304    0    0 171088 86228 230331 1453080 38 38 24  1  0  0
133  2 346328 103304688 2186372 80373316    0    0 161680 81744 226830 1447128 37 38 25  1  0  0
80  7 346328 103304124 2186372 80373332    0    0 157312 80392 226046 1442774 37 38 24  1  0  0
78  5 346328 103306636 2186372 80373352    0    0 151216 77792 226134 1444561 37 37 25  1  0  0
48  0 346328 103286556 2186372 80373364    0    0 146048 75512 222682 1445305 38 37 25  1  0  0
156  7 346328 103290972 2186372 80373384    0    0 145328 74460 218688 1437122 35 38 26  1  0  0
98  0 346328 103291968 2186372 80373404    0    0 145216 77236 219517 1442117 37 37 25  1  0  0
22  3 346328 103292888 2186376 80373420    0    0 169968 83648 229001 1446448 38 37 24  1  0  0
43  0 346328 103296504 2186376 80373444    0    0 160544 82152 226228 1445812 37 38 25  1  0  0
125  1 346328 103298584 2186376 80373456    0    0 155936 81084 223780 1441851 37 38 25  1  0  0
procs -----------memory---------- ---swap-- -----io---- -system-- -------cpu-------
 r  b   swpd   free   buff  cache   si   so    bi    bo   in   cs us sy id wa st gu
87  0 346328 103303032 2186376 80373484    0    0 154944 83448 224234 1451414 37 37 25  1  0  0
65  0 346328 103302324 2186376 80373488    0    0 172384 121080 232234 1456552 36 39 24  1  0  0
82  0 346328 103304020 2186376 80373508    0    0 164144 83908 227652 1449319 37 38 25  1  0  0
 7  0 346328 103316332 2186376 80373548    0    0 162368 80880 226733 1445329 37 37 25  1  0  0
66  1 346328 103293380 2186376 80373552    0    0 160320 79668 223599 1449787 37 38 25  1  0  0
26  8 346328 103278268 2186376 80373568    0    0 151056 76644 222103 1442928 36 38 25  1  0  0
53  1 346328 103290996 2186376 80373596    0    0 145856 73872 221786 1440687 36 39 25  1  0  0
23  3 346328 103309380 2186376 80373608    0    0 143552 73508 221054 1446010 36 38 25  1  0  0
 9  0 346328 103317220 2186376 80373604    0    0 156112 83220 224236 1450527 37 38 24  1  0  0
71  3 346328 103302056 2186376 80373628    0    0 168560 85536 228132 1449337 37 38 25  1  0  0
166  2 346328 103287520 2186376 80373640    0    0 159568 79760 232941 1448856 36 39 24  1  0  0
78  0 346328 103290068 2186376 80373660    0    0 151168 78672 221950 1442525 37 37 25  1  0  0
63 11 346328 103317504 2186376 80373684    0    0 148368 85800 222510 1446956 37 37 25  1  0  0
48  1 346328 103321612 2186376 80373700    0    0 172112 117448 233787 1456744 37 38 24  1  0  0
112  9 346328 103326544 2186376 80373720    0    0 164960 81776 230794 1454368 37 38 24  1  0  0
111  0 346328 103308688 2186376 80373736    0    0 152752 77700 227073 1442054 37 39 24  0  0  0
59  5 346328 103302616 2186376 80373760    0    0 152128 75296 223405 1444235 37 38 25  0  0  0
 9  0 346328 103285376 2186376 80373776    0    0 143424 71824 221559 1435752 36 39 25  1  0  0
143  0 346328 103283856 2186376 80373800    0    0 142368 71224 219615 1439890 36 38 26  1  0  0
62  1 346328 103298320 2186376 80373812    0    0 141152 71436 218766 1436140 36 38 26  1  0  0
68 13 346328 103319252 2186376 80373828    0    0 171120 88516 231370 1454995 37 38 24  1  0  0
procs -----------memory---------- ---swap-- -----io---- -system-- -------cpu-------
 r  b   swpd   free   buff  cache   si   so    bi    bo   in   cs us sy id wa st gu
 8  0 346328 103315204 2186376 80373856    0    0 165152 82528 231706 1447222 37 39 24  0  0  0
63  2 346328 103317304 2186376 80373864    0    0 157008 80712 228592 1441483 37 38 25  1  0  0
33  0 346328 103286800 2186376 80373884    0    0 149840 77924 226598 1446276 37 38 25  0  0  0
110  5 346328 103294320 2186376 80373900    0    0 150368 75148 230820 1455527 37 37 25  1  0  0
105  1 346328 103307152 2186376 80373920    0    0 168112 122868 241351 1463266 36 39 24  1  0  0
60  0 346328 103294732 2186376 80373940    0    0 163952 83700 237280 1466088 37 38 25  1  0  0
55  3 346328 103304432 2186380 80373956    0    0 160192 81208 229812 1447717 37 38 24  1  0  0
157  0 346328 103314604 2186380 80373972    0    0 153312 94992 217682 1407572 36 38 25  1  0  0
46  0 346328 103303032 2186380 80373988    0    0 156240 77108 218683 1438601 38 36 26  1  0  0
32  0 346328 103291000 2186380 80374008    0    0 177680 92632 231499 1457334 37 38 24  1  0  0
78  3 346328 103321164 2186380 80374036    0    0 190496 97140 231203 1458952 38 37 25  1  0  0
71  2 346328 103316768 2186384 80374056    0    0 191024 95596 228506 1448832 39 36 25  1  0  0
65  0 346328 103309516 2186384 80374080    0    0 188656 94748 225587 1447990 38 36 25  1  0  0
147  7 346328 103306060 2186384 80374084    0    0 225328 152040 239416 1471175 39 36 24  1  0  0
119  0 346328 103318608 2186384 80374096    0    0 202896 102232 231130 1458028 39 36 25  1  0  0
51  2 346328 103326236 2186384 80374132    0    0 167328 83728 226316 1448665 38 37 25  1  0  0
92  0 346328 103296808 2186384 80374140    0    0 151872 76732 226444 1439749 38 37 25  1  0  0
38  5 346328 103284760 2186384 80374164    0    0 146048 72504 223469 1439768 37 38 25  0  0  0
13  0 346328 103283052 2186384 80374176    0    0 143488 72924 220491 1438415 36 38 25  1  0  0
101  7 346328 103306944 2186384 80374208    0    0 153088 81124 226257 1450763 36 39 25  1  0  0
74  1 346328 103319332 2186384 80374216    0    0 167616 84080 230609 1451608 38 38 24  1  0  0
procs -----------memory---------- ---swap-- -----io---- -system-- -------cpu-------
 r  b   swpd   free   buff  cache   si   so    bi    bo   in   cs us sy id wa st gu
56  0 346328 103310740 2186388 80374236    0    0 158112 80204 228742 1443496 38 38 24  1  0  0
66  2 346328 103296928 2186388 80374260    0    0 152672 76792 224656 1445064 36 38 25  1  0  0
56  0 346328 103295540 2186388 80374276    0    0 146944 74680 221839 1439314 35 39 25  0  0  0
102  0 346328 103294020 2186388 80374300    0    0 149424 115468 226472 1447845 37 38 25  1  0  0
67  7 346328 103294732 2186388 80374320    0    0 173056 87968 229576 1460113 37 39 24  1  0  0
10  0 346328 103311460 2186388 80374340    0    0 163792 83928 233783 1456622 37 39 24  1  0  0
57 10 346328 103291576 2186388 80374360    0    0 158864 80208 237840 1464593 37 38 25  1  0  0
63  0 346328 103298292 2186388 80374376    0    0 147984 79144 226833 1448437 36 38 25  0  0  0
69  1 346328 103299172 2186388 80374388    0    0 151328 76964 222247 1440820 37 37 25  1  0  0
51  2 346328 103301472 2186388 80374412    0    0 144496 74264 219762 1433467 36 38 25  1  0  0
47  0 346328 103318840 2186388 80374428    0    0 147248 75452 220522 1442385 37 37 26  1  0  0
115  0 346328 103315128 2186388 80374456    0    0 167840 86484 229786 1453788 37 38 24  1  0  0
10  0 346328 103313372 2186388 80374476    0    0 161488 81384 233330 1450511 37 39 24  0  0  0
53  1 346328 103300380 2186388 80374480    0    0 155712 77296 225031 1448570 37 38 25  1  0  0
121  0 346328 103311632 2186388 80374500    0    0 152112 77892 224746 1440486 37 38 25  0  0  0
43  7 346328 103306132 2186392 80374512    0    0 153872 115772 227256 1447420 36 38 25  1  0  0
 8  1 346328 103322144 2186392 80374532    0    0 169088 87056 230867 1448694 37 38 24  1  0  0
66  0 346328 103306176 2186392 80374552    0    0 160192 80412 227888 1443218 37 38 24  1  0  0
11  0 346328 103316584 2186392 80374580    0    0 154576 78396 226418 1441928 37 37 25  1  0  0
 7  0 346328 103309188 2186392 80374588    0    0 148592 75708 224579 1445629 36 38 25  1  0  0
43  0 346328 103278024 2186396 80374596    0    0 145984 75108 220116 1436911 37 37 25  1  0  0
procs -----------memory---------- ---swap-- -----io---- -system-- -------cpu-------
 r  b   swpd   free   buff  cache   si   so    bi    bo   in   cs us sy id wa st gu
25  0 346328 103271796 2186396 80374624    0    0 141760 76396 219925 1435660 36 38 25  1  0  0
49  2 346328 103300344 2186396 80374652    0    0 173568 85196 231072 1448970 36 39 24  1  0  0
23  0 346328 103288144 2186396 80374676    0    0 161520 84300 228411 1446551 36 38 25  1  0  0
31  0 346328 103281872 2186396 80374688    0    0 158608 78552 225573 1447604 37 38 25  1  0  0
15  0 346328 103297300 2186404 80374708    0    0 153072 77172 224949 1445348 37 37 25  1  0  0
65  0 346328 103313100 2186404 80374716    0    0 152896 98764 225903 1444787 36 39 25  1  0  0
59  2 346328 103298696 2186404 80374736    0    0 170832 105776 230148 1451876 38 38 24  1  0  0
61  2 346328 103279180 2186404 80374752    0    0 184800 91572 229177 1452087 38 36 25  1  0  0
100  8 346328 103297192 2186404 80374772    0    0 201728 115840 229019 1455331 38 37 25  1  0  0
32  5 346328 103290720 2186404 80374796    0    0 219792 110696 228858 1452971 39 35 25  1  0  0
76  0 346328 103285568 2186404 80374828    0    0 226720 117368 227523 1446257 39 35 25  1  0  0
122  0 346328 103302284 2186404 80374840    0    0 195088 99116 233458 1463879 38 37 25  1  0  0
32  2 346328 103297424 2186404 80374844    0    0 168704 87368 229125 1452944 38 37 24  1  0  0
 7  0 346328 103270712 2186404 80374876    0    0 151200 87460 226005 1444121 37 39 24  0  0  0
92  0 346328 103306972 2186408 80374880    0    0 174176 119772 234576 1452195 37 39 23  1  0  0
153  1 346328 103283828 2186408 80374912    0    0 163952 80256 227217 1448511 36 38 25  1  0  0
88  6 346328 103273952 2186408 80374928    0    0 160784 83856 227501 1448188 37 38 24  1  0  0
29  5 346328 103267356 2186408 80374952    0    0 158320 78344 224744 1443889 36 38 25  1  0  0
109  0 346328 103253476 2186408 80374956    0    0 152160 76640 225522 1448955 37 38 25  1  0  0
36  1 346328 103279720 2186408 80374984    0    0 138256 70420 220054 1442238 36 38 25  0  0  0
58  1 346328 103270276 2186408 80375012    0    0 156352 82680 228370 1453780 36 38 25  1  0  0
procs -----------memory---------- ---swap-- -----io---- -system-- -------cpu-------
 r  b   swpd   free   buff  cache   si   so    bi    bo   in   cs us sy id wa st gu
67  0 346328 103276732 2186408 80375024    0    0 167104 85056 229262 1449816 37 39 24  1  0  0
131  0 346328 103277740 2186408 80375044    0    0 154976 77156 226567 1444229 37 38 25  0  0  0
49  0 346328 103286740 2186408 80375064    0    0 154384 80008 233255 1460986 37 38 25  1  0  0
128  0 346328 103287976 2186408 80375084    0    0 145184 73608 231978 1464029 36 38 25  0  0  0
89  3 346328 103307072 2186412 80375088    0    0 145120 81096 231674 1467983 36 38 25  1  0  0
45  1 346328 103304628 2186412 80375116    0    0 167520 116692 239439 1473366 36 39 24  1  0  0
78  1 346328 103290396 2186412 80375128    0    0 162528 82140 237602 1461526 37 39 24  1  0  0
66  0 346328 103292924 2186412 80375152    0    0 161248 80556 232195 1456948 37 38 25  1  0  0
51  1 346328 103288068 2186412 80375176    0    0 150752 77920 223435 1443506 37 37 25  1  0  0
109  2 346328 103278764 2186416 80375196    0    0 146432 72676 219999 1441969 37 37 25  1  0  0
71  0 346328 103293728 2186416 80375208    0    0 168144 87988 231266 1457259 37 39 24  1  0  0
119  4 346328 103300712 2186416 80375224    0    0 166768 83112 230570 1453054 38 37 24  1  0  0
43  5 346328 103304152 2186416 80375240    0    0 156480 80400 226764 1445997 37 38 25  1  0  0
59  3 346328 103283232 2186416 80375268    0    0 155248 76636 225370 1439691 38 37 25  1  0  0
34  7 346328 103273772 2186420 80375280    0    0 148208 75608 223755 1440624 36 38 25  1  0  0
83  0 346328 103287268 2186420 80375292    0    0 153472 110244 223727 1445892 37 38 25  1  0  0
34  0 346328 103311924 2186420 80375324    0    0 164688 88240 231498 1450274 37 39 24  0  0  0
29  7 346328 103319808 2186420 80375332    0    0 158272 79504 230263 1446541 37 38 25  1  0  0
13  0 346328 103310328 2186420 80375348    0    0 153280 76424 225760 1445752 37 37 25  1  0  0
142  1 346328 103273188 2186424 80375368    0    0 145904 74492 222409 1440748 37 37 25  1  0  0
39  0 346328 103275616 2186424 80375380    0    0 141392 71564 221230 1440191 36 38 25  1  0  0
procs -----------memory---------- ---swap-- -----io---- -system-- -------cpu-------
 r  b   swpd   free   buff  cache   si   so    bi    bo   in   cs us sy id wa st gu
 5  1 346328 103281108 2186424 80375408    0    0 157248 83260 226073 1443601 37 38 25  1  0  0
76  0 346328 103297940 2186424 80375436    0    0 168256 86380 233735 1454174 37 39 24  1  0  0
57  0 346328 103297756 2186424 80375444    0    0 159504 81364 227978 1444697 37 38 25  1  0  0
63  2 346328 103293352 2186428 80375464    0    0 158160 78712 228562 1450158 37 38 25  1  0  0
82  3 346328 103268504 2186428 80375476    0    0 146624 75504 222443 1442446 37 38 25  1  0  0
46  6 346328 103274584 2186428 80375492    0    0 147056 74316 223011 1439254 37 37 25  1  0  0
83  5 346328 103277352 2186428 80375516    0    0 152800 116220 226330 1443392 36 39 25  1  0  0
70  1 346328 103309636 2186428 80375532    0    0 168464 87776 230378 1451018 37 38 25  1  0  0
72  1 346328 103292860 2186428 80375552    0    0 162224 81608 229897 1445711 37 38 25  1  0  0
89  7 346328 103291844 2186428 80375584    0    0 151728 72844 225610 1444354 36 39 25  1  0  0
24  1 346328 103290412 2186428 80375596    0    0 148528 76584 224431 1448285 37 37 25  1  0  0
70  1 346328 103290732 2186428 80375604    0    0 145008 71600 219558 1438328 36 38 26  1  0  0
31  2 346328 103286692 2186428 80375628    0    0 175552 93188 229536 1450567 38 38 24  1  0  0
38  1 346328 103285876 2186428 80375644    0    0 168144 100760 228754 1450962 36 38 25  1  0  0
57  0 346328 103281700 2186428 80375676    0    0 157856 81172 228807 1450189 37 38 25  1  0  0
121  0 346328 103282172 2186428 80375692    0    0 153504 78452 233939 1461770 37 38 25  1  0  0
61  5 346328 103286724 2186428 80375700    0    0 148560 74296 235803 1460154 37 38 25  0  0  0
94  4 346328 103306828 2186428 80375720    0    0 148768 92496 233784 1466542 37 38 25  1  0  0
24  0 346328 103300592 2186428 80375736    0    0 172944 109004 240746 1468370 38 37 24  1  0  0
86  0 346328 103283344 2186428 80375760    0    0 188080 95748 232373 1451218 38 38 24  1  0  0
61  2 346328 103280384 2186428 80375784    0    0 207984 102892 229162 1452710 39 35 25  1  0  0
procs -----------memory---------- ---swap-- -----io---- -system-- -------cpu-------
 r  b   swpd   free   buff  cache   si   so    bi    bo   in   cs us sy id wa st gu
34  7 346328 103282716 2186428 80375808    0    0 287856 144244 240972 1472516 41 34 24  1  0  0
105  4 346328 103292652 2186428 80375824    0    0 300128 206464 269395 1506507 43 31 24  1  0  0
12  0 346328 103311236 2186432 80375844    0    0 191312 97184 233529 1467582 38 36 25  1  0  0
28  1 346328 103305452 2186432 80375856    0    0 152576 75244 225511 1441969 37 38 25  1  0  0
130  0 346328 103274540 2186432 80375868    0    0 144352 73228 223209 1438122 36 38 25  0  0  0
54  4 346328 103270100 2186432 80375896    0    0 141888 70992 218255 1439901 37 37 25  1  0  0
90  1 346328 103284576 2186432 80375900    0    0 166304 86676 230242 1451107 37 38 24  1  0  0
26  0 346328 103280036 2186436 80375928    0    0 161872 83548 226338 1447189 37 38 25  1  0  0
71  2 346328 103260860 2186436 80375948    0    0 157360 76364 228064 1445952 36 39 24  1  0  0
39  2 346328 103262532 2186436 80375964    0    0 154640 76860 225560 1446917 36 39 25  1  0  0
40  3 346328 103274432 2186436 80375984    0    0 142096 71480 220633 1446283 37 37 25  1  0  0
33  1 346328 103270360 2186436 80375992    0    0 138496 70976 219517 1439585 36 38 25  0  0  0
38  0 346328 103274136 2186436 80376016    0    0 150624 116564 226117 1447540 37 38 25  1  0  0
100  3 346328 103284424 2186436 80376040    0    0 169200 85228 237876 1463915 36 39 24  1  0  0
46  1 346328 103277464 2186436 80376052    0    0 160768 81084 238569 1463139 37 38 24  1  0  0
97  4 346328 103293688 2186436 80376072    0    0 153424 76580 234780 1460457 37 38 25  1  0  0
89  1 346328 103293684 2186436 80376092    0    0 148720 75292 234626 1457640 37 38 25  0  0  0
59  1 346328 103291916 2186440 80376100    0    0 139040 70104 230479 1457369 37 38 25  0  0  0
40  1 346328 103281276 2186440 80376136    0    0 143840 73416 229035 1459689 37 38 25  1  0  0
32  0 346328 103285532 2186440 80376152    0    0 174080 92124 240132 1470924 37 39 24  1  0  0
138  0 346328 103285320 2186440 80376168    0    0 166896 82400 238502 1459796 37 38 24  1  0  0
procs -----------memory---------- ---swap-- -----io---- -system-- -------cpu-------
 r  b   swpd   free   buff  cache   si   so    bi    bo   in   cs us sy id wa st gu
99  0 346328 103275840 2186440 80376180    0    0 160960 81712 233712 1451741 37 38 24  1  0  0
64  1 346328 103280116 2186444 80376196    0    0 157040 78888 227525 1446059 36 39 24  1  0  0
30  7 346328 103295740 2186444 80376216    0    0 149072 75368 225388 1442876 36 38 25  1  0  0
15  0 346328 103294844 2186444 80376240    0    0 165584 122308 229590 1445658 36 38 25  1  0  0
59  0 346328 103294444 2186444 80376264    0    0 166784 83168 231771 1448323 37 38 24  1  0  0
162  0 346328 103298588 2186444 80376276    0    0 158496 77076 228960 1439288 37 38 24  1  0  0
73  0 346328 103279128 2186448 80376304    0    0 162240 79948 226924 1448857 38 37 25  1  0  0
104  0 346328 103267616 2186448 80376324    0    0 163728 85260 224719 1445571 37 37 25  1  0  0
57  8 346328 103278524 2186448 80376332    0    0 158448 76628 223191 1451666 37 36 26  1  0  0
86  0 346328 103283408 2186448 80376348    0    0 186832 99696 226421 1455846 38 36 25  1  0  0
68 13 346328 103276068 2186448 80376376    0    0 236176 116276 234528 1459510 40 35 25  1  0  0
66  0 346328 103290348 2186452 80376384    0    0 194384 114584 227596 1450248 37 37 25  1  0  0
40  0 346328 103269684 2186452 80376408    0    0 189104 134336 232348 1457640 37 37 25  1  0  0
93  5 346328 103272528 2186452 80376448    0    0 194656 97916 233236 1457913 38 37 24  1  0  0
25  0 346328 103272456 2186452 80376472    0    0 170816 87420 228387 1447848 37 38 25  1  0  0
63  1 346328 103305756 2186452 80376484    0    0 150128 75812 226472 1449783 37 37 25  1  0  0
39  1 346328 103292408 2186452 80376496    0    0 142768 70532 220538 1438964 36 38 25  1  0  0
59  1 346328 103275436 2186452 80376516    0    0 138992 75808 218712 1439528 37 37 26  0  0  0
50  0 346328 103269432 2186452 80376540    0    0 175232 85784 232002 1454101 37 38 24  1  0  0
37  0 346328 103271160 2186452 80376552    0    0 173808 87784 230088 1449347 36 39 24  1  0  0
14  0 346328 103275232 2186452 80376560    0    0 163168 81656 227776 1446624 37 38 25  1  0  0
procs -----------memory---------- ---swap-- -----io---- -system-- -------cpu-------
 r  b   swpd   free   buff  cache   si   so    bi    bo   in   cs us sy id wa st gu
18  1 346328 103272908 2186456 80376584    0    0 154336 77392 225235 1446400 37 37 25  1  0  0
81  0 346328 103272464 2186456 80376592    0    0 147328 72664 224317 1443076 37 38 25  0  0  0
84  8 346328 103286164 2186456 80376616    0    0 171920 125192 231598 1448686 37 38 24  1  0  0
102  1 346328 103282992 2186456 80376636    0    0 165328 82888 228086 1445641 37 38 25  1  0  0
33  1 346328 103267260 2186456 80376656    0    0 154592 75296 226763 1441913 37 38 24  1  0  0
70  0 346328 103261480 2186456 80376672    0    0 153328 77880 222944 1441589 36 39 24  1  0  0
83  3 346328 103261216 2186456 80376700    0    0 148480 73876 220013 1447753 37 37 26  1  0  0
 3  0 346328 103274668 2186456 80376720    0    0 151728 79740 221733 1450028 37 37 25  1  0  0
37  0 346328 103276876 2186456 80376732    0    0 187744 94548 232304 1466679 38 37 25  1  0  0
73  2 346328 103282584 2186456 80376756    0    0 182416 90896 227255 1429273 37 38 24  1  0  0
56  3 346328 103272084 2186456 80376772    0    0 159376 79136 224288 1442355 37 38 25  1  0  0
89  5 346328 103264580 2186460 80376796    0    0 157408 80260 221553 1446186 37 37 25  1  0  0
57  7 346328 103274280 2186460 80376820    0    0 166384 120524 228545 1456910 37 38 25  1  0  0
46  0 346328 103281312 2186460 80376832    0    0 174752 88804 231147 1447542 37 39 23  1  0  0
82  0 346328 103308384 2186460 80376848    0    0 168128 81804 230622 1457683 37 38 24  1  0  0
62  3 346328 103280504 2186460 80376860    0    0 157072 80044 225933 1449261 37 38 25  1  0  0
76  0 346328 103267856 2186460 80376872    0    0 154400 75448 223434 1446409 37 37 25  1  0  0
60  1 346328 103256292 2186460 80376896    0    0 145632 72448 220931 1442220 37 37 25  1  0  0
92  0 346328 103250000 2186460 80376924    0    0 141808 73060 221568 1442258 36 38 25  0  0  0
41  8 346328 103266300 2186460 80376932    0    0 140848 70452 220041 1440739 36 38 25  1  0  0
56 13 346328 103277544 2186460 80376952    0    0 175408 88508 231367 1458159 37 38 24  1  0  0
procs -----------memory---------- ---swap-- -----io---- -system-- -------cpu-------
 r  b   swpd   free   buff  cache   si   so    bi    bo   in   cs us sy id wa st gu
72  0 346328 103296916 2186464 80376976    0    0 170704 86524 232290 1457749 37 38 24  1  0  0
62  8 346328 103285240 2186464 80376988    0    0 161136 81968 227746 1443751 37 39 24  1  0  0
25  0 346328 103271700 2186464 80377012    0    0 165568 82704 226079 1448252 38 36 25  1  0  0
86  6 346328 103290528 2186464 80377036    0    0 194944 122400 233743 1466265 38 37 24  1  0  0
139  8 346328 103279424 2186464 80377048    0    0 203456 102880 237357 1465928 37 38 24  1  0  0
98  0 346328 103280092 2186464 80377076    0    0 196448 100296 234565 1466255 38 37 24  1  0  0
52  1 346328 103287580 2186464 80377092    0    0 180672 100968 235061 1463653 37 39 24  1  0  0
78  0 346328 103293016 2186464 80377104    0    0 168848 84716 231364 1452428 37 38 24  1  0  0
145  0 346328 103279528 2186464 80377128    0    0 160624 82660 227759 1442177 36 39 24  1  0  0
45  5 346328 103283896 2186464 80377136    0    0 157168 78776 225694 1444567 37 38 25  1  0  0
132  0 346328 103254720 2186468 80377164    0    0 150864 76948 224225 1442619 37 38 25  1  0  0
116  0 346328 103256948 2186468 80377180    0    0 142320 70928 220756 1441277 36 38 26  1  0  0
28  0 346328 103266408 2186468 80377208    0    0 143600 72796 219646 1438543 37 37 26  1  0  0
40  1 346328 103290992 2186468 80377220    0    0 170768 87952 232820 1454602 37 38 24  1  0  0
93  3 346328 103284856 2186468 80377236    0    0 168960 84716 230741 1450280 37 38 24  1  0  0
25  1 346328 103276112 2186468 80377256    0    0 156320 77572 227909 1443859 37 38 25  1  0  0
75  4 346328 103265664 2186468 80377272    0    0 166560 84292 225450 1440951 37 38 25  1  0  0
25  4 346328 103278620 2186468 80377288    0    0 321616 200808 257710 1481625 42 33 24  1  0  0
61  1 346328 103276412 2186468 80377316    0    0 316592 182232 275037 1506176 44 31 24  1  0  0
82  0 346328 103265528 2186468 80377336    0    0 193856 93524 229603 1456695 39 35 25  1  0  0
68  0 346328 103278400 2186472 80377332    0    0 165824 121976 231614 1457151 37 38 24  1  0  0
procs -----------memory---------- ---swap-- -----io---- -system-- -------cpu-------
 r  b   swpd   free   buff  cache   si   so    bi    bo   in   cs us sy id wa st gu
69  0 346328 103266308 2186472 80377360    0    0 179056 91948 230075 1455103 38 38 24  1  0  0
101  0 346328 103254320 2186472 80377392    0    0 165920 84400 229231 1448860 38 37 24  1  0  0
67  2 346328 103261576 2186472 80377408    0    0 159984 80204 226172 1442142 37 38 25  1  0  0
55  5 346328 103267964 2186472 80377428    0    0 148544 89772 223950 1442780 38 37 25  0  0  0
64  2 346328 103259396 2186472 80377440    0    0 142928 69852 220864 1438056 37 38 25  1  0  0
17  0 346328 103264156 2186472 80377456    0    0 162720 87184 229828 1448703 37 39 24  1  0  0
91  0 346328 103274632 2186472 80377476    0    0 167776 82488 232760 1455663 38 38 24  1  0  0
46  0 346328 103273024 2186472 80377488    0    0 158176 78384 226994 1443492 37 38 25  1  0  0
77  0 346328 103278408 2186472 80377508    0    0 152544 77080 223107 1437011 37 38 25  1  0  0
94  2 346328 103263068 2186472 80377536    0    0 146576 73348 219779 1426250 36 39 25  1  0  0
93  1 346328 103233440 2186472 80377540    0    0 147824 82872 221356 1435751 36 38 25  1  0  0
57  2 346328 103259600 2186472 80377568    0    0 169488 117148 232854 1452254 38 38 24  1  0  0
73  1 346328 103278672 2186472 80377592    0    0 165728 82768 230575 1446839 37 38 24  1  0  0
122  4 346328 103290664 2186472 80377604    0    0 161552 81188 228605 1446402 37 38 25  1  0  0
106  1 346328 103271256 2186472 80377620    0    0 160768 81188 224233 1441264 37 37 25  1  0  0
19  0 346328 103256648 2186472 80377644    0    0 170928 86888 223231 1449156 38 36 26  1  0  0
76  2 346328 103249096 2186472 80377660    0    0 198960 100836 232235 1462140 38 36 24  1  0  0
29  2 346328 103254524 2186472 80377688    0    0 173424 85416 229397 1453979 37 37 25  1  0  0
51  3 346328 103249664 2186472 80377696    0    0 158560 80160 228051 1444302 37 38 25  1  0  0
61  0 346328 103251984 2186476 80377716    0    0 160992 80560 227874 1446820 38 37 25  1  0  0
 9  0 346328 103263080 2186476 80377728    0    0 147248 74756 224016 1445229 36 38 25  1  0  0
procs -----------memory---------- ---swap-- -----io---- -system-- -------cpu-------
 r  b   swpd   free   buff  cache   si   so    bi    bo   in   cs us sy id wa st gu
90  0 346328 103250076 2186476 80377748    0    0 140240 70068 220113 1427769 36 38 25  0  0  0
53  4 346328 103263388 2186476 80377772    0    0 168768 122112 233403 1451045 37 38 24  1  0  0
99 10 346328 103263912 2186476 80377784    0    0 164288 82324 229332 1447486 37 39 24  1  0  0
44  1 346328 103249920 2186476 80377804    0    0 158624 79192 227327 1444047 37 37 25  1  0  0
 8  0 346328 103262684 2186476 80377820    0    0 152192 75020 224053 1446623 36 39 25  1  0  0
10  0 346328 103274376 2186476 80377836    0    0 161760 83152 228294 1453142 37 37 25  1  0  0
41  1 346328 103268936 2186476 80377852    0    0 158144 80332 221848 1445566 38 36 25  1  0  0
36  4 346328 103275360 2186476 80377876    0    0 153872 78504 221556 1441792 37 37 25  1  0  0
65  0 346328 103268548 2186480 80377892    0    0 183552 91668 232393 1453935 38 37 24  1  0  0
88  2 346328 103263764 2186480 80377924    0    0 172768 85400 229816 1454757 38 37 24  1  0  0
61  3 346328 103246404 2186480 80377944    0    0 161904 82032 227750 1444128 37 39 24  1  0  0
77  0 346328 103267820 2186480 80377964    0    0 162624 118952 229471 1446352 37 38 25  1  0  0
37  9 346328 103293576 2186480 80377980    0    0 176528 88388 234301 1459403 37 38 24  1  0  0
53  1 346328 103274556 2186480 80377996    0    0 173296 84928 227896 1449178 37 38 25  1  0  0
50  2 346328 103268708 2186480 80378016    0    0 181088 88328 225549 1448936 37 36 26  1  0  0
89  4 346328 103234180 2186480 80378032    0    0 163680 82296 222838 1444652 37 37 25  1  0  0
54  0 346328 103246300 2186480 80378060    0    0 156864 82084 224167 1444750 37 37 26  1  0  0
81  7 346328 103244904 2186480 80378076    0    0 171440 83500 230085 1443904 36 39 24  1  0  0
24  0 346328 103283944 2186480 80378092    0    0 163856 82732 229492 1453670 38 37 24  1  0  0
92  3 346328 103280308 2186480 80378096    0    0 155488 78984 228129 1447855 37 38 25  1  0  0
114  0 346328 103286100 2186480 80378120    0    0 159408 78372 222757 1444457 37 37 25  1  0  0
procs -----------memory---------- ---swap-- -----io---- -system-- -------cpu-------
 r  b   swpd   free   buff  cache   si   so    bi    bo   in   cs us sy id wa st gu
70  8 346328 103256976 2186480 80378140    0    0 154816 84884 222601 1443140 37 37 26  1  0  0
48  0 346328 103255380 2186480 80378160    0    0 201824 132156 235033 1456178 38 37 24  1  0  0
135  0 346328 103263524 2186480 80378176    0    0 191760 93884 230306 1457218 39 36 25  1  0  0
91  3 346328 103255488 2186480 80378204    0    0 160592 81532 223410 1445439 37 37 26  1  0  0
 8  0 346328 103268952 2186480 80378212    0    0 158880 78968 223827 1452672 38 37 25  1  0  0
115  0 346328 103263292 2186480 80378224    0    0 148752 75132 220695 1442758 37 37 26  1  0  0
65  2 346328 103270636 2186480 80378252    0    0 165232 84968 227448 1448918 36 38 25  1  0  0
43  1 346328 103260608 2186480 80378272    0    0 163152 83380 229674 1447398 37 38 24  1  0  0
44  0 346328 103273644 2186480 80378292    0    0 160016 78424 226355 1448426 37 38 24  1  0  0
81  1 346328 103258916 2186480 80378304    0    0 153968 77556 224879 1443505 38 37 25  1  0  0
26  0 346328 103253264 2186480 80378328    0    0 154560 78692 223155 1444855 37 37 25  1  0  0
58  0 346328 103271976 2186480 80378340    0    0 174272 127056 234185 1462587 38 37 25  1  0  0
123  4 346328 103276796 2186484 80378356    0    0 168672 84136 227228 1449388 37 37 25  1  0  0
117  1 346328 103260836 2186484 80378380    0    0 158624 77700 226488 1445283 36 39 24  1  0  0
58  6 346328 103256268 2186484 80378400    0    0 155408 77492 222231 1452032 37 38 25  1  0  0
53  5 346328 103263452 2186484 80378408    0    0 144080 73124 219096 1449428 36 38 25  1  0  0
81  3 346328 103248872 2186484 80378432    0    0 145568 76616 217017 1443284 37 38 25  1  0  0
58  1 346328 103256068 2186484 80378452    0    0 172256 85536 230626 1465316 37 38 24  1  0  0
20  0 346328 103279712 2186484 80378460    0    0 168368 83284 230303 1460465 37 38 24  1  0  0
53  8 346328 103285912 2186484 80378488    0    0 174464 87280 227779 1459531 37 38 25  1  0  0
104  1 346328 103280968 2186484 80378504    0    0 179936 89876 225246 1451496 38 37 25  1  0  0
procs -----------memory---------- ---swap-- -----io---- -system-- -------cpu-------
 r  b   swpd   free   buff  cache   si   so    bi    bo   in   cs us sy id wa st gu
67  0 346328 103262912 2186484 80378528    0    0 187216 134872 226331 1455161 38 36 25  1  0  0
88  4 346328 103254300 2186484 80378548    0    0 218240 106280 231360 1466417 39 35 25  1  0  0
60  0 346328 103255080 2186484 80378560    0    0 205840 100556 229851 1460633 39 36 24  1  0  0
90  5 346328 103258676 2186484 80378580    0    0 188560 93796 226151 1457558 39 35 25  1  0  0
42  2 346328 103257620 2186484 80378596    0    0 151440 78312 220618 1448234 37 37 26  1  0  0
35  0 346328 103274148 2186484 80378616    0    0 171296 86320 225291 1461303 38 37 25  1  0  0
47  1 346328 103260420 2186484 80378648    0    0 177488 105992 231041 1452742 38 37 24  1  0  0
61  0 346328 103250852 2186484 80378656    0    0 159680 80000 224771 1446801 36 39 25  1  0  0
27  0 346328 103260508 2186484 80378676    0    0 155792 79116 224528 1448193 37 38 25  1  0  0
55  1 346328 103234144 2186484 80378704    0    0 146784 73912 222697 1443126 36 39 25  0  0  0
118  7 346328 103240512 2186484 80378708    0    0 162912 121696 231129 1458403 37 38 25  1  0  0
41  0 346328 103246348 2186484 80378732    0    0 170384 85544 232891 1453029 38 38 24  1  0  0
62  4 346328 103260000 2186484 80378748    0    0 163696 79696 232313 1446576 37 37 25  1  0  0
 8  0 346328 103251864 2186484 80378764    0    0 164064 82800 227338 1447426 37 38 24  1  0  0
70  0 346328 103261956 2186484 80378788    0    0 157520 79752 225850 1440365 37 38 25  1  0  0
49  1 346328 103240616 2186484 80378804    0    0 147088 73512 223330 1438911 36 38 25  1  0  0
10  0 346328 103237436 2186484 80378824    0    0 160704 83128 225386 1452100 37 37 25  1  0  0
15  0 346328 103246020 2186484 80378840    0    0 177696 87324 234053 1461215 36 39 24  1  0  0
110  0 346328 103259176 2186484 80378856    0    0 164592 83316 227871 1444578 37 38 24  1  0  0
85  0 346328 103263316 2186484 80378876    0    0 156720 78168 226315 1442220 37 38 25  1  0  0
124  0 346328 103239136 2186484 80378900    0    0 152128 115932 225649 1447411 36 38 25  1  0  0
procs -----------memory---------- ---swap-- -----io---- -system-- -------cpu-------
 r  b   swpd   free   buff  cache   si   so    bi    bo   in   cs us sy id wa st gu
51  4 346328 103260180 2186484 80378920    0    0 176688 92244 231012 1456619 37 38 24  1  0  0
169  1 346328 103263068 2186484 80378940    0    0 173824 86456 228867 1448910 37 38 25  1  0  0
66  1 346328 103267536 2186484 80378956    0    0 167200 83344 227569 1459097 38 37 25  1  0  0
69  0 346328 103274712 2186492 80378968    0    0 168640 82668 226362 1450001 38 36 26  1  0  0
46  0 346328 103261540 2186492 80378988    0    0 169168 85048 223521 1442798 37 37 25  1  0  0
108  3 346328 103253432 2186492 80379008    0    0 165776 85732 221360 1448521 37 36 26  1  0  0
18  1 346328 103257384 2186492 80379028    0    0 187968 92680 233743 1457976 38 37 24  1  0  0
26  0 346328 103243232 2186492 80379052    0    0 167600 84256 228713 1437556 37 38 24  1  0  0
112  7 346328 103247260 2186492 80379064    0    0 157792 79004 226566 1439923 36 39 24  1  0  0
72  0 346328 103262032 2186492 80379080    0    0 160128 118312 231190 1449499 37 38 25  1  0  0
51  0 346328 103264768 2186492 80379096    0    0 172272 87468 233646 1455861 37 38 24  1  0  0
198  0 346328 103283852 2186492 80379112    0    0 163760 80820 227816 1447703 37 38 25  1  0  0
29  3 346328 103266032 2186492 80379140    0    0 158064 78836 227422 1444916 37 38 25  1  0  0
111  0 346328 103229656 2186492 80379156    0    0 153008 76484 225582 1435836 37 38 25  1  0  0
30  3 346328 103237692 2186492 80379172    0    0 144992 72676 219571 1442765 36 37 26  1  0  0
142  0 346328 103254208 2186492 80379204    0    0 167024 84760 227639 1448829 37 38 25  1  0  0
86  0 346328 103280800 2186492 80379212    0    0 166368 84544 232669 1457836 37 38 24  1  0  0
87 10 346328 103262952 2186492 80379232    0    0 168432 83584 227762 1446317 37 38 25  1  0  0
58  2 346328 103245092 2186496 80379248    0    0 176736 89144 226960 1453031 37 37 25  1  0  0
47  0 346328 103262760 2186496 80379268    0    0 234464 153140 235317 1463297 39 35 25  1  0  0
39  2 346328 103262208 2186496 80379292    0    0 259424 125980 236500 1459433 40 34 24  1  0  0
procs -----------memory---------- ---swap-- -----io---- -system-- -------cpu-------
 r  b   swpd   free   buff  cache   si   so    bi    bo   in   cs us sy id wa st gu
38  2 346328 103262080 2186496 80379312    0    0 200720 102868 226400 1447313 38 35 26  1  0  0
82  3 346328 103247548 2186496 80379328    0    0 184704 91236 233995 1459202 38 37 24  1  0  0
81  2 346328 103274264 2186496 80379340    0    0 171200 87664 232812 1451221 37 38 24  1  0  0
54  0 346328 103249276 2186496 80379360    0    0 157776 78652 227504 1441740 36 39 24  1  0  0
93  6 346328 103232292 2186496 80379376    0    0 152256 77668 225973 1441756 37 38 25  0  0  0
46  1 346328 103251640 2186496 80379400    0    0 151008 75808 221677 1442346 37 37 25  1  0  0
19  0 346328 103239480 2186496 80379420    0    0 152320 114400 225415 1446625 37 38 25  1  0  0
40  1 346328 103238116 2186500 80379432    0    0 168528 84648 231815 1449662 37 38 24  1  0  0
48  0 346328 103250204 2186500 80379452    0    0 164432 82112 230638 1447096 37 38 24  1  0  0
36  5 346328 103268896 2186500 80379464    0    0 162560 80608 227594 1446800 37 38 25  1  0  0
101  4 346328 103253780 2186500 80379488    0    0 191904 94124 223836 1443933 38 35 26  1  0  0
70  5 346328 103249908 2186500 80379508    0    0 372912 242192 278757 1502031 45 30 23  2  0  0
54  1 346328 103258404 2186500 80379524    0    0 245824 131416 251741 1482209 41 34 25  1  0  0
73  4 346328 103251996 2186500 80379544    0    0 153056 71032 222341 1444855 37 37 25  1  0  0
57  1 346328 103254144 2186500 80379564    0    0 141936 71696 221323 1438173 36 38 25  1  0  0
71  4 346328 103254516 2186500 80379584    0    0 171184 92568 231495 1451600 37 38 24  1  0  0
121  0 346328 103259864 2186500 80379600    0    0 176848 88240 233453 1452735 37 38 24  1  0  0
110  0 346328 103253612 2186500 80379616    0    0 168656 84912 229106 1447659 37 38 24  1  0  0
82  4 346328 103260316 2186500 80379636    0    0 155568 78916 225866 1444608 37 37 25  1  0  0
96  4 346328 103244512 2186500 80379656    0    0 152832 75156 228801 1436623 36 39 24  1  0  0
14  0 346328 103238924 2186500 80379680    0    0 148304 74164 220303 1442383 37 37 25  1  0  0
procs -----------memory---------- ---swap-- -----io---- -system-- -------cpu-------
 r  b   swpd   free   buff  cache   si   so    bi    bo   in   cs us sy id wa st gu
75  2 346328 103239812 2186500 80379696    0    0 159664 121164 229392 1450582 37 38 25  1  0  0
55 13 346328 103249228 2186500 80379704    0    0 176672 87204 233807 1461876 38 38 24  1  0  0
13  0 346328 103260696 2186504 80379720    0    0 166544 83676 228471 1447132 37 38 24  1  0  0
15  0 346328 103244036 2186504 80379748    0    0 162688 80396 227184 1443492 38 37 25  1  0  0
49  0 346328 103230060 2186504 80379768    0    0 176720 87536 225137 1446008 38 37 25  1  0  0
57  3 346328 103261988 2186504 80379792    0    0 336528 175212 259585 1479162 43 32 23  1  0  0
80  1 346328 103262448 2186504 80379808    0    0 305600 223472 269721 1506446 43 32 24  1  0  0
15  0 346328 103266256 2186508 80379828    0    0 178720 85188 208814 1327946 36 38 25  1  0  0
42  1 346328 103267540 2186508 80379840    0    0 155408 75720 215777 1387482 36 38 25  1  0  0
13  0 346328 103253472 2186508 80379860    0    0 154144 87348 224160 1447135 37 38 25  1  0  0
31  6 346328 103251944 2186508 80379880    0    0 167552 86680 229773 1455341 36 39 24  1  0  0
62  0 346328 103241092 2186512 80379896    0    0 169600 81616 228241 1453815 37 38 24  1  0  0
42  0 346328 103247984 2186512 80379920    0    0 166752 83684 226264 1450745 37 38 25  1  0  0
59  0 346328 103256168 2186512 80379936    0    0 156832 76260 224082 1441031 37 38 24  1  0  0
69  1 346328 103248584 2186512 80379956    0    0 148560 77136 223201 1452591 37 38 25  1  0  0
160  0 346328 103244884 2186512 80379968    0    0 144160 72124 221849 1446650 36 38 25  1  0  0
52  1 346328 103254808 2186516 80379980    0    0 167552 123904 231128 1450360 37 38 25  1  0  0
163  0 346328 103245372 2186516 80380008    0    0 169312 85588 231904 1451864 37 39 24  1  0  0
90  0 346328 103267392 2186516 80380024    0    0 164416 79972 227499 1448964 37 38 25  1  0  0
