procs -----------memory---------- ---swap-- -----io---- -system-- -------cpu-------
 r  b   swpd   free   buff  cache   si   so    bi    bo   in   cs us sy id wa st gu
 6  2 346584 107494144 2167068 79123924    4    9 28120 33984 9827    6  3  1 96  0  0  0
119 15 346584 107252872 2167068 79124000    0    0 200912 322900 335501 623826 17 20 61  2  0  0
16  0 346584 107253560 2167068 79124024    0    0 364880 335264 280023 1499496 43 32 23  1  0  0
57 11 346584 107259972 2167068 79124044    0    0 299632 265296 277264 1458957 42 34 22  1  0  0
30  0 346584 107251124 2167068 79124060    0    0 278528 118048 253195 1408026 41 36 23  1  0  0
127  6 346584 107218684 2167072 79124076    0    0 309200 173444 255442 1426534 41 35 22  1  0  0
61  4 346584 107195316 2167072 79124104    0    0 306752 191272 258430 1425137 41 35 22  1  0  0
67  1 346584 107185168 2167072 79124112    0    0 281152 130500 251044 1416046 40 36 23  1  0  0
66  8 346584 107164004 2167072 79124132    0    0 296880 132728 254491 1415678 42 35 22  1  0  0
37  0 346584 107149572 2167072 79124152    0    0 308464 206924 270749 1458074 42 34 23  1  0  0
48  9 346584 107130184 2167072 79124172    0    0 271216 125328 249125 1407937 40 36 23  1  0  0
64  2 346584 107110068 2167072 79124192    0    0 301568 135796 254911 1424938 41 35 22  1  0  0
23  0 346584 107101492 2167072 79124216    0    0 310368 172760 255340 1429513 40 36 23  1  0  0
117  2 346584 107118044 2167072 79124228    0    0 275424 123660 251608 1410526 41 36 22  1  0  0
78  7 346584 107101324 2167072 79124248    0    0 295664 145452 264142 1442510 42 35 22  1  0  0
42  7 346584 107072344 2167072 79124272    0    0 306016 178736 261842 1433388 42 35 23  1  0  0
114  5 346584 107062948 2167072 79124300    0    0 299424 135016 254546 1419481 41 35 23  1  0  0
62  0 346584 107062868 2167072 79124328    0    0 271440 122996 246897 1405249 40 36 23  1  0  0
89  8 346584 107051380 2167072 79124340    0    0 321216 177608 257574 1436373 41 35 22  1  0  0
49  7 346584 107035052 2167072 79124356    0    0 292624 131080 251393 1419944 40 36 23  1  0  0
77  1 346584 107047224 2167072 79124368    0    0 295408 134436 252793 1425533 41 36 23  1  0  0
procs -----------memory---------- ---swap-- -----io---- -system-- -------cpu-------
 r  b   swpd   free   buff  cache   si   so    bi    bo   in   cs us sy id wa st gu
102  2 346584 107028892 2167072 79124384    0    0 286368 163720 252946 1420667 41 36 22  1  0  0
39  2 346584 106999932 2167072 79124404    0    0 288160 128760 251423 1419246 40 35 23  1  0  0
40  1 346584 107008072 2167072 79124424    0    0 292320 132268 250661 1422785 40 36 23  1  0  0
76  8 346584 107010160 2167072 79124448    0    0 283056 123224 250191 1412022 41 35 23  1  0  0
25  0 346584 107009180 2167076 79124464    0    0 310112 175176 257192 1434308 40 36 23  1  0  0
48  2 346584 106995872 2167076 79124488    0    0 266864 122392 250735 1417256 40 36 23  1  0  0
89  2 346584 107008720 2167076 79124496    0    0 304768 138784 264868 1449709 41 35 23  1  0  0
90  4 346584 107003004 2167076 79124516    0    0 301984 177840 257096 1429783 40 36 23  1  0  0
67  7 346584 106986768 2167076 79124540    0    0 275616 122724 248233 1406009 41 35 23  1  0  0
35  3 346584 106986340 2167076 79124560    0    0 291504 132840 252140 1422492 41 36 22  1  0  0
95  1 346584 106972984 2167076 79124588    0    0 289616 165516 252319 1422388 40 36 23  1  0  0
70  5 346584 106963980 2167076 79124612    0    0 267120 120680 255247 1421179 40 36 23  1  0  0
86  8 346584 106977384 2167076 79124632    0    0 289328 135488 255269 1427294 41 36 22  1  0  0
57  3 346584 106978528 2167076 79124640    0    0 310832 181868 258063 1441233 41 36 23  1  0  0
26  3 346584 106970588 2167076 79124656    0    0 278320 127796 249751 1408176 40 36 23  1  0  0
46  0 346584 106951584 2167076 79124676    0    0 306448 146332 279477 1468507 43 34 22  1  0  0
131  3 346584 106975044 2167076 79124696    0    0 301984 191128 281639 1469995 42 35 22  1  0  0
81  3 346584 106951948 2167076 79124712    0    0 263328 120316 247954 1405274 40 37 22  1  0  0
73  8 346584 106956020 2167076 79124736    0    0 306368 141860 255086 1431986 41 35 22  1  0  0
68  5 346584 106980264 2167076 79124752    0    0 291136 167516 253901 1430749 40 36 22  1  0  0
20  3 346584 106974624 2167076 79124764    0    0 282928 123236 252708 1419099 41 36 22  1  0  0
procs -----------memory---------- ---swap-- -----io---- -system-- -------cpu-------
 r  b   swpd   free   buff  cache   si   so    bi    bo   in   cs us sy id wa st gu
71  3 346584 106952604 2167076 79124788    0    0 288096 131048 251220 1422875 40 36 23  1  0  0
68  1 346584 106958140 2167076 79124808    0    0 299552 177904 254258 1429610 42 34 23  1  0  0
30  6 346584 106947632 2167076 79124828    0    0 280736 127284 249758 1414287 40 36 22  1  0  0
145  6 346584 106947312 2167076 79124848    0    0 280128 124836 247701 1421748 40 36 23  1  0  0
48  0 346584 106941236 2167076 79124868    0    0 278944 143748 252295 1414747 40 36 23  1  0  0
27  1 346584 106955232 2167076 79124884    0    0 301456 159476 258835 1431645 41 36 23  1  0  0
85  1 346584 106947984 2167076 79124904    0    0 263696 125116 247435 1402249 40 36 23  1  0  0
52  1 346584 106948332 2167076 79124928    0    0 291536 127444 251944 1422879 40 36 23  1  0  0
36  2 346584 106935064 2167076 79124944    0    0 301360 174396 253688 1430553 41 35 23  1  0  0
41  5 346584 106931240 2167080 79124964    0    0 259968 118884 245992 1408050 40 36 23  1  0  0
46  0 346584 106937960 2167080 79124988    0    0 300400 140492 255261 1423658 41 36 22  1  0  0
21  3 346584 106936272 2167080 79125004    0    0 305616 178384 255373 1433238 40 36 23  1  0  0
82  1 346584 106951316 2167080 79125012    0    0 284224 124160 255188 1416274 41 36 22  1  0  0
46  3 346584 106939880 2167080 79125028    0    0 298384 142024 252334 1422495 40 36 23  1  0  0
111  3 346584 106928700 2167080 79125048    0    0 293360 175800 252685 1426386 41 35 23  1  0  0
50  0 346584 106920996 2167080 79125072    0    0 266320 118656 247546 1414207 40 36 23  1  0  0
66  3 346584 106931932 2167080 79125092    0    0 281936 129300 253182 1420988 40 37 23  1  0  0
34  2 346584 106940616 2167080 79125112    0    0 288896 159872 254111 1420278 40 36 23  1  0  0
25  1 346584 106947868 2167080 79125128    0    0 299616 178892 269955 1446116 42 34 22  1  0  0
35  4 346584 106944140 2167084 79125144    0    0 260720 130388 261183 1431519 42 34 23  1  0  0
85  8 346584 106946176 2167084 79125168    0    0 303440 134564 254542 1420493 41 35 23  1  0  0
procs -----------memory---------- ---swap-- -----io---- -system-- -------cpu-------
 r  b   swpd   free   buff  cache   si   so    bi    bo   in   cs us sy id wa st gu
80  3 346584 106933076 2167084 79125192    0    0 300976 198160 274151 1450709 42 35 23  1  0  0
58  1 346584 106917112 2167084 79125208    0    0 255552 128088 255686 1427048 41 35 24  1  0  0
46  1 346584 106933392 2167084 79125232    0    0 307616 139640 258150 1439911 41 35 23  1  0  0
73  3 346584 106927812 2167084 79125252    0    0 309744 196888 270619 1453863 42 34 23  1  0  0
68  3 346584 106934068 2167084 79125272    0    0 267856 142652 269322 1442686 42 34 23  1  0  0
93  1 346584 106929196 2167084 79125284    0    0 304192 159636 284934 1478484 43 33 23  1  0  0
78  3 346584 106918364 2167084 79125300    0    0 305184 177340 260259 1438778 41 36 23  1  0  0
103  2 346584 106918532 2167084 79125320    0    0 277056 127536 251572 1414983 41 36 23  1  0  0
66  2 346584 106918308 2167084 79125332    0    0 307552 152728 264285 1435564 42 34 23  1  0  0
100  3 346584 106923188 2167084 79125360    0    0 300128 194744 279720 1463688 43 34 23  1  0  0
60  5 346584 106921904 2167084 79125380    0    0 284960 141728 263926 1436019 41 35 23  1  0  0
41  2 346584 106929968 2167084 79125388    0    0 282688 134036 254289 1421236 40 37 22  1  0  0
79  5 346584 106923140 2167084 79125408    0    0 293040 171952 257702 1431964 41 36 23  1  0  0
42  1 346584 106919788 2167084 79125428    0    0 304272 137132 260101 1434675 41 36 22  1  0  0
46  3 346584 106906736 2167084 79125448    0    0 273776 132188 249245 1411318 40 36 23  1  0  0
74  3 346584 106909156 2167084 79125472    0    0 302016 139492 253981 1429230 41 36 23  1  0  0
73  1 346584 106912856 2167084 79125496    0    0 291488 167264 256107 1436758 41 35 23  1  0  0
41  3 346584 106919388 2167084 79125516    0    0 282176 131196 252559 1416484 41 35 23  1  0  0
72  4 346584 106933596 2167084 79125528    0    0 282240 132400 256086 1424412 41 36 22  1  0  0
72  6 346584 106916092 2167084 79125548    0    0 295248 174880 255071 1420231 40 36 23  1  0  0
45  0 346584 106890652 2167084 79125568    0    0 271952 122612 257759 1428018 40 36 23  1  0  0
procs -----------memory---------- ---swap-- -----io---- -system-- -------cpu-------
 r  b   swpd   free   buff  cache   si   so    bi    bo   in   cs us sy id wa st gu
55  1 346584 106915888 2167084 79125588    0    0 291200 153068 254502 1424965 41 36 23  1  0  0
106  2 346584 106920952 2167084 79125608    0    0 299648 179588 256069 1430105 41 35 23  1  0  0
31  5 346584 106906932 2167084 79125628    0    0 274912 124532 249180 1417352 41 36 23  1  0  0
41  0 346584 106908696 2167084 79125644    0    0 280208 128092 251257 1427372 40 36 23  1  0  0
81  0 346584 106911072 2167088 79125656    0    0 291168 139696 254275 1420442 40 36 22  1  0  0
100 12 346584 106903912 2167088 79125676    0    0 297712 174540 254545 1428541 41 35 23  1  0  0
58  2 346584 106898328 2167088 79125700    0    0 265408 118744 247301 1411219 40 36 23  1  0  0
47  0 346584 106905772 2167088 79125720    0    0 294432 135216 254139 1428626 40 36 23  1  0  0
66  0 346584 106905304 2167088 79125740    0    0 306096 183580 257045 1429842 41 35 22  1  0  0
58  1 346584 106897380 2167088 79125760    0    0 266480 122488 247377 1408049 40 36 23  1  0  0
107  5 346584 106908664 2167088 79125772    0    0 282928 127784 253897 1427127 40 36 23  1  0  0
67  8 346584 106898132 2167088 79125788    0    0 300032 180040 259464 1429412 41 35 22  1  0  0
37  0 346584 106891380 2167088 79125808    0    0 279056 129260 250065 1414679 41 36 23  1  0  0
72  3 346584 106907732 2167088 79125836    0    0 291440 133036 250760 1420131 41 36 23  1  0  0
36  2 346584 106895208 2167088 79125856    0    0 296416 175448 258407 1430061 41 35 23  1  0  0
 8  1 346584 106889724 2167088 79125880    0    0 286992 134380 253335 1425689 40 36 23  1  0  0
80  7 346584 106916560 2167088 79125900    0    0 285184 135336 250980 1417975 40 36 23  1  0  0
85  0 346584 106914696 2167088 79125912    0    0 282048 136856 252731 1417744 40 36 23  1  0  0
78  0 346584 106900824 2167088 79125928    0    0 295536 163944 260708 1439634 41 35 23  1  0  0
19 11 346584 106879872 2167088 79125948    0    0 256176 119536 248167 1407939 40 36 24  1  0  0
138  3 346584 106895864 2167088 79125972    0    0 305520 144496 254780 1426915 41 35 22  1  0  0
procs -----------memory---------- ---swap-- -----io---- -system-- -------cpu-------
 r  b   swpd   free   buff  cache   si   so    bi    bo   in   cs us sy id wa st gu
71  4 346584 106891956 2167088 79125988    0    0 300192 176612 255044 1428029 40 36 23  1  0  0
89  2 346584 106895616 2167088 79126004    0    0 266784 120804 250741 1413322 40 36 23  1  0  0
68  2 346584 106904912 2167088 79126020    0    0 298800 136636 257781 1433273 40 36 23  1  0  0
96  7 346584 106903680 2167088 79126032    0    0 295216 181004 255935 1433658 41 35 23  1  0  0
125  3 346584 106897992 2167088 79126060    0    0 272528 141468 247384 1414013 40 36 23  1  0  0
27  1 346584 106883972 2167088 79126076    0    0 294208 146188 262749 1445377 41 35 23  1  0  0
16  1 346584 106885620 2167088 79126096    0    0 277776 165584 251491 1415464 40 36 23  1  0  0
131  5 346584 106889796 2167088 79126120    0    0 299776 141732 253208 1425619 41 36 22  1  0  0
83  5 346584 106885324 2167088 79126136    0    0 276000 130160 248117 1418756 40 36 23  1  0  0
20  3 346584 106894300 2167088 79126156    0    0 284752 137444 251944 1426305 40 37 22  1  0  0
47  6 346584 106893764 2167088 79126168    0    0 299504 165948 262278 1448535 40 36 22  1  0  0
55  3 346584 106880076 2167088 79126188    0    0 257152 120308 245391 1402486 39 37 23  1  0  0
110  5 346584 106898548 2167088 79126208    0    0 301040 141644 251442 1433437 40 36 23  1  0  0
70  0 346584 106900776 2167088 79126232    0    0 295232 176416 251652 1430077 40 36 23  1  0  0
51  5 346584 106876760 2167088 79126252    0    0 268272 121688 247273 1420330 40 36 23  1  0  0
105  1 346584 106882792 2167088 79126272    0    0 284896 133504 250267 1434328 40 36 23  1  0  0
153 12 346584 106889092 2167092 79126284    0    0 303344 184448 256945 1440777 41 36 23  1  0  0
96  7 346584 106889136 2167092 79126300    0    0 278016 125756 247721 1414362 40 36 23  1  0  0
95  3 346584 106882908 2167092 79126320    0    0 302800 138052 252695 1423657 41 36 22  1  0  0
61  5 346584 106879056 2167096 79126340    0    0 303632 182368 254474 1437439 41 35 23  1  0  0
60  2 346584 106866432 2167096 79126360    0    0 284976 130816 249456 1414524 40 36 23  1  0  0
procs -----------memory---------- ---swap-- -----io---- -system-- -------cpu-------
 r  b   swpd   free   buff  cache   si   so    bi    bo   in   cs us sy id wa st gu
72  1 346584 106887072 2167096 79126376    0    0 288608 142636 258414 1432890 42 35 23  1  0  0
83  1 346584 106895032 2167096 79126396    0    0 275088 135640 269854 1448974 41 35 22  1  0  0
89  6 346584 106889992 2167096 79126408    0    0 304448 183528 257472 1439297 41 36 22  1  0  0
43  0 346584 106880492 2167096 79126432    0    0 256912 118804 244510 1407136 40 36 23  1  0  0
33  3 346584 106873272 2167096 79126452    0    0 293616 134164 252985 1434544 41 35 23  1  0  0
68  5 346584 106869328 2167096 79126468    0    0 299296 177324 260483 1446156 40 36 22  1  0  0
40  2 346584 106865712 2167096 79126492    0    0 271952 125672 249907 1415980 40 36 22  1  0  0
36  4 346584 106869348 2167096 79126512    0    0 292272 136560 251499 1428496 40 36 23  1  0  0
54  8 346584 106883848 2167096 79126532    0    0 293152 174348 256953 1435760 40 36 23  1  0  0
45  4 346584 106866656 2167096 79126540    0    0 288576 147648 253859 1423410 41 36 23  1  0  0
29 11 346584 106860688 2167096 79126560    0    0 293888 138540 251492 1425969 41 35 23  1  0  0
69  2 346584 106866184 2167096 79126580    0    0 286320 173752 252440 1420946 41 36 22  1  0  0
89  5 346584 106848168 2167096 79126596    0    0 284368 127784 250722 1419978 40 36 23  1  0  0
76  6 346584 106868708 2167096 79126620    0    0 294800 139292 251171 1428666 41 35 23  1  0  0
66  7 346584 106863552 2167096 79126644    0    0 283904 173072 254285 1416120 40 36 22  1  0  0
62  3 346584 106878240 2167096 79126656    0    0 295344 132128 254868 1430069 41 36 22  1  0  0
47  4 346584 106863808 2167096 79126668    0    0 258272 120488 246522 1407803 40 36 23  1  0  0
62  1 346584 106872600 2167096 79126688    0    0 309776 161448 261716 1440994 42 34 23  1  0  0
18  0 346584 106867040 2167096 79126704    0    0 300448 159160 253900 1429365 41 35 23  1  0  0
74  7 346584 106846868 2167096 79126728    0    0 270816 128280 249535 1416276 39 37 23  1  0  0
86  1 346584 106858496 2167096 79126752    0    0 296128 132600 252856 1430867 40 36 23  1  0  0
procs -----------memory---------- ---swap-- -----io---- -system-- -------cpu-------
 r  b   swpd   free   buff  cache   si   so    bi    bo   in   cs us sy id wa st gu
65  6 346584 106868184 2167096 79126776    0    0 307184 181424 257471 1427461 41 35 22  1  0  0
111  2 346584 106870940 2167096 79126788    0    0 273856 132528 250997 1412168 40 37 22  1  0  0
100  3 346584 106857572 2167096 79126804    0    0 294160 133712 254729 1424314 41 35 23  1  0  0
34  2 346584 106846964 2167096 79126832    0    0 290448 182972 270641 1452148 41 35 23  1  0  0
90  4 346584 106841576 2167096 79126852    0    0 283392 148520 275589 1455714 42 35 22  1  0  0
95  2 346584 106838136 2167096 79126876    0    0 284496 153860 270880 1452389 42 34 23  1  0  0
33  0 346584 106859660 2167096 79126896    0    0 287552 196468 275413 1456700 43 34 22  1  0  0
18  1 346584 106869364 2167096 79126912    0    0 305152 157848 283676 1474503 43 34 22  1  0  0
39  2 346584 106867736 2167108 79126928    0    0 267248 131368 254374 1419790 40 36 23  1  0  0
65 11 346584 106865276 2167108 79126956    0    0 299136 138368 254016 1430253 40 36 23  1  0  0
61  1 346584 106862632 2167108 79126968    0    0 309664 181588 255715 1429553 41 35 23  1  0  0
52  1 346584 106857656 2167108 79126984    0    0 265088 124316 254212 1417766 40 36 23  1  0  0
70  3 346584 106852812 2167108 79127008    0    0 302496 139200 256095 1431233 41 35 22  1  0  0
100  9 346584 106851124 2167108 79127028    0    0 287760 193136 253197 1422115 40 36 23  1  0  0
45  1 346584 106863288 2167108 79127044    0    0 288992 129664 253548 1416973 40 36 23  1  0  0
111  7 346584 106854868 2167108 79127060    0    0 277712 127408 251931 1431108 40 36 24  1  0  0
36  7 346584 106857872 2167108 79127080    0    0 294736 180376 250645 1426507 41 35 23  1  0  0
79  5 346584 106847376 2167108 79127096    0    0 283248 130900 246853 1422862 41 36 22  1  0  0
95  3 346584 106845036 2167112 79127124    0    0 266944 124784 242933 1418417 40 36 23  1  0  0
53  2 346584 106845056 2167112 79127140    0    0 288048 134024 253246 1431590 40 36 23  1  0  0
22  4 346584 106833264 2167112 79127156    0    0 304096 178152 251412 1443106 41 36 23  1  0  0
procs -----------memory---------- ---swap-- -----io---- -system-- -------cpu-------
 r  b   swpd   free   buff  cache   si   so    bi    bo   in   cs us sy id wa st gu
25  1 346584 106849324 2167112 79127172    0    0 266240 126524 245826 1414008 40 36 23  1  0  0
101  2 346584 106854808 2167112 79127184    0    0 290384 131448 249083 1434565 41 35 23  1  0  0
55  9 346584 106848708 2167112 79127212    0    0 296832 175480 256155 1441496 40 36 23  1  0  0
105  3 346584 106852912 2167112 79127228    0    0 272960 128484 249880 1422840 40 36 23  1  0  0
93  8 346584 106840564 2167112 79127244    0    0 288672 137488 248528 1432100 40 36 23  1  0  0
55  2 346584 106841768 2167112 79127264    0    0 290400 174552 251439 1425331 41 36 23  1  0  0
53  0 346584 106844860 2167112 79127284    0    0 290016 129664 249716 1425031 41 35 23  1  0  0
64  3 346584 106851564 2167112 79127296    0    0 272720 124572 250846 1426668 40 36 23  1  0  0
100  1 346584 106844296 2167112 79127312    0    0 293296 138028 250798 1417180 41 36 23  1  0  0
59  4 346584 106849176 2167112 79127328    0    0 291568 179764 253229 1430791 40 36 22  1  0  0
129 10 346584 106843256 2167112 79127348    0    0 264752 121484 244302 1411640 40 35 24  1  0  0
46  1 346584 106843252 2167112 79127372    0    0 291568 130236 250610 1425210 40 36 23  1  0  0
91  0 346584 106854168 2167112 79127388    0    0 298048 180140 252763 1426224 41 35 23  1  0  0
28  0 346584 106841424 2167112 79127408    0    0 263872 125276 249852 1410746 40 36 23  1  0  0
41  4 346584 106840896 2167112 79127424    0    0 292320 131824 252768 1433066 41 36 22  1  0  0
130  8 346584 106839976 2167112 79127440    0    0 282448 168140 257880 1435734 40 36 23  1  0  0
38  0 346584 106841408 2167112 79127464    0    0 288064 134200 254077 1428974 40 36 23  1  0  0
72  1 346584 106837072 2167112 79127488    0    0 272832 131188 246495 1415855 40 36 23  1  0  0
91  3 346584 106835228 2167116 79127504    0    0 288512 147060 249950 1419261 40 36 23  1  0  0
39  6 346584 106830276 2167116 79127524    0    0 299616 179712 254644 1438682 40 36 22  1  0  0
47  5 346584 106840608 2167116 79127544    0    0 273008 122956 255681 1424609 40 36 23  1  0  0
procs -----------memory---------- ---swap-- -----io---- -system-- -------cpu-------
 r  b   swpd   free   buff  cache   si   so    bi    bo   in   cs us sy id wa st gu
55  5 346584 106838124 2167116 79127552    0    0 287600 139496 254217 1428604 41 36 22  1  0  0
18  0 346584 106847576 2167116 79127572    0    0 291744 175264 253553 1428010 41 35 23  1  0  0
98  1 346584 106835424 2167116 79127600    0    0 265728 120420 252391 1422322 40 37 22  1  0  0
39  0 346584 106817760 2167116 79127612    0    0 282640 131408 258138 1440799 40 37 23  1  0  0
42  1 346584 106820432 2167116 79127636    0    0 286688 178216 251894 1424315 41 35 23  1  0  0
39  1 346584 106819288 2167116 79127664    0    0 276624 127516 249959 1415160 41 35 23  1  0  0
64  1 346584 106837952 2167116 79127680    0    0 286368 131896 253676 1430301 39 37 23  1  0  0
135  4 346584 106830420 2167116 79127700    0    0 278752 134136 254172 1413283 40 37 22  1  0  0
85  1 346584 106834360 2167116 79127716    0    0 296176 174524 254376 1429269 40 36 23  1  0  0
52 17 346584 106821104 2167116 79127740    0    0 275680 133788 248950 1422349 40 36 23  1  0  0
78  1 346584 106826316 2167116 79127756    0    0 285280 127544 254664 1427101 40 37 22  1  0  0
87  7 346584 106838992 2167116 79127772    0    0 305840 182684 262200 1437750 41 36 22  1  0  0
58  4 346584 106845864 2167116 79127796    0    0 266464 124940 248351 1407255 40 37 22  1  0  0
82  0 346584 106840104 2167116 79127808    0    0 292192 139404 254584 1435031 40 37 23  1  0  0
34  0 346584 106826144 2167116 79127828    0    0 285936 170692 254978 1423655 40 36 23  1  0  0
71  6 346584 106836156 2167116 79127848    0    0 287232 133476 256012 1423785 41 35 23  1  0  0
65  1 346584 106839872 2167116 79127868    0    0 292304 138956 250739 1426134 40 36 23  1  0  0
90  1 346584 106827280 2167116 79127888    0    0 282528 173268 252910 1420677 41 35 23  1  0  0
56  8 346584 106833564 2167116 79127912    0    0 298896 132872 257317 1432073 41 35 23  1  0  0
58  2 346584 106825576 2167116 79127928    0    0 278144 131888 252139 1420230 40 36 23  1  0  0
123  0 346584 106813892 2167116 79127932    0    0 292496 138244 267694 1424799 41 36 22  1  0  0
procs -----------memory---------- ---swap-- -----io---- -system-- -------cpu-------
 r  b   swpd   free   buff  cache   si   so    bi    bo   in   cs us sy id wa st gu
40 14 346584 106812912 2167116 79127952    0    0 288752 173928 252579 1426188 40 36 23  1  0  0
81  3 346584 106814280 2167116 79127968    0    0 286000 143592 252736 1417136 41 36 23  1  0  0
27  3 346584 106816748 2167116 79128000    0    0 280192 133432 248387 1424502 40 35 24  1  0  0
76  1 346584 106814896 2167116 79128020    0    0 306224 183976 255426 1433912 41 35 23  1  0  0
83  1 346584 106822016 2167120 79128044    0    0 275648 125712 247183 1411622 40 36 23  1  0  0
33  5 346584 106828920 2167120 79128056    0    0 294656 141112 262203 1443871 41 35 23  1  0  0
50  2 346584 106833508 2167120 79128068    0    0 297792 189808 264323 1438050 41 35 22  1  0  0
51  4 346584 106826136 2167120 79128096    0    0 281008 132396 252308 1413270 40 36 23  1  0  0
58  8 346584 106811572 2167120 79128112    0    0 280352 130788 247960 1420813 40 36 23  1  0  0
83  6 346584 106805936 2167120 79128132    0    0 303120 179956 260347 1429863 41 35 23  1  0  0
36  0 346584 106814720 2167120 79128148    0    0 292544 137100 253815 1420690 41 36 23  1  0  0
48  1 346584 106814928 2167124 79128168    0    0 277984 133728 249737 1415940 41 35 23  1  0  0
83  1 346584 106836372 2167124 79128196    0    0 288624 136540 254363 1424614 40 36 23  1  0  0
112  6 346584 106827960 2167124 79128208    0    0 307648 175264 257009 1438041 41 35 23  1  0  0
55  1 346584 106820176 2167124 79128228    0    0 267856 124252 247316 1402572 40 36 23  1  0  0
61  3 346584 106823144 2167124 79128244    0    0 301744 143964 253083 1427095 40 36 23  1  0  0
76 11 346584 106817788 2167124 79128272    0    0 295616 176112 253552 1426959 40 36 23  1  0  0
49  9 346584 106811332 2167124 79128292    0    0 281632 129308 250240 1416804 40 37 22  1  0  0
42  1 346584 106809624 2167124 79128308    0    0 281168 134344 249511 1421386 40 36 23  1  0  0
58  3 346584 106821664 2167124 79128316    0    0 290160 176004 255684 1429572 40 37 22  1  0  0
46  1 346584 106826116 2167124 79128332    0    0 287136 131220 250427 1425531 40 36 23  1  0  0
procs -----------memory---------- ---swap-- -----io---- -system-- -------cpu-------
 r  b   swpd   free   buff  cache   si   so    bi    bo   in   cs us sy id wa st gu
77  3 346584 106813344 2167124 79128356    0    0 287552 136284 250276 1419213 41 35 23  1  0  0
39  4 346584 106805564 2167124 79128376    0    0 277952 142168 251633 1414112 40 36 23  1  0  0
63  1 346584 106818552 2167124 79128400    0    0 294400 163964 253623 1426352 41 36 22  1  0  0
103  7 346584 106807968 2167124 79128416    0    0 286032 134972 262181 1441059 40 36 23  1  0  0
62  2 346584 106825388 2167124 79128436    0    0 290112 198060 275477 1461349 42 34 22  1  0  0
82  4 346584 106818620 2167124 79128448    0    0 288080 154944 274894 1463877 42 35 22  1  0  0
23  0 346584 106808568 2167124 79128468    0    0 286224 150804 251629 1429514 40 36 23  1  0  0
41  4 346584 106810032 2167124 79128488    0    0 288288 172128 256435 1426631 40 36 23  1  0  0
69  2 346584 106807424 2167128 79128504    0    0 292688 134244 251858 1417165 40 36 23  1  0  0
39  1 346584 106803316 2167128 79128528    0    0 258672 122776 244170 1406666 39 36 23  1  0  0
105  4 346584 106805820 2167128 79128544    0    0 290320 135976 251197 1425278 40 36 23  1  0  0
54  7 346584 106824240 2167128 79128568    0    0 302656 177732 259321 1435779 41 35 23  1  0  0
68  1 346584 106809072 2167128 79128580    0    0 265360 123096 258823 1423794 40 36 23  1  0  0
64  0 346584 106791484 2167128 79128596    0    0 291392 139896 252604 1421746 40 36 23  1  0  0
63  0 346584 106738824 2167128 79128620    0    0 291808 176996 258401 1420097 40 36 23  1  0  0
103  1 346584 106729604 2167128 79128640    0    0 269360 121364 248386 1405506 40 36 23  1  0  0
24  0 346584 106745404 2167128 79128656    0    0 294928 139760 257642 1436544 40 36 23  1  0  0
109  1 346584 106677112 2167128 79128676    0    0 291792 195548 273214 1457397 42 33 23  1  0  0
44  1 346584 106671408 2167132 79128684    0    0 286432 153912 270817 1451091 41 36 22  1  0  0
55  7 346584 106693476 2167132 79128708    0    0 271616 126220 246251 1421628 40 36 23  1  0  0
80  5 346584 106745492 2167132 79128728    0    0 286768 129644 250570 1426950 40 36 23  1  0  0
procs -----------memory---------- ---swap-- -----io---- -system-- -------cpu-------
 r  b   swpd   free   buff  cache   si   so    bi    bo   in   cs us sy id wa st gu
38  2 346584 106724908 2167132 79128748    0    0 288624 178128 251761 1423088 39 36 23  1  0  0
30  1 346584 106710012 2167132 79128764    0    0 277568 133756 246684 1417361 40 36 23  1  0  0
83  2 346584 106711840 2167132 79128788    0    0 272336 123304 248206 1416213 40 36 23  1  0  0
98  3 346584 106723344 2167132 79128812    0    0 288336 173456 251884 1429506 40 36 23  1  0  0
73  0 346584 106749880 2167132 79128820    0    0 267200 123248 247898 1411976 40 36 23  1  0  0
96  5 346584 106740724 2167132 79128836    0    0 293872 140288 251515 1431521 40 36 23  1  0  0
83  0 346584 106730204 2167132 79128860    0    0 289552 174296 252813 1427161 40 37 22  1  0  0
51  9 346584 106742144 2167132 79128884    0    0 274016 123376 256020 1427371 40 36 23  1  0  0
85  0 346584 106732224 2167132 79128900    0    0 289408 136336 257519 1429812 40 36 23  1  0  0
37  1 346584 106747684 2167132 79128916    0    0 289040 177824 253696 1419776 41 35 23  1  0  0
20  0 346584 106748748 2167132 79128932    0    0 271616 123180 249987 1414444 40 36 23  1  0  0
69  3 346584 106759516 2167132 79128952    0    0 292096 152524 254400 1429175 41 36 22  1  0  0
16  5 346584 106744012 2167136 79128968    0    0 276160 135800 251234 1412731 40 36 23  1  0  0
45  3 346584 106746396 2167136 79128988    0    0 295760 172952 254888 1427154 41 35 23  1  0  0
59  1 346584 106761860 2167136 79129008    0    0 275072 129492 249102 1414895 40 36 23  1  0  0
75  4 346584 106766800 2167136 79129028    0    0 296768 133984 259228 1441284 40 37 22  1  0  0
65  3 346584 106766412 2167136 79129048    0    0 295520 180764 255231 1426836 41 35 23  1  0  0
135  3 346584 106769176 2167136 79129068    0    0 272176 127352 250594 1413449 40 36 23  1  0  0
30 16 346584 106778084 2167136 79129080    0    0 297488 138456 253877 1433686 41 36 23  1  0  0
72  1 346584 106764412 2167136 79129100    0    0 291440 176748 263341 1439034 41 35 23  1  0  0
57  3 346584 106750264 2167136 79129112    0    0 273440 148076 269940 1447150 42 35 23  1  0  0
procs -----------memory---------- ---swap-- -----io---- -system-- -------cpu-------
 r  b   swpd   free   buff  cache   si   so    bi    bo   in   cs us sy id wa st gu
106  5 346584 106747244 2167136 79129152    0    0 276480 149172 267070 1458053 42 34 23  1  0  0
65  2 346584 106743744 2167136 79129168    0    0 283024 134520 257721 1430018 41 35 23  1  0  0
125  2 346584 106749968 2167136 79129188    0    0 309920 184408 257006 1438365 41 36 23  1  0  0
38  5 346584 106764476 2167136 79129200    0    0 283856 131656 255323 1419195 41 36 22  1  0  0
51  1 346584 106768720 2167136 79129212    0    0 284256 133860 250469 1424262 40 36 22  1  0  0
44  4 346584 106760324 2167136 79129236    0    0 297632 177712 258534 1439457 40 36 23  1  0  0
47  7 346584 106754432 2167136 79129256    0    0 287040 129536 258884 1433190 40 36 22  1  0  0
90  6 346584 106745504 2167136 79129272    0    0 280368 133744 249718 1418434 41 35 23  1  0  0
47  0 346584 106756316 2167136 79129288    0    0 296640 180108 254542 1429430 41 36 23  1  0  0
22  4 346584 106762208 2167136 79129308    0    0 285296 128900 250827 1413634 40 36 22  1  0  0
58  2 346584 106761920 2167136 79129320    0    0 259840 122084 255910 1423447 41 36 23  1  0  0
80  8 346584 106756252 2167136 79129344    0    0 304560 142900 256653 1426456 41 36 22  1  0  0
53  7 346584 106738656 2167136 79129360    0    0 299024 190136 268697 1443473 41 35 23  1  0  0
58  3 346584 106739448 2167136 79129380    0    0 270880 122628 247068 1410142 40 36 23  1  0  0
123  6 346584 106751004 2167136 79129400    0    0 295488 135876 255796 1427748 40 37 22  1  0  0
37  2 346584 106758520 2167136 79129420    0    0 293584 179004 255059 1430682 40 36 23  1  0  0
71  1 346584 106765772 2167136 79129440    0    0 274864 145196 250899 1413549 40 36 23  1  0  0
51  0 346584 106766652 2167136 79129448    0    0 287520 133044 252082 1422139 40 36 23  1  0  0
 5  0 346584 106746996 2167136 79129472    0    0 283200 171204 257297 1429779 40 36 23  1  0  0
112  4 346584 106744008 2167136 79129492    0    0 292144 149904 269349 1446286 42 35 22  1  0  0
50  3 346584 106730888 2167136 79129512    0    0 272832 131248 249056 1417128 40 36 23  1  0  0
procs -----------memory---------- ---swap-- -----io---- -system-- -------cpu-------
 r  b   swpd   free   buff  cache   si   so    bi    bo   in   cs us sy id wa st gu
32  0 346584 106746216 2167136 79129536    0    0 285632 129848 251815 1416747 40 36 23  1  0  0
60  8 346584 106751640 2167136 79129556    0    0 294416 182884 266748 1450309 40 36 23  1  0  0
112  2 346584 106761836 2167136 79129568    0    0 275712 137804 263014 1425546 41 36 22  1  0  0
110  2 346584 106770124 2167136 79129580    0    0 285568 134288 252106 1424711 41 36 23  1  0  0
92  2 346584 106755924 2167136 79129600    0    0 289968 176316 253219 1421330 40 36 23  1  0  0
107  6 346584 106755912 2167136 79129620    0    0 273824 123984 250105 1420657 40 36 23  1  0  0
104  6 346584 106752104 2167136 79129640    0    0 295728 137380 259692 1439564 41 36 23  1  0  0
71  2 346584 106747732 2167136 79129660    0    0 281280 174640 253445 1425800 40 36 23  1  0  0
96  8 346584 106750448 2167136 79129680    0    0 299680 137064 255460 1422189 41 36 22  1  0  0
64  4 346584 106761808 2167136 79129704    0    0 300752 144588 261691 1438834 41 36 23  1  0  0
35  1 346584 106766236 2167136 79129712    0    0 289120 192052 279616 1465806 43 34 23  1  0  0
64  5 346584 106752656 2167140 79129736    0    0 297888 158284 276995 1458313 43 34 22  1  0  0
71 13 346584 106744824 2167140 79129756    0    0 282880 140316 254812 1430580 41 35 23  1  0  0
100  8 346584 106748352 2167140 79129772    0    0 279296 140288 263673 1440140 41 35 23  1  0  0
65  1 346584 106756548 2167140 79129796    0    0 298944 176208 256996 1433060 40 36 23  1  0  0
86  4 346584 106763976 2167140 79129812    0    0 265232 123392 249839 1408678 40 36 23  1  0  0
53  1 346584 106780060 2167140 79129820    0    0 298256 144008 256213 1434068 41 35 23  1  0  0
57  2 346584 106759896 2167140 79129844    0    0 287088 175072 254038 1426629 40 35 23  1  0  0
97  5 346584 106740876 2167140 79129864    0    0 273744 121788 250651 1405271 40 37 23  1  0  0
98  5 346584 106749532 2167140 79129880    0    0 294640 138216 256653 1428816 40 36 23  1  0  0
33  8 346584 106744852 2167140 79129896    0    0 288288 193996 254771 1424094 40 36 23  1  0  0
procs -----------memory---------- ---swap-- -----io---- -system-- -------cpu-------
 r  b   swpd   free   buff  cache   si   so    bi    bo   in   cs us sy id wa st gu
59  0 346584 106752196 2167140 79129916    0    0 279536 130012 251652 1408330 40 36 23  1  0  0
24  0 346584 106767952 2167140 79129936    0    0 296032 136608 255881 1429600 41 36 23  1  0  0
73  2 346584 106776160 2167140 79129944    0    0 267712 130768 258745 1419730 40 36 22  1  0  0
95  6 346584 106755112 2167140 79129968    0    0 308064 181212 257979 1436296 41 36 23  1  0  0
113  8 346584 106745796 2167140 79129984    0    0 259200 124652 245449 1411215 40 36 24  1  0  0
77  1 346584 106751992 2167140 79130016    0    0 305024 136884 256339 1425936 41 35 22  1  0  0
61  2 346584 106739484 2167140 79130036    0    0 300176 179184 262075 1439636 40 36 23  1  0  0
51  0 346584 106755200 2167140 79130052    0    0 269904 131280 250118 1409724 40 36 23  1  0  0
87  8 346584 106763928 2167140 79130072    0    0 299040 138420 255136 1435864 41 35 23  1  0  0
93  4 346584 106773380 2167140 79130092    0    0 287056 172452 252127 1420844 40 36 23  1  0  0
35  1 346584 106764432 2167140 79130112    0    0 277696 125164 255438 1428423 40 37 23  1  0  0
33  0 346584 106748972 2167140 79130128    0    0 289344 138952 250949 1428839 41 35 23  1  0  0
45  2 346584 106727276 2167140 79130152    0    0 269776 167252 250127 1414451 40 36 23  1  0  0
39  6 346584 106748924 2167140 79130168    0    0 303680 137904 252923 1430691 41 35 23  1  0  0
45  3 346584 106749344 2167140 79130188    0    0 273920 125836 256062 1434213 41 35 23  1  0  0
47  1 346584 106750848 2167140 79130200    0    0 294720 138352 258083 1431323 40 36 23  1  0  0
102  4 346584 106765660 2167140 79130216    0    0 296336 180352 253265 1429269 40 36 23  1  0  0
63  1 346584 106750044 2167140 79130236    0    0 261728 119060 244829 1403847 40 36 24  1  0  0
35  3 346584 106752632 2167140 79130252    0    0 295392 138140 253055 1428276 40 36 23  1  0  0
63 16 346584 106753300 2167140 79130280    0    0 307072 185304 258054 1435001 41 36 23  1  0  0
70  4 346584 106725112 2167140 79130304    0    0 267728 125656 248462 1405986 41 36 23  1  0  0
procs -----------memory---------- ---swap-- -----io---- -system-- -------cpu-------
 r  b   swpd   free   buff  cache   si   so    bi    bo   in   cs us sy id wa st gu
83  2 346584 106739972 2167140 79130324    0    0 301456 141360 256402 1430503 40 37 22  1  0  0
25  3 346584 106759552 2167140 79130332    0    0 293472 175336 258759 1436404 40 36 23  1  0  0
74  6 346584 106743000 2167140 79130352    0    0 289184 135080 257199 1423738 40 37 22  1  0  0
34  1 346584 106747508 2167140 79130372    0    0 289184 138628 251815 1422167 40 36 23  1  0  0
55  1 346584 106723664 2167140 79130392    0    0 281904 189932 253495 1417820 41 36 22  1  0  0
61  0 346584 106736272 2167140 79130408    0    0 299200 134608 264267 1440533 40 37 22  1  0  0
20  0 346584 106749688 2167140 79130428    0    0 263888 126356 250673 1415537 40 36 23  1  0  0
23  7 346584 106764524 2167140 79130452    0    0 297632 138620 254278 1431385 41 35 23  1  0  0
86  6 346584 106756804 2167140 79130460    0    0 291776 176556 256345 1426338 40 36 23  1  0  0
53  0 346584 106735836 2167144 79130480    0    0 351152 173048 280707 1447891 43 34 22  1  0  0
60  1 346584 106735608 2167144 79130500    0    0 304672 204692 280856 1470312 43 34 22  1  0  0
49  2 346584 106739176 2167144 79130520    0    0 293360 150376 267902 1442464 42 35 23  1  0  0
38  2 346584 106742700 2167144 79130532    0    0 273648 129328 247886 1411977 41 35 23  1  0  0
58  0 346584 106743736 2167144 79130556    0    0 301232 138760 254018 1426395 41 35 23  1  0  0
56  9 346584 106746992 2167144 79130568    0    0 303312 179124 259484 1432366 41 36 22  1  0  0
101  1 346584 106751028 2167144 79130592    0    0 264272 127592 246604 1413798 40 36 23  1  0  0
76  3 346584 106740664 2167144 79130608    0    0 292160 132948 253227 1423812 40 36 23  1  0  0
59  2 346584 106744872 2167144 79130636    0    0 298432 177268 262252 1438279 41 36 23  1  0  0
85  4 346584 106731196 2167144 79130652    0    0 273792 128372 249859 1414202 41 35 23  1  0  0
61  3 346584 106735304 2167144 79130676    0    0 287472 137868 250466 1425353 40 36 23  1  0  0
65  1 346584 106733900 2167144 79130696    0    0 301312 180168 257069 1424330 41 36 22  1  0  0
procs -----------memory---------- ---swap-- -----io---- -system-- -------cpu-------
 r  b   swpd   free   buff  cache   si   so    bi    bo   in   cs us sy id wa st gu
84  3 346584 106756608 2167144 79130708    0    0 284032 128240 256732 1425234 41 36 22  1  0  0
77  9 346584 106748980 2167144 79130728    0    0 285616 135908 255384 1431814 40 36 23  1  0  0
109  9 346584 106736500 2167144 79130744    0    0 264864 166896 247878 1416716 40 35 23  1  0  0
34  3 346584 106725716 2167144 79130764    0    0 295216 135816 254259 1426501 41 36 22  1  0  0
115  6 346584 106712956 2167144 79130784    0    0 266672 124184 246867 1404329 40 36 23  1  0  0
72  5 346584 106718548 2167144 79130808    0    0 297984 134892 252716 1427099 40 36 23  1  0  0
52  0 346584 106735316 2167144 79130828    0    0 304384 183856 257987 1433012 41 36 22  1  0  0
78  3 346584 106744328 2167144 79130840    0    0 271952 126928 250772 1414278 40 36 23  1  0  0
94  2 346584 106752972 2167144 79130856    0    0 289712 150284 250612 1429407 40 36 23  1  0  0
34  1 346584 106744092 2167144 79130880    0    0 273664 154864 254978 1424272 40 36 23  1  0  0
23  4 346584 106745804 2167144 79130904    0    0 291120 148748 252898 1425679 41 35 23  1  0  0
100  4 346584 106738520 2167144 79130920    0    0 286336 136040 251494 1425894 40 36 23  1  0  0
63  4 346584 106732684 2167144 79130940    0    0 265440 121396 247249 1409281 40 36 23  1  0  0
94  1 346584 106741448 2167144 79130956    0    0 303456 178992 266044 1450017 41 36 22  1  0  0
55  6 346584 106747652 2167144 79130976    0    0 275776 132356 255541 1422779 40 36 23  1  0  0
23  4 346584 106737372 2167144 79130996    0    0 304048 141148 254345 1432100 41 36 23  1  0  0
125  2 346584 106737352 2167144 79131012    0    0 287760 175276 253835 1427157 41 36 23  1  0  0
46  2 346584 106726616 2167144 79131032    0    0 255392 117868 244270 1405261 40 36 23  1  0  0
76  3 346584 106725564 2167144 79131052    0    0 295936 132172 254456 1426872 41 36 23  1  0  0
75  3 346584 106731912 2167144 79131080    0    0 295024 186452 263616 1435175 42 35 22  1  0  0
63  1 346584 106760412 2167144 79131092    0    0 268832 135036 261347 1426019 41 35 22  1  0  0
procs -----------memory---------- ---swap-- -----io---- -system-- -------cpu-------
 r  b   swpd   free   buff  cache   si   so    bi    bo   in   cs us sy id wa st gu
90 10 346584 106750948 2167144 79131104    0    0 289408 134980 252851 1426443 40 37 23  1  0  0
128 13 346584 106740116 2167144 79131124    0    0 287680 172168 254078 1424125 40 36 23  1  0  0
31  8 346584 106724148 2167144 79131148    0    0 286336 133808 255439 1426431 40 36 22  1  0  0
12  0 346584 106715224 2167144 79131168    0    0 274544 130600 247446 1418949 39 36 23  1  0  0
29  8 346584 106719436 2167144 79131184    0    0 290016 174452 253207 1426966 40 36 23  1  0  0
104  4 346584 106730232 2167144 79131200    0    0 295168 134604 253008 1417601 40 37 22  1  0  0
51  1 346584 106748204 2167144 79131212    0    0 279184 128656 250396 1417979 40 37 23  1  0  0
36  6 346584 106740176 2167144 79131228    0    0 285536 133444 250328 1420772 41 36 23  1  0  0
57  6 346584 106739724 2167148 79131248    0    0 292624 180008 252770 1420108 41 35 23  1  0  0
25  0 346584 106728960 2167148 79131268    0    0 270992 121156 247593 1409706 40 36 23  1  0  0
27  2 346584 106747028 2167148 79131292    0    0 284592 132212 252387 1426451 41 36 23  1  0  0
53  1 346584 106736092 2167148 79131312    0    0 284672 166988 252598 1422001 40 36 23  1  0  0
40  1 346584 106736668 2167148 79131332    0    0 306528 169004 257529 1432665 41 36 23  1  0  0
68  1 346584 106750372 2167148 79131344    0    0 269328 123476 250080 1414478 41 36 23  1  0  0
32  7 346584 106741380 2167148 79131364    0    0 291488 137292 261062 1433603 41 36 22  1  0  0
121  4 346584 106743748 2167148 79131392    0    0 311120 181280 258112 1432479 40 36 22  1  0  0
72  2 346584 106717776 2167148 79131412    0    0 267856 128996 246394 1404924 40 36 23  1  0  0
37  1 346584 106737348 2167148 79131436    0    0 293072 133584 254235 1422846 41 36 22  1  0  0
21  0 346584 106732524 2167148 79131456    0    0 291040 172896 253302 1421730 41 35 23  1  0  0
132  8 346584 106742776 2167148 79131476    0    0 281856 133012 251283 1415865 40 37 22  1  0  0
54  0 346584 106744488 2167148 79131488    0    0 283392 136044 252382 1424707 40 36 23  1  0  0
procs -----------memory---------- ---swap-- -----io---- -system-- -------cpu-------
 r  b   swpd   free   buff  cache   si   so    bi    bo   in   cs us sy id wa st gu
66  1 346584 106731752 2167148 79131500    0    0 276048 168412 250170 1420716 40 36 23  1  0  0
58  4 346584 106746212 2167148 79131524    0    0 299360 149276 273929 1461840 42 35 22  1  0  0
78  9 346584 106725820 2167152 79131540    0    0 280240 141084 264578 1442241 42 35 22  1  0  0
38  6 346584 106713536 2167152 79131564    0    0 288144 134608 252319 1421926 40 36 23  1  0  0
41  5 346584 106736316 2167152 79131584    0    0 290672 174408 252431 1430079 41 35 23  1  0  0
85  2 346584 106759612 2167152 79131604    0    0 266720 121184 251212 1412226 40 36 23  1  0  0
88  6 346584 106751644 2167152 79131616    0    0 296288 137624 255514 1433217 41 36 22  1  0  0
78  3 346584 106716080 2167156 79131628    0    0 293584 180392 253686 1423087 41 35 23  1  0  0
74  3 346584 106731336 2167156 79131656    0    0 287744 133600 252451 1424175 41 35 22  1  0  0
42  1 346584 106720224 2167156 79131672    0    0 270048 123600 249203 1412648 40 37 23  1  0  0
36 12 346584 106727460 2167156 79131696    0    0 296080 173776 256853 1438285 41 35 23  1  0  0
23  4 346584 106734892 2167156 79131712    0    0 296800 140328 254903 1425733 41 36 23  1  0  0
91  6 346584 106740912 2167160 79131720    0    0 276816 130576 252182 1418809 41 36 23  1  0  0
53  0 346584 106748852 2167160 79131744    0    0 289728 131628 259483 1434971 40 36 23  1  0  0
30  6 346584 106723704 2167160 79131764    0    0 296528 177612 260756 1438204 40 36 23  1  0  0
70  0 346584 106732728 2167160 79131784    0    0 258944 121916 246041 1411607 40 36 23  1  0  0
56  4 346584 106726684 2167160 79131800    0    0 297056 156172 253043 1431805 40 36 23  1  0  0
12  1 346584 106715648 2167160 79131820    0    0 297456 183212 262245 1438078 41 36 22  1  0  0
32  4 346584 106713248 2167160 79131836    0    0 284944 131440 252146 1416250 40 37 22  1  0  0
13  0 346584 106722840 2167160 79131856    0    0 274112 130260 249499 1423361 40 35 23  1  0  0
84  2 346584 106726388 2167160 79131880    0    0 292848 176952 255235 1424326 40 36 22  1  0  0
procs -----------memory---------- ---swap-- -----io---- -system-- -------cpu-------
 r  b   swpd   free   buff  cache   si   so    bi    bo   in   cs us sy id wa st gu
70  4 346584 106730508 2167160 79131900    0    0 294144 130836 253222 1418383 41 35 23  1  0  0
23 12 346584 106722892 2167164 79131920    0    0 279696 136876 251679 1419958 41 35 23  1  0  0
97  5 346584 106719404 2167164 79131944    0    0 289856 189732 265225 1442215 41 35 23  1  0  0
46  2 346584 106729704 2167164 79131964    0    0 275888 126556 249520 1413793 40 36 23  1  0  0
55  4 346584 106742420 2167164 79131988    0    0 286224 132068 257497 1438049 41 36 22  1  0  0
103  8 346584 106738620 2167164 79131996    0    0 293904 178992 264381 1439221 40 37 22  1  0  0
63  4 346584 106735056 2167164 79132016    0    0 303248 142656 251298 1435128 41 35 23  1  0  0
103 10 346584 106729820 2167164 79132036    0    0 267968 124696 247658 1403735 40 36 23  1  0  0
91  0 346584 106721916 2167164 79132064    0    0 287152 129940 257500 1430062 40 36 22  1  0  0
90 11 346584 106720548 2167164 79132084    0    0 303376 189428 266847 1449118 41 35 23  1  0  0
85  3 346584 106711548 2167164 79132100    0    0 266064 129128 249395 1416356 40 35 23  1  0  0
32  3 346584 106719728 2167164 79132120    0    0 301360 141840 254484 1435440 41 35 23  1  0  0
55  0 346584 106736860 2167164 79132128    0    0 299216 177328 255100 1436213 41 36 22  1  0  0
55  0 346584 106739376 2167164 79132152    0    0 267088 123188 252278 1417737 39 37 23  1  0  0
47  0 346584 106715800 2167164 79132168    0    0 299824 145284 253552 1428839 40 36 23  1  0  0
36  9 346584 106722564 2167164 79132184    0    0 295616 179352 254246 1426158 41 36 22  1  0  0
85  4 346584 106710788 2167164 79132204    0    0 272960 124548 247657 1410944 40 36 23  1  0  0
101  5 346584 106722668 2167164 79132224    0    0 289680 133092 256846 1434699 40 36 23  1  0  0
50 10 346584 106734816 2167164 79132240    0    0 296768 184948 260467 1438346 41 35 23  1  0  0
25  2 346584 106714588 2167164 79132264    0    0 280560 145316 263458 1433977 42 35 23  1  0  0
24  0 346584 106718368 2167164 79132276    0    0 283248 130092 248565 1415417 41 35 23  1  0  0
procs -----------memory---------- ---swap-- -----io---- -system-- -------cpu-------
 r  b   swpd   free   buff  cache   si   so    bi    bo   in   cs us sy id wa st gu
43  2 346584 106725756 2167164 79132292    0    0 272512 146440 251321 1413833 40 37 22  1  0  0
85  5 346584 106717052 2167164 79132320    0    0 295104 170644 260676 1441154 41 35 23  1  0  0
92 12 346584 106711536 2167164 79132344    0    0 262544 126320 247018 1407028 41 36 23  1  0  0
127  6 346584 106723672 2167164 79132360    0    0 289392 132540 252729 1433081 41 35 23  1  0  0
64  4 346584 106750244 2167164 79132368    0    0 297584 177868 257748 1433378 41 36 22  1  0  0
60  2 346584 106728020 2167168 79132388    0    0 262256 118004 254117 1418311 40 37 22  1  0  0
71  3 346584 106727776 2167168 79132420    0    0 300896 142196 258075 1428362 41 35 22  1  0  0
126  8 346584 106707652 2167168 79132440    0    0 290336 177912 253357 1425288 40 36 23  1  0  0
63  3 346584 106716284 2167168 79132456    0    0 272816 126572 248873 1414896 40 36 23  1  0  0
88  0 346584 106717068 2167168 79132476    0    0 291328 135556 253184 1426804 40 35 23  1  0  0
83  3 346584 106737252 2167176 79132540    0    0 302512 180132 264791 1441399 41 36 22  1  0  0
84  2 346584 106736880 2167176 79132552    0    0 283984 131948 252299 1423209 41 36 23  1  0  0
16  0 346584 106730532 2167176 79132568    0    0 279248 132040 248543 1421625 40 36 23  1  0  0
146  4 346584 106716828 2167176 79132592    0    0 284032 127508 251784 1420750 41 36 23  1  0  0
119  5 346584 106719560 2167176 79132616    0    0 296448 177144 255528 1435134 40 36 22  1  0  0
52  2 346584 106732020 2167176 79132636    0    0 260832 126112 247639 1412087 40 35 24  1  0  0
47  1 346584 106731700 2167176 79132652    0    0 294768 135844 254552 1425740 40 36 22  1  0  0
29  1 346584 106743356 2167176 79132668    0    0 287216 173968 255427 1428630 40 36 23  1  0  0
53  1 346584 106717980 2167176 79132684    0    0 277248 125232 249183 1414513 40 36 23  1  0  0
77  3 346584 106718620 2167176 79132708    0    0 294992 147672 262220 1427364 41 35 23  1  0  0
31  4 346584 106714920 2167176 79132724    0    0 291728 183448 260479 1438291 42 34 23  1  0  0
procs -----------memory---------- ---swap-- -----io---- -system-- -------cpu-------
 r  b   swpd   free   buff  cache   si   so    bi    bo   in   cs us sy id wa st gu
105  0 346584 106721764 2167176 79132744    0    0 281648 130832 250337 1419231 40 36 23  1  0  0
115  4 346584 106727984 2167176 79132760    0    0 264432 123084 244720 1410170 40 35 23  1  0  0
19  0 346584 106725376 2167176 79132788    0    0 296592 135580 254825 1424518 40 36 22  1  0  0
55  1 346584 106741384 2167176 79132796    0    0 313424 187336 261918 1441634 41 35 22  1  0  0
55  2 346584 106722904 2167176 79132816    0    0 263792 140120 247066 1408824 41 35 23  1  0  0
40  2 346584 106719680 2167180 79132840    0    0 294320 138708 250506 1422714 40 35 23  1  0  0
55  5 346584 106722212 2167180 79132852    0    0 301056 178396 261231 1441890 41 35 23  1  0  0
19  8 346584 106722752 2167180 79132876    0    0 268432 125504 258212 1427678 40 36 23  1  0  0
28  3 346584 106734200 2167180 79132896    0    0 303024 145060 256225 1429262 40 36 23  1  0  0
48  0 346584 106726728 2167180 79132916    0    0 306448 191528 268179 1453316 42 35 22  1  0  0
69  3 346584 106727980 2167180 79132924    0    0 270816 142476 271740 1452112 42 35 23  1  0  0
70  2 346584 106726576 2167180 79132940    0    0 281056 129444 254077 1432705 40 36 23  1  0  0
63  7 346584 106727888 2167180 79132964    0    0 290992 177692 263306 1440693 41 36 23  1  0  0
53  3 346584 106720136 2167180 79132984    0    0 288464 133228 252532 1421166 40 36 23  1  0  0
60  1 346584 106722572 2167180 79133004    0    0 276256 127200 248025 1414079 39 37 23  1  0  0
38  2 346584 106712408 2167180 79133020    0    0 277776 128804 250481 1409552 40 36 23  1  0  0
44  1 346584 106728648 2167180 79133036    0    0 304896 179144 263029 1440712 41 35 23  1  0  0
42  5 346584 106730080 2167180 79133048    0    0 269968 128156 251454 1417042 40 37 23  1  0  0
23  3 346584 106719008 2167180 79133072    0    0 296784 138924 253398 1432367 40 36 23  1  0  0
53  3 346584 106709852 2167180 79133092    0    0 288864 176452 253495 1428606 40 36 23  1  0  0
73  0 346584 106720684 2167180 79133108    0    0 275152 123076 248146 1413802 40 36 23  1  0  0
procs -----------memory---------- ---swap-- -----io---- -system-- -------cpu-------
 r  b   swpd   free   buff  cache   si   so    bi    bo   in   cs us sy id wa st gu
53  3 346584 106713312 2167180 79133128    0    0 288704 137948 254137 1427603 40 36 23  1  0  0
45  1 346584 106720348 2167180 79133152    0    0 286496 176308 253227 1423121 40 36 23  1  0  0
68  0 346584 106742768 2167180 79133180    0    0 286176 131036 254405 1424883 41 36 22  1  0  0
71  1 346584 106722040 2167180 79133184    0    0 276272 126544 249717 1417366 40 36 23  1  0  0
86  1 346584 106723636 2167180 79133208    0    0 291856 137264 254127 1422192 41 36 23  1  0  0
61  6 346584 106709792 2167180 79133228    0    0 298832 181020 254259 1427857 41 35 23  1  0  0
22  1 346584 106714028 2167180 79133248    0    0 266176 125600 247554 1411195 39 37 23  1  0  0
101  4 346584 106708060 2167180 79133268    0    0 287648 128536 254577 1423120 40 36 23  1  0  0
105  2 346584 106717336 2167180 79133292    0    0 305728 184844 259420 1439013 40 36 23  1  0  0
33  0 346584 106723532 2167180 79133308    0    0 258352 141220 248143 1417592 40 35 24  1  0  0
80  7 346584 106724660 2167180 79133328    0    0 292768 133412 251933 1422824 40 36 23  1  0  0
95  0 346584 106718636 2167180 79133344    0    0 293264 175736 260875 1445188 40 36 22  1  0  0
114  8 346584 106723852 2167180 79133368    0    0 268032 128880 253782 1423831 40 36 23  1  0  0
54  1 346584 106719156 2167180 79133384    0    0 307088 141632 255660 1434903 41 35 22  1  0  0
63  3 346584 106712912 2167180 79133400    0    0 294416 179052 254446 1424842 40 36 22  1  0  0
42  2 346584 106729572 2167180 79133424    0    0 281888 125712 251571 1423268 41 36 23  1  0  0
92  1 346584 106742072 2167180 79133432    0    0 281968 130696 253898 1421517 40 36 23  1  0  0
39  1 346584 106710052 2167180 79133456    0    0 300128 181952 256016 1425854 40 36 22  1  0  0
17  5 346584 106720780 2167180 79133476    0    0 285488 133328 250526 1420829 40 36 23  1  0  0
104  4 346584 106710432 2167180 79133496    0    0 283776 131600 254067 1423661 40 36 23  1  0  0
46  3 346584 106718844 2167180 79133516    0    0 282592 146768 260858 1433215 40 36 23  1  0  0
procs -----------memory---------- ---swap-- -----io---- -system-- -------cpu-------
 r  b   swpd   free   buff  cache   si   so    bi    bo   in   cs us sy id wa st gu
126  4 346584 106724296 2167180 79133532    0    0 304352 166376 261779 1434834 41 36 23  1  0  0
24  5 346584 106716156 2167180 79133552    0    0 271472 130376 250198 1413262 40 36 23  1  0  0
51  2 346584 106710552 2167180 79133564    0    0 301008 136428 254515 1428676 41 36 23  1  0  0
13  0 346584 106711304 2167180 79133584    0    0 291984 175848 258217 1434059 41 35 23  1  0  0
53  4 346584 106706416 2167180 79133604    0    0 278704 124616 258931 1436559 40 36 23  1  0  0
29  2 346584 106704884 2167180 79133624    0    0 291552 139612 251167 1425842 40 36 23  1  0  0
66  8 346584 106711052 2167180 79133644    0    0 292096 178640 254583 1428179 40 35 23  1  0  0
114  2 346584 106694628 2167180 79133664    0    0 279536 127668 252433 1413452 40 37 22  1  0  0
140  1 346584 106712204 2167180 79133676    0    0 279472 129056 252125 1425383 40 37 22  1  0  0
89  7 346584 106732440 2167180 79133692    0    0 281904 128736 254534 1419302 40 36 23  1  0  0
50  6 346584 106730256 2167180 79133848    0    0 303536 185068 256178 1430952 41 35 22  1  0  0
73  3 346584 106713536 2167180 79133872    0    0 265136 124620 247225 1413394 40 36 23  1  0  0
41  7 346584 106703416 2167180 79133888    0    0 295904 136324 251926 1428864 41 36 22  1  0  0
92  1 346584 106709788 2167180 79133912    0    0 289296 188496 258966 1436126 41 36 23  1  0  0
77  5 346584 106721440 2167180 79133936    0    0 280960 129136 255573 1429936 40 36 23  1  0  0
90  4 346584 106733976 2167180 79133948    0    0 286816 137696 252137 1429520 40 36 23  1  0  0
27  1 346584 106729260 2167180 79133956    0    0 294336 176080 256997 1423577 41 36 22  1  0  0
58  1 346584 106710896 2167180 79133980    0    0 294464 134624 252887 1425799 41 35 23  1  0  0
55  1 346584 106698148 2167180 79134004    0    0 282064 128960 247606 1419238 40 36 23  1  0  0
47  3 346584 106691620 2167180 79134020    0    0 288624 164212 252312 1422187 40 36 22  1  0  0
102  1 346584 106719944 2167180 79134044    0    0 296544 149624 254434 1423381 41 35 23  1  0  0
procs -----------memory---------- ---swap-- -----io---- -system-- -------cpu-------
 r  b   swpd   free   buff  cache   si   so    bi    bo   in   cs us sy id wa st gu
56  1 346584 106702576 2167180 79134064    0    0 275248 128868 250114 1415794 40 36 23  1  0  0
43  3 346584 106712108 2167180 79134080    0    0 273136 122260 253017 1418894 40 37 22  1  0  0
107  1 346584 106712136 2167180 79134100    0    0 297824 179736 263941 1450674 41 35 23  1  0  0
86  1 346584 106714124 2167180 79134116    0    0 276896 128280 252887 1421989 40 36 23  1  0  0
62  2 346584 106696640 2167180 79134136    0    0 286048 136556 250423 1420319 40 36 23  1  0  0
34  7 346584 106705728 2167180 79134156    0    0 298880 176800 254254 1432451 41 35 23  1  0  0
76  1 346584 106719284 2167180 79134184    0    0 273984 124508 254769 1420562 40 36 23  1  0  0
77  6 346584 106734892 2167180 79134204    0    0 287024 133364 259114 1438033 40 37 23  1  0  0
31  1 346584 106743732 2167180 79134216    0    0 307024 185260 259016 1430151 41 36 22  1  0  0
28  5 346584 106715508 2167180 79134236    0    0 272736 123696 247337 1411182 40 36 23  1  0  0
60  1 346584 106707800 2167180 79134256    0    0 284912 132560 249106 1428669 40 36 23  1  0  0
33  3 346584 106698528 2167180 79134280    0    0 292144 175668 258682 1428505 41 35 23  1  0  0
43  2 346584 106704220 2167180 79134296    0    0 290800 135680 252369 1420310 41 36 22  1  0  0
52  2 346584 106713756 2167180 79134316    0    0 285408 135164 251370 1417800 40 36 23  1  0  0
80  7 346584 106731452 2167180 79134328    0    0 290288 163524 256917 1428246 40 36 23  1  0  0
74  0 346584 106728096 2167180 79134340    0    0 291536 142600 261250 1431312 40 36 22  1  0  0
15  2 346584 106706120 2167180 79134372    0    0 272928 130692 249904 1418721 41 36 23  1  0  0
75  9 346584 106696944 2167180 79134388    0    0 289328 175008 252781 1427056 41 35 23  1  0  0
45  1 346584 106686504 2167180 79134408    0    0 275360 141708 249006 1406945 40 35 23  1  0  0
98  2 346584 106700728 2167180 79134428    0    0 286112 133236 250823 1427257 41 35 23  1  0  0
53  1 346584 106694424 2167180 79134452    0    0 278928 170592 254000 1409985 41 36 22  1  0  0
procs -----------memory---------- ---swap-- -----io---- -system-- -------cpu-------
 r  b   swpd   free   buff  cache   si   so    bi    bo   in   cs us sy id wa st gu
18  0 346584 106705824 2167180 79134472    0    0 305600 142484 257992 1428192 41 36 23  1  0  0
133  2 346584 106709740 2167180 79134488    0    0 268848 125372 246286 1416220 40 36 23  1  0  0
41  2 346584 106688244 2167180 79134512    0    0 295648 140916 252042 1419339 40 36 23  1  0  0
119  2 346584 106713696 2167180 79134532    0    0 301856 177544 257423 1433112 40 36 22  1  0  0
26  0 346584 106709108 2167180 79134556    0    0 274288 130716 248323 1415049 40 36 23  1  0  0
72  4 346584 106700080 2167180 79134576    0    0 292784 133616 254282 1420631 40 36 22  1  0  0
67  2 346584 106725268 2167180 79134596    0    0 296176 177528 259875 1434135 40 36 23  1  0  0
51  6 346584 106735060 2167180 79134604    0    0 264464 120532 257359 1421956 41 36 23  1  0  0
79  5 346584 106709708 2167180 79134624    0    0 296160 141840 258089 1437912 41 35 22  1  0  0
 6  0 346584 106700344 2167180 79134640    0    0 296560 177692 254979 1427821 41 35 23  1  0  0
20  3 346584 106702272 2167180 79134660    0    0 274288 123800 249202 1407043 39 37 22  1  0  0
55  1 346584 106700316 2167180 79134684    0    0 306752 143232 253125 1433737 40 35 23  1  0  0
100  7 346584 106701252 2167180 79134700    0    0 291088 176084 253285 1424202 40 36 23  1  0  0
33  5 346584 106715176 2167180 79134720    0    0 300256 138264 256922 1425089 41 36 22  1  0  0
71  2 346584 106717636 2167180 79134732    0    0 271568 128696 248083 1412948 41 35 23  1  0  0
82  3 346584 106712808 2167180 79134748    0    0 293888 135316 252993 1426492 41 36 22  1  0  0
76  5 346584 106706860 2167180 79134772    0    0 306080 185040 255622 1426777 41 36 23  1  0  0
60  4 346584 106681712 2167180 79134788    0    0 275392 130428 248268 1417039 40 37 23  1  0  0
45  7 346584 106699540 2167180 79134812    0    0 297328 135856 254077 1425919 41 36 23  1  0  0
63  2 346584 106717580 2167180 79134828    0    0 302480 181428 255142 1428292 41 36 23  1  0  0
13  0 346584 106720752 2167180 79134844    0    0 277744 128052 251732 1416632 41 35 22  1  0  0
procs -----------memory---------- ---swap-- -----io---- -system-- -------cpu-------
 r  b   swpd   free   buff  cache   si   so    bi    bo   in   cs us sy id wa st gu
88  8 346584 106728708 2167180 79134860    0    0 281408 129876 247871 1419445 40 36 23  1  0  0
75  1 346584 106718752 2167180 79134880    0    0 306352 181124 257353 1430248 41 35 23  1  0  0
117  0 346584 106702864 2167180 79134900    0    0 281584 128156 249344 1414366 40 36 23  1  0  0
23  3 346584 106703948 2167180 79134916    0    0 286608 133828 249339 1428381 40 36 23  1  0  0
131 11 346584 106698404 2167180 79134936    0    0 300128 178932 255188 1430766 40 36 22  1  0  0
58  2 346584 106700200 2167180 79134952    0    0 282528 129172 251851 1420085 41 35 23  1  0  0
49 11 346584 106724836 2167180 79134968    0    0 299728 141816 255538 1436525 42 35 23  1  0  0
39  2 346584 106718496 2167184 79134980    0    0 293232 177024 254646 1429935 41 35 23  1  0  0
71  4 346584 106719092 2167184 79135008    0    0 293840 134760 252912 1426958 41 35 23  1  0  0
102  2 346584 106709080 2167184 79135024    0    0 281616 130484 249161 1415806 40 35 23  1  0  0
98  6 346584 106704228 2167184 79135048    0    0 301008 139756 254762 1428932 41 36 22  1  0  0
52  6 346584 106694096 2167184 79135068    0    0 307488 196256 273837 1454476 42 34 22  1  0  0
34  7 346584 106717008 2167184 79135084    0    0 269568 126056 253586 1417415 40 36 23  1  0  0
78  7 346584 106717664 2167184 79135092    0    0 291168 134704 252906 1429875 41 36 23  1  0  0
65  1 346584 106716872 2167184 79135116    0    0 293008 174820 255112 1421679 40 36 23  1  0  0
67  5 346584 106690880 2167184 79135140    0    0 268528 121180 252136 1417405 40 37 23  1  0  0
122  3 346584 106688692 2167184 79135160    0    0 300512 142152 265187 1447047 41 35 23  1  0  0
49  8 346584 106691360 2167188 79135176    0    0 292160 177452 259399 1435948 41 36 22  1  0  0
75  1 346584 106684364 2167188 79135200    0    0 282432 128768 250193 1413521 41 35 23  1  0  0
118  5 346584 106701528 2167188 79135216    0    0 291792 135148 253007 1426935 41 36 22  1  0  0
61  2 346584 106720428 2167188 79135228    0    0 295536 174220 255951 1430631 40 36 23  1  0  0
procs -----------memory---------- ---swap-- -----io---- -system-- -------cpu-------
 r  b   swpd   free   buff  cache   si   so    bi    bo   in   cs us sy id wa st gu
30  9 346584 106705664 2167188 79135256    0    0 284272 132112 249814 1418309 40 36 23  1  0  0
13  0 346584 106693444 2167192 79135268    0    0 280512 133948 249599 1415751 40 36 23  1  0  0
102  0 346584 106688512 2167192 79135296    0    0 284832 130896 248684 1415147 41 36 23  1  0  0
85  1 346584 106707544 2167192 79135316    0    0 298736 177896 259233 1439280 40 37 23  1  0  0
78  3 346584 106709372 2167192 79135336    0    0 269024 124436 248322 1405349 40 36 24  1  0  0
49  5 346584 106724608 2167192 79135352    0    0 292944 141076 255397 1429353 40 36 22  1  0  0
54  2 346584 106701848 2167192 79135368    0    0 293264 194532 253286 1432053 40 36 23  1  0  0
69  1 346584 106717688 2167192 79135388    0    0 274976 122812 247571 1405292 40 36 23  1  0  0
49  1 346584 106704056 2167192 79135408    0    0 299024 140260 251276 1424050 41 35 23  1  0  0
81  8 346584 106720940 2167192 79135432    0    0 292640 181296 256340 1431293 40 36 23  1  0  0
35  2 346584 106701768 2167192 79135456    0    0 275168 140420 263288 1431523 41 35 23  1  0  0
46  1 346584 106706428 2167192 79135472    0    0 284112 130768 255620 1432341 40 36 23  1  0  0
116 23 346584 106708416 2167192 79135484    0    0 291888 154656 258195 1434806 41 35 23  1  0  0
35  6 346584 106719188 2167192 79135508    0    0 299136 160924 254719 1428607 41 36 22  1  0  0
92  6 346584 106719048 2167192 79135524    0    0 282512 133596 249656 1418997 40 35 23  1  0  0
40  0 346584 106716224 2167192 79135548    0    0 280496 138656 249534 1412993 41 36 23  1  0  0
107  2 346584 106712228 2167192 79135564    0    0 306704 169588 264490 1446890 41 35 23  1  0  0
43  5 346584 106683748 2167192 79135584    0    0 272224 130772 254116 1418029 40 37 22  1  0  0
138  3 346584 106710808 2167192 79135608    0    0 305472 157564 273081 1454736 42 35 22  1  0  0
61  9 346584 106709296 2167192 79135612    0    0 298704 195756 276013 1459564 42 35 22  1  0  0
125  7 346584 106700404 2167192 79135636    0    0 272816 122600 246643 1409288 40 37 23  1  0  0
procs -----------memory---------- ---swap-- -----io---- -system-- -------cpu-------
 r  b   swpd   free   buff  cache   si   so    bi    bo   in   cs us sy id wa st gu
75  8 346584 106699212 2167196 79135648    0    0 297040 138188 252263 1428621 40 36 23  1  0  0
73  8 346584 106720776 2167196 79135676    0    0 300512 184760 258334 1431167 41 35 23  1  0  0
82  2 346584 106707180 2167196 79135692    0    0 268256 135052 257489 1421979 40 36 23  1  0  0
21  5 346584 106697796 2167196 79135712    0    0 291744 133860 251119 1424150 40 36 23  1  0  0
68  0 346584 106722460 2167196 79135732    0    0 300176 177224 265028 1441512 41 36 22  1  0  0
130  8 346584 106722848 2167196 79135748    0    0 291232 137016 254815 1421457 41 36 22  1  0  0
56  1 346584 106703676 2167196 79135768    0    0 286592 136280 251192 1423643 40 36 23  1  0  0
63  0 346584 106696036 2167196 79135784    0    0 277888 141412 250630 1412469 40 37 23  1  0  0
83  4 346584 106689148 2167196 79135804    0    0 296608 160780 261947 1445690 41 36 22  1  0  0
38  0 346584 106704680 2167196 79135824    0    0 277616 132688 253052 1418700 41 36 23  1  0  0
51  0 346584 106706288 2167196 79135844    0    0 280304 147536 251209 1421924 41 35 23  1  0  0
28 10 346584 106726872 2167204 79135856    0    0 290464 175892 256220 1432911 41 36 23  1  0  0
87  5 346584 106698852 2167204 79135876    0    0 276192 124724 250046 1404140 40 37 22  1  0  0
79  0 346584 106705672 2167204 79135892    0    0 301728 152620 273243 1452333 41 35 22  1  0  0
47  0 346584 106694612 2167204 79135916    0    0 310784 186676 266107 1454475 41 36 22  1  0  0
28  1 346584 106701136 2167204 79135932    0    0 278800 128760 248798 1408243 41 35 23  1  0  0
65  4 346584 106699284 2167204 79135952    0    0 299520 141092 253631 1424317 41 36 23  1  0  0
37  5 346584 106709020 2167204 79135972    0    0 299264 177096 256876 1432132 40 36 22  1  0  0
88  4 346584 106719224 2167204 79135980    0    0 275152 123248 257697 1423582 41 36 23  1  0  0
42  5 346584 106709272 2167204 79136000    0    0 296032 141108 259678 1446622 40 36 23  1  0  0
43  6 346584 106717332 2167204 79136020    0    0 275520 148396 252190 1417607 40 37 23  1  0  0
procs -----------memory---------- ---swap-- -----io---- -system-- -------cpu-------
 r  b   swpd   free   buff  cache   si   so    bi    bo   in   cs us sy id wa st gu
30  2 346584 106703684 2167208 79136040    0    0 297472 158736 252917 1432819 41 35 23  1  0  0
63  7 346584 106700696 2167208 79136060    0    0 268432 125452 246179 1406027 40 36 23  1  0  0
28  4 346584 106697832 2167208 79136080    0    0 297696 134744 259811 1441374 41 35 23  1  0  0
61  6 346584 106712220 2167208 79136096    0    0 304416 183548 261789 1441857 40 36 23  1  0  0
120  2 346584 106701760 2167208 79136112    0    0 261232 121612 247651 1412460 40 36 23  1  0  0
47  1 346584 106701880 2167208 79136136    0    0 305280 140560 255611 1428404 41 36 22  1  0  0
133  5 346584 106687136 2167208 79136152    0    0 293664 175504 255844 1433505 41 35 23  1  0  0
82  5 346584 106696500 2167208 79136172    0    0 273280 124796 249054 1412939 40 36 23  1  0  0
63 10 346584 106700216 2167208 79136188    0    0 284480 136192 250313 1419722 40 36 23  1  0  0
29  3 346584 106690140 2167208 79136216    0    0 300496 179956 256840 1430516 41 36 22  1  0  0
87  5 346584 106711744 2167208 79136232    0    0 289312 129092 263404 1439939 41 36 22  1  0  0
37  3 346584 106706360 2167208 79136240    0    0 285920 137240 251090 1426691 40 36 23  1  0  0
50  5 346584 106690960 2167208 79136260    0    0 280496 130640 250650 1412861 41 36 23  1  0  0
97  8 346584 106695688 2167208 79136280    0    0 295776 176772 254880 1430917 40 36 22  1  0  0
74  2 346584 106677532 2167208 79136304    0    0 335264 186844 278489 1453600 43 33 22  1  0  0
111  3 346584 106692552 2167208 79136320    0    0 294064 191980 268195 1445304 41 35 22  1  0  0
75  4 346584 106705380 2167208 79136344    0    0 289296 132980 253574 1423345 41 36 22  1  0  0
47  1 346584 106702020 2167208 79136356    0    0 273520 126152 251138 1420836 40 36 23  1  0  0
89  1 346584 106705716 2167208 79136372    0    0 290464 132836 252654 1420089 41 36 22  1  0  0
35  1 346584 106717924 2167208 79136396    0    0 302336 185252 258133 1427407 40 37 22  1  0  0
88  6 346584 106710208 2167208 79136416    0    0 266496 126104 247135 1409128 40 36 23  1  0  0
procs -----------memory---------- ---swap-- -----io---- -system-- -------cpu-------
 r  b   swpd   free   buff  cache   si   so    bi    bo   in   cs us sy id wa st gu
38  1 346584 106701260 2167208 79136436    0    0 283696 128680 249837 1420770 40 37 23  1  0  0
84  1 346584 106700076 2167208 79136452    0    0 291904 175216 258255 1438904 40 36 23  1  0  0
15  0 346584 106702032 2167208 79136468    0    0 271040 127836 254069 1423225 40 36 23  1  0  0
82  3 346584 106700888 2167208 79136488    0    0 299344 146920 261977 1445413 41 35 22  1  0  0
69  2 346584 106699256 2167208 79136508    0    0 298512 179244 254639 1431852 40 36 23  1  0  0
71  1 346584 106681700 2167208 79136532    0    0 258000 115208 244016 1406700 40 36 24  1  0  0
68  1 346584 106701512 2167208 79136548    0    0 297056 138388 252746 1427728 41 35 23  1  0  0
50  9 346584 106709512 2167208 79136572    0    0 297760 183028 254403 1433218 41 35 23  1  0  0
37  1 346584 106683252 2167208 79136584    0    0 269904 124640 246000 1403856 40 36 23  1  0  0
45  1 346584 106703404 2167212 79136600    0    0 286240 132068 253380 1435635 40 36 23  1  0  0
39  0 346584 106702132 2167212 79136616    0    0 299808 183080 266523 1446515 40 36 22  1  0  0
75  1 346584 106693300 2167212 79136636    0    0 279088 138392 261151 1430305 41 36 22  1  0  0
98  3 346584 106688300 2167212 79136660    0    0 276288 131864 248601 1420212 40 36 23  1  0  0
61  2 346584 106709372 2167212 79136680    0    0 283488 147468 250754 1419815 39 36 23  1  0  0
24  0 346584 106701148 2167212 79136700    0    0 298816 163928 256324 1426807 41 36 23  1  0  0
33  1 346584 106701504 2167212 79136720    0    0 266896 126492 248596 1410779 40 36 23  1  0  0
56  3 346584 106710988 2167212 79136740    0    0 302352 138904 256670 1430509 41 36 22  1  0  0
97  5 346584 106710868 2167212 79136752    0    0 288000 173328 254761 1430254 41 36 23  1  0  0
95  2 346584 106710260 2167212 79136772    0    0 267792 121376 251224 1409421 40 37 22  1  0  0
39  5 346584 106699484 2167212 79136792    0    0 302064 159168 253498 1429273 41 36 23  1  0  0
93  6 346584 106683236 2167212 79136812    0    0 292896 180232 254184 1429189 41 36 23  1  0  0
procs -----------memory---------- ---swap-- -----io---- -system-- -------cpu-------
 r  b   swpd   free   buff  cache   si   so    bi    bo   in   cs us sy id wa st gu
75  0 346584 106681324 2167212 79136840    0    0 281456 131592 249790 1414370 40 36 23  1  0  0
65  5 346584 106688908 2167212 79136856    0    0 278080 128656 255752 1428090 41 36 23  1  0  0
24  3 346584 106693024 2167212 79136868    0    0 303136 183524 260288 1436798 41 36 22  1  0  0
63  0 346584 106700500 2167212 79136892    0    0 288112 135108 252356 1416110 41 35 23  1  0  0
78  3 346584 106697832 2167212 79136916    0    0 264688 123292 247345 1413206 40 36 23  1  0  0
38  1 346584 106678176 2167212 79136932    0    0 291184 163528 260832 1421794 40 36 22  1  0  0
80  0 346584 106665828 2167212 79136952    0    0 290896 144184 252509 1428804 41 36 23  1  0  0
94  3 346584 106678060 2167212 79136976    0    0 281344 133912 249356 1422437 40 36 23  1  0  0
59  3 346584 106701572 2167216 79136996    0    0 288256 134080 255134 1418724 41 36 22  1  0  0
63  1 346584 106708028 2167216 79137012    0    0 308496 181124 259249 1439932 41 36 22  1  0  0
58  2 346584 106685548 2167216 79137028    0    0 264080 118796 255778 1420539 40 36 23  1  0  0
22  1 346584 106689512 2167216 79137048    0    0 283440 134724 255064 1424279 40 36 23  1  0  0
57  0 346584 106700784 2167216 79137064    0    0 302496 182644 256718 1434589 41 36 22  1  0  0
54  6 346584 106704260 2167220 79137088    0    0 277856 125936 249981 1417196 40 36 23  1  0  0
17  8 346584 106687112 2167220 79137108    0    0 277264 128664 249111 1415038 41 36 23  1  0  0
47 11 346584 106688624 2167220 79137124    0    0 307840 181580 260796 1434904 41 36 22  1  0  0
52  1 346584 106684424 2167220 79137136    0    0 275328 127784 250505 1414299 40 36 23  1  0  0
114  1 346584 106682704 2167220 79137156    0    0 291584 138464 252246 1430498 41 35 23  1  0  0
116  0 346584 106678532 2167220 79137184    0    0 288016 171340 253293 1427690 41 36 23  1  0  0
46  2 346584 106682860 2167220 79137200    0    0 282608 127228 249483 1413388 41 36 23  1  0  0
75  0 346584 106683228 2167220 79137220    0    0 281728 135584 250468 1417649 40 36 23  1  0  0
procs -----------memory---------- ---swap-- -----io---- -system-- -------cpu-------
 r  b   swpd   free   buff  cache   si   so    bi    bo   in   cs us sy id wa st gu
51  1 346584 106677460 2167220 79137232    0    0 287040 174260 254974 1414708 41 35 23  1  0  0
60  7 346584 106678408 2167220 79137248    0    0 289600 132904 254924 1432769 41 36 22  1  0  0
39  1 346584 106686248 2167224 79137264    0    0 266048 119852 246429 1408902 40 36 23  1  0  0
71  2 346584 106679032 2167224 79137292    0    0 306448 159424 254365 1436046 41 35 22  1  0  0
25  2 346584 106682812 2167224 79137312    0    0 294816 184236 255427 1432502 41 36 22  1  0  0
87  0 346584 106674380 2167224 79137328    0    0 261120 120424 245505 1405889 39 37 23  1  0  0
50  2 346584 106679196 2167224 79137348    0    0 296560 136344 258658 1434310 40 37 22  1  0  0
33 10 346584 106703128 2167228 79137364    0    0 300656 179692 264287 1452706 41 36 22  1  0  0
93  5 346584 106694468 2167228 79137388    0    0 282544 131896 253032 1419071 40 37 22  1  0  0
63  3 346584 106695008 2167228 79137404    0    0 283536 135136 249125 1423454 40 36 23  1  0  0
48  8 346584 106699720 2167228 79137420    0    0 297840 174348 254739 1424807 41 36 23  1  0  0
64  6 346584 106684228 2167228 79137440    0    0 285760 130872 253532 1425438 40 36 23  1  0  0
106  0 346584 106690572 2167228 79137464    0    0 281232 133244 249743 1417793 40 36 23  1  0  0
43  1 346584 106704500 2167228 79137488    0    0 276848 126704 249306 1416802 40 36 23  1  0  0
18  2 346584 106713156 2167228 79137504    0    0 298768 178784 263072 1438585 40 36 23  1  0  0
89  3 346584 106694656 2167228 79137512    0    0 267408 119824 254696 1422870 40 36 23  1  0  0
99  1 346584 106693896 2167228 79137540    0    0 289984 138524 251384 1426280 41 36 23  1  0  0
37  0 346584 106690224 2167228 79137552    0    0 287616 175092 252647 1421794 40 36 23  1  0  0
45  5 346584 106683820 2167228 79137580    0    0 281808 126652 253754 1418390 40 36 22  1  0  0
35  2 346584 106671416 2167228 79137596    0    0 282304 135496 261724 1440096 42 35 23  1  0  0
144  3 346584 106689768 2167228 79137616    0    0 303024 203688 277177 1461444 43 34 22  1  0  0
procs -----------memory---------- ---swap-- -----io---- -system-- -------cpu-------
 r  b   swpd   free   buff  cache   si   so    bi    bo   in   cs us sy id wa st gu
95  3 346584 106699560 2167228 79137636    0    0 292240 156704 276916 1464133 43 35 22  1  0  0
68  1 346584 106710684 2167228 79137648    0    0 259696 118860 249223 1411362 39 37 23  1  0  0
127  5 346584 106705548 2167228 79137668    0    0 296720 137584 262116 1445530 40 36 22  1  0  0
54  0 346584 106688528 2167228 79137684    0    0 309648 185848 261879 1440769 41 35 22  1  0  0
42  0 346584 106676444 2167228 79137708    0    0 272848 132276 249936 1410958 40 36 23  1  0  0
98  2 346584 106673268 2167228 79137728    0    0 287408 130748 251244 1422266 41 35 23  1  0  0
121  5 346584 106696752 2167228 79137744    0    0 297536 176264 257319 1429414 41 36 22  1  0  0
31  0 346584 106715084 2167228 79137760    0    0 278992 129124 258918 1419899 40 36 23  1  0  0
20  1 346584 106695888 2167228 79137784    0    0 292816 156688 252329 1427826 40 36 23  1  0  0
141  4 346584 106705236 2167228 79137800    0    0 291568 177156 254193 1423092 40 36 23  1  0  0
22  4 346584 106687956 2167228 79137820    0    0 276592 123404 248971 1413793 40 36 23  1  0  0
11  0 346584 106691800 2167228 79137840    0    0 287200 134848 256109 1431045 40 36 23  1  0  0
45  0 346584 106682068 2167228 79137856    0    0 281200 141128 249243 1413877 40 36 23  1  0  0
33  0 346584 106699568 2167228 79137884    0    0 299504 171376 255443 1428643 40 36 22  1  0  0
70  1 346584 106707628 2167228 79137896    0    0 280720 132136 253291 1423583 41 36 23  1  0  0
48  2 346584 106700864 2167228 79137908    0    0 292912 132944 259805 1433943 41 36 23  1  0  0
21  3 346584 106697996 2167232 79137924    0    0 301040 183888 254732 1433389 41 35 23  1  0  0
38  0 346584 106676732 2167232 79137944    0    0 263952 121496 244758 1407280 40 36 24  1  0  0
63  2 346584 106678356 2167232 79137972    0    0 296896 137196 251608 1426529 41 35 23  1  0  0
98  4 346584 106683716 2167232 79137992    0    0 288000 176140 258832 1434395 40 36 23  1  0  0
81  0 346584 106703160 2167232 79138008    0    0 293856 136944 254183 1421062 40 36 23  1  0  0
procs -----------memory---------- ---swap-- -----io---- -system-- -------cpu-------
 r  b   swpd   free   buff  cache   si   so    bi    bo   in   cs us sy id wa st gu
20  4 346584 106698684 2167232 79138016    0    0 275536 129972 248641 1420053 40 35 23  1  0  0
73  5 346584 106699280 2167232 79138032    0    0 283968 170800 250465 1422909 40 36 23  1  0  0
82  8 346584 106693108 2167232 79138056    0    0 299280 134696 259967 1443809 41 35 23  1  0  0
46  6 346584 106681676 2167232 79138084    0    0 276272 132308 249437 1415398 40 36 23  1  0  0
52  0 346584 106686288 2167232 79138100    0    0 299024 136520 252601 1428321 41 36 22  1  0  0
65  0 346584 106679148 2167232 79138124    0    0 293392 176756 255208 1427909 41 36 22  1  0  0
52  1 346584 106701920 2167232 79138140    0    0 266112 119212 250953 1408835 40 36 23  1  0  0
34 11 346584 106703796 2167232 79138164    0    0 289376 136108 253011 1430507 41 35 23  1  0  0
74  2 346584 106686744 2167232 79138188    0    0 290960 177424 253707 1426995 41 36 22  1  0  0
58  0 346584 106683312 2167232 79138204    0    0 284240 130508 249459 1418075 41 35 23  1  0  0
29  1 346584 106685180 2167232 79138220    0    0 290208 134184 252165 1424021 40 36 23  1  0  0
77  2 346584 106678580 2167232 79138236    0    0 287760 189992 252237 1420043 41 36 23  1  0  0
49  0 346584 106677208 2167232 79138276    0    0 290272 131036 252563 1423009 41 36 23  1  0  0
73  0 346584 106692112 2167232 79138288    0    0 265040 127844 249357 1416410 41 35 23  1  0  0
73  1 346584 106698012 2167232 79138300    0    0 282528 131852 251616 1423774 41 36 23  1  0  0
52  2 346584 106692220 2167232 79138320    0    0 289872 176744 254553 1428940 41 36 23  1  0  0
82  3 346584 106697160 2167232 79138340    0    0 266480 118904 248402 1403026 40 37 23  1  0  0
61  2 346584 106674904 2167232 79138364    0    0 281568 128360 252284 1424856 40 35 23  1  0  0
79  1 346584 106681348 2167232 79138380    0    0 305808 182408 266039 1445335 41 35 22  1  0  0
79  9 346584 106700608 2167232 79138400    0    0 275504 129220 250488 1416054 39 36 23  1  0  0
46  3 346584 106699944 2167232 79138408    0    0 297472 141176 254158 1431837 41 36 23  1  0  0
procs -----------memory---------- ---swap-- -----io---- -system-- -------cpu-------
 r  b   swpd   free   buff  cache   si   so    bi    bo   in   cs us sy id wa st gu
88  5 346584 106687740 2167232 79138432    0    0 294992 175592 254651 1429235 40 36 23  1  0  0
33  2 346584 106676844 2167232 79138456    0    0 278272 126180 260111 1430254 41 36 23  1  0  0
34  4 346584 106681816 2167232 79138472    0    0 283120 132656 260657 1437378 40 36 23  1  0  0
53  0 346584 106685444 2167232 79138496    0    0 298432 179064 256707 1425963 41 35 23  1  0  0
68  3 346584 106677460 2167232 79138512    0    0 302976 159824 273788 1458221 42 35 22  1  0  0
65  0 346584 106691968 2167232 79138536    0    0 262832 131540 261993 1436609 41 36 23  1  0  0
71  3 346584 106694256 2167232 79138540    0    0 291744 134952 251151 1428213 40 36 23  1  0  0
55  2 346584 106693572 2167232 79138560    0    0 296560 176340 257702 1432107 41 35 23  1  0  0
109  1 346584 106682628 2167232 79138580    0    0 279712 130856 252487 1418680 40 36 23  1  0  0
35  1 346584 106677628 2167232 79138600    0    0 291136 136480 251072 1423517 40 36 22  1  0  0
117  0 346584 106678148 2167232 79138620    0    0 277696 169476 251716 1417984 40 36 23  1  0  0
69  3 346584 106691556 2167232 79138636    0    0 292624 133024 257637 1429674 41 36 23  1  0  0
105  3 346584 106701036 2167232 79138656    0    0 268688 125436 258553 1431545 40 36 23  1  0  0
86  1 346584 106704516 2167232 79138668    0    0 292656 137472 254405 1422793 40 36 23  1  0  0
38  5 346584 106704448 2167232 79138688    0    0 298896 181092 254472 1422808 41 36 22  1  0  0
61  3 346584 106685192 2167232 79138712    0    0 279456 143612 249399 1409819 41 36 23  1  0  0
130  9 346584 106679700 2167232 79138732    0    0 295744 139452 252630 1431774 41 36 22  1  0  0
32  1 346584 106678060 2167232 79138756    0    0 285296 174868 253962 1427577 40 36 23  1  0  0
89  0 346584 106704564 2167232 79138776    0    0 275936 128244 249965 1404925 41 35 23  1  0  0
54  3 346584 106717832 2167232 79138796    0    0 298896 138076 255689 1432416 40 36 22  1  0  0
34  2 346584 106694156 2167232 79138808    0    0 284864 172432 258726 1436425 40 35 23  1  0  0
procs -----------memory---------- ---swap-- -----io---- -system-- -------cpu-------
 r  b   swpd   free   buff  cache   si   so    bi    bo   in   cs us sy id wa st gu
125  4 346584 106674316 2167232 79138824    0    0 291280 137232 253044 1418712 41 35 23  1  0  0
45  3 346584 106668236 2167232 79138856    0    0 268752 127700 246817 1418034 40 36 23  1  0  0
44  3 346584 106673500 2167232 79138872    0    0 288240 130736 252399 1420107 41 36 23  1  0  0
96  5 346584 106685796 2167232 79138892    0    0 303616 178884 263439 1442118 41 35 23  1  0  0
49  1 346584 106699272 2167232 79138912    0    0 275872 133016 250464 1418433 40 36 23  1  0  0
40  6 346584 106694956 2167232 79138920    0    0 284048 131720 252691 1420879 41 35 23  1  0  0
52  4 346584 106686248 2167232 79138940    0    0 290336 175000 253538 1421880 40 36 23  1  0  0
148  6 346584 106693512 2167232 79138960    0    0 280752 127332 250175 1410820 40 36 23  1  0  0
45  1 346584 106687292 2167232 79138980    0    0 300960 152724 262272 1442736 42 35 22  1  0  0
42  8 346584 106690696 2167232 79139000    0    0 291328 187244 263261 1441515 42 34 23  1  0  0
70  5 346584 106691552 2167232 79139024    0    0 276736 127676 248217 1413960 40 36 22  1  0  0
26  0 346584 106693556 2167232 79139044    0    0 289792 134024 261895 1441083 41 36 23  1  0  0
59  0 346584 106700472 2167232 79139060    0    0 281536 154828 261750 1436960 41 35 23  1  0  0
101  1 346584 106686568 2167232 79139076    0    0 296944 157688 255680 1432393 41 35 23  1  0  0
69  0 346584 106675792 2167232 79139100    0    0 259808 118968 246209 1407599 40 36 23  1  0  0
30  0 346584 106680580 2167232 79139116    0    0 282512 133184 251063 1425940 40 37 22  1  0  0
34  4 346584 106675320 2167232 79139144    0    0 285248 171824 261353 1445592 41 36 22  1  0  0
41  0 346584 106685748 2167232 79139160    0    0 263232 121336 249596 1413259 40 36 23  1  0  0
36  1 346584 106698872 2167232 79139176    0    0 291552 138832 255246 1430988 41 36 22  1  0  0
51  1 346584 106692172 2167232 79139184    0    0 285840 175976 252567 1428799 40 36 23  1  0  0
28  1 346584 106677804 2167232 79139200    0    0 276160 139024 249125 1409844 40 36 23  1  0  0
procs -----------memory---------- ---swap-- -----io---- -system-- -------cpu-------
 r  b   swpd   free   buff  cache   si   so    bi    bo   in   cs us sy id wa st gu
145  2 346584 106669232 2167232 79139224    0    0 284160 134576 250276 1419678 40 36 23  1  0  0
83  2 346584 106691164 2167232 79139244    0    0 282032 174616 251466 1418536 41 36 23  1  0  0
47  3 346584 106686208 2167232 79139264    0    0 291280 135144 252552 1417554 41 36 22  1  0  0
107  1 346584 106692248 2167232 79139288    0    0 277472 132632 251270 1421430 40 36 23  1  0  0
27  0 346584 106701356 2167232 79139300    0    0 293856 133388 263806 1445365 41 36 22  1  0  0
77  8 346584 106691036 2167232 79139320    0    0 295360 180180 260304 1429946 41 35 22  1  0  0
44  1 346584 106683576 2167232 79139340    0    0 266928 126880 245956 1406105 40 36 23  1  0  0
15  2 346584 106670492 2167236 79139356    0    0 300896 137152 253302 1432662 40 36 23  1  0  0
48  0 346584 106690136 2167236 79139376    0    0 290352 174828 257131 1432371 41 36 23  1  0  0
74  3 346584 106688756 2167236 79139404    0    0 285616 133764 257016 1428229 41 36 23  1  0  0
100  3 346584 106684652 2167236 79139424    0    0 293760 139296 254646 1421756 40 36 22  1  0  0
89  3 346584 106677468 2167236 79139440    0    0 266320 122020 249838 1416260 40 36 23  1  0  0
55  5 346584 106695404 2167236 79139456    0    0 301424 180476 255850 1429109 41 36 23  1  0  0
57  1 346584 106684444 2167236 79139472    0    0 270576 126504 256904 1424367 40 36 23  1  0  0
52  1 346584 106694740 2167236 79139492    0    0 307792 141656 261170 1437364 41 35 23  1  0  0
47  5 346584 106679000 2167236 79139516    0    0 302944 181928 257704 1432641 41 36 22  1  0  0
44  0 346584 106672340 2167236 79139532    0    0 273136 123312 247645 1411488 40 36 23  1  0  0
43  1 346584 106694980 2167236 79139548    0    0 292256 136056 255958 1428163 41 36 22  1  0  0
78  0 346584 106695408 2167236 79139556    0    0 292704 175296 256174 1428407 40 36 23  1  0  0
49  1 346584 106677964 2167236 79139588    0    0 273040 127240 249965 1408470 41 36 23  1  0  0
47  3 346584 106688844 2167236 79139604    0    0 294272 142292 252251 1425365 41 35 23  1  0  0
procs -----------memory---------- ---swap-- -----io---- -system-- -------cpu-------
 r  b   swpd   free   buff  cache   si   so    bi    bo   in   cs us sy id wa st gu
57  3 346584 106686104 2167236 79139632    0    0 292480 176064 255211 1420638 40 37 22  1  0  0
32  0 346584 106682984 2167236 79139652    0    0 288736 129580 254373 1425812 41 36 22  1  0  0
54  1 346584 106670152 2167236 79139668    0    0 272800 131000 254199 1423154 41 35 23  1  0  0
88  1 346584 106675648 2167236 79139684    0    0 301744 181340 260032 1435296 41 36 22  1  0  0
77  1 346584 106691580 2167236 79139696    0    0 298864 154460 254638 1431008 41 36 22  1  0  0
73  1 346584 106681768 2167236 79139724    0    0 268640 123740 245528 1402373 40 36 23  1  0  0
118  0 346584 106676156 2167236 79139740    0    0 287584 133548 253586 1433984 40 36 23  1  0  0
44  6 346584 106668464 2167236 79139764    0    0 307008 185684 261465 1435033 41 36 22  1  0  0
26  0 346584 106667920 2167236 79139784    0    0 266544 124736 246677 1415281 41 36 23  1  0  0
47  1 346584 106678228 2167236 79139804    0    0 304016 148296 265581 1440979 42 35 22  1  0  0
10  0 346584 106672228 2167236 79139816    0    0 283648 171928 255897 1424535 40 36 23  1  0  0
60  5 346584 106659168 2167236 79139836    0    0 286928 130780 260520 1436670 41 36 23  1  0  0
68  6 346584 106681768 2167236 79139852    0    0 287632 135192 259530 1437668 41 35 23  1  0  0
61  7 346584 106676644 2167236 79139872    0    0 287344 177216 256087 1434476 41 36 23  1  0  0
105  2 346584 106677256 2167236 79139892    0    0 294416 132412 252345 1426271 41 36 23  1  0  0
12  1 346584 106665540 2167236 79139912    0    0 275712 127692 247150 1415348 40 36 23  1  0  0
41 20 346584 106670156 2167236 79139932    0    0 291072 143128 254350 1426198 41 35 23  1  0  0
86  5 346584 106656336 2167236 79139944    0    0 308176 171188 260820 1443300 41 36 22  1  0  0
122  1 346584 106661920 2167236 79139964    0    0 262912 123380 246193 1406304 40 36 23  1  0  0
98  8 346584 106678032 2167236 79139992    0    0 306752 145540 255999 1435221 41 36 22  1  0  0
46  0 346584 106684104 2167236 79140008    0    0 299168 177036 255944 1427965 41 35 23  1  0  0
procs -----------memory---------- ---swap-- -----io---- -system-- -------cpu-------
 r  b   swpd   free   buff  cache   si   so    bi    bo   in   cs us sy id wa st gu
69  7 346584 106674852 2167236 79140040    0    0 270800 122432 248219 1405242 40 36 23  1  0  0
52  1 346584 106676240 2167240 79140056    0    0 293488 138548 253887 1421794 40 37 22  1  0  0
95  5 346584 106685316 2167240 79140076    0    0 291856 178064 255828 1434060 40 36 23  1  0  0
66  0 346584 106681540 2167240 79140084    0    0 294912 139496 253427 1425632 40 36 23  1  0  0
125  8 346584 106680844 2167240 79140100    0    0 262064 120896 251760 1422638 40 36 23  1  0  0
41  8 346584 106673580 2167240 79140128    0    0 290976 180548 259405 1430189 41 35 23  1  0  0
69  1 346584 106672788 2167244 79140140    0    0 296912 138520 253926 1425466 41 36 22  1  0  0
32  1 346584 106679316 2167244 79140164    0    0 250912 119688 243301 1407630 39 36 24  1  0  0
31  0 346584 106676368 2167244 79140188    0    0 298032 150400 254408 1428841 40 36 22  1  0  0
64  1 346584 106691916 2167244 79140200    0    0 302784 181956 257425 1438945 40 36 23  1  0  0
72  5 346584 106681028 2167244 79140216    0    0 291664 134932 252546 1425406 41 35 23  1  0  0
57  2 346584 106688664 2167244 79140240    0    0 276160 133424 248461 1419056 40 36 23  1  0  0
51 12 346584 106689392 2167244 79140256    0    0 300272 178384 254824 1434487 40 36 23  1  0  0
57  3 346584 106678044 2167244 79140272    0    0 293568 132200 260470 1436037 39 37 22  1  0  0
59  2 346584 106669824 2167244 79140292    0    0 293248 141028 258999 1442586 40 36 23  1  0  0
27  2 346584 106679024 2167244 79140320    0    0 284272 174424 253536 1426093 40 36 23  1  0  0
87  7 346584 106693012 2167244 79140332    0    0 293408 134160 255969 1425966 41 36 22  1  0  0
86  7 346584 106679788 2167244 79140348    0    0 259120 117048 244947 1406416 39 37 23  1  0  0
101 14 346584 106674476 2167244 79140368    0    0 298864 138812 253858 1426944 41 35 22  1  0  0
116  4 346584 106672140 2167244 79140392    0    0 305344 183324 260034 1442575 41 35 23  1  0  0
44  1 346584 106684036 2167244 79140412    0    0 275120 127832 249674 1407984 40 36 22  1  0  0
procs -----------memory---------- ---swap-- -----io---- -system-- -------cpu-------
 r  b   swpd   free   buff  cache   si   so    bi    bo   in   cs us sy id wa st gu
69  4 346584 106671672 2167244 79140428    0    0 291104 136844 250601 1423592 40 36 23  1  0  0
93  7 346584 106693820 2167244 79140448    0    0 291520 173796 260014 1441533 41 36 23  1  0  0
44  1 346584 106682084 2167244 79140456    0    0 289200 135636 256242 1429831 41 36 23  1  0  0
54  2 346584 106660520 2167244 79140476    0    0 286944 137764 249721 1425828 40 36 23  1  0  0
37  3 346584 106683940 2167244 79140496    0    0 276656 127108 249862 1412833 40 37 22  1  0  0
23  1 346584 106675312 2167244 79140512    0    0 302208 178348 255155 1432799 41 35 23  1  0  0
25  1 346584 106671620 2167244 79140532    0    0 263616 125100 250410 1414092 40 37 23  1  0  0
110  4 346584 106667304 2167244 79140548    0    0 295952 138204 252929 1423822 40 36 22  1  0  0
29  0 346584 106679652 2167244 79140568    0    0 289024 174616 258015 1431280 40 37 22  1  0  0
104  1 346584 106696880 2167244 79140580    0    0 281776 127916 261897 1435703 40 36 23  1  0  0
47  6 346584 106690776 2167244 79140604    0    0 279776 133912 257282 1433304 41 36 23  1  0  0
113  5 346584 106675744 2167244 79140628    0    0 288096 135292 252524 1421635 41 35 23  1  0  0
56  2 346584 106677360 2167244 79140648    0    0 288304 173256 254625 1423896 41 36 22  1  0  0
146 11 346584 106666196 2167252 79140660    0    0 273728 142176 246919 1421569 40 36 23  1  0  0
33  3 346584 106666744 2167252 79140684    0    0 292848 132652 257836 1432292 40 36 23  1  0  0
81  4 346584 106677124 2167252 79140704    0    0 307424 190080 267356 1450292 41 36 22  1  0  0
80  1 346584 106680444 2167252 79140716    0    0 265552 122936 246397 1405863 41 35 23  1  0  0
97 10 346584 106658588 2167252 79140740    0    0 298624 140000 255313 1428521 41 36 22  1  0  0
 7  3 346584 106680212 2167256 79140756    0    0 308704 183636 264277 1445240 41 36 22  1  0  0
41  1 346584 106665408 2167256 79140776    0    0 272800 137552 261617 1432112 41 35 23  1  0  0
19  8 346584 106664516 2167256 79140804    0    0 286320 136568 249925 1428606 40 37 22  1  0  0
procs -----------memory---------- ---swap-- -----io---- -system-- -------cpu-------
 r  b   swpd   free   buff  cache   si   so    bi    bo   in   cs us sy id wa st gu
81  5 346584 106692312 2167256 79140824    0    0 280224 171512 253027 1430330 41 35 23  1  0  0
44  4 346584 106699880 2167256 79140832    0    0 286848 130000 252129 1422877 41 36 22  1  0  0
29  2 346584 106686696 2167260 79140844    0    0 281136 131992 248792 1422228 41 36 23  1  0  0
25  2 346584 106692704 2167260 79140868    0    0 288624 143368 252356 1419620 40 36 23  1  0  0
35  0 346584 106681884 2167260 79140892    0    0 294768 169980 254716 1431178 40 37 22  1  0  0
37  7 346584 106667384 2167260 79140916    0    0 275552 126908 246908 1417997 40 35 24  1  0  0
47  4 346584 106687016 2167260 79140932    0    0 284752 131392 253840 1425408 41 35 23  1  0  0
89  4 346584 106693360 2167264 79140952    0    0 287072 176928 253332 1434544 40 36 23  1  0  0
48  0 346584 106684560 2167264 79140964    0    0 274688 128016 251781 1412217 40 37 23  1  0  0
53  5 346584 106683628 2167264 79140992    0    0 287520 133188 251849 1424799 41 36 22  1  0  0
53  2 346584 106681596 2167264 79141008    0    0 292784 173668 254600 1428211 41 35 23  1  0  0
41  9 346584 106673816 2167264 79141028    0    0 282832 129952 253649 1419355 41 36 23  1  0  0
61  7 346584 106672916 2167264 79141048    0    0 290704 137172 250955 1417655 40 36 23  1  0  0
83  2 346584 106675976 2167272 79141064    0    0 304848 181448 256050 1428466 41 36 22  1  0  0
75  6 346584 106686452 2167272 79141088    0    0 291664 132192 254868 1429797 40 36 22  1  0  0
31  0 346584 106671792 2167272 79141100    0    0 254416 116732 248305 1405562 39 37 23  1  0  0
84  6 346584 106677676 2167272 79141120    0    0 299776 143272 253041 1430558 41 36 22  1  0  0
81  2 346584 106661560 2167272 79141136    0    0 298016 212884 271875 1450511 42 34 22  1  0  0
123  9 346584 106667688 2167272 79141156    0    0 276064 149096 270504 1450530 42 34 23  1  0  0
