procs -----------memory---------- ---swap-- -----io---- -system-- -------cpu-------
 r  b   swpd   free   buff  cache   si   so    bi    bo   in   cs us sy id wa st gu
 7  2  68208 98366320 2326896 76113960   27   35 221783 230657 54674   42 22  4 72  3  0  0
51  2  68208 97504952 2326896 76114044    0    0 177792 394416 360160 735076 12 16 70  2  0  0
133  4  68208 97464344 2326896 76114064    0    0 359744 435768 295102 1584815 43 33 22  2  0  0
64 32  68208 97442144 2326896 76114080    0    0 449776 277568 306708 1629047 45 31 22  2  0  0
33  8  68208 97402384 2326896 76114096    0    0 486384 342924 306073 1652678 46 30 22  2  0  0
58  4  68208 97370216 2326896 76114112    0    0 609536 455036 328250 1710082 48 28 21  3  0  0
151  9  68208 97325048 2326896 76114144    0    0 470464 370988 309520 1647438 44 32 22  2  0  0
156  4  68208 97323904 2326896 76114156    0    0 324608 440064 293902 1630643 42 32 24  2  0  0
77  7  68208 97272948 2326896 76114168    0    0 275552 436288 289801 1598340 42 34 23  1  0  0
61  7  68208 97250512 2326896 76114188    0    0 260784 400932 282591 1587540 41 34 24  1  0  0
79  4  68208 97234728 2326896 76114208    0    0 289168 415592 293649 1609145 42 33 23  1  0  0
59  3  68208 97209100 2326896 76114232    0    0 277056 405340 283129 1598015 42 33 24  1  0  0
98  6  68208 97179032 2326896 76114248    0    0 278240 405156 284057 1598628 41 33 24  1  0  0
58 14  68208 97171084 2326896 76114268    0    0 339296 249816 286330 1600992 42 34 23  2  0  0
23  6  68208 97166332 2326896 76114280    0    0 444368 365204 309043 1680881 45 30 22  2  0  0
54 12  68208 97128484 2326900 76114292    0    0 474800 301808 304934 1664751 46 30 22  2  0  0
30  7  68208 97117548 2326900 76114320    0    0 565840 432612 323181 1717754 47 29 21  3  0  0
39  0  68208 97094620 2326900 76114336    0    0 555312 353000 317590 1702638 47 29 22  3  0  0
14  0  68208 97060480 2326900 76114356    0    0 275776 186180 273299 1578505 41 34 24  1  0  0
64  3  68208 97058540 2326900 76114372    0    0 315072 218404 280887 1596025 41 35 23  1  0  0
85  4  68208 97032908 2326900 76114388    0    0 359920 314340 296425 1625736 43 34 22  1  0  0
procs -----------memory---------- ---swap-- -----io---- -system-- -------cpu-------
 r  b   swpd   free   buff  cache   si   so    bi    bo   in   cs us sy id wa st gu
65  2  68208 97033232 2326900 76114408    0    0 364784 245228 292986 1638243 43 33 22  1  0  0
34  0  68208 97021828 2326900 76114416    0    0 298368 205676 277364 1593483 41 34 24  1  0  0
39  8  68208 96998236 2326900 76114440    0    0 297200 206708 278277 1595044 41 34 23  1  0  0
121  0  68208 96988952 2326900 76114456    0    0 315664 215856 282905 1596335 42 34 23  1  0  0
89  2  68208 96979124 2326900 76114548    0    0 301120 207188 282572 1595804 41 35 23  1  0  0
78  7  68208 96968576 2326900 76114572    0    0 286128 200012 273451 1582163 42 33 24  1  0  0
33  4  68208 96951380 2326900 76114588    0    0 280272 201920 273875 1579637 42 34 24  1  0  0
96 10  68208 96957376 2326900 76114604    0    0 439296 367612 305648 1665357 45 32 21  2  0  0
76  6  68208 96956852 2326900 76114616    0    0 540128 389968 317302 1693302 47 30 20  3  0  0
15  1  68208 96947824 2326900 76114636    0    0 326928 230472 286243 1598466 42 34 23  1  0  0
38  1  68208 96928688 2326900 76114660    0    0 345136 241564 283113 1619130 43 33 23  1  0  0
69  6  68208 96942980 2326900 76114680    0    0 560528 449448 315889 1654297 45 29 20  6  0  0
28  5  68208 96942828 2326900 76114700    0    0 308784 221712 281574 1600734 42 34 23  1  0  0
82  3  68208 96925700 2326900 76114720    0    0 284176 201988 274696 1581993 41 34 24  1  0  0
22  1  68208 96926772 2326900 76114740    0    0 365600 257568 290638 1634784 43 33 23  2  0  0
39 14  68208 96912116 2326900 76114752    0    0 510496 407216 313141 1662896 46 30 21  4  0  0
46  0  68208 96910908 2326900 76114772    0    0 311888 221780 279690 1603281 42 33 23  1  0  0
46  2  68208 96904924 2326900 76114796    0    0 301824 219296 274526 1595881 42 33 24  1  0  0
13  0  68208 96902336 2326900 76114812    0    0 459296 312156 306496 1678094 45 31 22  2  0  0
52 11  68208 96894628 2326900 76114836    0    0 345328 245636 290677 1615585 42 33 23  1  0  0
20  2  68208 96885988 2326900 76114852    0    0 342848 313228 287428 1609067 43 32 24  2  0  0
procs -----------memory---------- ---swap-- -----io---- -system-- -------cpu-------
 r  b   swpd   free   buff  cache   si   so    bi    bo   in   cs us sy id wa st gu
66 15  68208 96877772 2326900 76114876    0    0 331408 236136 292417 1619691 43 34 22  1  0  0
24  2  68208 96878912 2326900 76114888    0    0 306752 221380 297727 1620941 42 33 23  1  0  0
57  9  68208 96880292 2326900 76114904    0    0 298496 216728 286595 1601760 41 34 24  1  0  0
48 11  68208 96876388 2326900 76114924    0    0 351712 257352 285241 1619338 43 32 24  2  0  0
55  1  68208 96876432 2326900 76114940    0    0 377168 265816 291036 1629044 43 32 23  2  0  0
48  3  68208 96890676 2326900 76114972    0    0 371088 262832 289635 1620203 43 32 23  2  0  0
52 15  68208 96879548 2326900 76114988    0    0 349680 249144 291292 1614057 43 33 22  1  0  0
11  0  68208 96893876 2326900 76115008    0    0 341840 329540 300411 1631076 42 35 22  1  0  0
46  0  68208 96877816 2326900 76115016    0    0 310416 223148 294622 1619428 42 34 23  1  0  0
35  0  68208 96872452 2326900 76115028    0    0 281840 236020 279134 1590921 41 34 24  1  0  0
239  1  68208 96864556 2326900 76115056    0    0 332864 293884 283434 1608027 43 33 23  2  0  0
25  6  68208 96875648 2326900 76115076    0    0 282464 275212 287571 1606121 41 35 23  1  0  0
37  2  68208 96855356 2326900 76115088    0    0 330144 328440 299526 1631648 43 33 23  1  0  0
76  2  68208 96864664 2326900 76115108    0    0 281488 295464 282061 1593574 42 33 24  1  0  0
48  2  68208 96860556 2326900 76115128    0    0 366192 409068 299697 1635935 44 32 22  2  0  0
108  8  68208 96860844 2326900 76115144    0    0 303024 227668 281007 1610052 42 33 24  1  0  0
28  6  68208 96857520 2326900 76115156    0    0 292800 226028 276924 1599623 42 33 24  1  0  0
109  3  68208 96851336 2326900 76115176    0    0 353328 263860 290074 1622176 43 33 22  1  0  0
58  8  68208 96854732 2326900 76115200    0    0 335024 255412 283935 1611105 43 32 24  1  0  0
108  1  68208 96841868 2326900 76115224    0    0 320864 250100 285780 1619893 42 33 23  1  0  0
71  7  68208 96852048 2326900 76115252    0    0 338272 334752 293215 1619782 42 34 23  1  0  0
procs -----------memory---------- ---swap-- -----io---- -system-- -------cpu-------
 r  b   swpd   free   buff  cache   si   so    bi    bo   in   cs us sy id wa st gu
79  7  68208 96849964 2326900 76115268    0    0 356400 258876 290116 1621635 43 33 22  1  0  0
60  4  68208 96841840 2326900 76115280    0    0 422400 342360 301840 1665596 44 31 22  2  0  0
126  0  68208 96839948 2326900 76115296    0    0 326128 248112 285983 1606987 43 34 23  1  0  0
61  2  68208 96834808 2326900 76115320    0    0 316464 241392 280894 1603725 42 33 23  1  0  0
62  8  68208 96831920 2326900 76115340    0    0 305360 239888 278319 1598897 42 34 23  1  0  0
62  6  68208 96842480 2326900 76115360    0    0 375056 354244 295185 1630896 43 33 22  2  0  0
71 10  68208 96848748 2326900 76115376    0    0 401888 304144 301066 1646226 44 32 23  2  0  0
85  9  68208 96846896 2326900 76115392    0    0 400608 310644 294762 1656080 44 31 23  2  0  0
81  7  68208 96844260 2326900 76115412    0    0 365344 285060 295659 1644057 43 33 22  2  0  0
56 10  68208 96836004 2326900 76115428    0    0 310416 245184 280865 1598396 42 33 23  1  0  0
63 10  68208 96831856 2326900 76115448    0    0 358480 285052 288743 1633976 42 33 23  2  0  0
32  3  68208 96817172 2326900 76115464    0    0 316736 245868 289653 1614124 42 34 23  1  0  0
26  8  68208 96828744 2326900 76115488    0    0 332016 317816 298139 1630368 42 34 22  1  0  0
55  4  68208 96808896 2326900 76115504    0    0 306176 257120 290350 1619305 42 34 23  1  0  0
88  8  68208 96796680 2326900 76115528    0    0 374080 290940 287815 1643661 44 31 24  2  0  0
30  7  68208 96816176 2326900 76115548    0    0 411328 321648 296875 1675552 44 31 23  2  0  0
108  2  68208 96815324 2326900 76115560    0    0 486736 441788 312581 1701542 46 29 22  2  0  0
76  3  68208 96809224 2326900 76115584    0    0 338256 261180 292618 1621461 42 34 23  1  0  0
53  2  68208 96816396 2326900 76115604    0    0 339680 267504 284741 1625512 43 33 23  1  0  0
53  5  68208 96809896 2326900 76115620    0    0 351072 275088 284622 1629061 43 32 24  2  0  0
60  4  68208 96799064 2326900 76115644    0    0 313760 249408 281723 1605546 41 34 23  1  0  0
procs -----------memory---------- ---swap-- -----io---- -system-- -------cpu-------
 r  b   swpd   free   buff  cache   si   so    bi    bo   in   cs us sy id wa st gu
66  8  68208 96802952 2326900 76115668    0    0 297040 240564 286076 1614207 42 34 23  1  0  0
43  1  68208 96797384 2326900 76115752    0    0 313280 251608 293769 1629987 42 33 23  1  0  0
58  1  68208 96798552 2326900 76115760    0    0 313760 245152 291282 1612840 41 35 23  1  0  0
65  8  68208 96795132 2326900 76115780    0    0 379680 373400 296920 1640928 44 32 22  2  0  0
17  2  68208 96804072 2326900 76115796    0    0 368896 280984 289322 1626378 44 31 23  2  0  0
30  7  68208 96804996 2326900 76115820    0    0 412192 327884 304134 1664588 44 32 22  2  0  0
53  1  68208 96799416 2326900 76115836    0    0 288160 228532 288554 1611429 41 34 23  1  0  0
58 11  68208 96793736 2326900 76115856    0    0 271776 216592 276816 1588190 42 34 24  1  0  0
89  6  68208 96800852 2326900 76115876    0    0 294384 231828 279809 1600027 41 34 24  1  0  0
87  3  68208 96803660 2326900 76115892    0    0 313344 260960 283904 1612178 42 35 23  1  0  0
87  1  68208 96797436 2326900 76115908    0    0 411216 379176 305810 1662241 44 32 22  2  0  0
36 22  68208 96808428 2326900 76115928    0    0 459264 366044 303433 1677684 46 29 23  2  0  0
37  5  68208 96814764 2326900 76115944    0    0 440112 350468 302002 1680124 44 31 23  2  0  0
90 16  68208 96798656 2326900 76115972    0    0 372032 375140 295868 1636073 43 33 23  2  0  0
78  2  68208 96799824 2326900 76115992    0    0 329968 256076 287484 1605954 42 34 22  1  0  0
99  1  68208 96809600 2326900 76116012    0    0 310240 251340 283198 1607104 42 33 23  1  0  0
62  2  68208 96796716 2326900 76116024    0    0 289904 236108 284316 1614798 42 33 24  1  0  0
141  3  68208 96775824 2326900 76116040    0    0 312432 255648 287555 1627527 41 34 23  1  0  0
 6  0  68208 96775924 2326900 76116060    0    0 328848 264208 281161 1622137 42 34 23  1  0  0
58  1  68208 96766884 2326900 76116084    0    0 293440 238116 274533 1605882 42 33 24  1  0  0
51  6  68208 96775612 2326900 76116100    0    0 328944 262988 278544 1620514 42 34 23  2  0  0
procs -----------memory---------- ---swap-- -----io---- -system-- -------cpu-------
 r  b   swpd   free   buff  cache   si   so    bi    bo   in   cs us sy id wa st gu
139  8  68208 96788184 2326900 76116120    0    0 536096 468096 315340 1667215 44 29 20  7  0  0
79  4  68208 96796556 2326900 76116132    0    0 420384 335752 295135 1680569 44 31 23  2  0  0
42  3  68208 96791868 2326900 76116144    0    0 492912 393336 308564 1715800 47 29 22  2  0  0
119  7  68208 96780396 2326900 76116168    0    0 318208 271692 281874 1618063 42 34 23  1  0  0
33  2  68208 96760628 2326900 76116184    0    0 317456 258020 283137 1616595 41 34 23  1  0  0
68  0  68208 96753896 2326900 76116204    0    0 325040 320472 284987 1615998 41 35 23  1  0  0
139  1  68208 96749676 2326900 76116224    0    0 302992 243628 276773 1610936 42 34 24  1  0  0
27  7  68208 96754228 2326900 76116244    0    0 290688 233584 275306 1615955 41 33 24  1  0  0
101  8  68208 96759444 2326900 76116264    0    0 412192 322264 291074 1668745 44 31 23  2  0  0
86  6  68208 96754736 2326900 76116280    0    0 348304 281316 283809 1648456 44 31 24  2  0  0
170  4  68208 96763672 2326900 76116292    0    0 479104 448640 307809 1704287 46 30 22  2  0  0
26  1  68208 96759476 2326900 76116312    0    0 338496 271640 295476 1641918 42 34 23  1  0  0
33  0  68208 96744556 2326900 76116332    0    0 303440 250176 279879 1611851 41 34 24  1  0  0
64  4  68208 96735652 2326900 76116352    0    0 271600 215508 271019 1592866 41 34 24  1  0  0
117  0  68208 96732188 2326900 76116376    0    0 312912 257548 282981 1613313 42 34 23  1  0  0
58  5  68208 96740628 2326900 76116400    0    0 333600 265976 285110 1627781 42 33 24  1  0  0
53  3  68208 96743732 2326900 76116416    0    0 299360 246376 276043 1624939 42 32 25  1  0  0
56 11  68208 96752848 2326900 76116432    0    0 356016 305340 290776 1630686 43 33 23  2  0  0
52  4  68208 96742120 2326900 76116448    0    0 321424 317616 285154 1611822 42 33 23  2  0  0
66  8  68208 96746572 2326900 76116468    0    0 363344 293888 291276 1630845 42 34 22  2  0  0
17  1  68208 96742052 2326900 76116488    0    0 322512 257880 290949 1626834 43 33 23  1  0  0
procs -----------memory---------- ---swap-- -----io---- -system-- -------cpu-------
 r  b   swpd   free   buff  cache   si   so    bi    bo   in   cs us sy id wa st gu
80  4  68208 96739652 2326900 76116508    0    0 297456 239352 283665 1614750 42 33 24  1  0  0
63  2  68208 96730236 2326900 76116524    0    0 284064 235448 274792 1592243 41 34 24  1  0  0
79  2  68208 96748588 2326900 76116540    0    0 450560 363040 307406 1695057 46 29 23  2  0  0
16  2  68208 96750700 2326900 76116556    0    0 437216 409308 307919 1681035 45 31 22  2  0  0
41  2  68208 96749504 2326904 76116580    0    0 389184 317604 297655 1645318 44 32 22  2  0  0
35  1  68208 96743768 2326904 76116600    0    0 299072 245376 282062 1598370 42 34 23  1  0  0
55 12  68208 96729232 2326904 76116616    0    0 277680 225740 274495 1595920 42 33 24  1  0  0
80  3  68208 96722460 2326904 76116632    0    0 289648 236472 280770 1605114 42 33 24  1  0  0
48  2  68208 96724940 2326904 76116656    0    0 313024 254972 291572 1631003 42 34 23  1  0  0
46  6  68208 96736264 2326904 76116672    0    0 295488 241968 280856 1609735 41 34 24  1  0  0
34 12  68208 96739364 2326904 76116684    0    0 304832 252856 280277 1609584 42 33 24  1  0  0
156  0  68208 96739364 2326904 76116704    0    0 339424 288668 289853 1620987 43 33 22  1  0  0
112  4  68208 96737824 2326904 76116720    0    0 356848 342848 288660 1634496 44 32 23  2  0  0
124  0  68208 96735340 2326904 76116744    0    0 471344 378932 310258 1693513 46 30 22  2  0  0
82  2  68208 96737728 2326904 76116760    0    0 354320 290712 289350 1630994 43 32 23  2  0  0
113  7  68208 96720424 2326904 76116780    0    0 294256 233528 278142 1598167 41 34 24  1  0  0
86  5  68208 96740412 2326904 76116796    0    0 339840 277872 287325 1635430 43 33 23  2  0  0
77  3  68208 96720044 2326904 76116804    0    0 316784 257592 284018 1614188 42 33 23  1  0  0
36  3  68208 96715356 2326904 76116828    0    0 306896 310068 282088 1607621 42 33 24  1  0  0
28  7  68208 96717604 2326904 76116940    0    0 354176 290656 289360 1631777 44 32 23  2  0  0
39  2  68208 96697188 2326904 76116960    0    0 325504 268380 280402 1627017 43 32 24  1  0  0
procs -----------memory---------- ---swap-- -----io---- -system-- -------cpu-------
 r  b   swpd   free   buff  cache   si   so    bi    bo   in   cs us sy id wa st gu
34  4  68208 96720680 2326904 76116980    0    0 374080 322744 290819 1647616 44 32 23  2  0  0
25  3  68208 96714180 2326904 76116996    0    0 335488 274648 283394 1622871 42 32 24  2  0  0
169  1  68208 96716688 2326904 76117020    0    0 267648 223252 273354 1588176 41 33 24  1  0  0
49  5  68208 96710632 2326904 76117000    0    0 321232 263668 286165 1615347 42 34 22  1  0  0
43  6  68208 96697876 2326904 76117020    0    0 299536 246544 280647 1597276 42 33 23  1  0  0
56  6  68208 96698896 2326904 76117040    0    0 322464 316596 287951 1604989 42 34 23  1  0  0
38  6  68208 96703360 2326904 76117056    0    0 396240 322660 294398 1657103 44 31 23  2  0  0
93  2  68208 96702844 2326904 76117084    0    0 349088 287320 285595 1630450 44 31 24  2  0  0
35  3  68208 96702664 2326904 76117104    0    0 389920 314932 295077 1653840 44 31 23  2  0  0
12  0  68208 96704852 2326904 76117128    0    0 291824 239204 277575 1608304 41 33 24  1  0  0
62  5  68208 96702684 2326904 76117136    0    0 330336 268224 286509 1616297 42 33 23  1  0  0
93  5  68208 96700624 2326904 76117156    0    0 346016 336604 291232 1621228 44 32 23  2  0  0
82  2  68208 96697972 2326904 76117176    0    0 330576 262492 294100 1623558 42 34 23  1  0  0
41 13  68208 96698592 2326904 76117200    0    0 309440 249432 282301 1611671 42 33 23  1  0  0
52 10  68208 96691724 2326908 76117228    0    0 310144 273864 280953 1600798 41 34 23  2  0  0
24  1  68208 96694528 2326908 76117244    0    0 431376 350920 299486 1665493 45 30 23  2  0  0
52  5  68208 96716360 2326908 76117264    0    0 364320 302136 295961 1643973 44 32 23  2  0  0
44  1  68208 96704776 2326908 76117276    0    0 376176 306644 294360 1652199 44 31 23  2  0  0
112  7  68208 96699936 2326908 76117292    0    0 351168 339556 294459 1625606 43 33 23  2  0  0
17  3  68208 96706156 2326908 76117316    0    0 388128 316344 295294 1645894 44 31 23  2  0  0
34  0  68208 96698136 2326908 76117336    0    0 335280 269972 298815 1635996 43 33 23  1  0  0
procs -----------memory---------- ---swap-- -----io---- -system-- -------cpu-------
 r  b   swpd   free   buff  cache   si   so    bi    bo   in   cs us sy id wa st gu
84  3  68208 96688476 2326908 76117356    0    0 301936 249068 291108 1616914 42 33 24  1  0  0
26  4  68208 96687612 2326908 76117376    0    0 277568 231940 284355 1610481 41 34 24  1  0  0
51  3  68208 96700188 2326908 76117396    0    0 322560 270540 292834 1615502 41 35 23  1  0  0
30  2  68208 96693608 2326908 76117408    0    0 297568 244052 281219 1609077 42 33 23  1  0  0
63 11  68208 96688852 2326908 76117420    0    0 384368 368924 298550 1645765 44 32 22  2  0  0
64  3  68208 96698880 2326908 76117440    0    0 403568 351676 297608 1650874 45 30 23  2  0  0
142  5  68208 96707276 2326908 76117464    0    0 445312 365644 306079 1676477 46 29 23  2  0  0
129 18  68208 96703608 2326908 76117480    0    0 339760 281836 284698 1629530 43 31 24  2  0  0
14  1  68208 96698136 2326912 76117500    0    0 319664 262536 287655 1605092 42 34 23  1  0  0
65 17  68208 96684372 2326912 76117520    0    0 293296 285776 283281 1595287 42 34 23  1  0  0
55 10  68208 96685284 2326912 76117536    0    0 333488 286036 291755 1618159 42 34 22  2  0  0
43  6  68208 96678348 2326912 76117548    0    0 286128 239900 287623 1604361 41 34 23  1  0  0
51  3  68208 96673252 2326912 76117572    0    0 289472 239584 279155 1598820 42 33 24  1  0  0
75 13  68208 96688756 2326912 76117588    0    0 457696 370148 305837 1683901 45 30 23  2  0  0
24 70  68208 96700584 2326912 76117616    0    0 511616 473024 307549 1612723 44 27 22  7  0  0
56  2  68208 96679184 2326912 76117628    0    0 383856 324020 297544 1610858 42 34 22  3  0  0
72  3  68208 96683384 2326912 76117648    0    0 315696 257116 285916 1604150 42 35 23  1  0  0
67  3  68208 96680288 2326912 76117668    0    0 278144 230516 281720 1601240 41 35 23  1  0  0
77  7  68208 96665424 2326912 76117684    0    0 282928 233992 284006 1610545 41 34 24  1  0  0
48 12  68208 96652144 2326912 76117704    0    0 332592 264460 296280 1629005 42 33 23  1  0  0
92  2  68208 96667832 2326912 76117720    0    0 360448 299836 291070 1639201 44 32 23  2  0  0
procs -----------memory---------- ---swap-- -----io---- -system-- -------cpu-------
 r  b   swpd   free   buff  cache   si   so    bi    bo   in   cs us sy id wa st gu
115  7  68208 96670856 2326912 76117740    0    0 343888 287652 289848 1625158 43 32 23  1  0  0
34  3  68208 96668060 2326912 76117756    0    0 357056 293060 290955 1633854 43 33 23  2  0  0
20  9  68208 96663160 2326912 76117784    0    0 344240 338616 296433 1623309 43 33 22  1  0  0
130  0  68208 96666420 2326912 76117796    0    0 331552 272756 296411 1644762 43 33 23  1  0  0
86  1  68208 96652420 2326912 76117808    0    0 287328 234740 276244 1593135 41 34 24  1  0  0
63  2  68208 96656076 2326912 76117828    0    0 336288 281464 288140 1618073 43 34 22  1  0  0
30  0  68208 96642908 2326912 76117852    0    0 308544 257416 282662 1601577 42 34 23  1  0  0
63  5  68208 96636656 2326916 76117880    0    0 304480 252588 278178 1604821 41 34 24  1  0  0
145 25  68208 96662120 2326916 76117904    0    0 445168 383092 301988 1667094 45 30 22  2  0  0
97  0  68208 96644404 2326916 76117924    0    0 398640 364864 296458 1610432 42 32 21  5  0  0
47  2  68208 96667688 2326916 76117940    0    0 296192 245800 279910 1606347 42 34 23  1  0  0
47  1  68208 96644380 2326916 76117956    0    0 298928 247504 278795 1606067 41 34 23  1  0  0
36  8  68208 96652104 2326916 76117976    0    0 330960 271652 287764 1615606 43 34 23  1  0  0
38  8  68208 96651556 2326916 76117996    0    0 344496 288204 286730 1625793 42 33 23  2  0  0
88  2  68208 96644448 2326916 76118012    0    0 403808 336552 298579 1664132 44 32 22  2  0  0
39  1  68208 96649300 2326916 76118036    0    0 387216 374992 296620 1645426 44 32 22  2  0  0
70 13  68208 96635728 2326916 76118128    0    0 327760 271620 286460 1610502 43 33 23  1  0  0
53  2  68208 96658760 2326916 76118148    0    0 284016 238012 278350 1599416 41 34 24  1  0  0
34  2  68208 96665016 2326916 76118156    0    0 286592 243048 278671 1597254 43 33 24  1  0  0
38 12  68208 96642744 2326916 76118172    0    0 355584 287768 299420 1637550 43 33 23  2  0  0
56  1  68208 96650068 2326916 76118188    0    0 412592 352784 311423 1670940 44 32 22  2  0  0
procs -----------memory---------- ---swap-- -----io---- -system-- -------cpu-------
 r  b   swpd   free   buff  cache   si   so    bi    bo   in   cs us sy id wa st gu
35  2  68208 96651940 2326916 76118208    0    0 316944 258900 288688 1606517 43 33 23  1  0  0
155  4  68208 96649136 2326916 76118232    0    0 350448 344680 293013 1624136 43 33 23  2  0  0
75  4  68208 96638572 2326916 76118248    0    0 313120 259316 285080 1599655 42 34 23  1  0  0
109  3  68208 96650256 2326916 76118272    0    0 383920 319936 295120 1643569 43 32 23  2  0  0
96  9  68208 96643196 2326916 76118284    0    0 328448 270608 290620 1612742 42 34 22  2  0  0
40  1  68208 96629660 2326916 76118300    0    0 287024 237052 279368 1583669 41 34 23  1  0  0
28  0  68208 96633488 2326916 76118316    0    0 287824 241292 281692 1599624 42 34 23  1  0  0
83  9  68208 96636220 2326916 76118340    0    0 367648 302280 294491 1636429 44 32 22  2  0  0
65  4  68208 96651344 2326916 76118356    0    0 536832 491152 323496 1716779 47 28 22  3  0  0
85  7  68208 96642960 2326916 76118376    0    0 419072 352964 302560 1663453 45 31 23  2  0  0
52 10  68208 96658952 2326916 76118396    0    0 404512 336324 300705 1657333 44 31 23  2  0  0
40  1  68208 96650996 2326916 76118408    0    0 310736 256424 284996 1611332 42 33 23  1  0  0
27  2  68208 96640028 2326916 76118428    0    0 315904 315548 288555 1602360 42 34 23  1  0  0
64 23  68208 96626980 2326916 76118448    0    0 318944 262588 290783 1603985 42 34 23  1  0  0
29  1  68208 96624896 2326916 76118468    0    0 292512 241440 282470 1591484 41 35 23  1  0  0
43  4  68208 96633804 2326916 76118488    0    0 287504 244268 278823 1587558 41 34 23  1  0  0
57  1  68208 96629568 2326916 76118504    0    0 401472 326852 296078 1649087 45 30 23  2  0  0
53 15  68208 96642956 2326916 76118528    0    0 393344 323284 295268 1647710 44 30 24  2  0  0
41  1  68208 96644940 2326916 76118544    0    0 344512 341408 295807 1629639 43 33 23  2  0  0
81  2  68208 96614236 2326916 76118556    0    0 326240 265768 287342 1602741 43 34 22  1  0  0
84  2  68208 96618920 2326916 76118580    0    0 298048 242220 284408 1601602 42 34 23  1  0  0
procs -----------memory---------- ---swap-- -----io---- -system-- -------cpu-------
 r  b   swpd   free   buff  cache   si   so    bi    bo   in   cs us sy id wa st gu
62 10  68208 96610320 2326916 76118596    0    0 275216 229780 285868 1604885 41 34 24  1  0  0
60  3  68208 96614352 2326916 76118628    0    0 339008 274320 290052 1613199 43 34 22  2  0  0
13  3  68208 96619300 2326916 76118644    0    0 354352 310884 287753 1629407 43 32 23  2  0  0
31  3  68208 96637080 2326916 76118668    0    0 537984 489856 317918 1672588 46 29 20  5  0  0
74  1  68208 96642628 2326916 76118688    0    0 329632 273136 291941 1629172 43 33 23  1  0  0
63  4  68208 96627596 2326916 76118700    0    0 340352 284048 290367 1628385 43 32 23  2  0  0
100  3  68208 96627416 2326916 76118728    0    0 372064 306320 304358 1648872 43 32 23  2  0  0
69  9  68208 96621568 2326916 76118744    0    0 296464 250036 289864 1616901 42 33 23  1  0  0
45  4  68208 96607160 2326916 76118764    0    0 269920 222840 283773 1606409 41 34 24  1  0  0
12  0  68208 96604732 2326916 76118788    0    0 290336 245064 288445 1612893 42 34 24  1  0  0
86  6  68208 96609988 2326916 76118808    0    0 335904 279200 298438 1630746 43 33 22  1  0  0
99  8  68208 96622008 2326916 76118828    0    0 451744 426124 310730 1691808 45 31 22  2  0  0
35  3  68208 96628140 2326916 76118844    0    0 454928 373868 307534 1675725 46 30 22  2  0  0
14  2  68208 96627552 2326920 76118852    0    0 504320 479128 306678 1593714 43 28 21  8  0  0
74  5  68208 96618388 2326920 76118876    0    0 286144 238160 278634 1595241 41 34 24  1  0  0
29  6  68208 96611388 2326920 76118900    0    0 286816 237000 277617 1591002 41 35 23  1  0  0
61  3  68208 96612688 2326920 76118920    0    0 338016 280372 287239 1613529 42 34 23  1  0  0
66  4  68208 96601972 2326920 76118940    0    0 316688 257160 286007 1599520 42 34 22  1  0  0
66  8  68208 96609420 2326920 76118956    0    0 335504 327076 297656 1633097 42 33 23  2  0  0
42  2  68208 96607308 2326920 76118968    0    0 315856 259508 285452 1611267 42 33 23  1  0  0
123  2  68208 96609824 2326920 76118988    0    0 286352 240324 278194 1594876 41 34 24  1  0  0
procs -----------memory---------- ---swap-- -----io---- -system-- -------cpu-------
 r  b   swpd   free   buff  cache   si   so    bi    bo   in   cs us sy id wa st gu
40 10  68208 96617804 2326920 76119004    0    0 379936 310568 292557 1642086 43 32 23  2  0  0
127  3  68208 96621560 2326920 76119028    0    0 389360 316196 298946 1664478 44 31 23  2  0  0
45  5  68208 96625564 2326920 76119044    0    0 438576 413492 308161 1673863 44 33 21  2  0  0
91  7  68208 96613248 2326920 76119064    0    0 335920 293196 287822 1620913 43 33 23  1  0  0
28  1  68208 96621624 2326920 76119084    0    0 363792 301748 292489 1641719 43 32 23  2  0  0
81  4  68208 96578884 2326920 76119096    0    0 330080 267160 290405 1610586 42 34 23  1  0  0
67  0  68208 96500124 2326920 76119116    0    0 296928 243088 292773 1592562 41 34 23  1  0  0
19  2  68208 96488636 2326920 76119136    0    0 281312 242748 279695 1593101 41 35 23  1  0  0
78  5  68208 96411080 2326920 76119160    0    0 343280 282972 293932 1628149 42 34 22  1  0  0
88 11  68208 96425476 2326920 76119176    0    0 410496 392952 299899 1660211 44 31 22  2  0  0
26  2  68208 96533652 2326920 76119196    0    0 375824 313780 289290 1646912 44 31 24  2  0  0
36  5  68208 96534668 2326920 76119220    0    0 327360 273128 285193 1622687 41 34 23  1  0  0
28  1  68208 96511116 2326928 76119220    0    0 329808 274968 284367 1626122 43 33 23  1  0  0
82  7  68208 96486176 2326928 76119316    0    0 286800 239500 275596 1595561 41 34 23  1  0  0
21  0  68208 96525800 2326928 76119336    0    0 312736 261900 284433 1617724 41 35 23  1  0  0
16  6  68208 96525228 2326928 76119352    0    0 311024 250908 282691 1605447 41 35 22  1  0  0
48  6  68208 96506952 2326928 76119376    0    0 319360 316016 286923 1604669 42 34 22  2  0  0
62  9  68208 96521252 2326928 76119396    0    0 296896 246308 280970 1607173 42 33 23  1  0  0
68  1  68208 96537988 2326932 76119412    0    0 270176 227356 279417 1601202 41 34 24  1  0  0
62  2  68208 96547308 2326932 76119428    0    0 340160 301368 288407 1631545 43 33 23  1  0  0
29  7  68208 96595128 2326932 76119440    0    0 484016 398052 308592 1699678 46 29 23  2  0  0
procs -----------memory---------- ---swap-- -----io---- -system-- -------cpu-------
 r  b   swpd   free   buff  cache   si   so    bi    bo   in   cs us sy id wa st gu
121  3  68208 96592092 2326932 76119464    0    0 406384 390844 300509 1659671 43 32 22  2  0  0
57  3  68208 96579464 2326932 76119492    0    0 305936 252636 282451 1601596 42 33 23  1  0  0
39  2  68208 96557260 2326932 76119516    0    0 284992 232828 275905 1593536 41 35 23  1  0  0
91  6  68208 96537092 2326932 76119528    0    0 300592 258656 277750 1603946 42 33 24  1  0  0
24  2  68208 96557068 2326932 76119548    0    0 327232 269504 290797 1617780 41 36 22  1  0  0
86  2  68208 96561256 2326932 76119568    0    0 375792 311120 290454 1655177 43 32 24  2  0  0
48  2  68208 96597892 2326932 76119576    0    0 529920 494420 311886 1621446 44 29 20  7  0  0
42  3  68208 96602380 2326932 76119600    0    0 340768 283080 290189 1619686 43 33 23  1  0  0
53  0  68208 96581156 2326932 76119620    0    0 283920 233424 277910 1585406 42 34 23  1  0  0
60  1  68208 96555568 2326932 76119636    0    0 274240 225968 276221 1590158 41 35 23  1  0  0
51 15  68208 96561512 2326932 76119660    0    0 348304 283308 300503 1638130 43 33 22  1  0  0
140 13  68208 96598824 2326932 76119680    0    0 523728 468488 315561 1651659 45 28 21  6  0  0
169  3  68208 96609408 2326932 76119696    0    0 451824 367860 305630 1689927 45 31 22  2  0  0
57  4  68208 96588076 2326932 76119704    0    0 328976 277268 288969 1622690 43 33 22  1  0  0
82  0  68208 96573128 2326932 76119724    0    0 285696 237460 279079 1595877 42 34 23  1  0  0
37  0  68208 96553220 2326932 76119744    0    0 272928 226760 274633 1590045 41 34 23  1  0  0
178  0  68208 96542256 2326932 76119772    0    0 342672 282376 290696 1619074 43 34 22  1  0  0
77  7  68208 96562300 2326932 76119788    0    0 365568 297240 293199 1644527 43 32 23  2  0  0
83  9  68208 96594728 2326932 76119808    0    0 452608 428960 309145 1682557 45 31 22  2  0  0
14  3  68208 96610180 2326932 76119828    0    0 365520 320104 292352 1647711 43 31 24  2  0  0
37  5  68208 96601868 2326932 76119840    0    0 301584 252192 281244 1610956 42 33 24  1  0  0
procs -----------memory---------- ---swap-- -----io---- -system-- -------cpu-------
 r  b   swpd   free   buff  cache   si   so    bi    bo   in   cs us sy id wa st gu
32  4  68208 96578160 2326932 76119864    0    0 329952 272180 288779 1611439 42 34 23  1  0  0
147  9  68208 96563752 2326932 76119888    0    0 319168 265332 284765 1611723 42 33 23  1  0  0
61  0  68208 96551712 2326932 76119900    0    0 296848 241952 286092 1602063 41 34 23  1  0  0
26  3  68208 96538280 2326932 76119924    0    0 322496 267072 287102 1615190 42 33 23  1  0  0
55  8  68208 96567916 2326932 76119940    0    0 436912 393552 303650 1672655 45 31 22  2  0  0
41 12  68208 96609536 2326936 76119960    0    0 503392 449820 318332 1718432 47 29 21  2  0  0
68 14  68208 96603968 2326936 76119972    0    0 430896 356636 303624 1677900 46 29 23  2  0  0
68  7  68208 96581088 2326936 76119988    0    0 317744 260180 287817 1612073 42 35 22  1  0  0
99  4  68208 96562592 2326936 76120012    0    0 306112 250096 281847 1603545 42 34 23  2  0  0
108  2  68208 96544488 2326936 76120028    0    0 279600 230168 275235 1593476 41 33 24  1  0  0
40 12  68208 96564180 2326936 76120052    0    0 453408 397444 301634 1652739 45 30 22  3  0  0
43  5  68208 96580764 2326936 76120072    0    0 380592 335332 296319 1646237 44 32 22  2  0  0
15  5  68208 96598060 2326936 76120096    0    0 515440 489124 311239 1648923 45 28 22  5  0  0
37  0  68208 96599616 2326936 76120104    0    0 290720 239120 280652 1602521 42 33 23  1  0  0
170  7  68208 96560188 2326936 76120120    0    0 289184 239592 276213 1603503 42 33 24  1  0  0
72  2  68208 96541648 2326936 76120140    0    0 375632 302332 293779 1645274 44 32 22  2  0  0
55  4  68208 96565440 2326940 76120164    0    0 457248 421316 307058 1652903 45 30 22  3  0  0
30 15  68208 96559596 2326940 76120184    0    0 297680 241564 281763 1598183 41 35 23  1  0  0
92  1  68208 96543244 2326940 76120200    0    0 281680 233664 275186 1589248 42 33 24  1  0  0
71  3  68208 96546504 2326940 76120216    0    0 331696 272784 283473 1624268 42 33 23  1  0  0
35  3  68208 96563140 2326940 76120232    0    0 582640 466132 322727 1697626 46 28 20  5  0  0
procs -----------memory---------- ---swap-- -----io---- -system-- -------cpu-------
 r  b   swpd   free   buff  cache   si   so    bi    bo   in   cs us sy id wa st gu
58  8  68208 96575152 2326940 76120256    0    0 373072 348900 298300 1640954 43 33 22  2  0  0
47  9  68208 96571736 2326940 76120276    0    0 297088 242836 279883 1595433 41 34 23  1  0  0
15  6  68208 96534180 2326940 76120292    0    0 280528 234104 276104 1595746 41 34 23  1  0  0
37  1  68208 96522420 2326940 76120312    0    0 335232 270120 288619 1606894 42 34 23  1  0  0
99  2  68208 96526536 2326940 76120336    0    0 325824 268184 282386 1615004 42 33 23  2  0  0
78 20  68208 96575556 2326944 76120352    0    0 547504 480560 318039 1689402 46 29 21  4  0  0
47  1  68208 96584552 2326944 76120372    0    0 433696 360156 306639 1680216 45 30 23  2  0  0
24  2  68208 96569976 2326944 76120384    0    0 323552 270788 286292 1618935 42 34 23  1  0  0
43  6  68208 96554448 2326944 76120404    0    0 324288 263596 288386 1609139 42 34 23  1  0  0
26  1  68208 96542456 2326944 76120424    0    0 316112 256380 283101 1611700 42 34 23  1  0  0
48  4  68208 96538180 2326944 76120520    0    0 325296 284584 282164 1615956 42 33 24  1  0  0
29  0  68208 96531904 2326944 76120536    0    0 369008 306472 295087 1632979 44 33 22  2  0  0
104  2  68208 96547856 2326944 76120552    0    0 348368 331916 293880 1621444 43 33 22  1  0  0
89  6  68208 96558304 2326944 76120572    0    0 318000 264084 285840 1615957 42 34 23  1  0  0
59  0  68208 96557724 2326944 76120584    0    0 424960 345504 302712 1675992 45 31 22  2  0  0
21  7  68208 96565484 2326948 76120600    0    0 339088 281084 284670 1627815 43 32 24  2  0  0
44  1  68208 96558004 2326948 76120616    0    0 354080 296144 290155 1630566 43 32 23  2  0  0
144  3  68208 96539528 2326948 76120636    0    0 330448 324980 290856 1610934 42 34 22  1  0  0
34  2  68208 96519396 2326948 76120652    0    0 316528 260992 284836 1606081 42 34 23  1  0  0
73  5  68208 96507540 2326948 76120680    0    0 278448 228044 277457 1583231 41 34 23  1  0  0
51  1  68208 96521200 2326948 76120704    0    0 291536 238444 279696 1597186 41 35 23  1  0  0
procs -----------memory---------- ---swap-- -----io---- -system-- -------cpu-------
 r  b   swpd   free   buff  cache   si   so    bi    bo   in   cs us sy id wa st gu
40  5  68208 96524068 2326948 76120712    0    0 317008 256840 286317 1607623 43 34 22  1  0  0
49  4  68208 96529120 2326948 76120728    0    0 341936 276848 285949 1616900 43 33 23  2  0  0
81  3  68208 96567376 2326948 76120748    0    0 574016 513920 325039 1697468 47 28 21  4  0  0
35  1  68208 96572684 2326948 76120768    0    0 385136 316276 294484 1655155 45 31 23  2  0  0
73  6  68208 96574116 2326948 76120788    0    0 410144 334184 301554 1653231 45 31 22  2  0  0
35  5  68208 96564196 2326948 76120808    0    0 361120 297440 293604 1630088 43 33 22  2  0  0
54  2  68208 96569196 2326948 76120824    0    0 344288 340196 296389 1622406 43 33 22  1  0  0
72  7  68208 96567940 2326948 76120844    0    0 325856 267928 290723 1619472 42 34 22  1  0  0
42  9  68208 96545928 2326948 76120860    0    0 289072 239544 276053 1599007 41 34 24  1  0  0
71  9  68208 96560604 2326948 76120880    0    0 509312 409084 313978 1699208 47 29 22  2  0  0
43  5  68208 96552228 2326948 76120896    0    0 313600 310256 286465 1603670 42 34 22  2  0  0
14  1  68208 96548608 2326948 76120928    0    0 369824 294348 291111 1636628 44 31 22  2  0  0
81  6  68208 96551892 2326948 76120940    0    0 399536 344268 298477 1646192 45 31 22  2  0  0
51  4  68208 96562056 2326948 76120960    0    0 474864 387892 309358 1695462 46 30 22  2  0  0
113 16  68208 96562136 2326948 76120976    0    0 354576 295392 294102 1637363 43 32 23  2  0  0
31  3  68208 96549328 2326948 76120992    0    0 357920 340484 294246 1633583 43 33 22  2  0  0
92  1  68208 96533864 2326948 76121016    0    0 311088 256344 282715 1605772 42 34 23  1  0  0
97  8  68208 96506632 2326948 76121036    0    0 269760 222264 272406 1582669 41 34 24  1  0  0
58  2  68208 96516096 2326948 76121060    0    0 358576 290344 292047 1634414 43 33 22  2  0  0
99  3  68208 96551748 2326948 76121080    0    0 489904 389708 309768 1689075 46 30 22  2  0  0
131  6  68208 96543668 2326948 76121100    0    0 346048 341456 294352 1625392 43 34 22  1  0  0
procs -----------memory---------- ---swap-- -----io---- -system-- -------cpu-------
 r  b   swpd   free   buff  cache   si   so    bi    bo   in   cs us sy id wa st gu
81  1  68208 96546636 2326948 76121116    0    0 322640 267300 288979 1623381 42 34 23  1  0  0
104  3  68208 96527784 2326948 76121132    0    0 295568 242704 281572 1601438 42 34 23  1  0  0
22  3  68208 96505872 2326948 76121148    0    0 288128 234260 275788 1600983 42 33 24  1  0  0
88  1  68208 96512920 2326952 76121164    0    0 333152 277228 287520 1623235 42 33 23  1  0  0
50  6  68208 96507560 2326952 76121196    0    0 368144 314804 290152 1636171 44 32 23  2  0  0
44 15  68208 96544736 2326952 76121216    0    0 417472 337660 300864 1657520 44 31 22  2  0  0
40  4  68208 96529516 2326952 76121232    0    0 299920 247752 280385 1595718 41 34 23  1  0  0
33  2  68208 96541480 2326952 76121252    0    0 323104 316720 289465 1620546 42 34 22  2  0  0
81  3  68208 96517640 2326952 76121260    0    0 302608 243260 280470 1603921 42 33 23  1  0  0
32  1  68208 96510380 2326952 76121284    0    0 282304 230616 278296 1598328 41 34 23  1  0  0
49  9  68208 96527440 2326952 76121304    0    0 423712 339556 298209 1660181 45 31 22  2  0  0
123  9  68208 96547892 2326952 76121320    0    0 448208 358464 302023 1676154 45 30 22  3  0  0
75 11  68208 96550484 2326952 76121336    0    0 452928 409732 304483 1671992 46 30 22  3  0  0
84  5  68208 96537816 2326956 76121352    0    0 297776 248312 279094 1607816 41 34 23  2  0  0
217  0  68208 96546552 2326956 76121380    0    0 321808 259864 286076 1608597 42 34 22  2  0  0
59  2  68208 96529480 2326956 76121388    0    0 292384 244732 279884 1599832 41 34 23  1  0  0
59 10  68208 96504804 2326956 76121408    0    0 297344 250868 288160 1612179 41 34 24  1  0  0
85  6  68208 96502824 2326956 76121428    0    0 330224 287704 294647 1631308 43 34 22  1  0  0
98  4  68208 96501880 2326956 76121452    0    0 347584 343772 293058 1627125 43 33 23  2  0  0
38  2  68208 96512368 2326956 76121472    0    0 393200 321388 296790 1642646 44 31 23  2  0  0
139 11  68208 96545452 2326956 76121492    0    0 405040 333480 302246 1652062 44 31 22  2  0  0
procs -----------memory---------- ---swap-- -----io---- -system-- -------cpu-------
 r  b   swpd   free   buff  cache   si   so    bi    bo   in   cs us sy id wa st gu
15  2  68208 96555452 2326956 76121508    0    0 410336 331728 308388 1676945 44 31 23  2  0  0
45 10  68208 96546592 2326956 76121520    0    0 317024 258232 290501 1619994 42 34 23  1  0  0
157  2  68208 96520628 2326956 76121536    0    0 313504 313864 286929 1604015 42 34 23  1  0  0
48  0  68208 96509256 2326956 76121560    0    0 324016 264972 288883 1607561 42 34 23  1  0  0
66  2  68208 96495844 2326956 76121572    0    0 298832 252584 281664 1599775 42 33 23  1  0  0
59  8  68208 96477472 2326956 76121592    0    0 305792 251116 290162 1624719 42 33 24  1  0  0
70 10  68208 96521476 2326956 76121612    0    0 404624 337788 304713 1673560 45 31 23  2  0  0
175  9  68208 96536496 2326956 76121704    0    0 416544 356776 302492 1660786 45 30 23  2  0  0
49  3  68208 96538116 2326956 76121724    0    0 362288 349672 298489 1641422 43 33 23  2  0  0
11  1  68208 96521444 2326956 76121736    0    0 318160 259568 285833 1608238 42 34 22  1  0  0
58  3  68208 96504136 2326956 76121752    0    0 300736 256144 279389 1598568 42 33 24  1  0  0
134  2  68208 96496872 2326956 76121776    0    0 329872 268388 287075 1615267 42 34 23  1  0  0
88  6  68208 96497200 2326956 76121792    0    0 367216 301804 297844 1642993 44 32 23  2  0  0
77  6  68208 96523676 2326956 76121816    0    0 386832 321076 299254 1658135 44 31 23  2  0  0
32  2  68208 96520244 2326956 76121832    0    0 368992 303420 292989 1639468 44 32 23  2  0  0
113  1  68208 96519968 2326956 76121860    0    0 494336 475196 309687 1611196 43 29 21  8  0  0
53  4  68208 96518708 2326956 76121872    0    0 318080 262704 286617 1607735 42 34 23  1  0  0
66  8  68208 96508596 2326956 76121892    0    0 337184 282804 285409 1616471 43 32 23  2  0  0
27  2  68208 96513464 2326956 76121912    0    0 356752 290408 294089 1635418 43 33 22  2  0  0
68  4  68208 96506648 2326956 76121932    0    0 298288 249496 290106 1618921 42 34 23  1  0  0
56  8  68208 96490472 2326956 76121956    0    0 328272 342208 299613 1627853 42 34 22  2  0  0
procs -----------memory---------- ---swap-- -----io---- -system-- -------cpu-------
 r  b   swpd   free   buff  cache   si   so    bi    bo   in   cs us sy id wa st gu
100  3  68208 96491364 2326956 76121968    0    0 319120 264636 286524 1610397 42 34 23  1  0  0
40  8  68208 96503272 2326956 76121984    0    0 278832 231520 278884 1597535 41 34 23  1  0  0
16  2  68208 96492800 2326956 76121992    0    0 287520 243400 277559 1595603 41 34 23  1  0  0
79 13  68208 96487296 2326956 76122016    0    0 330336 272320 287553 1610845 42 34 23  1  0  0
78  2  68208 96515940 2326956 76122036    0    0 529952 480556 317188 1709721 47 29 21  3  0  0
62  3  68208 96535272 2326956 76122056    0    0 450720 364400 303729 1684452 45 30 23  2  0  0
71 11  68208 96536600 2326956 76122072    0    0 374320 307212 292309 1644985 43 33 23  2  0  0
72  2  68208 96508620 2326956 76122092    0    0 276352 232760 276693 1586911 41 34 24  1  0  0
95  4  68208 96511532 2326956 76122112    0    0 274032 232892 276447 1598291 41 34 24  1  0  0
60  6  68208 96502504 2326956 76122124    0    0 341920 276648 291081 1625515 43 33 22  1  0  0
44  3  68208 96484552 2326956 76122144    0    0 301760 312980 283861 1601245 42 33 23  1  0  0
113  3  68208 96483648 2326956 76122160    0    0 323952 278868 286058 1614413 42 34 22  1  0  0
57  8  68208 96472764 2326956 76122180    0    0 315424 257768 281825 1615994 42 33 23  1  0  0
28  5  68208 96462152 2326956 76122204    0    0 274864 232496 273736 1594439 41 34 24  1  0  0
61 14  68208 96477228 2326956 76122224    0    0 379248 316472 291742 1648816 43 32 23  2  0  0
94  9  68208 96501316 2326956 76122240    0    0 491792 397620 311548 1704252 46 30 22  2  0  0
69  3  68208 96510612 2326956 76122248    0    0 383792 366964 297643 1645688 43 32 22  2  0  0
64 14  68208 96514472 2326956 76122264    0    0 363168 294056 288885 1641064 44 32 23  2  0  0
27  2  68208 96503580 2326956 76122292    0    0 334112 277888 293870 1636623 43 32 23  1  0  0
159  5  68208 96503172 2326956 76122308    0    0 315600 260408 284699 1607013 43 33 23  1  0  0
87  1  68208 96482648 2326956 76122328    0    0 286816 238604 275927 1595549 42 33 24  1  0  0
procs -----------memory---------- ---swap-- -----io---- -system-- -------cpu-------
 r  b   swpd   free   buff  cache   si   so    bi    bo   in   cs us sy id wa st gu
171  3  68208 96469208 2326956 76122344    0    0 295360 248792 278843 1602379 42 34 23  1  0  0
63  4  68208 96481224 2326956 76122368    0    0 314448 260048 283616 1607242 41 34 23  1  0  0
147 10  68208 96485692 2326956 76122388    0    0 296352 263980 281685 1608245 43 33 23  1  0  0
44  1  68208 96471200 2326956 76122400    0    0 332560 321836 294173 1619440 42 34 22  2  0  0
52  5  68208 96483104 2326956 76122420    0    0 341344 276696 286022 1618647 43 33 23  2  0  0
35  7  68208 96500460 2326956 76122440    0    0 440816 363356 305635 1679713 45 31 23  2  0  0
76  2  68208 96507912 2326956 76122464    0    0 342752 284312 295293 1646637 43 32 23  2  0  0
42  2  68208 96520568 2326956 76122484    0    0 406944 334916 297743 1658482 44 31 23  2  0  0
32  3  68208 96523376 2326956 76122500    0    0 343856 340716 292318 1621280 43 33 23  2  0  0
80  2  68208 96515632 2326956 76122516    0    0 315040 262180 286527 1619309 42 33 23  1  0  0
40  8  68208 96494532 2326960 76122528    0    0 307904 259084 279111 1614673 42 33 24  1  0  0
54 12  68208 96466140 2326960 76122548    0    0 284448 238556 277514 1599265 42 33 24  1  0  0
95  5  68208 96450052 2326960 76122568    0    0 333056 275096 286404 1618689 43 32 23  1  0  0
44  5  68208 96456432 2326960 76122592    0    0 290752 242624 278626 1602847 42 33 23  1  0  0
16 11  68208 96462280 2326960 76122608    0    0 314640 266444 281956 1617709 42 33 23  1  0  0
45  4  68208 96468200 2326960 76122632    0    0 328672 283064 288819 1609639 42 34 22  1  0  0
57  2  68208 96469832 2326960 76122652    0    0 366608 359960 297314 1644916 43 32 23  2  0  0
10  0  68208 96510588 2326960 76122660    0    0 478960 395220 316950 1701707 46 30 22  2  0  0
55 11  68208 96519476 2326960 76122684    0    0 382736 307732 296084 1640040 44 32 23  2  0  0
89  4  68208 96509276 2326960 76122700    0    0 298496 260032 278920 1610306 42 32 24  1  0  0
86  3  68208 96487724 2326960 76122728    0    0 339184 278940 290000 1620230 43 33 22  1  0  0
procs -----------memory---------- ---swap-- -----io---- -system-- -------cpu-------
 r  b   swpd   free   buff  cache   si   so    bi    bo   in   cs us sy id wa st gu
104  5  68208 96473880 2326960 76122752    0    0 292496 245112 278523 1596043 42 34 23  1  0  0
40  3  68208 96462456 2326960 76122768    0    0 314432 318076 286276 1599467 42 33 23  1  0  0
77  1  68208 96482428 2326960 76122792    0    0 397648 328328 302378 1668176 44 31 23  2  0  0
79  9  68208 96495712 2326960 76122808    0    0 341936 283940 287763 1626004 43 33 23  2  0  0
43  2  68208 96473124 2326960 76122924    0    0 312384 255920 282812 1604519 42 34 23  1  0  0
50  6  68208 96479632 2326960 76122944    0    0 355056 301912 288075 1629631 44 31 24  2  0  0
176  7  68208 96475600 2326960 76122964    0    0 320384 280192 293575 1615338 42 34 23  1  0  0
222  1  68208 96470472 2326960 76122984    0    0 316912 264648 290458 1620333 42 33 23  1  0  0
57  0  68208 96473568 2326960 76123008    0    0 327424 326008 291513 1609161 42 34 22  1  0  0
62  6  68208 96489356 2326960 76123028    0    0 329120 267632 286891 1621723 42 33 23  1  0  0
51  5  68208 96479348 2326968 76123084    0    0 294672 246828 279058 1599207 42 33 24  1  0  0
67  5  68208 96502900 2326968 76123104    0    0 489408 398792 310372 1692276 46 29 22  2  0  0
75  1  68208 96514652 2326968 76123124    0    0 374208 311464 293636 1648038 44 32 22  2  0  0
123  2  68208 96484988 2326972 76123140    0    0 366928 359632 295718 1639677 44 32 23  2  0  0
137  3  68208 96484780 2326976 76123160    0    0 328768 272648 292881 1624121 42 34 22  1  0  0
202  1  68208 96478672 2326976 76123188    0    0 310704 258916 290952 1626061 42 34 23  1  0  0
40  9  68208 96481544 2326976 76123208    0    0 282784 239680 285692 1610657 41 34 24  1  0  0
69  8  68208 96479464 2326976 76123224    0    0 306768 262100 283552 1613729 42 33 24  1  0  0
49  7  68208 96485800 2326976 76123240    0    0 421760 357920 300865 1656707 45 31 23  2  0  0
29  0  68208 96504784 2326976 76123256    0    0 484368 419216 310130 1678555 46 29 22  3  0  0
69  2  68208 96508156 2326976 76123276    0    0 315792 260484 284901 1606362 42 33 23  1  0  0
procs -----------memory---------- ---swap-- -----io---- -system-- -------cpu-------
 r  b   swpd   free   buff  cache   si   so    bi    bo   in   cs us sy id wa st gu
14  2  68208 96480104 2326976 76123292    0    0 333264 277048 285466 1615890 43 33 23  1  0  0
47  0  68208 96460836 2326976 76123316    0    0 334112 270304 289470 1606946 42 34 22  1  0  0
161  2  68208 96468936 2326976 76123336    0    0 300464 249988 285648 1602734 42 34 23  1  0  0
85  9  68208 96472156 2326976 76123352    0    0 343840 340060 293886 1628565 43 33 23  2  0  0
93  5  68208 96454792 2326976 76123364    0    0 283584 239220 277376 1584892 41 35 24  1  0  0
53  5  68208 96446588 2326976 76123384    0    0 293792 245896 279544 1592138 42 34 23  1  0  0
40  3  68208 96463648 2326976 76123400    0    0 315888 259896 287263 1599489 41 35 23  1  0  0
53  6  68208 96461208 2326976 76123420    0    0 290080 241600 279947 1594389 42 34 23  1  0  0
73  3  68208 96458912 2326976 76123440    0    0 319120 269400 282192 1615513 42 33 24  1  0  0
64  7  68208 96470260 2326976 76123456    0    0 471392 427064 312508 1688638 46 30 22  2  0  0
75  7  68208 96486436 2326976 76123480    0    0 408992 364512 302401 1660154 45 31 22  2  0  0
125  3  68208 96491356 2326976 76123488    0    0 353584 296368 291329 1628483 43 33 23  2  0  0
51  9  68208 96475880 2326976 76123512    0    0 336880 278180 290636 1612273 42 34 22  1  0  0
80  1  68208 96462924 2326976 76123536    0    0 299680 248472 282602 1591349 41 35 23  1  0  0
73  5  68208 96456620 2326976 76123552    0    0 280656 234500 278125 1588097 41 34 23  1  0  0
35  2  68208 96447372 2326976 76123572    0    0 293488 242656 285256 1606048 41 35 23  1  0  0
104  5  68208 96460520 2326976 76123592    0    0 390064 379868 307445 1665073 44 32 22  2  0  0
60  4  68208 96483128 2326976 76123612    0    0 376528 312096 296531 1648333 43 33 22  2  0  0
95 12  68208 96500596 2326976 76123620    0    0 438432 358908 302508 1673556 45 30 22  2  0  0
208  0  68208 96484304 2326976 76123644    0    0 316640 265112 284126 1612810 42 34 23  1  0  0
86  5  68208 96472680 2326976 76123672    0    0 366864 295732 291934 1629778 43 33 22  2  0  0
procs -----------memory---------- ---swap-- -----io---- -system-- -------cpu-------
 r  b   swpd   free   buff  cache   si   so    bi    bo   in   cs us sy id wa st gu
42  4  68208 96463500 2326976 76123692    0    0 356960 366544 300296 1635300 43 33 23  2  0  0
78  1  68208 96438068 2326980 76123712    0    0 312400 263148 293817 1623254 42 34 23  1  0  0
49  3  68208 96449936 2326980 76123736    0    0 297824 250220 282084 1598322 41 34 23  1  0  0
41  3  68208 96453292 2326980 76123756    0    0 272080 230548 272876 1592762 41 34 24  1  0  0
73  7  68208 96450776 2326980 76123764    0    0 351504 288732 293670 1630063 44 33 22  1  0  0
40  2  68208 96472696 2326980 76123780    0    0 450944 371472 312246 1694738 46 29 23  2  0  0
43  4  68208 96481152 2326980 76123804    0    0 387760 322740 298246 1645302 44 32 23  2  0  0
64  4  68208 96470584 2326980 76123820    0    0 330464 321444 291456 1617610 42 35 22  1  0  0
17  3  68208 96444540 2326980 76123848    0    0 298480 246844 280322 1593199 42 33 24  1  0  0
70  6  68208 96479740 2326980 76123864    0    0 418592 343348 301297 1660746 44 31 23  2  0  0
79  3  68208 96479052 2326980 76123880    0    0 319136 263388 294565 1628161 41 35 23  1  0  0
133  3  68208 96479812 2326980 76123896    0    0 450720 415740 302326 1627084 44 31 21  5  0  0
73  8  68208 96477664 2326980 76123916    0    0 325024 259748 288067 1609192 42 35 22  1  0  0
44  0  68208 96456228 2326980 76123940    0    0 298528 264188 280953 1596681 41 34 23  1  0  0
21  6  68208 96445916 2326980 76123960    0    0 292816 250088 277187 1599189 42 33 24  1  0  0
23  7  68208 96440736 2326980 76123976    0    0 367104 301320 294687 1636842 43 33 23  2  0  0
93  2  68208 96464856 2326980 76123992    0    0 425344 358012 298973 1679539 45 29 23  2  0  0
100  5  68208 96475800 2326980 76124020    0    0 352192 291136 290058 1629935 43 32 23  2  0  0
19  0  68208 96484492 2326980 76124036    0    0 316096 315540 288519 1618612 42 34 23  1  0  0
59  5  68208 96459604 2326980 76124044    0    0 311136 256292 284841 1600677 42 34 23  1  0  0
56  3  68208 96456096 2326980 76124060    0    0 298720 247220 280844 1597817 41 34 23  1  0  0
procs -----------memory---------- ---swap-- -----io---- -system-- -------cpu-------
 r  b   swpd   free   buff  cache   si   so    bi    bo   in   cs us sy id wa st gu
14  0  68208 96441700 2326980 76124080    0    0 283856 242176 284137 1603584 41 34 24  1  0  0
81  7  68208 96455316 2326980 76124176    0    0 383056 313296 301454 1655694 43 33 22  2  0  0
39  5  68208 96480232 2326980 76124192    0    0 415152 338464 299208 1655510 45 30 23  2  0  0
27  2  68208 96495308 2326980 76124212    0    0 539152 496652 315428 1670490 45 28 22  5  0  0
112  2  68208 96510920 2326980 76124228    0    0 383088 320940 298953 1659027 44 32 23  2  0  0
43  2  68208 96483964 2326980 76124240    0    0 299712 251660 283846 1599834 42 34 23  1  0  0
62  0  68208 96465752 2326980 76124260    0    0 326496 317728 288237 1605122 42 33 23  1  0  0
163  9  68208 96440376 2326980 76124284    0    0 297104 245804 289067 1615568 42 34 23  1  0  0
85  1  68208 96445920 2326980 76124304    0    0 287520 239456 285463 1614164 41 34 24  1  0  0
48  4  68208 96436604 2326980 76124328    0    0 320448 269684 287705 1608423 41 35 23  1  0  0
31  1  68208 96436044 2326980 76124344    0    0 320384 268036 283917 1613071 42 33 24  1  0  0
39  2  68208 96458976 2326980 76124372    0    0 381296 317612 297073 1648478 44 32 23  2  0  0
59  3  68208 96451780 2326980 76124380    0    0 331904 272860 288392 1619886 43 33 23  1  0  0
51  9  68208 96453776 2326980 76124396    0    0 384624 370516 305147 1651316 43 33 22  2  0  0
88  1  68208 96463988 2326980 76124416    0    0 342560 277460 287326 1619003 43 33 23  1  0  0
96  4  68208 96453480 2326980 76124436    0    0 295920 262068 277136 1600507 42 33 24  1  0  0
35 10  68208 96449160 2326980 76124464    0    0 313616 261320 285309 1604090 42 34 23  1  0  0
49  2  68208 96428848 2326980 76124480    0    0 302736 255856 285661 1609270 42 34 23  1  0  0
51  8  68208 96454796 2326980 76124496    0    0 356048 295576 300127 1649628 43 32 23  2  0  0
77  2  68208 96449340 2326980 76124512    0    0 321824 325604 298383 1640780 42 33 23  1  0  0
100  0  68208 96449468 2326980 76124524    0    0 330128 275648 294804 1628901 42 33 23  1  0  0
procs -----------memory---------- ---swap-- -----io---- -system-- -------cpu-------
 r  b   swpd   free   buff  cache   si   so    bi    bo   in   cs us sy id wa st gu
55  7  68208 96438500 2326980 76124548    0    0 326464 266300 283259 1608850 43 32 23  1  0  0
72  6  68208 96457708 2326980 76124568    0    0 424768 405892 308945 1662655 44 32 22  2  0  0
65  6  68208 96442816 2326980 76124584    0    0 296320 247384 290103 1613053 41 34 23  1  0  0
39  3  68208 96435444 2326980 76124608    0    0 278304 229716 283378 1606436 41 34 24  1  0  0
125 12  68208 96448148 2326980 76124624    0    0 338080 281680 287592 1622847 43 33 23  2  0  0
117  1  68208 96452388 2326980 76124640    0    0 364112 299520 290962 1637898 43 32 23  2  0  0
59  2  68208 96435652 2326980 76124656    0    0 341696 292024 284880 1633421 43 33 23  2  0  0
71  6  68208 96480208 2326980 76124676    0    0 513952 482936 316144 1670062 45 29 21  4  0  0
35  6  68208 96477188 2326980 76124700    0    0 392384 321284 295690 1649656 44 32 23  2  0  0
46 14  68208 96467804 2326980 76124716    0    0 357248 297316 286127 1631544 43 32 24  2  0  0
54  5  68208 96441456 2326980 76124732    0    0 325072 269156 286536 1613993 42 34 23  1  0  0
109 13  68208 96446044 2326980 76124756    0    0 387552 318036 292489 1637117 43 32 23  2  0  0
148  4  68208 96467060 2326980 76124776    0    0 322816 269664 297424 1634823 42 34 23  1  0  0
39  2  68208 96449708 2326980 76124780    0    0 391472 375552 307696 1660876 44 32 22  2  0  0
71  3  68208 96462880 2326980 76124804    0    0 374128 307976 291731 1644320 44 31 23  2  0  0
34  5  68208 96459348 2326980 76124820    0    0 412752 339380 298246 1659611 44 31 23  2  0  0
24  3  68208 96471252 2326980 76124848    0    0 439168 377276 304702 1677492 45 31 22  2  0  0
38  2  68208 96452848 2326980 76124868    0    0 346544 284608 288997 1626827 43 33 22  1  0  0
84  5  68208 96434888 2326980 76124884    0    0 300048 303056 284342 1594637 42 34 23  1  0  0
89  0  68208 96438196 2326980 76124904    0    0 322208 266208 288109 1617927 43 33 23  1  0  0
144  3  68208 96423448 2326980 76124920    0    0 286608 237332 285602 1605988 41 34 23  1  0  0
procs -----------memory---------- ---swap-- -----io---- -system-- -------cpu-------
 r  b   swpd   free   buff  cache   si   so    bi    bo   in   cs us sy id wa st gu
48  8  68208 96410364 2326980 76124948    0    0 292832 242660 282672 1606310 42 34 23  1  0  0
80  3  68208 96411480 2326980 76124968    0    0 370512 305800 292053 1635765 43 33 23  2  0  0
89  4  68208 96435268 2326980 76124984    0    0 423600 355900 304936 1676693 44 31 22  2  0  0
33  9  68208 96439340 2326984 76125000    0    0 350880 291968 292078 1633479 43 33 23  2  0  0
41  1  68208 96439612 2326984 76125032    0    0 337216 329624 288292 1613971 42 33 23  1  0  0
81  3  68208 96439272 2326984 76125052    0    0 326144 269088 287690 1618211 42 33 23  1  0  0
86  4  68208 96453788 2326984 76125064    0    0 415776 342720 299997 1659471 44 31 22  2  0  0
16  0  68208 96454956 2326984 76125080    0    0 355568 291172 291984 1617272 42 34 23  2  0  0
40  8  68208 96456448 2326984 76125100    0    0 447168 364236 305549 1662616 45 31 22  2  0  0
78  7  68208 96448508 2326984 76125112    0    0 314960 335520 288247 1602602 42 34 22  1  0  0
50 12  68208 96437152 2326984 76125136    0    0 366496 296356 292796 1629372 43 33 23  2  0  0
54 10  68208 96421684 2326984 76125156    0    0 323088 272120 284854 1610582 43 33 23  1  0  0
75  2  68208 96458596 2326984 76125172    0    0 460960 382332 309136 1691396 46 30 22  2  0  0
37  6  68208 96460692 2326988 76125180    0    0 473200 387452 310637 1702967 46 30 22  2  0  0
32  1  68208 96444920 2326988 76125204    0    0 323200 322008 290435 1599625 42 34 22  1  0  0
81 11  68208 96440884 2326988 76125224    0    0 317536 266708 286021 1606000 42 35 22  1  0  0
84 10  68208 96430040 2326988 76125244    0    0 286016 230724 276723 1579109 41 35 23  1  0  0
77  5  68208 96404264 2326988 76125260    0    0 270896 225936 282547 1605654 41 35 23  1  0  0
41  6  68208 96386980 2326988 76125280    0    0 329984 273644 287446 1611101 43 33 23  1  0  0
57  5  68208 96419032 2326988 76125364    0    0 314464 260776 283706 1606959 42 33 23  1  0  0
59 10  68208 96424760 2326988 76125384    0    0 273728 230720 277058 1592816 41 34 23  1  0  0
procs -----------memory---------- ---swap-- -----io---- -system-- -------cpu-------
 r  b   swpd   free   buff  cache   si   so    bi    bo   in   cs us sy id wa st gu
112  2  68208 96426064 2326988 76125392    0    0 308208 258836 281084 1603082 41 34 23  1  0  0
65  3  68208 96433724 2326988 76125412    0    0 324336 282152 294153 1625271 41 34 24  1  0  0
85 10  68208 96436272 2326988 76125436    0    0 399776 378240 300879 1653871 43 33 22  2  0  0
42  2  68208 96444844 2326988 76125456    0    0 387216 319488 292645 1650342 44 31 23  2  0  0
84  3  68208 96454080 2326988 76125472    0    0 432832 347360 300794 1675476 45 31 22  2  0  0
34  5  68208 96439364 2326988 76125488    0    0 289152 246496 277187 1595774 42 33 24  1  0  0
48  2  68208 96443240 2326988 76125512    0    0 353872 292236 295091 1635947 43 33 22  1  0  0
87  3  68208 96420776 2326988 76125520    0    0 320688 321300 287478 1608557 42 34 23  1  0  0
116  7  68208 96417360 2326988 76125540    0    0 330560 270148 297932 1628659 42 35 22  1  0  0
55  2  68208 96414644 2326988 76125564    0    0 301952 247124 283058 1598933 41 35 22  1  0  0
86  0  68208 96402520 2326988 76125588    0    0 267344 224104 274182 1586830 42 34 23  1  0  0
64  8  68208 96411016 2326988 76125612    0    0 366912 306744 292510 1631082 43 33 22  2  0  0
49  8  68208 96438696 2326992 76125624    0    0 426208 371112 306528 1683972 44 31 23  2  0  0
84  7  68208 96464856 2326992 76125648    0    0 383728 309176 295129 1657541 44 31 23  2  0  0
67  2  68208 96455604 2326992 76125656    0    0 347344 343160 294343 1623443 43 33 22  1  0  0
86  6  68208 96418236 2326992 76125680    0    0 299968 248820 280720 1597651 42 33 23  1  0  0
80  3  68208 96389312 2326992 76125696    0    0 272752 230624 275298 1588262 42 34 23  1  0  0
102  2  68208 96397864 2326996 76125712    0    0 300608 254128 288552 1610542 41 35 23  1  0  0
157  7  68208 96415740 2326996 76125736    0    0 304864 256688 288700 1615282 41 34 23  1  0  0
58  3  68208 96403004 2326996 76125752    0    0 287280 238348 275168 1601196 41 33 24  1  0  0
114  5  68208 96424764 2326996 76125780    0    0 323504 273052 289420 1619720 41 35 22  1  0  0
procs -----------memory---------- ---swap-- -----io---- -system-- -------cpu-------
 r  b   swpd   free   buff  cache   si   so    bi    bo   in   cs us sy id wa st gu
28  4  68208 96431064 2326996 76125792    0    0 304384 251484 284970 1603183 43 33 23  1  0  0
114  1  68208 96412376 2326996 76125808    0    0 285824 240744 282411 1602638 41 34 24  1  0  0
77  8  68208 96417516 2326996 76125828    0    0 393472 375756 304648 1659361 44 32 22  2  0  0
77  7  68208 96449944 2326996 76125848    0    0 484480 419788 312014 1689314 46 30 21  2  0  0
36  4  68208 96450568 2326996 76125876    0    0 501616 455868 316954 1702938 47 29 22  2  0  0
43  4  68208 96446112 2326996 76125888    0    0 417888 345968 303245 1661585 44 32 22  2  0  0
62  3  68208 96447772 2326996 76125908    0    0 384720 319112 298414 1640516 44 32 23  2  0  0
134 16  68208 96455464 2326996 76125924    0    0 321424 264412 286115 1617449 42 33 23  1  0  0
30 13  68208 96422708 2326996 76125932    0    0 313952 317404 290835 1603346 42 34 22  1  0  0
82 12  68208 96403752 2326996 76125964    0    0 308480 254744 280718 1598374 42 33 23  2  0  0
54  6  68208 96381640 2326996 76125980    0    0 271424 220868 282441 1600773 42 33 24  1  0  0
120  3  68208 96393352 2326996 76126004    0    0 309472 258836 285389 1599119 41 35 23  1  0  0
47  7  68208 96393972 2326996 76126016    0    0 313424 257996 284248 1608901 42 34 22  1  0  0
100  7  68208 96407848 2326996 76126040    0    0 275008 227644 275233 1587834 41 34 24  1  0  0
80  8  68208 96424740 2326996 76126060    0    0 401776 337804 297499 1666543 45 31 23  2  0  0
83  6  68208 96417504 2326996 76126068    0    0 357744 351068 293359 1630084 43 32 23  2  0  0
29  9  68208 96403680 2326996 76126088    0    0 321952 285188 286174 1602989 42 34 22  1  0  0
68  2  68208 96402072 2326996 76126104    0    0 278496 225628 276212 1585266 41 34 23  1  0  0
55  7  68208 96404176 2326996 76126132    0    0 276096 233192 279931 1603713 41 33 24  1  0  0
61  3  68208 96406552 2326996 76126144    0    0 331520 271424 298121 1627896 42 35 22  1  0  0
85  1  68208 96405348 2326996 76126172    0    0 335120 278708 284528 1617552 42 33 23  1  0  0
procs -----------memory---------- ---swap-- -----io---- -system-- -------cpu-------
 r  b   swpd   free   buff  cache   si   so    bi    bo   in   cs us sy id wa st gu
53 101  68208 96430788 2326996 76126188    0    0 467520 406184 308689 1692484 46 30 22  2  0  0
90  3  68208 96423908 2326996 76126204    0    0 372112 328708 297051 1632384 43 33 22  2  0  0
93  9  68208 96438904 2326996 76126216    0    0 427616 348052 300356 1658599 45 31 23  2  0  0
66 11  68208 96432440 2326996 76126236    0    0 337456 279528 295002 1632490 42 35 22  1  0  0
177  8  68208 96436116 2326996 76126260    0    0 372480 358652 303896 1663661 44 32 22  2  0  0
53 12  68208 96415264 2326996 76126276    0    0 322736 268892 295261 1629399 42 34 23  1  0  0
80  2  68208 96406996 2326996 76126296    0    0 286560 239108 277983 1595613 42 34 24  1  0  0
79  6  68208 96421272 2326996 76126312    0    0 293184 247116 280884 1610523 41 34 24  1  0  0
89  4  68208 96411092 2326996 76126324    0    0 359568 313192 293013 1647087 44 31 23  2  0  0
50  7  68208 96418872 2326996 76126344    0    0 357952 297076 295930 1656586 43 32 23  2  0  0
143  5  68208 96435436 2327000 76126372    0    0 403168 384964 299078 1660003 45 30 23  2  0  0
21  5  68208 96425492 2327000 76126388    0    0 350240 287480 290318 1626959 43 32 23  2  0  0
68  4  68208 96418100 2327000 76126412    0    0 307392 254860 281238 1602163 42 33 24  1  0  0
65  4  68208 96394528 2327000 76126424    0    0 315648 261200 280490 1609417 42 32 24  1  0  0
52  1  68208 96405852 2327000 76126448    0    0 325440 272572 292874 1622866 42 34 23  1  0  0
24  3  68208 96403564 2327000 76126520    0    0 342112 281924 290134 1644377 44 31 23  2  0  0
24  4  68208 96396080 2327000 76126544    0    0 280336 236076 275767 1595906 42 34 24  1  0  0
137  1  68208 96390720 2327000 76126564    0    0 346976 287952 289355 1627852 43 33 23  2  0  0
22  1  68208 96390676 2327000 76126584    0    0 309296 310372 286851 1602891 42 34 23  1  0  0
27  4  68208 96380948 2327000 76126608    0    0 341376 280588 286001 1623222 43 33 23  2  0  0
57 21  68208 96394208 2327000 76126628    0    0 395312 355328 298424 1655531 44 31 23  2  0  0
procs -----------memory---------- ---swap-- -----io---- -system-- -------cpu-------
 r  b   swpd   free   buff  cache   si   so    bi    bo   in   cs us sy id wa st gu
53  2  68208 96427912 2327000 76126660    0    0 381184 350004 295376 1647149 44 31 23  2  0  0
53  9  68208 96444064 2327000 76126676    0    0 389248 323040 295795 1663048 44 31 23  2  0  0
98  0  68208 96418656 2327000 76126688    0    0 344144 286984 289332 1630240 43 32 23  1  0  0
82  6  68208 96408568 2327000 76126708    0    0 336016 277596 283260 1622087 43 32 23  2  0  0
119  3  68208 96406128 2327000 76126732    0    0 371696 298444 289279 1629898 43 32 22  2  0  0
38  0  68208 96397596 2327000 76126756    0    0 324128 318124 295530 1627165 43 33 23  2  0  0
78  1  68208 96398404 2327000 76126776    0    0 311472 252148 289319 1610827 42 34 23  2  0  0
48  1  68208 96394920 2327000 76126796    0    0 322288 263744 280513 1606404 42 33 23  2  0  0
93  5  68208 96405056 2327000 76126820    0    0 349040 283400 292989 1620518 43 33 22  2  0  0
62  1  68208 96397612 2327000 76126832    0    0 302240 246168 282338 1594454 42 34 23  2  0  0
43  9  68208 96388560 2327000 76126852    0    0 279776 233572 275918 1594230 42 33 24  1  0  0
144  4  68208 96376868 2327000 76126872    0    0 317296 261340 283014 1605752 42 34 23  2  0  0
105  0  68208 96378296 2327000 76126888    0    0 326544 272644 289302 1613568 43 34 22  1  0  0
115  3  68208 96385228 2327000 76126908    0    0 365856 374160 294968 1633711 43 32 23  2  0  0
24  0  68208 96423964 2327000 76126932    0    0 426864 348500 301354 1667124 45 31 23  2  0  0
37  1  68208 96442132 2327000 76126948    0    0 462064 382160 310184 1696953 45 30 23  2  0  0
74  3  68208 96431880 2327000 76126960    0    0 301776 250924 281909 1603183 42 34 23  1  0  0
146  0  68208 96417316 2327000 76126980    0    0 349536 290216 290145 1622563 43 33 23  2  0  0
78  5  68208 96387580 2327000 76127000    0    0 293712 292788 282250 1598209 42 34 23  1  0  0
80  6  68208 96389424 2327000 76127024    0    0 395536 334572 298722 1645952 44 33 22  2  0  0
15  5  68208 96393056 2327000 76127036    0    0 311248 262284 281490 1608167 43 33 24  1  0  0
procs -----------memory---------- ---swap-- -----io---- -system-- -------cpu-------
 r  b   swpd   free   buff  cache   si   so    bi    bo   in   cs us sy id wa st gu
103  7  68208 96426028 2327000 76127056    0    0 408960 341636 298856 1659591 45 31 23  2  0  0
78  5  68208 96429172 2327000 76127076    0    0 341840 306424 288045 1629602 43 32 23  2  0  0
24  3  68208 96424572 2327000 76127092    0    0 322480 265440 289951 1612499 43 33 23  1  0  0
52  5  68208 96402452 2327000 76127108    0    0 304448 311384 287127 1602857 42 34 23  1  0  0
124  3  68208 96395684 2327000 76127124    0    0 328352 265152 297996 1629458 42 34 22  1  0  0
89  3  68208 96390468 2327000 76127148    0    0 313696 258496 288874 1612394 42 34 23  1  0  0
29  0  68208 96376572 2327000 76127172    0    0 339472 286368 286384 1623142 43 32 23  2  0  0
59  1  68208 96393872 2327004 76127180    0    0 354576 289460 289662 1626654 42 33 23  2  0  0
151  2  68208 96399196 2327004 76127208    0    0 368768 305568 296244 1639727 44 32 23  2  0  0
39  6  68208 96406100 2327004 76127220    0    0 321376 266952 289667 1624147 42 34 23  1  0  0
57  4  68208 96400996 2327004 76127236    0    0 309632 314872 286079 1605722 42 34 23  1  0  0
71  7  68208 96383140 2327004 76127256    0    0 334144 273568 289823 1613435 43 33 22  1  0  0
25  4  68208 96383220 2327004 76127272    0    0 316928 257952 289078 1620264 42 33 23  1  0  0
80  4  68208 96361164 2327004 76127296    0    0 277568 233032 284081 1607788 41 33 24  1  0  0
159 12  68208 96365792 2327004 76127316    0    0 387792 336184 299243 1662552 44 32 22  2  0  0
68 10  68208 96387956 2327004 76127344    0    0 394864 323648 295386 1648624 45 31 23  2  0  0
53 20  68208 96418408 2327004 76127360    0    0 483392 445040 316895 1700825 46 30 21  2  0  0
72  3  68208 96418796 2327004 76127380    0    0 392000 329480 297016 1654853 44 31 23  2  0  0
19  1  68208 96398664 2327004 76127392    0    0 312736 260756 284008 1600581 42 33 23  1  0  0
76  3  68208 96384588 2327004 76127420    0    0 289344 237024 277360 1592881 42 34 23  1  0  0
38  2  68208 96383024 2327004 76127448    0    0 294768 247504 280533 1597199 42 34 23  1  0  0
procs -----------memory---------- ---swap-- -----io---- -system-- -------cpu-------
 r  b   swpd   free   buff  cache   si   so    bi    bo   in   cs us sy id wa st gu
37  5  68208 96372084 2327004 76127460    0    0 319008 263976 295490 1625846 43 33 23  1  0  0
51  7  68208 96379116 2327004 76127476    0    0 357904 352724 296417 1640245 44 33 22  2  0  0
13  3  68208 96426248 2327004 76127500    0    0 415536 341216 304091 1667066 45 31 22  2  0  0
85  3  68208 96416456 2327004 76127512    0    0 391088 339196 299632 1649492 44 32 22  2  0  0
33  3  68208 96409476 2327004 76127520    0    0 313696 259992 285361 1605962 42 34 23  1  0  0
92  7  68208 96374776 2327004 76127544    0    0 274912 222268 276372 1582979 41 34 24  1  0  0
227  2  68208 96386660 2327004 76127568    0    0 306384 257056 279708 1604845 42 33 24  1  0  0
98  3  68208 96391524 2327004 76127592    0    0 346176 283456 290018 1625240 43 33 23  1  0  0
83  5  68208 96384316 2327004 76127604    0    0 312032 316272 288204 1606555 42 34 23  1  0  0
78  5  68208 96394572 2327004 76127624    0    0 342384 277848 290217 1623162 43 33 23  1  0  0
60 10  68208 96392476 2327004 76127636    0    0 280192 240128 284796 1609259 41 34 24  1  0  0
53 16  68208 96386856 2327004 76127652    0    0 403600 334140 308065 1668901 44 31 23  2  0  0
24  3  68208 96412196 2327004 76127676    0    0 411040 339504 297924 1664679 45 30 23  2  0  0
83  2  68208 96392000 2327004 76127776    0    0 322784 267612 287113 1608468 42 34 23  1  0  0
155  1  68208 96394132 2327004 76127784    0    0 305040 312492 284033 1602096 42 33 24  1  0  0
85  5  68208 96378216 2327004 76127796    0    0 332832 273548 291195 1613150 42 34 22  1  0  0
75  2  68208 96381980 2327004 76127816    0    0 296032 245900 292147 1616849 42 34 23  1  0  0
37  4  68208 96403224 2327004 76127836    0    0 384560 340524 306436 1669913 45 31 23  2  0  0
31  0  68208 96401724 2327004 76127860    0    0 346352 288832 292461 1627723 42 34 23  2  0  0
128  2  68208 96394460 2327004 76127868    0    0 280064 236016 277822 1584861 42 34 23  1  0  0
87  5  68208 96371224 2327004 76127900    0    0 264864 223184 273825 1586867 41 34 24  1  0  0
procs -----------memory---------- ---swap-- -----io---- -system-- -------cpu-------
 r  b   swpd   free   buff  cache   si   so    bi    bo   in   cs us sy id wa st gu
64  8  68208 96375232 2327004 76127912    0    0 347120 290380 290506 1623284 44 32 23  1  0  0
57 18  68208 96383612 2327004 76127924    0    0 409584 383608 301851 1652007 44 32 22  2  0  0
94  4  68208 96411020 2327004 76127956    0    0 364800 312924 292153 1635360 43 32 23  2  0  0
38  6  68208 96437500 2327004 76127976    0    0 452080 364096 308367 1685597 46 30 22  2  0  0
60 16  68208 96410756 2327004 76127976    0    0 369200 306080 293961 1640140 43 33 22  2  0  0
174  7  68208 96396740 2327004 76128000    0    0 306704 256808 284544 1597909 42 34 23  1  0  0
48 10  68208 96371828 2327004 76128024    0    0 314752 317248 289761 1605859 42 34 23  1  0  0
12  1  68208 96375248 2327004 76128036    0    0 319984 262632 292913 1611437 42 35 22  1  0  0
111  9  68208 96371544 2327004 76128056    0    0 293472 261524 289281 1609617 41 33 24  1  0  0
91 13  68208 96362744 2327004 76128080    0    0 325664 271600 293672 1634322 43 32 23  1  0  0
70  2  68208 96405860 2327004 76128104    0    0 392304 323288 304476 1660832 44 32 22  2  0  0
16  3  68208 96407556 2327004 76128108    0    0 421696 351336 303842 1665923 44 31 22  2  0  0
90 12  68208 96394880 2327004 76128132    0    0 319984 320880 289127 1600786 41 34 23  1  0  0
43  4  68208 96391176 2327004 76128156    0    0 334928 273324 288022 1610777 43 33 22  2  0  0
18  0  68208 96375496 2327004 76128184    0    0 292592 233616 282685 1588526 41 35 23  1  0  0
123  6  68208 96359284 2327004 76128208    0    0 294864 245864 287880 1611134 41 34 24  1  0  0
64 10  68208 96365780 2327004 76128216    0    0 345376 285776 289564 1622822 42 34 23  1  0  0
39 10  68208 96382996 2327004 76128236    0    0 407344 333844 298593 1658422 44 31 23  2  0  0
44  1  68208 96386400 2327004 76128256    0    0 358144 300728 303611 1651272 43 33 22  2  0  0
44  7  68208 96370816 2327004 76128280    0    0 310608 318100 290698 1606856 41 34 23  1  0  0
42  1  68208 96375716 2327004 76128292    0    0 308320 254596 284438 1602153 42 34 23  1  0  0
procs -----------memory---------- ---swap-- -----io---- -system-- -------cpu-------
 r  b   swpd   free   buff  cache   si   so    bi    bo   in   cs us sy id wa st gu
130  1  68208 96362900 2327004 76128316    0    0 276032 229932 277145 1584330 41 34 23  1  0  0
65  8  68208 96386100 2327004 76128340    0    0 352144 308376 290926 1627800 42 33 23  2  0  0
85  4  68208 96352276 2327004 76128344    0    0 301280 251508 282504 1601429 42 34 23  1  0  0
47  1  68208 96381208 2327004 76128372    0    0 364496 306388 293669 1640799 43 33 22  2  0  0
51  3  68208 96399676 2327004 76128388    0    0 405632 364240 302862 1668816 44 31 23  2  0  0
110  6  68208 96398460 2327004 76128396    0    0 358864 328728 296437 1627621 43 33 22  2  0  0
65  4  68208 96377240 2327004 76128416    0    0 292896 242748 279855 1598058 41 34 24  1  0  0
74  3  68208 96361360 2327004 76128432    0    0 275792 227252 273126 1590464 41 34 24  1  0  0
59  8  68208 96334548 2327004 76128464    0    0 331136 279616 287922 1619346 43 33 23  1  0  0
49 49  68208 96368076 2327004 76128472    0    0 388608 325136 295623 1641510 43 32 23  2  0  0
51  4  68208 96373704 2327004 76128496    0    0 339744 277440 291423 1621451 43 33 22  1  0  0
67  4  68208 96396204 2327004 76128512    0    0 304112 253424 285076 1611077 42 33 23  1  0  0
114  0  68208 96390820 2327004 76128536    0    0 348160 345484 295779 1627556 43 33 22  1  0  0
67  0  68208 96377196 2327004 76128544    0    0 325664 293560 286878 1610242 43 33 23  1  0  0
38  9  68208 96398800 2327004 76128560    0    0 419328 341604 303212 1662237 44 31 23  2  0  0
61  3  68208 96395532 2327004 76128584    0    0 338080 279932 288795 1628795 43 33 23  1  0  0
137 14  68208 96381092 2327008 76128608    0    0 313408 261828 281251 1613641 43 31 24  1  0  0
65  3  68208 96370112 2327008 76128632    0    0 335696 277792 290617 1615368 43 33 23  1  0  0
42  1  68208 96393224 2327008 76128640    0    0 342784 340020 295978 1626633 43 33 23  1  0  0
91  5  68208 96389832 2327008 76128648    0    0 310736 256476 285083 1607321 42 34 23  1  0  0
110  6  68208 96395392 2327008 76128672    0    0 347296 286460 287946 1629425 44 32 23  2  0  0
procs -----------memory---------- ---swap-- -----io---- -system-- -------cpu-------
 r  b   swpd   free   buff  cache   si   so    bi    bo   in   cs us sy id wa st gu
52  1  68208 96380676 2327008 76128692    0    0 319920 262472 286986 1607395 42 34 23  1  0  0
43  4  68208 96362656 2327008 76128728    0    0 315744 260184 282293 1605503 42 33 23  1  0  0
35 18  68208 96373368 2327008 76128740    0    0 295776 250436 280210 1611728 42 33 24  1  0  0
39  2  68208 96369820 2327008 76128756    0    0 371296 308440 302455 1658241 44 32 23  2  0  0
37 10  68208 96399252 2327008 76128772    0    0 410912 408988 304954 1632685 44 32 21  3  0  0
24  1  68208 96394784 2327008 76128800    0    0 357312 299852 292385 1630843 43 33 23  2  0  0
50  4  68208 96401988 2327008 76128804    0    0 385984 318164 300905 1647972 43 32 22  2  0  0
18  1  68208 96385600 2327008 76128828    0    0 304912 251648 291194 1610526 41 34 23  1  0  0
43  2  68208 96359700 2327008 76128848    0    0 279728 239948 282749 1593483 42 34 23  1  0  0
56  5  68208 96365828 2327008 76128892    0    0 367664 307304 290440 1633556 43 33 22  2  0  0
41  0  68208 96377476 2327008 76128972    0    0 363280 353916 294022 1632365 43 33 23  2  0  0
30  0  68208 96380596 2327008 76128992    0    0 307984 256768 286450 1603759 42 34 23  1  0  0
58  4  68208 96389752 2327008 76129008    0    0 283440 229352 279798 1593971 41 34 24  1  0  0
78  1  68208 96367324 2327008 76129040    0    0 296112 248224 279068 1599877 42 33 24  1  0  0
100  5  68208 96399992 2327008 76129056    0    0 398192 331100 303743 1664716 44 32 22  2  0  0
73  4  68208 96409740 2327008 76129076    0    0 432416 359584 301783 1666865 46 30 22  2  0  0
103  9  68208 96406392 2327008 76129088    0    0 395472 389376 290077 1579195 41 31 22  5  0  0
44  8  68208 96384772 2327008 76129108    0    0 282000 238320 278759 1588737 41 34 23  1  0  0
89  0  68208 96368180 2327008 76129116    0    0 306832 256052 283904 1593989 41 34 23  1  0  0
58  5  68208 96385304 2327008 76129140    0    0 303712 302524 287051 1604494 42 34 23  1  0  0
83  3  68208 96377356 2327008 76129152    0    0 333136 270204 290539 1608919 42 34 22  1  0  0
procs -----------memory---------- ---swap-- -----io---- -system-- -------cpu-------
 r  b   swpd   free   buff  cache   si   so    bi    bo   in   cs us sy id wa st gu
47 10  68208 96358332 2327012 76129172    0    0 299552 247544 282337 1591443 42 34 23  1  0  0
115  1  68208 96362484 2327012 76129200    0    0 304656 254424 280881 1605297 42 33 23  1  0  0
 5  4  68208 96368116 2327012 76129232    0    0 352720 293032 292184 1623550 43 32 23  2  0  0
138  2  68208 96380792 2327012 76129244    0    0 367552 308984 292672 1628499 44 31 23  2  0  0
50  1  68208 96378088 2327016 76129268    0    0 336560 278100 290287 1613485 43 34 22  1  0  0
117  3  68208 96391128 2327016 76129272    0    0 319920 316528 290495 1611885 42 34 23  1  0  0
46  3  68208 96397000 2327016 76129296    0    0 325840 265344 289162 1606534 42 34 23  1  0  0
65  1  68208 96376116 2327016 76129312    0    0 299216 246684 278981 1593892 42 33 23  1  0  0
37  2  68208 96356936 2327016 76129336    0    0 304672 255888 282662 1598382 42 34 23  1  0  0
123 12  68208 96371612 2327020 76129356    0    0 355296 296624 291565 1626490 43 32 23  2  0  0
128  6  68208 96369068 2327020 76129368    0    0 381120 339440 292387 1650199 44 31 23  2  0  0
80  4  68208 96422520 2327020 76129388    0    0 476752 440812 311215 1689977 47 29 22  2  0  0
38  1  68208 96422396 2327020 76129408    0    0 379184 312632 294365 1648574 44 32 23  2  0  0
139  3  68208 96411988 2327020 76129420    0    0 299168 246312 283131 1602104 41 35 22  1  0  0
38  2  68208 96385748 2327020 76129428    0    0 319328 265696 284063 1602076 42 35 22  1  0  0
59  5  68208 96371360 2327020 76129448    0    0 286704 236308 287382 1603628 41 34 24  1  0  0
73  9  68208 96361796 2327020 76129484    0    0 304032 252460 288163 1620002 42 33 24  1  0  0
81  1  68208 96358692 2327020 76129496    0    0 333216 275900 290869 1617600 42 33 23  1  0  0
41  3  68208 96364488 2327020 76129508    0    0 366304 364360 295169 1634361 43 32 23  2  0  0
83  3  68208 96396836 2327020 76129528    0    0 460912 393620 307787 1682431 45 31 22  2  0  0
50  3  68208 96402152 2327020 76129548    0    0 321744 264892 284986 1619954 42 33 23  1  0  0
procs -----------memory---------- ---swap-- -----io---- -system-- -------cpu-------
 r  b   swpd   free   buff  cache   si   so    bi    bo   in   cs us sy id wa st gu
25  5  68208 96383636 2327020 76129560    0    0 325008 263152 286483 1604247 42 34 23  1  0  0
55  0  68208 96372340 2327020 76129580    0    0 294736 244180 278825 1586874 42 33 23  1  0  0
43  5  68208 96356128 2327020 76129604    0    0 283488 238412 278925 1599443 41 34 24  1  0  0
169  6  68208 96351776 2327024 76129624    0    0 337264 276880 296601 1626284 43 33 22  1  0  0
37 15  68208 96349200 2327024 76129648    0    0 302064 282636 284063 1600907 42 34 23  1  0  0
28  0  68208 96356628 2327024 76129668    0    0 346496 314392 292918 1614722 43 33 23  1  0  0
55  5  68208 96377612 2327024 76129684    0    0 320336 267492 287378 1620178 42 32 24  1  0  0
143  2  68208 96399668 2327024 76129688    0    0 442032 366652 307788 1678630 45 30 23  2  0  0
61  7  68208 96416816 2327028 76129712    0    0 444704 419892 304000 1668327 45 30 23  2  0  0
53  5  68208 96409124 2327028 76129728    0    0 365296 298428 292392 1627799 43 33 22  2  0  0
55  3  68208 96385144 2327028 76129772    0    0 304144 273384 279195 1599141 42 33 24  1  0  0
188 13  68208 96375896 2327028 76129780    0    0 333520 275056 287891 1609383 42 34 23  1  0  0
123  7  68208 96373076 2327028 76129800    0    0 306048 257096 286277 1605695 42 33 23  1  0  0
40  5  68208 96369656 2327032 76129824    0    0 273584 231188 275490 1593672 41 34 24  1  0  0
37 14  68208 96377984 2327032 76129840    0    0 342592 284440 290917 1614859 42 34 22  1  0  0
95  1  68208 96361752 2327032 76129860    0    0 348880 287676 288609 1626099 43 33 22  1  0  0
53  2  68208 96390832 2327032 76129876    0    0 461472 435696 311491 1683228 46 30 22  2  0  0
60  5  68208 96397092 2327032 76129888    0    0 340448 278672 289029 1616268 42 34 22  1  0  0
55  2  68208 96393096 2327032 76129916    0    0 357472 297664 287818 1631582 43 32 23  2  0  0
51  3  68208 96381780 2327032 76129932    0    0 401440 331872 293920 1653784 44 31 23  2  0  0
73 12  68208 96411024 2327032 76129956    0    0 389456 375376 300254 1648655 44 32 22  2  0  0
procs -----------memory---------- ---swap-- -----io---- -system-- -------cpu-------
 r  b   swpd   free   buff  cache   si   so    bi    bo   in   cs us sy id wa st gu
99  1  68208 96398444 2327032 76129956    0    0 309344 258256 283983 1609522 42 34 23  1  0  0
67  8  68208 96375832 2327032 76129972    0    0 299904 251364 284396 1607971 42 34 24  1  0  0
37  0  68208 96362000 2327032 76130004    0    0 275824 250488 275236 1591539 41 35 23  1  0  0
133  1  68208 96369508 2327032 76130012    0    0 329680 270096 289645 1612887 42 34 22  1  0  0
52  4  68208 96360484 2327032 76130040    0    0 332224 276668 284695 1607307 43 32 23  1  0  0
64 22  68208 96362680 2327032 76130068    0    0 405072 335724 300988 1655496 45 31 22  2  0  0
58  6  68208 96383784 2327032 76130160    0    0 355632 302812 291818 1632167 43 33 23  2  0  0
29  0  68208 96386944 2327032 76130160    0    0 345472 335768 294563 1632527 43 33 23  1  0  0
47 18  68208 96376940 2327036 76130188    0    0 339456 279748 284976 1620229 43 32 23  2  0  0
93  1  68208 96368300 2327036 76130208    0    0 318176 258152 285827 1601298 42 35 22  1  0  0
46  1  68208 96345852 2327036 76130228    0    0 292608 243860 289635 1608826 42 34 23  1  0  0
25  0  68208 96347604 2327036 76130240    0    0 303792 256736 280512 1600199 42 34 23  1  0  0
64  0  68208 96350836 2327036 76130268    0    0 318032 264816 286862 1604335 42 34 23  1  0  0
54  5  68208 96343328 2327036 76130284    0    0 325504 271732 283783 1612124 42 33 23  1  0  0
46  5  68208 96355184 2327036 76130304    0    0 502784 482548 322646 1713981 46 30 21  2  0  0
39 11  68208 96391716 2327036 76130316    0    0 470944 382196 309691 1691202 46 30 22  2  0  0
88  1  68208 96396336 2327036 76130328    0    0 406144 331632 296781 1652950 44 31 22  2  0  0
112  1  68208 96388812 2327036 76130348    0    0 318752 263892 284526 1601876 42 34 23  1  0  0
121  8  68208 96383092 2327036 76130380    0    0 332592 332060 292571 1607709 42 34 22  1  0  0
114  1  68208 96365672 2327036 76130404    0    0 314672 262012 284287 1602959 41 34 23  1  0  0
127  6  68208 96353880 2327036 76130412    0    0 336992 285960 285255 1626531 43 32 23  1  0  0
procs -----------memory---------- ---swap-- -----io---- -system-- -------cpu-------
 r  b   swpd   free   buff  cache   si   so    bi    bo   in   cs us sy id wa st gu
84  9  68208 96386184 2327036 76130440    0    0 448832 366096 306534 1681044 46 30 22  2  0  0
109  2  68208 96380560 2327036 76130452    0    0 349808 290768 292713 1630185 43 33 23  2  0  0
19  3  68208 96360536 2327036 76130460    0    0 313280 260896 284872 1600087 42 34 23  1  0  0
50 13  68208 96354352 2327036 76130484    0    0 293584 307464 281798 1589590 41 34 23  1  0  0
93  2  68208 96346548 2327036 76130508    0    0 324160 264672 292577 1620425 43 34 23  1  0  0
71  4  68208 96339460 2327036 76130532    0    0 289728 256420 285584 1604493 41 34 23  1  0  0
34  3  68208 96339052 2327036 76130556    0    0 287776 238752 277472 1595702 41 34 24  1  0  0
 6  2  68208 96351788 2327036 76130568    0    0 330272 275504 288932 1613758 42 34 23  1  0  0
61  7  68208 96359196 2327036 76130588    0    0 306016 252656 282505 1608285 42 33 23  1  0  0
49 23  68208 96351848 2327036 76130608    0    0 331920 278196 293932 1638868 42 33 24  1  0  0
70  3  68208 96352812 2327036 76130628    0    0 334064 282364 294575 1631881 43 33 22  1  0  0
114  2  68208 96370968 2327036 76130640    0    0 387472 376328 298944 1648669 44 32 22  2  0  0
57  4  68208 96387840 2327036 76130660    0    0 364432 301044 288704 1639831 44 31 23  2  0  0
41  3  68208 96381016 2327036 76130680    0    0 348704 286432 290727 1619865 43 33 23  1  0  0
74  7  68208 96354688 2327036 76130708    0    0 284512 238140 279097 1586214 41 35 23  1  0  0
87  4  68208 96365812 2327036 76130720    0    0 279504 234788 277226 1596464 41 34 24  1  0  0
49  4  68208 96363828 2327036 76130740    0    0 338912 283440 289000 1619703 42 33 23  2  0  0
53 19  68208 96382548 2327036 76130764    0    0 400320 357608 304564 1645141 44 32 22  2  0  0
73 12  68208 96368616 2327036 76130772    0    0 326608 302360 290097 1610541 43 33 22  2  0  0
67  0  68208 96379244 2327036 76130800    0    0 379584 311288 291862 1632135 43 32 22  2  0  0
137  0  68208 96360444 2327040 76130828    0    0 341168 279900 288275 1609566 42 34 22  2  0  0
procs -----------memory---------- ---swap-- -----io---- -system-- -------cpu-------
 r  b   swpd   free   buff  cache   si   so    bi    bo   in   cs us sy id wa st gu
54 11  68208 96334204 2327040 76130848    0    0 286704 231888 278992 1586807 41 34 23  1  0  0
92 11  68208 96325604 2327040 76130860    0    0 322960 264964 289204 1618683 42 34 23  2  0  0
61  8  68208 96376924 2327040 76130876    0    0 453744 367992 305886 1689520 45 30 22  2  0  0
96  0  68208 96387428 2327044 76130880    0    0 393168 378604 300267 1650867 44 32 22  2  0  0
43  4  68208 96385644 2327044 76130920    0    0 332176 276464 284508 1615710 42 33 23  2  0  0
40  8  68208 96370216 2327044 76130932    0    0 300944 252000 279844 1604270 42 33 23  1  0  0
124  3  68208 96352872 2327044 76130956    0    0 343552 287036 287843 1622895 43 33 22  2  0  0
42  0  68208 96338880 2327044 76130968    0    0 281584 231944 274478 1589972 40 34 24  1  0  0
68  3  68208 96362060 2327044 76130984    0    0 306288 258940 282588 1606122 41 34 23  2  0  0
23  2  68208 96360128 2327044 76130996    0    0 321008 275436 288616 1612949 42 34 22  2  0  0
71  1  68208 96350512 2327044 76131016    0    0 312400 257828 282522 1593478 42 34 23  2  0  0
43  7  68208 96350972 2327044 76131032    0    0 343312 340476 293800 1616112 42 33 23  2  0  0
86  7  68208 96347584 2327044 76131048    0    0 372496 306572 295156 1645075 43 32 23  2  0  0
111  3  68208 96368412 2327044 76131080    0    0 385056 316308 294160 1644923 44 32 22  2  0  0
38  6  68208 96387328 2327044 76131092    0    0 398544 327440 293463 1655746 44 31 23  2  0  0
41  9  68208 96393244 2327044 76131120    0    0 411472 337440 301236 1660087 44 32 22  2  0  0
129  3  68208 96394588 2327044 76131128    0    0 329760 329004 292637 1626185 43 32 23  1  0  0
92  3  68208 96357180 2327044 76131136    0    0 306656 256232 282622 1598673 41 35 23  1  0  0
104  2  68208 96336484 2327044 76131164    0    0 286816 244476 277630 1592535 42 33 23  1  0  0
73 12  68208 96339836 2327044 76131184    0    0 298464 251168 288274 1611240 41 34 23  1  0  0
49  2  68208 96331660 2327044 76131204    0    0 314752 258888 294085 1616429 42 34 23  1  0  0
procs -----------memory---------- ---swap-- -----io---- -system-- -------cpu-------
 r  b   swpd   free   buff  cache   si   so    bi    bo   in   cs us sy id wa st gu
79  4  68208 96334044 2327044 76131224    0    0 298080 250064 281613 1594608 42 34 23  1  0  0
59  3  68208 96372924 2327044 76131244    0    0 455104 391984 307154 1675077 45 31 22  2  0  0
48  9  68208 96392172 2327044 76131260    0    0 430224 405728 306121 1680748 45 31 22  2  0  0
46  6  68208 96383248 2327044 76131348    0    0 383536 316432 291896 1646163 43 32 23  2  0  0
52 10  68208 96374888 2327044 76131360    0    0 343408 280152 288747 1619448 42 34 22  2  0  0
87  5  68208 96343476 2327044 76131376    0    0 294480 245612 278098 1588099 41 34 23  1  0  0
83  3  68208 96335852 2327044 76131388    0    0 271600 228680 274087 1587265 41 35 24  1  0  0
32  7  68208 96341552 2327044 76131416    0    0 350384 290548 292826 1623122 43 33 22  1  0  0
82  6  68208 96334248 2327044 76131444    0    0 306352 259180 282996 1600750 41 34 23  1  0  0
33  4  68208 96339468 2327044 76131452    0    0 355728 352572 295484 1633549 43 33 22  2  0  0
123  4  68208 96345996 2327044 76131464    0    0 323152 265936 283462 1613776 42 33 23  1  0  0
136  3  68208 96324300 2327044 76131492    0    0 339808 285676 298131 1629441 43 33 23  1  0  0
57  1  68208 96351120 2327044 76131512    0    0 388048 343200 293790 1648791 44 32 23  2  0  0
65  6  68208 96346288 2327044 76131532    0    0 309872 264016 281155 1608320 42 34 23  1  0  0
29  5  68208 96345236 2327044 76131552    0    0 332752 276352 287586 1615264 42 34 22  1  0  0
51  5  68208 96327924 2327044 76131568    0    0 310448 278824 282673 1603144 41 35 23  1  0  0
43  7  68208 96357948 2327044 76131588    0    0 329056 302684 288936 1615339 42 34 23  1  0  0
13  5  68208 96357828 2327044 76131600    0    0 301392 253492 284878 1615321 42 34 23  1  0  0
73  1  68208 96356252 2327044 76131624    0    0 288032 239884 276920 1593657 41 34 24  1  0  0
71 16  68208 96341084 2327044 76131640    0    0 317984 266340 284199 1605762 42 34 23  1  0  0
127  3  68208 96338356 2327044 76131660    0    0 351392 295364 287173 1635090 43 32 23  2  0  0
procs -----------memory---------- ---swap-- -----io---- -system-- -------cpu-------
 r  b   swpd   free   buff  cache   si   so    bi    bo   in   cs us sy id wa st gu
33  2  68208 96379024 2327044 76131676    0    0 536544 483472 314729 1678087 45 29 21  5  0  0
112  6  68208 96393440 2327044 76131700    0    0 396656 387876 298083 1652531 43 32 22  2  0  0
102 10  68208 96374268 2327044 76131712    0    0 313360 255500 280657 1608942 42 34 23  1  0  0
33  4  68208 96375860 2327044 76131736    0    0 366800 321948 290386 1645958 44 31 23  2  0  0
69  3  68208 96364324 2327044 76131756    0    0 321504 266388 294082 1631043 42 35 22  1  0  0
23  1  68208 96345376 2327044 76131772    0    0 302272 252532 284190 1617411 42 34 23  1  0  0
119  0  68208 96349592 2327044 76131792    0    0 301040 255168 276855 1602178 42 32 24  1  0  0
44  7  68208 96345060 2327044 76131808    0    0 339472 278552 287090 1619550 43 33 23  1  0  0
128  2  68208 96369652 2327044 76131832    0    0 438896 415744 305426 1678895 45 31 22  2  0  0
97  3  68208 96344660 2327044 76131856    0    0 303744 255124 280068 1604574 42 33 24  1  0  0
61  5  68208 96352556 2327044 76131868    0    0 287472 244804 276879 1608168 41 34 24  1  0  0
69  1  68208 96347228 2327044 76131880    0    0 302304 253228 284578 1606069 42 34 23  1  0  0
29  6  68208 96345464 2327044 76131900    0    0 312976 256948 282702 1602332 42 33 23  1  0  0
120 11  68208 96351744 2327044 76131916    0    0 396640 327576 296093 1648673 44 31 23  2  0  0
67  0  68208 96375280 2327044 76131948    0    0 437152 418712 307118 1686597 45 31 22  2  0  0
92  8  68208 96394436 2327044 76131968    0    0 469296 438328 304652 1627323 44 31 21  5  0  0
144  4  68208 96388956 2327044 76131984    0    0 371920 310896 293807 1642396 44 32 22  2  0  0
54 14  68208 96381484 2327044 76132012    0    0 312400 259784 281940 1616621 42 33 24  1  0  0
51  2  68208 96382576 2327044 76132020    0    0 321248 266440 286434 1615789 43 33 23  1  0  0
