procs -----------memory---------- ---swap-- -----io---- -system-- -------cpu-------
 r  b   swpd   free   buff  cache   si   so    bi    bo   in   cs us sy id wa st gu
 6  1  68208 97127588 2327048 76132060   27   35 221796 230664 54698   42 22  4 72  3  0  0
49  1  68208 96160420 2327056 76132108    0    0 146320 376644 373658 734185 11 14 73  2  0  0
176  0  68208 94784864 2327056 76132160    0    0 158000 288360 324919 1243504 28 50 22  1  0  0
43  7  68208 94800936 2327056 76132180    0    0 174352 95732 240672 1479534 36 41 23  1  0  0
17  2  68208 94805784 2327056 76132204    0    0 163136 93112 238931 1481182 34 43 22  1  0  0
35  1  68208 94791496 2327056 76132220    0    0 199504 109424 243352 1500861 37 40 23  1  0  0
105  9  68208 94749232 2327056 76132248    0    0 368848 230092 289217 1612993 43 34 21  2  0  0
43  2  68208 94748024 2327056 76132264    0    0 272080 174700 277915 1586913 40 36 23  1  0  0
100  1  68208 94669676 2327056 76132272    0    0 402208 260520 286164 1641697 44 31 23  2  0  0
118  0  68208 94636344 2327056 76132292    0    0 145584 94836 250718 1504126 37 40 22  1  0  0
21  1  68208 94619812 2327056 76132312    0    0 138800 93772 250634 1502331 36 41 23  1  0  0
27  0  68208 94602880 2327056 76132336    0    0 149184 167776 256805 1500477 36 41 22  1  0  0
31  0  68208 94578588 2327056 76132352    0    0 186064 102624 245060 1488222 36 41 22  1  0  0
32  2  68208 94561344 2327056 76132368    0    0 224352 228148 256969 1531613 39 37 23  1  0  0
44 13  68208 94568992 2327056 76132460    0    0 371968 578604 300434 1638298 43 31 23  2  0  0
91 11  68208 94524496 2327056 76132468    0    0 466096 738436 316546 1650873 45 28 22  5  0  0
48  8  68208 94484720 2327056 76132500    0    0 296544 457204 282690 1606360 42 33 24  2  0  0
33  0  68208 94457384 2327056 76132520    0    0 483680 748104 311697 1610676 44 27 21  8  0  0
51  6  68208 94430648 2327056 76132540    0    0 302048 186208 273337 1576573 41 34 23  1  0  0
38  3  68208 94403620 2327060 76132552    0    0 454080 292800 294343 1664686 45 30 23  2  0  0
71  2  68208 94373344 2327060 76132572    0    0 268992 191144 273194 1575111 41 35 23  1  0  0
procs -----------memory---------- ---swap-- -----io---- -system-- -------cpu-------
 r  b   swpd   free   buff  cache   si   so    bi    bo   in   cs us sy id wa st gu
79  0  68208 94352972 2327060 76132596    0    0 197472 130612 262569 1526624 38 39 22  1  0  0
35  0  68208 94337068 2327060 76132608    0    0 194928 130968 260622 1528312 38 38 23  1  0  0
35  2  68208 94309988 2327060 76132624    0    0 220352 154540 263246 1540200 39 37 23  1  0  0
60  0  68208 94283880 2327068 76132640    0    0 163664 108516 256184 1522590 37 40 22  1  0  0
208  0  68208 94275188 2327068 76132660    0    0 174016 118156 254464 1515820 38 39 23  1  0  0
30  2  68208 94269672 2327068 76132684    0    0 223360 155160 265207 1545157 39 38 22  1  0  0
12  0  68208 94249544 2327068 76132700    0    0 243632 161172 272025 1556681 39 38 22  1  0  0
99  3  68208 94210852 2327068 76132720    0    0 175584 175988 266210 1511289 37 41 21  1  0  0
30  1  68208 94213764 2327068 76132740    0    0 191888 133616 266679 1529835 38 40 21  1  0  0
78  1  68208 94187340 2327068 76132748    0    0 235488 166524 268651 1543512 39 38 22  1  0  0
71  1  68208 94178084 2327068 76132772    0    0 303504 204872 274445 1588832 42 34 23  1  0  0
57 17  68208 94173420 2327068 76132796    0    0 534624 359568 304333 1683544 47 28 22  3  0  0
63  3  68208 94132052 2327068 76132812    0    0 306624 217732 282714 1583118 40 37 21  1  0  0
20  0  68208 94112360 2327068 76132836    0    0 201344 146048 267052 1521595 39 39 22  1  0  0
57  2  68208 94097800 2327068 76132852    0    0 260224 237288 275366 1556281 40 36 23  1  0  0
107  8  68208 94092616 2327068 76132876    0    0 279360 193380 277071 1586910 41 35 23  1  0  0
62  1  68208 94079016 2327068 76132884    0    0 221440 160692 270302 1542789 39 38 22  1  0  0
59  3  68208 94049004 2327068 76132896    0    0 237648 167656 267374 1543948 40 36 23  1  0  0
104  7  68208 94036056 2327068 76132916    0    0 411712 288788 288797 1637968 44 31 23  2  0  0
58  3  68208 94020456 2327068 76132936    0    0 236576 169000 271949 1547570 39 39 22  1  0  0
36  1  68208 93997452 2327068 76132956    0    0 171200 121612 261345 1506867 37 41 22  1  0  0
procs -----------memory---------- ---swap-- -----io---- -system-- -------cpu-------
 r  b   swpd   free   buff  cache   si   so    bi    bo   in   cs us sy id wa st gu
43  6  68208 93985776 2327068 76132980    0    0 178608 132612 261710 1512804 38 40 22  1  0  0
22  4  68208 93978260 2327068 76132996    0    0 189600 138580 263452 1522585 38 38 23  1  0  0
47  0  68208 93989772 2327068 76133012    0    0 215168 151892 268298 1540164 39 37 23  1  0  0
57  2  68208 93957292 2327068 76133024    0    0 266480 189420 266949 1562915 40 35 24  1  0  0
96  4  68208 93940740 2327068 76133044    0    0 374688 325336 293391 1622503 43 33 22  2  0  0
10  0  68208 93929452 2327068 76133072    0    0 256576 180308 274970 1553441 41 37 22  1  0  0
79  3  68208 93918268 2327068 76133092    0    0 331200 235688 281987 1594806 41 34 23  1  0  0
204  0  68208 93902448 2327068 76133112    0    0 414192 293264 295221 1635720 44 32 23  2  0  0
80  9  68208 93890736 2327068 76133128    0    0 261408 185432 273671 1553776 40 36 23  1  0  0
18  3  68208 93890956 2327068 76133144    0    0 315088 236292 282401 1597949 41 34 23  1  0  0
165  0  68208 93872884 2327068 76133164    0    0 152224 110664 257030 1505812 37 40 23  1  0  0
133  1  68208 93849044 2327068 76133192    0    0 151984 112172 255408 1502254 36 41 22  1  0  0
133  0  68208 93835684 2327068 76133204    0    0 163008 121968 254380 1507639 37 39 23  1  0  0
89  3  68208 93820988 2327068 76133220    0    0 178400 131444 266219 1512121 38 41 21  1  0  0
42  0  68208 93809708 2327068 76133244    0    0 154672 116432 262558 1495531 37 42 21  1  0  0
72 10  68208 93818672 2327068 76133264    0    0 173312 127572 264243 1508010 37 41 21  1  0  0
66  7  68208 93816192 2327068 76133280    0    0 168288 104440 243562 1483121 35 42 22  1  0  0
68  1  68208 93813348 2327068 76133292    0    0 188560 125628 251306 1505201 37 40 22  1  0  0
60  8  68208 93798208 2327068 76133308    0    0 221712 174964 269820 1538507 38 39 22  1  0  0
56  9  68208 93801488 2327068 76133332    0    0 364160 257996 288353 1611424 42 34 22  1  0  0
54  2  68208 93773024 2327068 76133352    0    0 307376 259144 282075 1576871 40 38 21  2  0  0
procs -----------memory---------- ---swap-- -----io---- -system-- -------cpu-------
 r  b   swpd   free   buff  cache   si   so    bi    bo   in   cs us sy id wa st gu
15  4  68208 93763760 2327068 76133376    0    0 219920 163300 267837 1544170 39 38 22  1  0  0
104 16  68208 93766908 2327068 76133392    0    0 315392 228112 275701 1598958 41 34 23  1  0  0
127  0  68208 93767384 2327068 76133424    0    0 394528 295504 285871 1651205 44 31 23  2  0  0
33  1  68208 93757216 2327068 76133440    0    0 330752 245100 283363 1624646 43 33 23  1  0  0
23  1  68208 93736672 2327068 76133456    0    0 215424 158904 264210 1535174 40 37 22  1  0  0
37  5  68208 93741888 2327068 76133476    0    0 200752 150784 263398 1531869 38 38 22  1  0  0
141  1  68208 93723752 2327068 76133492    0    0 204880 176904 261828 1538816 39 37 24  1  0  0
152  2  68208 93704936 2327068 76133512    0    0 156208 118588 256004 1512489 37 40 22  1  0  0
128  5  68208 93697232 2327068 76133528    0    0 149648 114200 252613 1512181 37 40 23  1  0  0
58  2  68208 93684760 2327068 76133548    0    0 149280 97336 235482 1487172 36 40 23  1  0  0
116  0  68208 93702692 2327068 76133568    0    0 159152 108972 237770 1496632 35 42 23  1  0  0
134  1  68208 93704940 2327068 76133648    0    0 204240 168732 259474 1528566 38 39 22  1  0  0
89  2  68208 93701732 2327068 76133668    0    0 195504 177784 265828 1539363 38 39 22  1  0  0
99  2  68208 93689312 2327068 76133692    0    0 178560 200984 266175 1524837 37 41 21  1  0  0
75  1  68208 93689880 2327068 76133712    0    0 175328 172472 262579 1526628 37 40 22  1  0  0
209  2  68208 93697196 2327068 76133732    0    0 169328 164816 252562 1517782 36 41 22  1  0  0
152  1  68208 93683020 2327068 76133752    0    0 157728 167436 245975 1497747 36 41 22  1  0  0
76  7  68208 93684020 2327068 76133772    0    0 151792 137172 238758 1482864 35 42 23  1  0  0
17  0  68208 93678392 2327068 76133784    0    0 158304 140980 237933 1498314 35 41 23  1  0  0
60  3  68208 93660152 2327068 76133796    0    0 156064 145232 234195 1490925 35 41 23  1  0  0
22  2  68208 93678316 2327068 76133824    0    0 194192 164704 238319 1513437 37 37 24  1  0  0
procs -----------memory---------- ---swap-- -----io---- -system-- -------cpu-------
 r  b   swpd   free   buff  cache   si   so    bi    bo   in   cs us sy id wa st gu
55  6  68208 93668200 2327068 76133844    0    0 312560 246872 276616 1610031 42 34 23  1  0  0
88  0  68208 93655124 2327068 76133860    0    0 336832 262640 285747 1619635 43 33 23  1  0  0
66  2  68208 93648668 2327068 76133876    0    0 274992 219252 274128 1589932 41 34 24  1  0  0
123  1  68208 93640432 2327068 76133896    0    0 232496 187972 264544 1565755 39 36 24  1  0  0
76  1  68208 93654344 2327068 76133916    0    0 166512 134420 258487 1524440 38 38 23  1  0  0
87  5  68208 93652676 2327068 76133924    0    0 277600 212412 276177 1571342 42 34 22  1  0  0
135  2  68208 93642136 2327068 76133944    0    0 411824 376872 295212 1655088 44 31 23  2  0  0
74  7  68208 93636700 2327068 76133960    0    0 321424 251988 279560 1596352 42 32 24  1  0  0
38  3  68208 93634152 2327068 76133984    0    0 286176 239268 272701 1588548 42 33 24  1  0  0
75 10  68208 93620056 2327068 76134008    0    0 288368 234788 279581 1584567 41 35 23  1  0  0
127  7  68208 93610404 2327068 76134028    0    0 197440 157720 267072 1527740 38 40 22  1  0  0
46  1  68208 93629028 2327068 76134044    0    0 180672 144232 265903 1523363 38 40 22  1  0  0
73  2  68208 93614108 2327068 76134052    0    0 204160 163000 266135 1535225 40 37 23  1  0  0
36  1  68208 93606244 2327068 76134084    0    0 185264 150060 264197 1524760 39 39 22  1  0  0
41  1  68208 93600100 2327068 76134104    0    0 176144 135444 261220 1515938 37 40 22  1  0  0
41  2  68208 93589164 2327068 76134124    0    0 159600 116020 247048 1492187 37 40 22  1  0  0
15  2  68208 93580884 2327068 76134148    0    0 183344 134792 246219 1507854 37 39 23  1  0  0
50  5  68208 93585584 2327068 76134168    0    0 168416 123112 239303 1492222 35 40 24  1  0  0
64  3  68208 93583772 2327068 76134192    0    0 187584 132624 240637 1509484 37 38 24  1  0  0
37 12  68208 93588640 2327068 76134208    0    0 261536 210336 276383 1566596 40 37 22  1  0  0
73  1  68208 93579772 2327068 76134224    0    0 272880 215036 277747 1575082 42 35 22  1  0  0
procs -----------memory---------- ---swap-- -----io---- -system-- -------cpu-------
 r  b   swpd   free   buff  cache   si   so    bi    bo   in   cs us sy id wa st gu
125  4  68208 93583584 2327068 76134240    0    0 293088 270448 282375 1580066 41 35 22  1  0  0
119  9  68208 93579356 2327068 76134256    0    0 293184 227704 280408 1582529 41 35 23  1  0  0
36 11  68208 93579488 2327068 76134276    0    0 262512 210800 272715 1569854 41 35 23  1  0  0
177  1  68208 93584720 2327068 76134300    0    0 190576 170144 263747 1530734 39 37 23  1  0  0
57  4  68208 93577396 2327068 76134316    0    0 211248 169832 266021 1540856 39 37 23  1  0  0
76  2  68208 93574128 2327068 76134328    0    0 311088 246484 285774 1598281 42 34 23  1  0  0
64  2  68208 93560864 2327068 76134348    0    0 346208 290476 288018 1611820 43 33 23  2  0  0
90  7  68208 93556016 2327068 76134364    0    0 197568 156420 263389 1536795 40 37 23  1  0  0
65  4  68208 93575448 2327068 76134384    0    0 251344 201548 273744 1555285 41 35 23  1  0  0
56  2  68208 93566408 2327068 76134404    0    0 317328 258956 285382 1594978 43 33 23  1  0  0
47  5  68208 93568788 2327068 76134420    0    0 258400 215252 273418 1570221 42 34 23  1  0  0
106  7  68208 93569952 2327068 76134444    0    0 346000 320716 293951 1611358 43 33 22  1  0  0
106  9  68208 93579504 2327068 76134460    0    0 321264 248668 286010 1600150 42 33 24  1  0  0
128  0  68208 93574276 2327068 76134472    0    0 265136 215476 274396 1576024 41 34 24  1  0  0
53  9  68208 93556324 2327068 76134496    0    0 287360 229340 280944 1584866 42 34 22  1  0  0
292  0  68208 93540792 2327068 76134520    0    0 177248 146748 268036 1507657 37 41 22  1  0  0
59  2  68208 93546788 2327068 76134536    0    0 178096 141232 264766 1511897 38 40 22  1  0  0
53  0  68208 93551208 2327068 76134560    0    0 232864 183888 271667 1539243 40 37 23  1  0  0
72  2  68208 93551060 2327068 76134572    0    0 281488 224516 276478 1577690 42 34 23  1  0  0
 9  1  68208 93568580 2327072 76134592    0    0 388384 308968 293834 1646108 43 31 23  2  0  0
110  1  68208 93561600 2327072 76134608    0    0 320048 328848 290342 1611358 42 33 23  1  0  0
procs -----------memory---------- ---swap-- -----io---- -system-- -------cpu-------
 r  b   swpd   free   buff  cache   si   so    bi    bo   in   cs us sy id wa st gu
45  0  68208 93537612 2327072 76134620    0    0 256208 202764 279261 1555867 40 37 21  1  0  0
13  1  68208 93533420 2327072 76134644    0    0 207488 164836 269441 1538246 39 38 23  1  0  0
168  1  68208 93526952 2327072 76134664    0    0 202816 163712 265734 1531798 39 37 23  1  0  0
71  4  68208 93522856 2327072 76134688    0    0 288656 236564 276750 1586690 41 34 23  1  0  0
48  3  68208 93519908 2327072 76134704    0    0 337488 276296 290720 1618725 42 33 23  2  0  0
39  1  68208 93520940 2327072 76134724    0    0 210336 170468 272029 1543356 39 39 22  1  0  0
45  2  68208 93532936 2327072 76134740    0    0 226112 182532 274368 1554884 39 37 23  1  0  0
33  3  68208 93521824 2327072 76134768    0    0 204256 167688 268333 1538233 39 37 23  1  0  0
78  2  68208 93512504 2327072 76134884    0    0 192896 153528 263831 1527639 38 38 23  1  0  0
54  5  68208 93512216 2327072 76134900    0    0 192240 152788 263504 1523964 38 38 23  1  0  0
60  0  68208 93518688 2327072 76134920    0    0 195872 159520 264015 1534249 39 37 23  1  0  0
114  9  68208 93518320 2327072 76134940    0    0 159728 128840 256963 1508438 38 39 23  1  0  0
145  0  68208 93502856 2327072 76134960    0    0 168304 137112 257407 1517756 38 39 23  1  0  0
41  7  68208 93511248 2327072 76134980    0    0 174800 144520 259069 1529719 38 38 23  1  0  0
37  3  68208 93504208 2327072 76134988    0    0 176816 144144 267738 1523667 38 40 21  1  0  0
94  2  68208 93501004 2327072 76135008    0    0 159024 115772 248765 1484421 36 42 22  1  0  0
25  0  68208 93503952 2327072 76135028    0    0 160624 118576 244113 1482102 35 43 22  1  0  0
10  3  68208 93498696 2327072 76135048    0    0 161040 115560 240242 1487224 35 43 22  1  0  0
136  0  68208 93501972 2327072 76135064    0    0 155424 113336 237611 1489171 35 42 22  1  0  0
13  1  68208 93491532 2327072 76135096    0    0 149216 106028 236053 1483426 35 42 22  1  0  0
15  0  68208 93512920 2327072 76135120    0    0 153808 168376 242225 1488660 35 42 22  1  0  0
procs -----------memory---------- ---swap-- -----io---- -system-- -------cpu-------
 r  b   swpd   free   buff  cache   si   so    bi    bo   in   cs us sy id wa st gu
63  2  68208 93515292 2327072 76135132    0    0 170496 128472 260546 1519778 37 41 22  1  0  0
26  0  68208 93507804 2327072 76135144    0    0 180832 138952 250207 1508791 36 41 22  1  0  0
65  5  68208 93499588 2327072 76135164    0    0 228528 181440 261668 1542540 39 37 23  1  0  0
65  4  68208 93507420 2327072 76135184    0    0 348080 282832 280105 1619668 43 32 23  2  0  0
38  3  68208 93511264 2327072 76135204    0    0 499536 463016 306977 1643139 44 30 21  5  0  0
50 17  68208 93498940 2327072 76135224    0    0 263392 213420 270034 1571821 41 35 23  1  0  0
54  8  68208 93517016 2327072 76135244    0    0 362320 285172 279419 1630365 43 31 23  2  0  0
45 12  68208 93521184 2327072 76135256    0    0 334336 273376 283059 1620780 42 34 23  2  0  0
46  5  68208 93488244 2327072 76135272    0    0 290672 237376 274523 1591960 41 35 23  1  0  0
60  2  68208 93491360 2327072 76135296    0    0 251920 205700 267090 1572452 40 35 24  1  0  0
15  4  68208 93494496 2327072 76135312    0    0 281968 237720 275238 1594141 41 34 24  1  0  0
126  3  68208 93484716 2327072 76135332    0    0 275760 267056 279896 1575531 40 36 22  1  0  0
63  0  68208 93488564 2327072 76135348    0    0 274448 224000 274749 1584208 40 35 23  1  0  0
133  0  68208 93477284 2327072 76135372    0    0 199584 160784 262832 1528669 39 38 23  1  0  0
37  2  68208 93479968 2327072 76135388    0    0 185600 154772 262177 1532530 38 38 23  1  0  0
51  7  68208 93492052 2327072 76135404    0    0 262048 230808 271186 1573742 40 35 24  1  0  0
29 14  68208 93485828 2327072 76135424    0    0 404800 323548 294479 1641645 44 31 23  2  0  0
41  4  68208 93483164 2327072 76135444    0    0 315968 260384 291915 1606937 42 33 24  1  0  0
61  1  68208 93478556 2327072 76135472    0    0 284272 232756 275553 1578733 41 34 23  1  0  0
106  5  68208 93471564 2327072 76135492    0    0 300192 240292 283825 1584518 41 36 22  1  0  0
25  3  68208 93466860 2327076 76135508    0    0 356544 343880 293398 1618536 43 32 23  2  0  0
procs -----------memory---------- ---swap-- -----io---- -system-- -------cpu-------
 r  b   swpd   free   buff  cache   si   so    bi    bo   in   cs us sy id wa st gu
121  1  68208 93485144 2327076 76135528    0    0 265376 219440 279555 1566395 40 36 23  1  0  0
44  4  68208 93495096 2327076 76135540    0    0 240176 191672 276062 1551962 40 36 23  1  0  0
47  2  68208 93482544 2327076 76135560    0    0 320576 263620 282736 1598402 42 33 24  1  0  0
36  2  68208 93467988 2327076 76135580    0    0 276240 225776 273845 1577817 42 33 24  1  0  0
61  1  68208 93473604 2327076 76135596    0    0 316464 263392 287506 1591748 42 34 23  1  0  0
28  4  68208 93466608 2327076 76135620    0    0 283312 231932 280783 1576495 41 35 23  1  0  0
20  2  68208 93469940 2327076 76135636    0    0 238816 195560 269879 1553200 39 37 23  1  0  0
94  0  68208 93456960 2327076 76135660    0    0 227568 182236 264759 1543432 40 35 24  1  0  0
37  1  68208 93463228 2327076 76135684    0    0 253328 229272 271826 1583374 40 34 24  1  0  0
60  2  68208 93468084 2327076 76135696    0    0 297520 245544 283434 1589104 41 35 22  1  0  0
97  0  68208 93457916 2327076 76135716    0    0 213248 174060 267386 1538191 38 39 22  1  0  0
153  1  68208 93454576 2327076 76135736    0    0 224320 186004 269793 1539556 40 37 22  1  0  0
122  1  68208 93446216 2327076 76135752    0    0 299648 300812 286053 1586728 42 35 22  1  0  0
55  1  68208 93472744 2327076 76135772    0    0 341440 273020 284980 1604841 43 33 23  1  0  0
47  0  68208 93469380 2327076 76135796    0    0 309776 262028 282856 1610936 42 34 23  1  0  0
38  4  68208 93460196 2327076 76135812    0    0 173808 144852 262872 1516774 37 40 22  1  0  0
40 15  68208 93461760 2327076 76135820    0    0 281904 224492 280997 1570320 41 36 22  1  0  0
55  9  68208 93457996 2327080 76135836    0    0 399440 322448 296643 1643333 44 30 23  2  0  0
77  2  68208 93458516 2327080 76135864    0    0 362464 296892 288444 1624839 43 32 23  2  0  0
202 21  68208 93455900 2327080 76135884    0    0 316224 277408 282461 1598156 42 34 23  1  0  0
30  1  68208 93447532 2327080 76135900    0    0 319952 306468 290180 1600251 42 35 22  1  0  0
procs -----------memory---------- ---swap-- -----io---- -system-- -------cpu-------
 r  b   swpd   free   buff  cache   si   so    bi    bo   in   cs us sy id wa st gu
25  0  68208 93441932 2327080 76135920    0    0 236800 190740 272557 1540215 39 38 22  1  0  0
56  3  68208 93445460 2327080 76135940    0    0 258656 216528 275967 1564974 40 36 23  1  0  0
78  8  68208 93442284 2327080 76135960    0    0 346880 287980 288652 1619435 42 33 23  2  0  0
155  0  68208 93446348 2327080 76135976    0    0 192512 157508 272314 1517133 39 38 22  1  0  0
149  0  68208 93449152 2327084 76135988    0    0 194976 160864 266415 1520398 38 38 23  1  0  0
30  8  68208 93455680 2327084 76136084    0    0 292240 239648 276000 1574511 41 34 23  1  0  0
92  5  68208 93442808 2327088 76136108    0    0 291648 239976 275363 1589369 41 34 23  1  0  0
49  0  68208 93441332 2327088 76136140    0    0 158960 134092 264630 1503189 36 42 21  1  0  0
135  0  68208 93437356 2327088 76136160    0    0 159264 136744 261964 1507585 37 41 22  1  0  0
68  5  68208 93435072 2327096 76136164    0    0 156208 125648 263358 1510386 36 42 21  1  0  0
133  2  68208 93426732 2327096 76136184    0    0 159392 129508 261213 1509410 37 41 22  1  0  0
116  9  68208 93419576 2327096 76136204    0    0 162928 116492 240448 1489637 35 42 22  1  0  0
63  0  68208 93423416 2327096 76136224    0    0 168816 180712 244269 1490717 35 42 22  1  0  0
147  1  68208 93424856 2327096 76136248    0    0 162992 115860 242267 1483677 36 42 22  1  0  0
74  2  68208 93417592 2327096 76136264    0    0 165872 119688 241477 1488895 35 42 22  1  0  0
48  3  68208 93421084 2327096 76136284    0    0 171040 121912 239934 1490104 35 42 22  1  0  0
56  2  68208 93438948 2327096 76136300    0    0 185392 147556 253853 1520634 36 40 23  1  0  0
83  7  68208 93441688 2327096 76136312    0    0 257520 210068 268196 1567070 40 35 24  1  0  0
24  1  68208 93438508 2327096 76136328    0    0 347952 283132 292847 1634526 42 33 23  2  0  0
86  2  68208 93423652 2327096 76136352    0    0 326720 270088 284908 1620195 42 33 24  2  0  0
43  5  68208 93435656 2327096 76136364    0    0 269328 217736 267330 1576145 41 34 24  1  0  0
procs -----------memory---------- ---swap-- -----io---- -system-- -------cpu-------
 r  b   swpd   free   buff  cache   si   so    bi    bo   in   cs us sy id wa st gu
112  1  68208 93421344 2327096 76136384    0    0 296848 268544 280192 1594268 41 34 23  1  0  0
67  4  68208 93428516 2327096 76136404    0    0 324896 266624 284546 1607083 42 34 23  1  0  0
45  4  68208 93444660 2327096 76136420    0    0 359072 338516 291944 1616995 43 33 22  2  0  0
55  4  68208 93444292 2327096 76136432    0    0 334720 276680 283160 1611286 43 32 24  2  0  0
160  1  68208 93428536 2327096 76136448    0    0 283712 242980 275760 1587659 41 34 23  1  0  0
66  0  68208 93417452 2327096 76136468    0    0 305952 250424 284270 1590003 41 35 23  1  0  0
10  1  68208 93424632 2327096 76136484    0    0 221168 184020 272225 1536172 40 38 22  1  0  0
10  1  68208 93422304 2327096 76136508    0    0 192160 157636 265159 1523991 38 39 22  1  0  0
62  0  68208 93419904 2327096 76136528    0    0 183424 155236 264335 1515996 38 39 23  1  0  0
94  0  68208 93408824 2327096 76136548    0    0 134144 112952 255048 1489647 36 41 22  1  0  0
50  9  68208 93419896 2327096 76136564    0    0 140064 116080 250748 1503215 35 42 22  1  0  0
180  1  68208 93410692 2327096 76136572    0    0 139088 101072 234740 1473384 35 42 22  1  0  0
92  0  68208 93397012 2327096 76136596    0    0 133600 98032 231008 1466155 34 42 23  1  0  0
14  0  68208 93396080 2327096 76136620    0    0 170192 133108 246306 1495451 36 41 22  1  0  0
91  2  68208 93398768 2327096 76136636    0    0 171024 140728 263064 1507062 36 42 21  1  0  0
63  5  68208 93416924 2327096 76136656    0    0 201104 163132 265936 1527965 39 39 22  1  0  0
78  7  68208 93416112 2327096 76136680    0    0 271104 226600 272665 1572520 41 35 23  1  0  0
39  5  68208 93423800 2327096 76136700    0    0 311168 313720 285635 1607595 42 34 23  1  0  0
95  3  68208 93406928 2327096 76136708    0    0 244256 198936 272683 1563115 40 36 23  1  0  0
30  8  68208 93405672 2327096 76136728    0    0 233328 209876 268492 1556822 40 36 23  1  0  0
37  4  68208 93397448 2327096 76136748    0    0 218896 179420 262808 1546928 40 36 24  1  0  0
procs -----------memory---------- ---swap-- -----io---- -system-- -------cpu-------
 r  b   swpd   free   buff  cache   si   so    bi    bo   in   cs us sy id wa st gu
76  2  68208 93416708 2327096 76136768    0    0 379664 313036 292453 1634074 44 32 23  2  0  0
35  2  68208 93406424 2327096 76136792    0    0 317104 261628 279523 1605834 42 33 24  1  0  0
192  0  68208 93410756 2327096 76136812    0    0 357200 294148 288374 1620570 43 33 23  2  0  0
63  9  68208 93418156 2327096 76136828    0    0 287776 235676 277552 1581380 41 34 24  1  0  0
213  2  68208 93420816 2327096 76136844    0    0 291520 253452 285096 1586154 41 36 22  1  0  0
114  4  68208 93407580 2327096 76136860    0    0 340928 291588 290604 1610186 42 35 22  1  0  0
59 15  68208 93403824 2327096 76136884    0    0 299584 278472 285119 1578265 41 36 22  1  0  0
48  3  68208 93406544 2327096 76136904    0    0 347104 283976 288115 1615022 43 33 22  2  0  0
107  2  68208 93385968 2327096 76136920    0    0 260608 216780 273410 1569051 41 35 23  1  0  0
141 10  68208 93386396 2327096 76136936    0    0 222880 192892 266278 1539373 40 36 23  1  0  0
29  2  68208 93406580 2327096 76136956    0    0 362112 312752 291165 1622747 43 33 22  2  0  0
38  0  68208 93408468 2327096 76136976    0    0 301280 253244 281474 1607557 42 33 23  1  0  0
22  0  68208 93386552 2327096 76136984    0    0 200016 164008 262458 1528361 40 37 23  1  0  0
42  9  68208 93389616 2327096 76137000    0    0 313472 259924 283393 1591580 42 34 23  1  0  0
79  9  68208 93392764 2327096 76137020    0    0 294288 242296 280952 1578338 42 35 22  1  0  0
77  6  68208 93404132 2327096 76137048    0    0 370464 343516 295600 1630213 43 34 22  2  0  0
76  2  68208 93398256 2327096 76137076    0    0 347344 285900 289876 1612186 43 33 22  2  0  0
32  4  68208 93397324 2327096 76137092    0    0 352448 301084 287440 1610865 43 32 23  2  0  0
43  1  68208 93417832 2327096 76137112    0    0 349520 290096 290940 1620130 43 33 23  1  0  0
180  4  68208 93410244 2327096 76137124    0    0 209504 172616 272516 1538293 39 38 22  1  0  0
17  1  68208 93392796 2327096 76137140    0    0 215984 181144 268805 1534939 40 37 23  1  0  0
procs -----------memory---------- ---swap-- -----io---- -system-- -------cpu-------
 r  b   swpd   free   buff  cache   si   so    bi    bo   in   cs us sy id wa st gu
109  5  68208 93373864 2327096 76137156    0    0 272016 223668 277384 1568821 40 35 24  1  0  0
87  2  68208 93372796 2327096 76137180    0    0 245376 206116 269045 1556400 41 34 24  1  0  0
65  2  68208 93359432 2327096 76137268    0    0 305568 266900 284031 1587661 42 34 22  1  0  0
23  0  68208 93370532 2327096 76137284    0    0 266880 222324 278598 1556706 40 36 23  1  0  0
75  2  68208 93363724 2327096 76137300    0    0 243840 266308 278223 1556118 40 37 22  1  0  0
21  1  68208 93371252 2327096 76137316    0    0 224656 177616 277832 1546132 39 38 22  1  0  0
57  4  68208 93369020 2327096 76137336    0    0 203376 164316 271919 1527590 39 39 22  1  0  0
45  7  68208 93355608 2327096 76137356    0    0 223232 183444 270836 1540680 39 38 22  1  0  0
202  0  68208 93355380 2327096 76137376    0    0 182528 150812 263828 1526388 38 39 22  1  0  0
60  0  68208 93348908 2327096 76137392    0    0 143504 120644 256385 1497580 37 40 22  1  0  0
111  1  68208 93353828 2327096 76137408    0    0 146496 120528 249823 1491103 37 40 23  1  0  0
123  2  68208 93340404 2327096 76137432    0    0 144896 101472 236570 1473343 35 42 22  1  0  0
28  2  68208 93353108 2327096 76137452    0    0 137872 100208 236854 1476007 33 43 23  1  0  0
74  8  68208 93349768 2327096 76137468    0    0 160016 119588 234449 1488303 36 40 23  1  0  0
38  4  68208 93358704 2327096 76137484    0    0 211200 158816 244829 1521160 38 37 24  1  0  0
42  2  68208 93371640 2327096 76137504    0    0 437856 364316 298434 1658074 45 30 22  2  0  0
88  1  68208 93359804 2327096 76137528    0    0 378080 313912 289548 1633471 43 32 23  2  0  0
45 10  68208 93366880 2327096 76137548    0    0 380928 313376 291131 1638375 43 33 23  2  0  0
33  2  68208 93369980 2327096 76137564    0    0 408480 334008 298619 1647495 43 33 22  2  0  0
69  3  68208 93389512 2327096 76137580    0    0 337872 347216 293326 1617743 41 35 22  1  0  0
61  2  68208 93369768 2327096 76137596    0    0 214112 181196 271420 1540415 38 39 22  1  0  0
procs -----------memory---------- ---swap-- -----io---- -system-- -------cpu-------
 r  b   swpd   free   buff  cache   si   so    bi    bo   in   cs us sy id wa st gu
15  1  68208 93359164 2327096 76137616    0    0 219840 188416 270765 1531562 39 37 23  1  0  0
78  4  68208 93356808 2327096 76137640    0    0 218000 184104 269609 1547444 39 38 22  1  0  0
97  7  68208 93350420 2327096 76137660    0    0 185472 157636 263424 1518716 38 39 23  1  0  0
66  1  68208 93356704 2327096 76137680    0    0 174704 150660 261507 1521077 38 39 22  1  0  0
49  0  68208 93345592 2327096 76137700    0    0 176096 148848 259009 1515985 38 39 23  1  0  0
22  0  68208 93349616 2327096 76137720    0    0 188368 161984 260572 1530522 39 38 23  1  0  0
142  0  68208 93356060 2327096 76137732    0    0 157520 134936 256352 1518980 38 39 23  1  0  0
68  2  68208 93356208 2327096 76137744    0    0 177824 133140 247667 1495633 36 41 22  1  0  0
223  0  68208 93356404 2327096 76137764    0    0 186384 147956 260169 1515041 37 41 22  1  0  0
46  5  68208 93352104 2327096 76137784    0    0 203040 170756 264822 1527721 38 39 22  1  0  0
241  0  68208 93352348 2327096 76137808    0    0 195120 171592 265598 1532198 38 39 22  1  0  0
91  2  68208 93340228 2327096 76137824    0    0 177264 152812 260605 1519851 37 39 23  1  0  0
88  1  68208 93356024 2327096 76137844    0    0 170896 143416 258540 1513559 37 39 23  1  0  0
136  0  68208 93356932 2327096 76137860    0    0 214464 182920 267792 1555435 39 37 23  1  0  0
108  3  68208 93355652 2327096 76137872    0    0 316640 262604 275739 1604093 43 33 24  1  0  0
29  4  68208 93358356 2327096 76137888    0    0 372672 345052 290543 1639326 44 32 23  2  0  0
43  5  68208 93348396 2327096 76137912    0    0 323968 279996 283280 1611843 42 34 23  1  0  0
44  4  68208 93353188 2327096 76137936    0    0 305568 256612 279962 1596922 42 33 23  1  0  0
100 13  68208 93343948 2327096 76137952    0    0 237376 195140 267135 1555578 39 36 23  1  0  0
70  4  68208 93350736 2327096 76137968    0    0 202832 173956 261294 1538456 39 37 23  1  0  0
20  2  68208 93366288 2327096 76137988    0    0 306208 271840 284990 1603010 41 35 22  1  0  0
procs -----------memory---------- ---swap-- -----io---- -system-- -------cpu-------
 r  b   swpd   free   buff  cache   si   so    bi    bo   in   cs us sy id wa st gu
84  0  68208 93366872 2327096 76138012    0    0 461808 382492 304992 1677081 46 30 23  2  0  0
81  1  68208 93360364 2327096 76138028    0    0 249776 206900 276429 1550543 40 38 22  1  0  0
174  2  68208 93357124 2327096 76138044    0    0 315360 259816 282547 1595454 42 34 23  1  0  0
102  5  68208 93357456 2327096 76138060    0    0 381776 365392 291957 1629508 44 31 23  2  0  0
62  7  68208 93365696 2327096 76138088    0    0 350688 282420 284252 1624036 43 31 23  2  0  0
42 10  68208 93356256 2327096 76138108    0    0 379808 310788 291966 1638779 43 33 22  2  0  0
14  1  68208 93366672 2327096 76138128    0    0 332512 283064 286946 1617442 43 32 23  2  0  0
44  2  68208 93356860 2327096 76138140    0    0 174256 148924 261037 1524139 38 38 23  1  0  0
25  7  68208 93342988 2327096 76138148    0    0 165056 141584 258114 1513868 38 40 22  1  0  0
145  0  68208 93333988 2327096 76138168    0    0 168240 147012 256982 1511880 38 38 23  1  0  0
27  9  68208 93345916 2327096 76138196    0    0 260784 227040 276204 1559654 41 36 22  1  0  0
119  1  68208 93337116 2327096 76138216    0    0 200720 170624 269313 1529200 39 39 22  1  0  0
64  7  68208 93333416 2327096 76138236    0    0 203552 172544 266769 1531961 39 37 23  1  0  0
35  3  68208 93339788 2327100 76138248    0    0 258144 273944 283785 1565377 41 36 22  1  0  0
 9  0  68208 93342152 2327100 76138272    0    0 181792 148588 267472 1520698 38 40 22  1  0  0
84  1  68208 93338836 2327100 76138288    0    0 167088 143424 262455 1506801 37 40 22  1  0  0
39  2  68208 93341040 2327100 76138304    0    0 154272 130152 260399 1497171 37 41 21  1  0  0
52  1  68208 93319228 2327100 76138324    0    0 155712 118184 242705 1481172 35 42 23  1  0  0
30  4  68208 93309724 2327100 76138340    0    0 155152 126420 250780 1502014 37 41 22  1  0  0
197  3  68208 93316308 2327100 76138356    0    0 142480 103296 237320 1475822 35 43 22  1  0  0
28  1  68208 93306848 2327100 76138452    0    0 145152 109816 234362 1482724 34 43 23  1  0  0
procs -----------memory---------- ---swap-- -----io---- -system-- -------cpu-------
 r  b   swpd   free   buff  cache   si   so    bi    bo   in   cs us sy id wa st gu
140  1  68208 93322300 2327100 76138472    0    0 143840 103072 238286 1487119 35 42 23  1  0  0
29  0  68208 93316108 2327100 76138484    0    0 145728 107764 235214 1482773 35 42 23  1  0  0
21  1  68208 93309728 2327104 76138500    0    0 142496 108016 232449 1480842 35 42 23  1  0  0
 9  1  68208 93304104 2327104 76138528    0    0 149008 105776 233350 1488354 35 42 23  1  0  0
87  1  68208 93300016 2327104 76138544    0    0 152112 112820 233275 1490933 35 42 23  1  0  0
68  1  68208 93302568 2327104 76138568    0    0 168272 119048 232483 1497012 36 40 24  1  0  0
73  5  68208 93320600 2327104 76138592    0    0 209872 163832 246196 1539484 38 38 24  1  0  0
64  7  68208 93338820 2327104 76138612    0    0 266624 220660 273010 1587341 39 36 23  1  0  0
37  5  68208 93336128 2327104 76138624    0    0 281472 237176 273259 1606253 41 34 24  1  0  0
71  1  68208 93334972 2327104 76138640    0    0 251376 210920 264106 1575707 40 35 24  1  0  0
60  2  68208 93328596 2327104 76138664    0    0 387760 329516 288089 1658645 43 32 23  2  0  0
47 13  68208 93337340 2327104 76138684    0    0 285696 245772 272371 1597587 41 34 23  1  0  0
91  2  68208 93339860 2327104 76138700    0    0 315408 312612 284465 1612281 41 35 22  1  0  0
48  0  68208 93324472 2327104 76138720    0    0 261760 233432 273136 1576255 40 36 22  1  0  0
183  0  68208 93332892 2327104 76138740    0    0 218848 180892 265106 1545437 39 36 23  1  0  0
52  0  68208 93325680 2327104 76138756    0    0 277456 234124 273493 1600185 41 34 24  1  0  0
28  2  68208 93323284 2327104 76138768    0    0 339584 282712 282549 1621556 43 33 23  1  0  0
121  0  68208 93333208 2327104 76138792    0    0 238752 198844 269903 1557380 40 36 23  1  0  0
82  1  68208 93330328 2327104 76138812    0    0 256288 216808 270969 1578448 41 34 24  1  0  0
14  0  68208 93327408 2327104 76138828    0    0 213520 181888 262926 1544879 39 36 23  1  0  0
10  0  68208 93333608 2327104 76138848    0    0 272704 230808 274239 1582904 41 34 23  1  0  0
procs -----------memory---------- ---swap-- -----io---- -system-- -------cpu-------
 r  b   swpd   free   buff  cache   si   so    bi    bo   in   cs us sy id wa st gu
47 12  68208 93321920 2327104 76138868    0    0 321712 268096 283632 1586946 42 33 23  1  0  0
86  2  68208 93330204 2327104 76138884    0    0 344192 339724 294499 1625658 42 34 22  1  0  0
138  0  68208 93325956 2327104 76138896    0    0 284384 233236 279371 1585859 41 34 23  1  0  0
84  1  68208 93324576 2327104 76138912    0    0 193632 166164 262532 1521908 39 37 23  1  0  0
71  0  68208 93322604 2327104 76138936    0    0 212576 179368 264250 1538008 39 37 23  1  0  0
84  1  68208 93334416 2327104 76138952    0    0 276896 231488 277517 1576377 41 35 23  1  0  0
65  7  68208 93335316 2327104 76138972    0    0 328640 289000 284657 1602650 42 34 23  1  0  0
50  1  68208 93320300 2327104 76139004    0    0 291248 245412 276906 1583815 42 33 24  1  0  0
119  3  68208 93331484 2327104 76139020    0    0 279584 233596 279509 1587674 41 35 23  1  0  0
54  8  68208 93330884 2327104 76139040    0    0 229504 192576 275913 1542665 40 38 22  1  0  0
59  4  68208 93326428 2327104 76139052    0    0 272896 231856 279266 1566818 41 35 23  1  0  0
42  1  68208 93297556 2327104 76139068    0    0 233392 194576 274072 1544213 39 36 23  1  0  0
61  1  68208 93296844 2327104 76139092    0    0 266112 273540 281257 1570246 41 35 23  1  0  0
203  2  68208 93292272 2327104 76139108    0    0 186624 162300 264514 1521976 38 39 22  1  0  0
244  3  68208 93296180 2327104 76139132    0    0 171920 138968 261693 1511526 38 40 22  1  0  0
100  5  68208 93304668 2327104 76139148    0    0 207152 173620 264521 1533253 39 37 23  1  0  0
97  2  68208 93308904 2327104 76139176    0    0 243072 203492 272423 1569457 41 35 23  1  0  0
208  0  68208 93303872 2327104 76139176    0    0 351744 297216 286589 1616139 43 32 24  2  0  0
71  8  68208 93305096 2327104 76139208    0    0 292768 242812 281269 1577871 41 35 23  1  0  0
37  4  68208 93300012 2327104 76139232    0    0 317376 260260 281826 1601693 42 33 24  1  0  0
65  3  68208 93295340 2327104 76139248    0    0 344048 306396 288253 1619048 42 33 23  2  0  0
procs -----------memory---------- ---swap-- -----io---- -system-- -------cpu-------
 r  b   swpd   free   buff  cache   si   so    bi    bo   in   cs us sy id wa st gu
52 14  68208 93298472 2327108 76139264    0    0 297280 250004 280148 1583467 41 34 23  1  0  0
184  0  68208 93311196 2327108 76139288    0    0 319936 284688 290604 1605692 42 35 22  1  0  0
141  2  68208 93325620 2327108 76139308    0    0 307904 291728 287251 1598021 42 35 22  1  0  0
90  5  68208 93328800 2327108 76139324    0    0 339104 279344 287012 1599873 43 32 23  1  0  0
63  9  68208 93315556 2327108 76139340    0    0 300256 253424 278569 1590621 42 33 24  1  0  0
234  0  68208 93313600 2327108 76139364    0    0 269728 229340 277854 1573717 41 35 23  1  0  0
78  6  68208 93291260 2327108 76139388    0    0 204528 169668 270467 1525322 38 39 22  1  0  0
21  0  68208 93294656 2327108 76139404    0    0 207360 171816 270067 1520046 39 38 22  1  0  0
46  7  68208 93294496 2327108 76139416    0    0 254400 207564 275575 1554277 40 36 23  1  0  0
78  3  68208 93306760 2327108 76139444    0    0 301776 252752 278979 1596689 42 32 24  1  0  0
129  7  68208 93300336 2327108 76139456    0    0 355424 297388 293222 1631596 43 33 22  2  0  0
202  2  68208 93296156 2327108 76139468    0    0 320160 279552 289687 1601655 41 35 22  1  0  0
63  3  68208 93298064 2327108 76139484    0    0 318672 319004 292161 1598974 41 35 22  1  0  0
166  2  68208 93286316 2327108 76139504    0    0 225040 186716 273578 1531958 38 39 22  1  0  0
54  1  68208 93283568 2327108 76139528    0    0 272816 224300 278305 1572642 41 35 23  1  0  0
74  3  68208 93282980 2327108 76139552    0    0 267424 226076 274765 1569020 41 34 24  1  0  0
81  1  68208 93272692 2327108 76139568    0    0 186400 155688 262187 1528307 38 38 23  1  0  0
50  5  68208 93292952 2327108 76139656    0    0 139040 122892 255054 1509084 36 40 23  1  0  0
116  0  68208 93293144 2327108 76139668    0    0 175168 146368 266127 1516138 38 40 22  1  0  0
14  0  68208 93284244 2327108 76139684    0    0 210512 172980 268081 1533507 39 38 23  1  0  0
39  2  68208 93294140 2327108 76139716    0    0 307440 256748 280741 1595686 41 34 23  1  0  0
procs -----------memory---------- ---swap-- -----io---- -system-- -------cpu-------
 r  b   swpd   free   buff  cache   si   so    bi    bo   in   cs us sy id wa st gu
37  4  68208 93292996 2327108 76139724    0    0 324512 275564 280721 1609338 43 33 23  1  0  0
128  0  68208 93280336 2327108 76139740    0    0 180592 151428 266884 1519689 37 41 21  1  0  0
66 11  68208 93269156 2327108 76139760    0    0 178064 148032 264151 1516443 37 40 22  1  0  0
14  0  68208 93283372 2327108 76139780    0    0 172176 141920 262914 1517458 38 40 22  1  0  0
64  6  68208 93304536 2327108 76139792    0    0 186608 160556 266474 1536158 38 39 22  1  0  0
147  0  68208 93286920 2327108 76139804    0    0 183968 152524 264151 1526720 38 39 22  1  0  0
103  0  68208 93279272 2327108 76139828    0    0 158992 126856 247427 1490225 36 42 22  1  0  0
72  3  68208 93278692 2327108 76139844    0    0 187488 133340 240814 1493377 36 41 23  1  0  0
44 10  68208 93293704 2327108 76139864    0    0 299616 265184 276020 1584715 41 35 22  1  0  0
34  7  68208 93300236 2327108 76139884    0    0 333616 311660 288664 1612582 41 35 22  1  0  0
113  2  68208 93286004 2327108 76139912    0    0 202256 168616 269065 1543330 39 38 22  1  0  0
65  0  68208 93298316 2327108 76139924    0    0 181168 152928 264812 1527161 38 39 22  1  0  0
68  5  68208 93307464 2327108 76139936    0    0 213920 183464 267225 1545260 39 37 22  1  0  0
59  7  68208 93288576 2327108 76139948    0    0 241024 219564 268530 1562788 41 35 23  1  0  0
44 13  68208 93282688 2327108 76139972    0    0 231440 195204 265588 1552116 40 36 23  1  0  0
48  1  68208 93278660 2327108 76140000    0    0 274208 232104 276928 1580464 41 35 23  1  0  0
98  6  68208 93294132 2327108 76140020    0    0 238992 198028 274450 1548173 39 38 22  1  0  0
19  1  68208 93285932 2327108 76140036    0    0 272800 230588 275869 1573345 41 35 23  1  0  0
91  8  68208 93285048 2327108 76140060    0    0 195968 167560 269783 1530132 39 38 23  1  0  0
28  4  68208 93276764 2327108 76140076    0    0 192352 167252 264532 1530028 39 37 23  1  0  0
96  2  68208 93268260 2327108 76140092    0    0 169872 143816 259702 1513329 38 39 23  1  0  0
procs -----------memory---------- ---swap-- -----io---- -system-- -------cpu-------
 r  b   swpd   free   buff  cache   si   so    bi    bo   in   cs us sy id wa st gu
61  4  68208 93278752 2327108 76140116    0    0 220752 188524 271648 1539390 39 38 22  1  0  0
52  1  68208 93291296 2327108 76140124    0    0 254160 209116 274817 1551806 39 37 22  1  0  0
68  6  68208 93278300 2327108 76140156    0    0 310224 271096 281975 1595621 42 34 22  2  0  0
59  4  68208 93280332 2327108 76140184    0    0 296528 282584 283487 1579310 41 35 22  1  0  0
30  0  68208 93277396 2327108 76140204    0    0 223088 196272 272381 1550412 40 37 23  1  0  0
166  0  68208 93290340 2327108 76140216    0    0 158832 133440 260650 1509896 36 41 22  1  0  0
187  1  68208 93269284 2327108 76140216    0    0 146784 125056 255943 1502930 36 41 22  1  0  0
159  1  68208 93252944 2327108 76140248    0    0 151680 127104 255781 1508490 37 41 22  1  0  0
138  0  68208 93256940 2327108 76140276    0    0 162816 139664 257922 1517825 37 40 23  1  0  0
68  1  68208 93254592 2327108 76140288    0    0 156160 126852 249849 1504939 37 40 23  1  0  0
90  2  68208 93252732 2327108 76140308    0    0 146512 108448 239999 1486221 35 42 22  1  0  0
66  0  68208 93257824 2327108 76140324    0    0 142448 105556 232421 1479637 35 42 23  1  0  0
126  1  68208 93266712 2327108 76140348    0    0 139696 103452 233342 1483969 34 42 23  1  0  0
38  1  68208 93257856 2327108 76140356    0    0 177888 132084 242367 1503533 36 41 22  1  0  0
142  1  68208 93249616 2327108 76140376    0    0 213760 178280 267990 1539490 39 39 22  1  0  0
82 25  68208 93279012 2327108 76140392    0    0 362928 296328 285116 1618115 43 32 23  2  0  0
51  7  68208 93283976 2327108 76140408    0    0 386864 335560 287776 1645054 44 31 23  2  0  0
131  0  68208 93282672 2327108 76140428    0    0 405424 387980 297393 1662499 44 31 22  2  0  0
90  7  68208 93285604 2327108 76140448    0    0 286512 237172 276015 1580081 40 36 23  1  0  0
67  3  68208 93278216 2327108 76140472    0    0 325888 269320 281569 1614990 43 32 24  1  0  0
17  4  68208 93282780 2327108 76140484    0    0 293232 248356 280892 1603262 41 34 23  1  0  0
procs -----------memory---------- ---swap-- -----io---- -system-- -------cpu-------
 r  b   swpd   free   buff  cache   si   so    bi    bo   in   cs us sy id wa st gu
48  1  68208 93281624 2327108 76140492    0    0 334560 273864 287910 1625382 42 34 23  1  0  0
71  2  68208 93277872 2327108 76140500    0    0 280768 232508 274538 1584746 42 34 23  1  0  0
27  3  68208 93271564 2327108 76140516    0    0 269568 232548 273342 1576999 41 35 23  1  0  0
65  7  68208 93273272 2327108 76140540    0    0 341616 284492 287779 1613430 43 33 23  1  0  0
 9  1  68208 93267524 2327108 76140560    0    0 316416 310164 284729 1593866 41 34 23  1  0  0
76  5  68208 93266088 2327108 76140576    0    0 255408 226952 275197 1566942 40 36 23  1  0  0
41 11  68208 93268172 2327108 76140592    0    0 216992 179084 267702 1535687 39 38 23  1  0  0
81  6  68208 93265212 2327108 76140620    0    0 202608 173340 265122 1536876 39 37 23  1  0  0
102  3  68208 93271248 2327108 76140648    0    0 162240 139220 260379 1524815 37 40 22  1  0  0
47  1  68208 93252876 2327108 76140660    0    0 137632 121468 255111 1501052 37 41 22  1  0  0
38  1  68208 93260048 2327108 76140676    0    0 191584 159228 264830 1520484 38 39 22  1  0  0
86  1  68208 93257428 2327108 76140696    0    0 238544 202616 272422 1548288 40 36 22  1  0  0
83  5  68208 93264336 2327108 76140728    0    0 263536 219464 273709 1573566 41 35 23  1  0  0
98  0  68208 93261160 2327108 76140740    0    0 275680 233704 273714 1582386 41 34 24  1  0  0
125  3  68208 93262804 2327108 76140848    0    0 238400 196384 273395 1548363 40 37 22  1  0  0
75  5  68208 93268224 2327108 76140872    0    0 346848 285304 288892 1627552 43 32 23  2  0  0
89  1  68208 93262004 2327108 76140872    0    0 383328 368540 297447 1632146 44 32 22  2  0  0
52  4  68208 93271204 2327108 76140896    0    0 314752 261248 284880 1601237 42 34 23  1  0  0
52 13  68208 93251560 2327112 76140920    0    0 218384 182324 269411 1544275 39 38 22  1  0  0
81 11  68208 93254852 2327112 76140936    0    0 253088 215484 271976 1561919 40 35 23  1  0  0
46  7  68208 93256244 2327112 76140956    0    0 208656 173860 265393 1542216 40 37 23  1  0  0
procs -----------memory---------- ---swap-- -----io---- -system-- -------cpu-------
 r  b   swpd   free   buff  cache   si   so    bi    bo   in   cs us sy id wa st gu
82 10  68208 93248452 2327112 76140972    0    0 325264 290028 288923 1597986 43 34 22  1  0  0
30  8  68208 93257888 2327112 76141000    0    0 305232 249656 283038 1595671 42 33 23  1  0  0
37  2  68208 93258728 2327112 76141024    0    0 283520 236332 278128 1587294 42 34 23  1  0  0
59  7  68208 93250452 2327112 76141040    0    0 321648 269180 287065 1602884 42 34 22  1  0  0
67  1  68208 93260800 2327112 76141060    0    0 378912 368944 296661 1618091 44 32 23  2  0  0
63 11  68208 93258396 2327112 76141080    0    0 346512 283592 290175 1608368 43 33 23  1  0  0
111  1  68208 93268016 2327112 76141092    0    0 324256 269512 283639 1600917 43 32 24  1  0  0
86  1  68208 93245840 2327112 76141124    0    0 156976 130140 259752 1515892 37 40 22  1  0  0
132  1  68208 93240212 2327112 76141144    0    0 154848 135820 262719 1506037 37 40 22  1  0  0
34  1  68208 93230948 2327112 76141152    0    0 180976 148692 264515 1535997 37 41 21  1  0  0
71  2  68208 93239668 2327120 76141204    0    0 217152 179232 265299 1541430 39 39 22  1  0  0
29  0  68208 93228628 2327120 76141232    0    0 222000 186460 266566 1561163 39 37 23  1  0  0
217  0  68208 93235828 2327124 76141252    0    0 176352 154148 260635 1528321 38 39 23  1  0  0
95  1  68208 93237404 2327124 76141276    0    0 161856 135028 255891 1522224 37 40 23  1  0  0
28  0  68208 93226144 2327124 76141288    0    0 140464 103736 234232 1475603 34 42 23  1  0  0
234  0  68208 93239084 2327124 76141312    0    0 153728 115988 232348 1491095 35 41 24  1  0  0
89  5  68208 93248920 2327124 76141336    0    0 157456 110992 232841 1495594 35 41 24  1  0  0
12  1  68208 93244624 2327124 76141340    0    0 189872 142564 236402 1504339 37 38 24  1  0  0
139  1  68208 93233572 2327124 76141372    0    0 181696 152760 265387 1524155 38 40 22  1  0  0
205  1  68208 93237924 2327124 76141380    0    0 189296 156216 264818 1525225 38 39 22  1  0  0
17  3  68208 93247252 2327124 76141392    0    0 206704 175940 261180 1543706 39 37 23  1  0  0
procs -----------memory---------- ---swap-- -----io---- -system-- -------cpu-------
 r  b   swpd   free   buff  cache   si   so    bi    bo   in   cs us sy id wa st gu
49  8  68208 93245764 2327124 76141424    0    0 184336 170992 260567 1536309 38 39 23  1  0  0
80  2  68208 93241088 2327124 76141452    0    0 172464 146472 257174 1527059 37 39 23  1  0  0
155  5  68208 93250284 2327124 76141472    0    0 221664 235432 270386 1556567 39 38 22  1  0  0
47  3  68208 93244568 2327124 76141472    0    0 276624 230416 280574 1594776 41 36 22  1  0  0
65 17  68208 93256624 2327124 76141488    0    0 301280 247376 281793 1607459 42 33 23  1  0  0
93  1  68208 93247336 2327124 76141508    0    0 230928 190428 265239 1559151 39 36 23  1  0  0
73  8  68208 93251820 2327124 76141524    0    0 306976 257364 276111 1603602 42 33 24  1  0  0
37  3  68208 93258636 2327124 76141552    0    0 381440 317504 288679 1636759 43 31 23  2  0  0
222  1  68208 93250600 2327124 76141564    0    0 328992 280404 280976 1614450 43 32 24  2  0  0
23  6  68208 93265704 2327124 76141584    0    0 250464 205844 273960 1561433 39 37 22  1  0  0
56  1  68208 93269288 2327124 76141600    0    0 272576 281988 281888 1587009 41 35 23  1  0  0
20  0  68208 93241924 2327124 76141616    0    0 215568 175496 274399 1534148 39 40 21  1  0  0
72  2  68208 93250148 2327124 76141640    0    0 226480 187052 270596 1551118 40 37 22  1  0  0
35  6  68208 93230856 2327124 76141664    0    0 252432 217356 274460 1576779 40 36 23  1  0  0
34  4  68208 93241908 2327124 76141676    0    0 200144 167040 262543 1529956 39 37 23  1  0  0
62 12  68208 93243224 2327124 76141696    0    0 248640 209192 266957 1564393 41 35 23  1  0  0
39  1  68208 93249564 2327124 76141716    0    0 410640 353848 298292 1660251 44 31 23  2  0  0
142  1  68208 93255744 2327124 76141736    0    0 336528 282056 283820 1630128 42 33 23  1  0  0
192  0  68208 93256928 2327124 76141756    0    0 320352 268204 281385 1607976 42 33 24  1  0  0
69 10  68208 93255112 2327124 76141780    0    0 310720 256272 280958 1596084 42 34 23  1  0  0
40  1  68208 93243136 2327124 76141792    0    0 207088 171424 265887 1537833 39 38 23  1  0  0
procs -----------memory---------- ---swap-- -----io---- -system-- -------cpu-------
 r  b   swpd   free   buff  cache   si   so    bi    bo   in   cs us sy id wa st gu
74 11  68208 93242808 2327124 76141804    0    0 249552 259732 278093 1554094 40 37 22  1  0  0
42  1  68208 93239684 2327124 76141840    0    0 339744 280180 286089 1613443 43 33 23  1  0  0
55  2  68208 93236804 2327124 76141856    0    0 313248 263172 279016 1605981 42 33 23  1  0  0
207  0  68208 93243092 2327124 76141864    0    0 317920 265452 287166 1613401 42 34 23  1  0  0
143  4  68208 93231756 2327124 76141892    0    0 187136 162924 267669 1534676 37 40 21  1  0  0
44  2  68208 93227944 2327124 76141900    0    0 165776 142788 261083 1516922 37 40 22  1  0  0
210  1  68208 93216304 2327124 76141920    0    0 171072 147836 258103 1522355 38 39 23  1  0  0
80  1  68208 93215692 2327124 76141948    0    0 192064 159328 258810 1530665 38 38 23  1  0  0
47  6  68208 93237896 2327124 76141956    0    0 273440 228308 269971 1581127 41 34 24  1  0  0
57 14  68208 93251832 2327124 76141996    0    0 399904 342248 291932 1651240 44 31 23  2  0  0
33 15  68208 93251504 2327124 76142068    0    0 403200 378224 293869 1613128 43 32 22  4  0  0
158  1  68208 93248412 2327124 76142092    0    0 328720 274544 285153 1625389 43 33 23  2  0  0
46  0  68208 93231832 2327124 76142104    0    0 199104 168672 264286 1538364 39 38 23  1  0  0
28  2  68208 93235556 2327124 76142124    0    0 243904 199468 268238 1562015 40 36 23  1  0  0
57 16  68208 93230152 2327124 76142156    0    0 369440 303476 284676 1630137 44 31 24  2  0  0
113 11  68208 93254072 2327132 76142180    0    0 317392 262848 279596 1612114 42 34 23  2  0  0
198  0  68208 93240220 2327132 76142196    0    0 240816 198580 266372 1564670 40 35 23  1  0  0
73 12  68208 93238384 2327132 76142220    0    0 269744 232420 273257 1586166 41 35 23  1  0  0
113  0  68208 93236716 2327132 76142232    0    0 278368 232512 281715 1593928 41 35 23  1  0  0
67  8  68208 93233900 2327132 76142244    0    0 189520 159992 264414 1526923 38 40 22  1  0  0
44  4  68208 93222852 2327132 76142260    0    0 193568 162584 266768 1534097 39 38 23  1  0  0
procs -----------memory---------- ---swap-- -----io---- -system-- -------cpu-------
 r  b   swpd   free   buff  cache   si   so    bi    bo   in   cs us sy id wa st gu
63  5  68208 93223260 2327132 76142280    0    0 238496 209344 267869 1554200 40 36 23  1  0  0
84  2  68208 93216344 2327132 76142300    0    0 309328 302012 285997 1595368 41 35 22  1  0  0
114  5  68208 93233428 2327132 76142308    0    0 303184 266648 278953 1594816 42 34 23  1  0  0
59  7  68208 93237924 2327132 76142332    0    0 262736 220556 272357 1572130 41 34 24  1  0  0
72  5  68208 93238428 2327132 76142348    0    0 248112 212408 270241 1578184 40 35 24  1  0  0
87  5  68208 93238468 2327132 76142372    0    0 275808 228944 280813 1577687 41 36 22  1  0  0
58  1  68208 93229736 2327132 76142388    0    0 300960 247576 281873 1590691 41 35 23  1  0  0
14  0  68208 93220268 2327132 76142412    0    0 252160 209320 272415 1565215 41 35 24  1  0  0
32  1  68208 93215808 2327132 76142432    0    0 190400 170360 265259 1537833 39 38 23  1  0  0
57  0  68208 93214864 2327132 76142452    0    0 186320 157304 266566 1521756 38 40 21  1  0  0
39  1  68208 93214144 2327132 76142464    0    0 197872 172244 267118 1528842 38 39 22  1  0  0
25  5  68208 93182096 2327132 76142484    0    0 229296 188780 270986 1544142 40 37 22  1  0  0
114  0  68208 93137628 2327132 76142500    0    0 191040 163256 278316 1530871 38 39 22  1  0  0
113 14  68208 93144404 2327132 76142520    0    0 193248 221104 268022 1525802 38 39 22  1  0  0
30  4  68208 93067444 2327132 76142548    0    0 203504 166784 271688 1538742 38 39 21  1  0  0
114  6  68208 93064700 2327132 76142560    0    0 160592 124072 244788 1488678 35 42 22  1  0  0
 8  1  68208 93091748 2327132 76142588    0    0 159744 115856 241385 1485133 35 43 22  1  0  0
181  1  68208 93111216 2327132 76142596    0    0 161552 118484 245311 1483469 35 42 22  1  0  0
250  0  68208 93080096 2327132 76142616    0    0 148752 106432 238010 1481728 35 41 23  1  0  0
39  0  68208 93076976 2327132 76142640    0    0 152160 117064 240418 1485423 34 43 23  1  0  0
40  5  68208 93096440 2327132 76142652    0    0 145520 104936 237396 1477454 35 42 23  1  0  0
procs -----------memory---------- ---swap-- -----io---- -system-- -------cpu-------
 r  b   swpd   free   buff  cache   si   so    bi    bo   in   cs us sy id wa st gu
 9  0  68208 93108696 2327132 76142676    0    0 150224 110928 236352 1481078 35 42 23  1  0  0
55  1  68208 93078744 2327132 76142704    0    0 143840 106152 234201 1480550 34 43 22  1  0  0
 9  1  68208 93091760 2327132 76142708    0    0 139296 102272 233956 1483035 34 42 23  1  0  0
79  1  68208 93102436 2327132 76142736    0    0 157360 112148 234407 1489199 36 40 23  1  0  0
33  3  68208 93116092 2327132 76142756    0    0 200784 152704 238800 1520710 37 39 24  1  0  0
33  2  68208 93121164 2327132 76142776    0    0 400672 332088 297059 1675221 44 32 22  2  0  0
67  2  68208 93107088 2327132 76142792    0    0 389872 338844 290515 1660134 43 32 23  2  0  0
116  1  68208 93127052 2327136 76142800    0    0 345632 285020 283241 1629750 42 34 23  2  0  0
41  0  68208 93094200 2327136 76142900    0    0 252976 257848 268883 1568527 40 36 23  1  0  0
164  0  68208 93090700 2327140 76143444    0    0 441328 377712 294245 1670174 46 30 22  2  0  0
50  7  68208 93116904 2327140 76143232    0    0 289632 236968 270967 1585517 42 34 23  1  0  0
42  1  68208 93128072 2327140 76143012    0    0 429712 357732 295108 1672195 44 31 23  2  0  0
61  3  68208 93128572 2327144 76143024    0    0 350608 291428 284283 1628250 43 33 23  2  0  0
68  0  68208 93135264 2327148 76143036    0    0 291808 257448 275046 1611953 41 34 24  1  0  0
12  0  68208 93101532 2327148 76143056    0    0 270944 277248 280097 1587154 40 37 22  1  0  0
75  4  68208 93119704 2327148 76143080    0    0 155712 130300 258754 1504517 37 41 21  1  0  0
58  4  68208 93132968 2327148 76143104    0    0 158032 133008 257261 1509402 36 41 22  1  0  0
138  2  68208 93125692 2327148 76143124    0    0 179168 148084 259392 1522255 37 40 22  1  0  0
64  7  68208 93121348 2327148 76143148    0    0 219440 187600 260610 1551481 39 37 23  1  0  0
66  3  68208 93119536 2327148 76143160    0    0 365728 319972 282977 1645805 42 33 23  2  0  0
124  9  68208 93122216 2327148 76143176    0    0 280352 231388 274462 1589764 41 35 23  1  0  0
procs -----------memory---------- ---swap-- -----io---- -system-- -------cpu-------
 r  b   swpd   free   buff  cache   si   so    bi    bo   in   cs us sy id wa st gu
45  3  68208 93124300 2327148 76143196    0    0 229328 189216 264768 1568192 39 37 23  1  0  0
 9  1  68208 93130792 2327148 76143208    0    0 196672 166908 257876 1539253 39 37 23  1  0  0
57  5  68208 93136368 2327148 76143244    0    0 266160 216168 270899 1568417 40 36 22  1  0  0
30  2  68208 93155436 2327148 76143264    0    0 247056 210720 272529 1568238 39 37 22  1  0  0
12  0  68208 93147232 2327148 76143284    0    0 176608 149788 259267 1523837 37 40 22  1  0  0
92  0  68208 93140188 2327148 76143288    0    0 191808 157512 257993 1534876 38 39 22  1  0  0
119  1  68208 93135064 2327148 76143308    0    0 227136 194688 263294 1560671 40 36 23  1  0  0
18  3  68208 93132152 2327148 76143328    0    0 228608 203964 265768 1565464 40 36 23  1  0  0
72  7  68208 93155924 2327148 76143400    0    0 279488 276216 278319 1584700 41 36 22  1  0  0
99  5  68208 93158236 2327148 76143424    0    0 261328 222644 271891 1582497 40 36 23  1  0  0
53  5  68208 93139672 2327148 76143440    0    0 200224 167752 260800 1538480 39 37 22  1  0  0
115  1  68208 93147668 2327148 76143464    0    0 192896 162736 262081 1536273 38 39 22  1  0  0
13  1  68208 93132316 2327148 76143488    0    0 183232 155748 258299 1528476 38 38 22  1  0  0
120  0  68208 93150480 2327148 76143504    0    0 199360 168084 258067 1537921 39 37 24  1  0  0
49  0  68208 93165016 2327148 76143516    0    0 248432 209388 272996 1572961 40 37 23  1  0  0
83  6  68208 93165080 2327148 76143540    0    0 256144 215976 272902 1568486 41 36 22  1  0  0
26  1  68208 93165624 2327148 76143556    0    0 301520 272288 278230 1598477 42 33 23  1  0  0
84  3  68208 93152992 2327152 76143572    0    0 292352 248764 273142 1588693 41 33 24  1  0  0
57  8  68208 93153052 2327152 76143600    0    0 201744 167992 262097 1543591 39 38 23  1  0  0
124  1  68208 93147780 2327152 76143612    0    0 184544 153672 263971 1523784 37 40 22  1  0  0
122  2  68208 93155044 2327152 76143636    0    0 232464 191912 269994 1545095 40 37 22  1  0  0
procs -----------memory---------- ---swap-- -----io---- -system-- -------cpu-------
 r  b   swpd   free   buff  cache   si   so    bi    bo   in   cs us sy id wa st gu
92  2  68208 93153348 2327152 76143664    0    0 254032 214992 272863 1572839 41 36 23  1  0  0
36  3  68208 93143732 2327152 76143672    0    0 392144 362484 295511 1645643 44 32 22  2  0  0
14  1  68208 93162948 2327152 76143696    0    0 294096 260404 280260 1609494 41 34 23  1  0  0
118  2  68208 93151396 2327152 76143712    0    0 190032 163272 259528 1530463 39 38 23  1  0  0
51  4  68208 93159044 2327152 76143724    0    0 302272 248076 279873 1594463 42 34 23  1  0  0
73  3  68208 93161240 2327152 76143760    0    0 358704 298188 286440 1629165 43 32 23  2  0  0
99  8  68208 93157804 2327152 76143780    0    0 308912 260300 279520 1596668 42 34 23  1  0  0
11  0  68208 93166424 2327152 76143792    0    0 309952 259020 279736 1598709 42 33 23  1  0  0
123  0  68208 93171092 2327152 76143804    0    0 352656 333676 291751 1633201 43 33 22  2  0  0
68  1  68208 93166400 2327152 76143820    0    0 340448 304056 283707 1624492 43 31 24  2  0  0
138  0  68208 93150276 2327152 76143852    0    0 169728 148728 257353 1517994 38 38 23  1  0  0
47  2  68208 93137568 2327152 76143860    0    0 203280 169832 266570 1527099 39 39 22  1  0  0
55  2  68208 93153524 2327152 76143876    0    0 258096 215728 274198 1568744 40 36 22  1  0  0
48  7  68208 93152956 2327152 76143896    0    0 305056 252504 278142 1596093 42 33 23  1  0  0
35  5  68208 93156236 2327152 76143924    0    0 283344 245708 277293 1592662 41 35 23  1  0  0
61  4  68208 93165512 2327152 76143932    0    0 365584 306644 289611 1640794 43 32 23  2  0  0
108  1  68208 93161324 2327152 76143948    0    0 374448 326944 294993 1637342 43 33 22  2  0  0
128  2  68208 93167904 2327152 76143956    0    0 280272 231364 279820 1571812 40 37 21  1  0  0
105  1  68208 93145996 2327152 76143984    0    0 193792 207556 272198 1531979 38 40 21  1  0  0
159  1  68208 93146320 2327152 76144012    0    0 177296 148056 264709 1520979 37 40 21  1  0  0
11  0  68208 93147144 2327156 76144028    0    0 194608 162388 264212 1519953 38 39 22  1  0  0
procs -----------memory---------- ---swap-- -----io---- -system-- -------cpu-------
 r  b   swpd   free   buff  cache   si   so    bi    bo   in   cs us sy id wa st gu
248  1  68208 93149836 2327156 76144052    0    0 200176 161976 264263 1527416 38 39 22  1  0  0
148  3  68208 93160508 2327156 76144076    0    0 177856 155956 263341 1526655 38 39 22  1  0  0
51  1  68208 93172864 2327156 76144088    0    0 162288 135032 258867 1516693 37 40 22  1  0  0
26  4  68208 93162236 2327156 76144104    0    0 154560 114764 239889 1488475 36 40 23  1  0  0
73  2  68208 93153324 2327156 76144132    0    0 182320 139772 239597 1503841 37 39 23  1  0  0
171  9  68208 93140436 2327156 76144148    0    0 249696 226348 269571 1560760 40 36 23  1  0  0
46  1  68208 93167532 2327156 76144176    0    0 220848 183732 267652 1539579 39 38 22  1  0  0
 8  0  68208 93161588 2327156 76144188    0    0 250752 207632 269321 1566696 40 36 23  1  0  0
69  3  68208 93144956 2327156 76144204    0    0 219152 183564 264807 1546237 39 37 23  1  0  0
66  2  68208 93151292 2327156 76144220    0    0 194448 162588 261466 1539604 39 37 23  1  0  0
29  2  68208 93161004 2327156 76144236    0    0 272944 233620 272542 1577719 41 34 23  1  0  0
139  1  68208 93147188 2327156 76144248    0    0 283984 230180 277641 1582471 42 35 22  1  0  0
85  1  68208 93160528 2327156 76144272    0    0 368752 358128 290903 1627697 43 32 23  2  0  0
107  5  68208 93165216 2327156 76144284    0    0 374496 313704 289803 1635880 44 32 23  2  0  0
50  1  68208 93160764 2327156 76144312    0    0 235312 203716 266644 1561419 40 36 23  1  0  0
96  0  68208 93169128 2327156 76144340    0    0 304160 253064 278938 1600030 42 33 23  1  0  0
17  3  68208 93184336 2327156 76144344    0    0 284544 232692 278586 1574644 41 35 23  1  0  0
103  2  68208 93201304 2327156 76144348    0    0 305216 253032 280652 1598209 43 33 23  1  0  0
36  3  68208 93182848 2327156 76144352    0    0 295856 248772 276579 1594316 42 33 23  1  0  0
36  5  68208 93163040 2327156 76144384    0    0 311984 258844 283871 1600793 42 34 22  1  0  0
71  1  68208 93140692 2327156 76144408    0    0 250928 220236 273820 1560837 40 36 23  1  0  0
procs -----------memory---------- ---swap-- -----io---- -system-- -------cpu-------
 r  b   swpd   free   buff  cache   si   so    bi    bo   in   cs us sy id wa st gu
86  2  68208 93146228 2327156 76144428    0    0 312384 321740 286348 1598231 42 35 22  1  0  0
58  0  68208 93159052 2327156 76144444    0    0 306560 256764 280489 1594240 42 34 23  1  0  0
48  6  68208 93152076 2327156 76144472    0    0 261808 218528 271379 1575824 41 35 23  1  0  0
130  1  68208 93178252 2327156 76144480    0    0 374224 314228 294048 1639759 43 32 23  2  0  0
177  3  68208 93177920 2327156 76144492    0    0 308160 256444 279712 1594127 42 33 23  1  0  0
43  6  68208 93134952 2327156 76144596    0    0 245792 209404 271203 1558232 40 36 23  1  0  0
66  2  68208 93144012 2327156 76144600    0    0 292912 246108 282979 1589104 42 35 22  1  0  0
52  4  68208 93144684 2327156 76144620    0    0 249888 206816 272349 1550940 40 36 23  1  0  0
117  0  68208 93147820 2327156 76144648    0    0 315904 316696 286985 1594507 42 35 22  1  0  0
12  1  68208 93158484 2327156 76144668    0    0 321408 265896 289432 1597136 42 35 22  1  0  0
80  5  68208 93182356 2327156 76144684    0    0 354832 293736 294730 1635171 44 31 23  2  0  0
109  0  68208 93173552 2327156 76144696    0    0 330976 282352 289961 1615087 43 33 23  1  0  0
63  4  68208 93175988 2327156 76144716    0    0 286480 253068 279285 1583296 42 35 22  1  0  0
44  2  68208 93166816 2327156 76144744    0    0 319616 269196 279806 1594748 43 32 24  1  0  0
79  0  68208 93158852 2327156 76144748    0    0 296496 248936 281936 1597360 43 33 23  1  0  0
54  0  68208 93158420 2327156 76144764    0    0 305552 258632 281184 1593701 42 34 23  1  0  0
59  9  68208 93144352 2327156 76144796    0    0 287744 293440 278415 1574674 42 34 22  1  0  0
54  1  68208 93158168 2327156 76144804    0    0 361760 296084 289149 1621003 43 32 23  2  0  0
33  3  68208 93167248 2327156 76144828    0    0 298160 248392 278558 1591596 42 33 23  1  0  0
20  1  68208 93149748 2327156 76144836    0    0 285120 245544 277850 1585762 42 34 23  1  0  0
122  0  68208 93137508 2327156 76144868    0    0 194080 162532 266674 1514999 38 40 21  1  0  0
procs -----------memory---------- ---swap-- -----io---- -system-- -------cpu-------
 r  b   swpd   free   buff  cache   si   so    bi    bo   in   cs us sy id wa st gu
87  2  68208 93140356 2327156 76144888    0    0 209328 179220 265825 1525528 39 39 22  1  0  0
186  1  68208 93151424 2327156 76144900    0    0 237232 200916 268579 1551820 39 38 23  1  0  0
105  1  68208 93161716 2327156 76144924    0    0 213504 180940 265416 1537740 39 38 23  1  0  0
28  0  68208 93146540 2327156 76144948    0    0 238464 200572 264746 1555901 41 35 24  1  0  0
22  1  68208 93160720 2327156 76144960    0    0 197680 174296 262161 1545328 39 36 24  1  0  0
196  1  68208 93157056 2327156 76144972    0    0 175136 146912 264201 1515071 37 40 22  1  0  0
44  3  68208 93132384 2327156 76144992    0    0 201200 167412 265782 1526898 39 38 22  1  0  0
69  1  68208 93117572 2327156 76145012    0    0 267456 244480 271605 1573720 41 35 23  1  0  0
29  1  68208 93117296 2327156 76145036    0    0 299712 256040 274161 1587641 42 34 23  1  0  0
48  4  68208 93139712 2327156 76145056    0    0 342144 320920 285793 1611938 42 35 22  2  0  0
75  7  68208 93147236 2327156 76145080    0    0 324000 268176 279758 1608349 43 33 23  1  0  0
66  4  68208 93153204 2327156 76145096    0    0 252432 214668 266640 1557597 40 35 23  1  0  0
180  0  68208 93147820 2327156 76145104    0    0 279248 232988 274050 1588121 41 35 23  1  0  0
49  0  68208 93144540 2327156 76145132    0    0 275296 231136 275159 1575235 41 36 23  1  0  0
130  2  68208 93125184 2327156 76145152    0    0 281456 236908 273207 1584418 41 35 23  1  0  0
60  5  68208 93133888 2327156 76145168    0    0 274752 230552 270123 1574572 41 34 24  1  0  0
119  1  68208 93125196 2327156 76145184    0    0 259344 215264 272402 1561548 40 36 22  1  0  0
58  4  68208 93124488 2327156 76145208    0    0 211360 179200 264180 1540906 39 38 22  1  0  0
55  1  68208 93116600 2327156 76145228    0    0 246864 267840 272136 1554319 39 37 23  1  0  0
19  1  68208 93122788 2327156 76145240    0    0 167808 136668 263986 1514522 38 40 21  1  0  0
16  0  68208 93131788 2327156 76145252    0    0 171904 142936 260157 1521988 37 41 22  1  0  0
procs -----------memory---------- ---swap-- -----io---- -system-- -------cpu-------
 r  b   swpd   free   buff  cache   si   so    bi    bo   in   cs us sy id wa st gu
154  1  68208 93114808 2327156 76145268    0    0 163536 138076 255971 1514150 37 41 22  1  0  0
36  4  68208 93117784 2327156 76145296    0    0 158960 118692 239584 1489420 35 42 22  1  0  0
69  3  68208 93119428 2327156 76145312    0    0 169024 120688 233496 1488811 35 41 23  1  0  0
63  4  68208 93121556 2327156 76145336    0    0 180784 136524 230242 1495318 36 39 24  1  0  0
46  7  68208 93103664 2327156 76145352    0    0 294688 243408 266626 1598188 41 33 24  1  0  0
33  3  68208 93118904 2327156 76145364    0    0 287824 260224 273643 1586773 40 36 22  1  0  0
25  2  68208 93130700 2327156 76145376    0    0 171936 144800 260134 1526939 38 40 22  1  0  0
110  4  68208 93118912 2327156 76145404    0    0 159664 137900 254371 1515592 37 40 22  1  0  0
51  0  68208 93106220 2327156 76145416    0    0 187344 155552 255441 1532119 37 40 22  1  0  0
53  3  68208 93126228 2327156 76145444    0    0 203248 170820 254893 1548793 39 38 23  1  0  0
54  4  68208 93127632 2327156 76145460    0    0 219584 181372 264811 1575161 39 37 23  1  0  0
114  9  68208 93144892 2327156 76145484    0    0 239808 201108 265977 1590525 40 35 24  1  0  0
27  2  68208 93134940 2327156 76145504    0    0 215936 184344 257171 1568128 39 36 23  1  0  0
80  2  68208 93130784 2327156 76145516    0    0 208032 178172 258390 1558872 38 38 23  1  0  0
111  0  68208 93138636 2327156 76145532    0    0 218800 184360 266444 1559208 39 39 22  1  0  0
33  0  68208 93129224 2327156 76145548    0    0 169664 142952 256912 1520444 37 40 22  1  0  0
77  6  68208 93153080 2327156 76145572    0    0 188576 157524 259940 1530770 37 40 22  1  0  0
49  6  68208 93156548 2327156 76145596    0    0 222256 227468 263417 1550894 38 38 23  1  0  0
138  0  68208 93133392 2327156 76145620    0    0 251472 232092 269533 1572049 39 37 22  1  0  0
125  0  68208 93148044 2327160 76145636    0    0 280832 232292 270788 1587540 41 35 23  1  0  0
106  0  68208 93151900 2327160 76145648    0    0 280512 233416 269105 1596621 41 34 24  1  0  0
procs -----------memory---------- ---swap-- -----io---- -system-- -------cpu-------
 r  b   swpd   free   buff  cache   si   so    bi    bo   in   cs us sy id wa st gu
36  3  68208 93144748 2327160 76145660    0    0 228048 193580 262859 1577767 39 36 24  1  0  0
100  7  68208 93151772 2327160 76145756    0    0 275952 235588 269456 1580393 41 35 23  1  0  0
59 106  68208 93156316 2327160 76145776    0    0 422912 387064 287621 1634473 44 30 23  3  0  0
73  6  68208 93161016 2327164 76145796    0    0 418384 376780 292593 1630343 43 32 21  3  0  0
146  2  68208 93131764 2327164 76145812    0    0 303024 257080 272107 1608887 41 34 23  1  0  0
52  5  68208 93129588 2327164 76145836    0    0 314160 258540 276977 1595962 42 34 23  1  0  0
62  2  68208 93128620 2327164 76145852    0    0 262608 224220 268497 1576912 40 35 23  1  0  0
37  0  68208 93141228 2327164 76145868    0    0 239648 199260 264089 1565099 40 35 24  1  0  0
47  3  68208 93135252 2327164 76145880    0    0 388944 375260 293924 1648601 44 32 23  2  0  0
284  1  68208 93140304 2327164 76145896    0    0 226496 190400 265820 1549667 38 39 22  1  0  0
49  0  68208 93120384 2327164 76145916    0    0 191296 163728 258625 1531480 39 38 22  1  0  0
115  2  68208 93130036 2327164 76145944    0    0 184368 153828 256537 1522827 38 39 23  1  0  0
37  0  68208 93128700 2327164 76145968    0    0 177584 154196 254824 1530704 38 38 23  1  0  0
48  0  68208 93130160 2327168 76145988    0    0 138512 115464 248613 1500460 37 40 23  1  0  0
357  0  68208 93145844 2327168 76146000    0    0 144560 122500 253748 1505435 36 41 22  1  0  0
201  1  68208 93159800 2327168 76146016    0    0 166656 131804 255215 1503673 36 42 22  1  0  0
14  1  68208 93140024 2327168 76146040    0    0 166608 123092 237641 1487114 35 42 22  1  0  0
51  1  68208 93127896 2327168 76146064    0    0 172880 137156 248336 1507640 37 41 22  1  0  0
77  4  68208 93136380 2327168 76146080    0    0 175216 137364 247607 1512972 36 41 22  1  0  0
73  5  68208 93131488 2327168 76146100    0    0 158576 127664 246347 1499576 36 42 22  1  0  0
49  1  68208 93123404 2327168 76146120    0    0 175520 127044 233604 1485807 36 41 22  1  0  0
procs -----------memory---------- ---swap-- -----io---- -system-- -------cpu-------
 r  b   swpd   free   buff  cache   si   so    bi    bo   in   cs us sy id wa st gu
61  7  68208 93131508 2327168 76146140    0    0 201440 153820 240453 1513607 37 39 23  1  0  0
144  0  68208 93145448 2327168 76146152    0    0 325536 286380 273322 1623172 42 33 24  2  0  0
94  5  68208 93139484 2327168 76146168    0    0 216416 179076 265474 1544494 40 38 21  1  0  0
26  0  68208 93137352 2327168 76146188    0    0 275520 228736 271614 1576708 40 36 22  1  0  0
111  0  68208 93139940 2327168 76146208    0    0 253552 213348 266765 1566123 41 35 23  1  0  0
34  4  68208 93146348 2327168 76146224    0    0 309808 307984 278546 1606501 41 35 23  1  0  0
47  7  68208 93144392 2327168 76146244    0    0 211568 181996 264024 1535178 40 38 22  1  0  0
83  6  68208 93136960 2327168 76146268    0    0 202112 174076 262342 1532816 38 38 23  1  0  0
58  8  68208 93158876 2327168 76146284    0    0 191968 158644 258283 1537955 39 37 23  1  0  0
70  1  68208 93146172 2327168 76146304    0    0 192304 166180 257468 1543586 39 37 23  1  0  0
27  1  68208 93138984 2327168 76146328    0    0 210320 175036 257122 1541574 39 37 23  1  0  0
78  7  68208 93133692 2327168 76146348    0    0 318048 266780 276697 1598781 41 34 23  1  0  0
38  3  68208 93156304 2327168 76146376    0    0 401824 341048 289340 1654142 44 31 23  2  0  0
10  0  68208 93159924 2327168 76146392    0    0 328880 268716 282540 1614072 42 34 22  1  0  0
33  3  68208 93147648 2327168 76146412    0    0 193136 161176 260591 1522080 39 38 23  1  0  0
55  6  68208 93138352 2327168 76146432    0    0 272336 232812 269074 1574019 41 34 24  1  0  0
96  8  68208 93150424 2327168 76146436    0    0 471200 441652 301849 1639084 44 32 20  4  0  0
40  2  68208 93125940 2327168 76146456    0    0 281600 230420 273355 1575438 41 34 23  1  0  0
55  0  68208 93138544 2327168 76146480    0    0 308208 258528 275095 1602574 42 33 24  1  0  0
22  6  68208 93143856 2327168 76146500    0    0 332144 278112 281494 1612739 42 34 23  1  0  0
110  1  68208 93134740 2327168 76146516    0    0 324624 274596 279778 1612152 43 32 23  1  0  0
procs -----------memory---------- ---swap-- -----io---- -system-- -------cpu-------
 r  b   swpd   free   buff  cache   si   so    bi    bo   in   cs us sy id wa st gu
51  0  68208 93156544 2327168 76146532    0    0 265664 223692 265654 1575387 40 34 24  1  0  0
192  0  68208 93132328 2327172 76146556    0    0 279696 238428 277643 1581015 40 37 22  1  0  0
36  0  68208 93136028 2327172 76146572    0    0 154608 127956 257214 1510808 37 40 22  1  0  0
95  0  68208 93131668 2327172 76146580    0    0 153024 132152 258172 1510117 38 40 22  1  0  0
 9  0  68208 93124688 2327172 76146600    0    0 164864 133036 255916 1512079 38 39 22  1  0  0
30  1  68208 93132720 2327172 76146620    0    0 183472 219284 262939 1530540 39 38 22  1  0  0
153  5  68208 93129340 2327172 76146640    0    0 191888 144372 249108 1503030 37 40 22  1  0  0
215  0  68208 93115528 2327172 76146660    0    0 215760 176772 263870 1539600 39 38 22  1  0  0
81  0  68208 93128404 2327172 76146680    0    0 276016 230048 267337 1579401 41 34 24  1  0  0
76  9  68208 93135556 2327172 76146700    0    0 427248 349732 296179 1677668 44 31 23  2  0  0
56  0  68208 93149400 2327172 76146716    0    0 211648 197992 273671 1577950 39 37 23  1  0  0
70  3  68208 93138184 2327172 76146740    0    0 202720 171132 259163 1541897 40 36 23  1  0  0
70  5  68208 93133472 2327172 76146756    0    0 268480 221300 266495 1585380 41 35 24  1  0  0
 7  0  68208 93136100 2327172 76146776    0    0 355888 294904 284670 1625636 43 33 23  2  0  0
68  1  68208 93129128 2327172 76146792    0    0 227360 194272 263470 1546335 40 35 23  1  0  0
31  5  68208 93121504 2327172 76146808    0    0 310912 312224 279907 1601766 42 33 23  1  0  0
75  9  68208 93134428 2327176 76146832    0    0 341168 285056 281586 1613325 42 33 23  2  0  0
51  9  68208 93136216 2327176 76146848    0    0 199552 168432 260866 1544640 39 37 23  1  0  0
54 10  68208 93147660 2327176 76146872    0    0 319808 266168 280338 1600208 42 34 23  1  0  0
112  6  68208 93157364 2327176 76146976    0    0 300928 250536 276048 1589482 42 33 24  1  0  0
93  3  68208 93137364 2327176 76146996    0    0 284576 243744 271435 1593221 41 33 24  1  0  0
procs -----------memory---------- ---swap-- -----io---- -system-- -------cpu-------
 r  b   swpd   free   buff  cache   si   so    bi    bo   in   cs us sy id wa st gu
93  0  68208 93121172 2327176 76147020    0    0 295488 251976 278403 1594668 41 35 23  1  0  0
15  2  68208 93130292 2327176 76147040    0    0 174736 148220 259959 1508706 38 39 22  1  0  0
74  7  68208 93124824 2327176 76147064    0    0 182416 153356 261226 1519201 37 40 22  1  0  0
98  6  68208 93128532 2327176 76147080    0    0 192128 165916 262960 1527843 39 38 22  1  0  0
35  6  68208 93138996 2327176 76147088    0    0 194992 187884 261801 1543075 39 37 23  1  0  0
253  1  68208 93126216 2327176 76147108    0    0 145408 115596 248385 1495320 35 42 22  1  0  0
103  1  68208 93131636 2327176 76147132    0    0 153584 109108 231773 1479949 36 40 23  1  0  0
99  6  68208 93117004 2327176 76147152    0    0 185840 192584 245244 1502717 37 40 23  1  0  0
100  2  68208 93140312 2327176 76147168    0    0 278624 230832 273945 1578459 41 36 22  1  0  0
56  1  68208 93136888 2327176 76147180    0    0 368672 306988 282716 1633218 44 30 24  2  0  0
99  3  68208 93120880 2327176 76147200    0    0 211216 176132 258377 1550974 40 36 23  1  0  0
42  3  68208 93144016 2327176 76147224    0    0 234672 204512 261016 1572478 40 35 24  1  0  0
60  1  68208 93124604 2327176 76147240    0    0 219008 180796 268060 1555804 39 39 22  1  0  0
94  2  68208 93122012 2327176 76147256    0    0 151936 130140 257395 1500207 37 41 22  1  0  0
32  1  68208 93121500 2327176 76147272    0    0 159344 131824 256950 1505760 37 40 22  1  0  0
25  0  68208 93116144 2327176 76147296    0    0 178032 150480 256436 1521434 38 39 23  1  0  0
63  7  68208 93112376 2327176 76147320    0    0 192880 165188 258210 1533631 39 37 23  1  0  0
140  1  68208 93112028 2327176 76147340    0    0 168896 127596 235008 1499980 37 39 24  1  0  0
32  3  68208 93105772 2327176 76147356    0    0 198464 152528 241003 1522048 38 38 23  1  0  0
53  4  68208 93127264 2327176 76147364    0    0 276720 231776 271841 1596271 41 34 23  1  0  0
63  7  68208 93121876 2327180 76147380    0    0 318640 268628 275825 1604237 42 33 24  1  0  0
procs -----------memory---------- ---swap-- -----io---- -system-- -------cpu-------
 r  b   swpd   free   buff  cache   si   so    bi    bo   in   cs us sy id wa st gu
64  3  68208 93134812 2327180 76147408    0    0 271680 282880 273241 1586430 41 35 23  1  0  0
68  3  68208 93123048 2327180 76147428    0    0 254480 214308 272025 1569664 40 37 22  1  0  0
131  1  68208 93113208 2327180 76147448    0    0 153760 129108 255726 1505263 38 40 22  1  0  0
90  0  68208 93127036 2327180 76147464    0    0 157376 133524 257356 1508316 37 41 22  1  0  0
61  0  68208 93118364 2327180 76147484    0    0 152864 114472 239432 1486135 35 41 23  1  0  0
35  8  68208 93124108 2327180 76147492    0    0 217104 163148 244454 1532101 37 38 23  1  0  0
52  2  68208 93129308 2327180 76147508    0    0 304704 273152 276152 1597050 42 34 23  1  0  0
42  4  68208 93125264 2327180 76147532    0    0 226880 194568 265062 1551826 40 37 22  1  0  0
252  1  68208 93117280 2327180 76147548    0    0 168416 141320 257370 1515769 38 39 22  1  0  0
66  5  68208 93116616 2327180 76147568    0    0 154368 129548 253423 1507691 37 40 22  1  0  0
34  2  68208 93111584 2327180 76147588    0    0 159312 124772 238874 1490785 36 41 23  1  0  0
204  1  68208 93118356 2327180 76147616    0    0 180064 130204 233871 1494556 37 39 23  1  0  0
53  3  68208 93142036 2327180 76147628    0    0 223504 182376 253643 1554001 39 36 24  1  0  0
94 15  68208 93145512 2327180 76147640    0    0 280512 232140 273333 1596049 40 36 23  1  0  0
46  5  68208 93134124 2327180 76147668    0    0 294432 249380 275139 1603846 42 34 23  1  0  0
60  4  68208 93125736 2327180 76147688    0    0 293600 247972 272520 1602347 42 33 24  1  0  0
52  0  68208 93144424 2327180 76147704    0    0 375712 366808 287920 1645062 44 31 23  2  0  0
59  1  68208 93130968 2327180 76147724    0    0 231936 195660 263733 1558163 39 37 23  1  0  0
89  1  68208 93130512 2327180 76147744    0    0 300304 254436 271794 1602913 42 33 24  1  0  0
78  0  68208 93135076 2327180 76147764    0    0 344208 289316 284151 1623778 43 33 23  1  0  0
42  9  68208 93143904 2327180 76147772    0    0 248912 211424 271017 1570662 41 35 23  1  0  0
procs -----------memory---------- ---swap-- -----io---- -system-- -------cpu-------
 r  b   swpd   free   buff  cache   si   so    bi    bo   in   cs us sy id wa st gu
96  3  68208 93132940 2327180 76147796    0    0 280800 248656 272791 1584266 42 34 23  1  0  0
124  2  68208 93144268 2327180 76147820    0    0 237776 211928 264697 1558441 40 35 24  1  0  0
19  1  68208 93128988 2327180 76147832    0    0 261440 225740 275178 1567475 41 36 22  1  0  0
87  0  68208 93108564 2327180 76147852    0    0 147664 125564 256938 1496289 36 42 21  1  0  0
21  6  68208 93095628 2327180 76147872    0    0 152624 129208 258718 1498764 37 41 21  1  0  0
56  7  68208 93113792 2327180 76147900    0    0 158336 132360 256314 1505220 37 40 22  1  0  0
89  3  68208 93129512 2327180 76147912    0    0 175392 171024 255501 1511694 37 40 22  1  0  0
73  4  68208 93129024 2327180 76147924    0    0 213936 199684 269074 1539729 39 39 22  1  0  0
39  2  68208 93128716 2327180 76147944    0    0 257584 218684 272777 1568396 41 36 22  1  0  0
42  2  68208 93114816 2327180 76147968    0    0 295152 247472 272993 1582907 41 34 24  1  0  0
51  9  68208 93112916 2327180 76147996    0    0 374624 311284 287291 1639978 44 31 23  2  0  0
42  3  68208 93120932 2327180 76148012    0    0 320624 267676 278310 1610441 42 33 23  1  0  0
32  3  68208 93118476 2327180 76148032    0    0 253072 213824 265278 1575010 41 34 24  1  0  0
81  4  68208 93100180 2327180 76148052    0    0 290736 245688 276868 1587858 41 35 23  1  0  0
39  0  68208 93091156 2327180 76148064    0    0 227440 194388 268655 1560171 40 36 23  1  0  0
71  5  68208 93098908 2327180 76148088    0    0 223808 189500 263191 1543360 39 36 23  1  0  0
99  9  68208 93115976 2327180 76148176    0    0 311984 307276 280643 1593504 42 34 23  1  0  0
80  8  68208 93116876 2327180 76148196    0    0 317472 278576 276524 1598032 43 32 23  2  0  0
72  2  68208 93111840 2327180 76148212    0    0 318304 267096 274328 1599944 42 32 24  2  0  0
24  2  68208 93109800 2327180 76148224    0    0 282448 229160 276878 1586387 41 35 23  1  0  0
96  0  68208 93109764 2327180 76148248    0    0 286112 239688 275053 1588138 41 34 23  1  0  0
procs -----------memory---------- ---swap-- -----io---- -system-- -------cpu-------
 r  b   swpd   free   buff  cache   si   so    bi    bo   in   cs us sy id wa st gu
51  0  68208 93106148 2327180 76148260    0    0 212544 180132 262644 1546421 40 36 24  1  0  0
42  6  68208 93117288 2327180 76148280    0    0 313744 264612 277600 1606296 42 33 24  1  0  0
50 14  68208 93123392 2327180 76148300    0    0 332032 277260 282349 1610531 42 33 23  1  0  0
61  3  68208 93112784 2327180 76148316    0    0 293424 300416 281828 1587341 42 34 23  1  0  0
47  5  68208 93110132 2327180 76148340    0    0 232080 197164 270651 1549213 40 37 22  1  0  0
59  4  68208 93113500 2327180 76148356    0    0 209536 181152 265619 1533327 40 37 23  1  0  0
97  1  68208 93112296 2327180 76148372    0    0 164176 136456 256251 1515457 37 40 22  1  0  0
49  0  68208 93103380 2327180 76148392    0    0 156992 132780 257018 1507955 37 40 22  1  0  0
15  1  68208 93093416 2327180 76148400    0    0 171744 147508 259064 1525603 37 39 23  1  0  0
50  1  68208 93097648 2327180 76148420    0    0 202048 170020 258934 1536347 40 36 23  1  0  0
62  5  68208 93102156 2327180 76148440    0    0 265968 216204 266725 1582367 41 34 24  1  0  0
45  3  68208 93118508 2327180 76148460    0    0 410992 343124 291748 1652764 44 30 23  2  0  0
65  1  68208 93099396 2327184 76148476    0    0 235168 218756 266218 1565139 40 36 23  1  0  0
34  1  68208 93088544 2327184 76148500    0    0 172656 144472 254987 1518785 38 38 23  1  0  0
71  1  68208 93096332 2327184 76148520    0    0 227616 195644 262031 1550380 40 35 24  1  0  0
48  1  68208 93095120 2327184 76148532    0    0 295632 243536 281499 1591443 42 35 23  1  0  0
183  2  68208 93110540 2327184 76148544    0    0 317904 271656 281122 1614643 42 33 23  1  0  0
56  7  68208 93103548 2327184 76148568    0    0 295552 290036 280685 1580575 41 35 23  1  0  0
52  1  68208 93099516 2327184 76148584    0    0 295056 244828 277016 1587484 41 35 23  1  0  0
69  2  68208 93117108 2327184 76148600    0    0 269984 226816 268649 1572628 41 34 23  1  0  0
74  6  68208 93122576 2327184 76148624    0    0 352640 290520 287539 1621388 43 32 23  2  0  0
procs -----------memory---------- ---swap-- -----io---- -system-- -------cpu-------
 r  b   swpd   free   buff  cache   si   so    bi    bo   in   cs us sy id wa st gu
62  0  68208 93104216 2327184 76148644    0    0 298624 250176 277052 1595200 41 34 24  1  0  0
108  0  68208 93105652 2327184 76148664    0    0 273696 232888 270593 1589708 41 34 24  1  0  0
22  2  68208 93104268 2327184 76148672    0    0 343840 281340 287627 1620177 44 32 23  1  0  0
104  5  68208 93080196 2327184 76148688    0    0 206272 178140 264292 1537115 39 37 23  1  0  0
57  4  68208 93105648 2327184 76148716    0    0 203744 170908 262154 1533539 39 37 23  1  0  0
22  2  68208 93117592 2327184 76148740    0    0 276992 301056 277917 1576340 40 36 23  1  0  0
86  9  68208 93116268 2327184 76148760    0    0 294224 241596 278328 1577986 42 35 22  1  0  0
215  0  68208 93100348 2327184 76148776    0    0 191200 159244 260958 1533316 38 38 23  1  0  0
69  5  68208 93076020 2327184 76148792    0    0 137408 118700 250627 1500796 37 40 23  1  0  0
47  7  68208 93083992 2327184 76148812    0    0 165168 137024 254932 1527500 38 39 23  1  0  0
90  2  68208 93079164 2327184 76148828    0    0 168288 139284 252670 1523382 38 38 23  1  0  0
42  7  68208 93094536 2327184 76148844    0    0 206288 174888 256146 1541264 38 38 23  1  0  0
13  0  68208 93113684 2327184 76148864    0    0 276752 228028 273168 1578408 40 36 23  1  0  0
36  4  68208 93102448 2327184 76148880    0    0 250608 212712 267834 1570312 41 35 24  1  0  0
76  7  68208 93091728 2327184 76148912    0    0 187792 152080 266634 1540162 38 38 23  1  0  0
119  0  68208 93063768 2327184 76149276    0    0 167632 140104 260955 1533049 38 38 23  1  0  0
40  6  68208 93018424 2327212 76149352    0    0 217168 190108 262141 1547302 41 36 23  1  0  0
18  0  68208 92992232 2327228 76176020    0    0 257744 222812 271457 1560004 42 35 22  1  0  0
21  1  68208 92968400 2327228 76175984    0    0 317248 270384 271774 1609677 43 32 24  1  0  0
11  1  68208 92890068 2327228 76232956    0    0 209328 267140 265997 1534470 40 38 21  1  0  0
169  4  68208 92882660 2327228 76233644    0    0 167312 211640 256423 1507591 39 39 22  1  0  0
procs -----------memory---------- ---swap-- -----io---- -system-- -------cpu-------
 r  b   swpd   free   buff  cache   si   so    bi    bo   in   cs us sy id wa st gu
87  2  68208 92874512 2327228 76233672    0    0 180336 160224 258094 1512879 39 39 22  1  0  0
97  2  68208 93037636 2327232 76149560    0    0 182192 154832 256766 1520949 39 38 22  1  0  0
47  2  68208 93084060 2327232 76149268    0    0 150432 128052 252752 1501064 37 41 22  1  0  0
35  2  68208 93103512 2327232 76149288    0    0 145072 118832 247464 1502918 36 41 22  1  0  0
285  0  68208 93116020 2327232 76149296    0    0 154144 117656 232896 1487756 34 42 23  1  0  0
55  0  68208 93099512 2327232 76149320    0    0 153616 113952 232084 1475203 35 42 22  1  0  0
60  7  68208 93082932 2327232 76149336    0    0 170080 125720 228831 1493863 36 39 24  1  0  0
210  0  68208 93076608 2327232 76149352    0    0 191040 145676 236818 1502686 37 39 23  1  0  0
74  0  68208 93106216 2327232 76149368    0    0 241472 198872 268851 1556059 40 37 22  1  0  0
76  0  68208 93106216 2327232 76149388    0    0 306448 271900 278264 1600172 42 34 23  1  0  0
65  2  68208 93106416 2327232 76149404    0    0 311776 261716 275012 1603132 42 33 24  1  0  0
93  2  68208 93107712 2327236 76149424    0    0 278016 235908 270496 1594731 42 33 24  1  0  0
63  8  68208 93108536 2327236 76149436    0    0 348624 296188 282115 1629324 44 32 23  2  0  0
80 11  68208 93103268 2327236 76149520    0    0 244448 203172 266854 1558563 40 36 23  1  0  0
111  3  68208 93109432 2327236 76149540    0    0 317856 315620 282255 1605581 42 34 23  1  0  0
53  0  68208 93092712 2327236 76149560    0    0 316992 270316 281220 1612709 42 34 23  1  0  0
56  1  68208 93090876 2327236 76149580    0    0 180288 151872 254534 1522617 37 38 23  1  0  0
58 10  68208 93076640 2327236 76149600    0    0 221584 185000 266264 1541314 40 37 22  1  0  0
38  0  68208 93087632 2327236 76149616    0    0 273952 229752 275720 1575575 41 35 23  1  0  0
184  0  68208 93106176 2327236 76149632    0    0 297392 248144 277313 1589003 42 34 23  1  0  0
75  1  68208 93108752 2327236 76149652    0    0 216768 208816 263255 1548269 39 37 23  1  0  0
procs -----------memory---------- ---swap-- -----io---- -system-- -------cpu-------
 r  b   swpd   free   buff  cache   si   so    bi    bo   in   cs us sy id wa st gu
33 11  68208 93104352 2327236 76149672    0    0 229856 192272 264667 1550189 41 34 24  1  0  0
15  2  68208 93103676 2327236 76149688    0    0 315392 268144 281406 1590672 41 34 23  1  0  0
30  0  68208 93106700 2327236 76149712    0    0 278048 243616 273857 1574741 42 35 22  1  0  0
64  3  68208 93114076 2327236 76149740    0    0 243872 207368 267683 1552187 40 35 24  1  0  0
45  6  68208 93111692 2327236 76149760    0    0 381872 349180 291696 1634893 44 32 23  2  0  0
255  0  68208 93122072 2327236 76149768    0    0 238640 223384 271907 1569083 39 38 22  1  0  0
117  0  68208 93093840 2327236 76149784    0    0 162448 141368 255136 1512352 38 38 23  1  0  0
127  5  68208 93083504 2327236 76149804    0    0 287712 235352 269099 1581380 42 34 23  1  0  0
34  1  68208 93101024 2327236 76149824    0    0 372400 313452 287742 1634192 43 32 23  2  0  0
40  6  68208 93095536 2327236 76149848    0    0 298000 246724 272278 1593594 42 33 24  1  0  0
62  7  68208 93105228 2327236 76149864    0    0 331024 275420 280302 1611848 42 33 23  1  0  0
30  1  68208 93098360 2327236 76149884    0    0 276544 231356 274028 1577896 41 35 23  1  0  0
40  1  68208 93102324 2327236 76149896    0    0 209968 178252 262838 1543274 39 37 24  1  0  0
117  1  68208 93094428 2327236 76149916    0    0 221328 242472 268435 1544562 39 38 22  1  0  0
53  8  68208 93092068 2327236 76149932    0    0 179104 149528 261897 1515521 37 41 22  1  0  0
76  1  68208 93085940 2327240 76149952    0    0 164016 137780 257702 1507962 37 40 22  1  0  0
114  1  68208 93084352 2327240 76149968    0    0 156768 133868 255475 1508135 36 41 22  1  0  0
13  4  68208 93082912 2327240 76149992    0    0 151488 113852 241206 1487512 36 42 22  1  0  0
316  1  68208 93080856 2327240 76150008    0    0 150976 110236 231851 1476757 35 41 23  1  0  0
29  1  68208 93089048 2327240 76150028    0    0 148896 112324 231864 1484617 34 42 23  1  0  0
115  1  68208 93089708 2327240 76150040    0    0 160288 113408 231948 1495443 35 42 23  1  0  0
procs -----------memory---------- ---swap-- -----io---- -system-- -------cpu-------
 r  b   swpd   free   buff  cache   si   so    bi    bo   in   cs us sy id wa st gu
30  2  68208 93077964 2327240 76150048    0    0 192432 140512 230554 1509089 37 39 23  1  0  0
46  1  68208 93096188 2327240 76150068    0    0 298496 266412 266873 1598012 41 33 24  1  0  0
84  9  68208 93111068 2327240 76150088    0    0 399216 323068 284161 1653371 44 31 23  2  0  0
137  6  68208 93108276 2327240 76150120    0    0 352080 298248 280540 1630204 43 33 23  2  0  0
105  3  68208 93102164 2327240 76150136    0    0 303392 251224 272077 1599147 42 34 23  1  0  0
56  4  68208 93102992 2327240 76150152    0    0 343856 286824 282603 1624111 42 34 22  1  0  0
44  5  68208 93112448 2327240 76150176    0    0 416032 390124 295247 1672361 44 32 22  2  0  0
97  1  68208 93118084 2327240 76150184    0    0 282624 234992 273723 1600210 41 35 23  1  0  0
78 13  68208 93107304 2327240 76150208    0    0 328192 274080 276718 1614422 42 33 23  2  0  0
132  8  68208 93082032 2327240 76150224    0    0 272288 226432 262968 1588030 41 33 24  1  0  0
45  3  68208 93087324 2327240 76150240    0    0 319408 259092 274933 1607679 42 34 22  2  0  0
64  1  68208 93080204 2327240 76150260    0    0 289360 256984 271329 1590477 42 34 23  1  0  0
26  2  68208 93088280 2327240 76150280    0    0 223088 185876 259090 1557386 40 35 24  1  0  0
94 37  68208 93098400 2327240 76150304    0    0 268512 223052 270685 1562287 41 35 23  1  0  0
61 11  68208 93096848 2327240 76150324    0    0 265856 221680 274251 1574489 41 36 22  1  0  0
47  6  68208 93113964 2327240 76150332    0    0 307472 292216 280138 1593160 42 34 23  2  0  0
57  2  68208 93088508 2327240 76150348    0    0 273136 233524 274724 1578754 41 35 22  1  0  0
25  0  68208 93074764 2327240 76150368    0    0 277216 228564 272850 1583880 41 35 23  1  0  0
121  3  68208 93085428 2327244 76150388    0    0 234288 198384 263909 1553954 40 35 24  1  0  0
 4  3  68208 93715496 2327244 76150408    0    0 326256 370308 584772 1608676 39 31 28  2  0  0
