procs -----------memory---------- ---swap-- -----io---- -system-- -------cpu-------
 r  b   swpd   free   buff  cache   si   so    bi    bo   in   cs us sy id wa st gu
 4  0  68208 97778928 2374864 78300132   27   34 221987 230939 56653   43 22  4 71  3  0  0
81  0  68208 96218260 2374868 78290012    0    0     0 257336 340382 395510  9 35 57  0  0  0
65  0  68208 93103492 2374868 78289908    0    0     0 255396 287516 392086 13 80  6  0  0  0
131  0  68208 90157660 2374868 78289884    0    0     0 320004 310397 415960 13 80  6  0  0  0
147  0  68208 87283784 2374868 78289968    0    0     0 320004 277929 438033 13 81  5  0  0  0
110  0  68208 84350828 2374868 78290368    0    0     0 320372 314902 449871 13 80  7  0  0  0
131  0  68208 81539180 2374868 78290836    0    0     0 320232 302092 453525 14 81  6  0  0  0
123  0  68208 78826220 2374868 78291268    0    0     0 320028 282382 516453 12 76 13  0  0  0
121  0  68208 76019784 2374868 78291548    0    0     0 320004 280808 444726 12 82  6  0  0  0
85  0  68208 73306820 2374868 78291848    0    0     0 320004 298829 421781 12 83  5  0  0  0
68  0  68208 70584564 2374868 78292560    0    0     0 320040 312651 410643 13 79  8  0  0  0
74  0  68208 67709012 2374868 78292772    0    0     0 320112 307484 408110 15 76  9  0  0  0
353  0  68208 65205332 2374868 78292788    0    0 31616 320084 533240 572153 16 75  9  0  0  0
208  0  68208 65075936 2374868 78292812    0    0 189440 289228 260099 1490230 36 43 20  1  0  0
288  4  68208 65027344 2374952 78292744    0    0 316624 532088 239965 1080279 26 23 47  4  0  0
69  8  68208 64857068 2375300 78292572    0    0 790816 593972 302491 1265846 34 19 37 10  0  0
33 12  68208 64781332 2375344 78293012    0    0 644080 318544 310784 1615120 50 26 21  3  0  0
95  3  68208 64730876 2375344 78293108    0    0 341056 432960 292461 1615297 46 30 23  2  0  0
337  1  68208 64566616 2375376 78293224    0    0 210016 149564 264264 1534054 39 37 23  1  0  0
436  0  68208 64079520 2375376 78293324    0    0 103152 72776 242860 1467854 33 44 23  0  0  0
235  0  68208 63791064 2375376 78293368    0    0 48080 28724 227554 1400415 29 52 20  0  0  0
procs -----------memory---------- ---swap-- -----io---- -system-- -------cpu-------
 r  b   swpd   free   buff  cache   si   so    bi    bo   in   cs us sy id wa st gu
192  0  68208 63257236 2375376 78293384    0    0 38048 23688 221203 1366892 28 52 20  0  0  0
983  0  68208 63070008 2375376 78293396    0    0 21344 14772 211486 1346160 27 54 19  0  0  0
359  0  68208 63062208 2375376 78293496    0    0 16704 10996 207531 1308557 27 53 20  0  0  0
68  0  68208 63047432 2375376 78293516    0    0 14960 11148 211056 1305724 26 54 20  0  0  0
1216  0  68208 63036480 2375376 78293532    0    0 14768  9532 210383 1342320 26 56 18  0  0  0
34  0  68208 63030148 2375376 78293552    0    0 15072  8972 203698 1270798 25 52 22  0  0  0
169  1  68208 63014324 2375376 78293568    0    0 16192 10416 205171 1310586 26 54 20  0  0  0
 8  0  68208 63003420 2375376 78293584    0    0 16384 26516 209007 1328079 26 55 18  0  0  0
93  0  68208 62988748 2375376 78293604    0    0 11760  7408 209930 1344844 26 56 17  0  0  0
156  0  68208 62976800 2375376 78293620    0    0 14240  9180 209090 1342130 27 55 18  0  0  0
1878  0  68208 62976008 2375376 78293636    0    0 14864 10016 207540 1329546 26 55 19  0  0  0
11  0  68208 62958332 2375376 78293644    0    0 15968 10048 204395 1280615 25 53 22  0  0  0
1878  0  68208 62963380 2375376 78293664    0    0 16976 10200 210261 1345348 27 56 17  0  0  0
13  0  68208 62954816 2375376 78293680    0    0 16640  9448 207561 1326406 26 55 19  0  0  0
923  0  68208 62948524 2375376 78293696    0    0 15648  9280 207195 1298165 26 54 20  0  0  0
10  0  68208 62936464 2375376 78293716    0    0 14224  8644 206765 1303136 26 54 20  0  0  0
285  0  68208 62916616 2375376 78293728    0    0 14016  9508 207142 1299077 26 53 21  0  0  0
 9  0  68208 62902772 2375376 78293636    0    0 15136 10036 205665 1299963 26 53 21  0  0  0
255  0  68208 62897028 2375376 78293656    0    0 17328 10716 204549 1284154 26 53 21  0  0  0
64  0  68208 62908172 2375376 78293676    0    0 13632  8840 210158 1330952 26 56 19  0  0  0
86  5  68208 62899496 2375376 78293688    0    0 19840 12588 206851 1312599 27 54 20  0  0  0
procs -----------memory---------- ---swap-- -----io---- -system-- -------cpu-------
 r  b   swpd   free   buff  cache   si   so    bi    bo   in   cs us sy id wa st gu
66  1  68208 62887604 2375376 78293704    0    0 15552 10912 204579 1291984 26 53 21  0  0  0
 2  0  68208 62864604 2375376 78293692    0    0 15520 10652 209275 1337240 27 54 19  0  0  0
1210  0  68208 62849908 2375376 78293712    0    0 14752 10936 210336 1340901 27 56 18  0  0  0
172  0  68208 62833588 2375376 78293732    0    0 15424 10572 206286 1295307 27 52 21  0  0  0
60  5  68208 62812884 2375376 78293728    0    0 13280  8864 204907 1262454 26 52 23  0  0  0
563  0  68208 62802264 2375376 78293752    0    0 13792 10456 210429 1339304 27 55 19  0  0  0
80  1  68208 62791256 2375376 78293772    0    0 15344 10208 204845 1287543 26 53 22  0  0  0
23  0  68208 62782020 2375376 78293788    0    0 16800 10808 207157 1291564 27 52 21  0  0  0
966  0  68208 62778140 2375376 78293804    0    0 15152 10188 208285 1259069 25 51 24  0  0  0
168  0  68208 62760164 2375376 78293812    0    0 16752 10772 210806 1336511 27 53 20  0  0  0
1048  0  68208 62735256 2375376 78293816    0    0 16416 13172 206861 1298991 26 52 22  0  0  0
59  1  68208 62716856 2375376 78293836    0    0 16800 14112 213484 1357429 27 54 18  0  0  0
49  0  68208 62707936 2375376 78293848    0    0 15856 12104 208941 1334079 27 54 20  0  0  0
974  0  68208 62684580 2375376 78293860    0    0 13632 10752 206743 1284510 25 52 23  0  0  0
11  0  68208 62673844 2375376 78293880    0    0 14944 11528 205350 1255053 25 50 25  0  0  0
151  1  68208 62673684 2375376 78293880    0    0 15664 11016 209034 1308477 27 51 22  0  0  0
 8  1  68208 62663908 2375376 78293896    0    0 19104 13132 211938 1328552 27 53 20  0  0  0
214  0  68208 62655340 2375376 78293912    0    0 20352 14384 212934 1340836 27 52 21  0  0  0
127  0  68208 62616812 2375376 78293920    0    0 18544 13824 212124 1329247 27 52 21  0  0  0
10  0  68208 62606312 2375376 78293940    0    0 17216 13364 211486 1320087 27 51 22  0  0  0
 9  0  68208 62603132 2375376 78293936    0    0 19504 12776 217197 1349204 28 51 21  0  0  0
procs -----------memory---------- ---swap-- -----io---- -system-- -------cpu-------
 r  b   swpd   free   buff  cache   si   so    bi    bo   in   cs us sy id wa st gu
11  0  68208 62589164 2375376 78293960    0    0 18816 15964 212897 1346662 28 50 22  0  0  0
60  3  68208 62583244 2375376 78294008    0    0 15744 14336 216526 1362058 28 50 22  0  0  0
252  0  68208 62576472 2375376 78294060    0    0 11696 12324 216438 1341898 28 50 22  0  0  0
 2  0  68208 62580900 2375380 78294172    0    0 16432 19304 220417 1387931 30 48 22  0  0  0
79  0  68208 62516800 2375472 78294096    0    0 441344 379780 348396 1832835 50 30 18  2  0  0
18  1  68208 62481868 2375472 78294532    0    0 117744 76924 226593 1442237 33 41 25  0  0  0
146  0  68208 62436000 2375472 78294548    0    0 235776 175620 251304 1567904 40 33 27  1  0  0
131  0  68208 62381168 2375472 78294636    0    0 172352 132976 285468 1540209 36 40 24  1  0  0
98  0  68208 62376084 2375472 78294656    0    0 95504 48912 252631 1408186 31 45 24  0  0  0
263  0  68208 62341408 2375472 78294708    0    0 99488 53620 221682 1423307 32 43 25  0  0  0
44  2  68208 62332128 2375472 78294732    0    0 118224 61532 225213 1448873 33 42 25  0  0  0
39  0  68208 62288728 2375472 78294820    0    0 199216 129388 248680 1560769 39 35 26  1  0  0
76  6  68208 62276408 2375472 78294904    0    0 146032 83020 230688 1490479 35 39 26  1  0  0
43  0  68208 62215964 2375472 78294912    0    0 139424 76184 249322 1482111 34 43 23  0  0  0
56  1  68208 62186932 2375472 78294936    0    0 83216 40028 226214 1410702 30 47 23  0  0  0
10  0  68208 62166032 2375472 78294960    0    0 77328 38472 224044 1399727 30 45 25  0  0  0
189  0  68208 62135804 2375472 78295008    0    0 86256 44708 225403 1428855 32 43 24  0  0  0
76  4  68208 62118564 2375472 78295036    0    0 125600 59588 225399 1465068 33 42 25  0  0  0
10  0  68208 62107504 2375476 78295048    0    0 158032 84476 239439 1510288 36 38 25  1  0  0
71  0  68208 62092588 2375476 78295104    0    0 107264 56132 232667 1457139 32 43 25  0  0  0
70  0  68208 62071896 2375480 78295192    0    0 85424 39664 229414 1427807 32 44 24  0  0  0
procs -----------memory---------- ---swap-- -----io---- -system-- -------cpu-------
 r  b   swpd   free   buff  cache   si   so    bi    bo   in   cs us sy id wa st gu
84  4  68208 62042256 2375492 78295192    0    0 101120 77696 225889 1431994 32 42 25  0  0  0
66  0  68208 62019464 2375496 78295232    0    0 122336 58908 224524 1437948 33 40 26  0  0  0
94  1  68208 61989948 2375496 78295252    0    0 171568 78908 239851 1525094 37 37 25  1  0  0
203  0  68208 61963816 2375496 78295268    0    0 150192 61552 239233 1495150 35 39 25  0  0  0
89  6  68208 61921860 2375496 78295320    0    0 149280 48304 227321 1476475 35 39 26  0  0  0
76  2  68208 61908768 2375496 78295340    0    0 207488 105212 267118 1583870 40 36 24  1  0  0
126  0  68208 61882928 2375496 78295360    0    0 84064 42804 238179 1420631 31 47 22  0  0  0
100  0  68208 61864768 2375496 78295376    0    0 58864 29504 231305 1397787 30 48 21  0  0  0
16  0  68208 61834192 2375496 78295388    0    0 56128 27904 227343 1383769 29 49 21  0  0  0
 2  0  68208 61805956 2375496 78295412    0    0 55568 29700 226703 1389988 30 49 21  0  0  0
196  0  68208 61785048 2375496 78295436    0    0 53696 31244 231749 1428527 30 50 19  0  0  0
 9  0  68208 61761584 2375496 78295452    0    0 44576 45984 224649 1364308 28 49 23  0  0  0
73  1  68208 61749332 2375500 78295476    0    0 44896 39344 221355 1348685 29 47 24  0  0  0
189  0  68208 61729340 2375500 78295496    0    0 46704 31904 224219 1384646 30 48 22  0  0  0
 4  0  68208 61739328 2375508 78295504    0    0 52064 27728 226790 1376196 29 48 23  0  0  0
 9  0  68208 61725500 2375516 78295516    0    0 55984 33152 228317 1373669 30 47 23  0  0  0
46  0  68208 61712376 2375516 78295548    0    0 61312 35620 227224 1404877 30 47 23  0  0  0
197  0  68208 61704908 2375516 78295576    0    0 60864 33296 225178 1380869 29 48 23  0  0  0
279  0  68208 61701552 2375516 78295592    0    0 62656 27124 224114 1374591 30 46 24  0  0  0
200  0  68208 61682964 2375516 78295608    0    0 62464 34216 224863 1376617 30 46 24  0  0  0
97  4  68208 61667924 2375516 78295632    0    0 60144 39592 225812 1387344 29 46 24  0  0  0
procs -----------memory---------- ---swap-- -----io---- -system-- -------cpu-------
 r  b   swpd   free   buff  cache   si   so    bi    bo   in   cs us sy id wa st gu
148  3  68208 61666228 2375516 78295652    0    0 67792 33668 223991 1396997 32 44 24  0  0  0
10  0  68208 61667044 2375516 78295668    0    0 74560 31568 228115 1417071 31 45 24  0  0  0
392  0  68208 61639360 2375516 78295676    0    0 85200 44272 227213 1420148 32 43 24  0  0  0
107  1  68208 61615836 2375516 78295696    0    0 83024 47820 225715 1419458 32 43 24  0  0  0
356  0  68208 61608896 2375516 78295748    0    0 77696 38508 221450 1411336 32 43 25  0  0  0
33  3  68208 61611152 2375516 78295776    0    0 92768 51888 221445 1427072 32 42 26  0  0  0
45  3  68208 61584524 2375516 78295792    0    0 85536 51184 222757 1425801 32 42 26  0  0  0
258  0  68208 61570076 2375516 78295844    0    0 87296 35904 223077 1413867 31 43 26  0  0  0
354  0  68208 61553748 2375516 78295872    0    0 85056 41308 225821 1425471 32 44 25  0  0  0
96  0  68208 61548332 2375516 78295884    0    0 78736 40588 225761 1420200 32 43 25  0  0  0
119  0  68208 61530116 2375516 78295900    0    0 82624 40612 222048 1412301 31 43 25  0  0  0
11  2  68208 61528804 2375516 78295924    0    0 91344 48832 223683 1426803 32 42 25  0  0  0
166  1  68208 61513516 2375516 78295928    0    0 95104 53028 221383 1427785 32 42 26  0  0  0
 2  0  68208 61498764 2375516 78295960    0    0 105824 49580 219315 1442149 34 40 26  0  0  0
89  2  68208 61488776 2375516 78295984    0    0 135536 78504 224371 1508138 36 39 25  1  0  0
55  0  68208 61452664 2375516 78295996    0    0 165152 73560 224843 1505340 37 34 28  1  0  0
45  0  68208 61444416 2375516 78296020    0    0 194000 116856 239690 1551616 40 31 28  1  0  0
84 13  68208 61433600 2375516 78296064    0    0 203168 127000 240069 1550483 40 32 27  1  0  0
199  0  68208 61386292 2375516 78296072    0    0 176976 167016 251041 1545174 39 34 27  1  0  0
46  2  68208 61357108 2375516 78296096    0    0 150592 77484 217837 1495168 36 35 28  1  0  0
99  1  68208 61336392 2375516 78296112    0    0 179888 96368 226708 1518305 38 32 29  1  0  0
procs -----------memory---------- ---swap-- -----io---- -system-- -------cpu-------
 r  b   swpd   free   buff  cache   si   so    bi    bo   in   cs us sy id wa st gu
450  0  68208 61321684 2375520 78296132    0    0 114336 67252 238896 1518798 35 39 26  0  0  0
90  1  68208 61297744 2375520 78296148    0    0 74160 35984 220180 1429722 32 43 25  0  0  0
10  0  68208 61276592 2375520 78296168    0    0 61104 29908 222211 1390474 31 44 25  0  0  0
74  2  68208 61270468 2375520 78296192    0    0 59488 29748 220281 1400431 32 43 25  0  0  0
47  3  68208 61268056 2375520 78296208    0    0 68144 36524 222002 1414089 31 43 26  0  0  0
58  0  68208 61252288 2375520 78296220    0    0 71088 38108 217984 1410251 31 43 26  0  0  0
134  0  68208 61242000 2375520 78296236    0    0 70672 34916 220392 1419452 32 43 25  0  0  0
98  0  68208 61215544 2375520 78296264    0    0 66656 36440 217460 1413833 30 44 26  0  0  0
41  0  68208 61205196 2375520 78296316    0    0 71808 45796 216390 1416691 32 43 26  0  0  0
161  0  68208 61206400 2375520 78296340    0    0 73328 30580 218682 1429947 32 42 26  0  0  0
46  0  68208 61182148 2375520 78296384    0    0 74448 34388 225410 1444879 32 43 25  0  0  0
76  0  68208 61171244 2375520 78296404    0    0 65360 32024 220524 1420025 31 43 25  0  0  0
135  0  68208 61183640 2375520 78296424    0    0 64400 33092 217490 1408036 31 43 26  0  0  0
50  0  68208 61157960 2375520 78296432    0    0 71552 36384 218442 1411923 33 42 25  0  0  0
175  0  68208 61127604 2375520 78296452    0    0 67984 36472 217734 1423551 31 44 25  0  0  0
24  0  68208 61121272 2375520 78296468    0    0 75520 45348 217036 1431519 32 42 26  0  0  0
101  1  68208 61100944 2375520 78296556    0    0 84352 44492 218596 1425054 32 42 25  0  0  0
42  0  68208 61106116 2375520 78296588    0    0 88832 43892 218678 1433497 32 42 26  0  0  0
83  0  68208 61096496 2375520 78296612    0    0 101296 53432 227015 1438386 33 39 27  0  0  0
114  1  68208 61092028 2375520 78296632    0    0 109312 56444 217914 1461829 34 39 27  0  0  0
 2  0  68208 61077340 2375520 78296648    0    0 124288 66644 217454 1515116 35 39 25  0  0  0
procs -----------memory---------- ---swap-- -----io---- -system-- -------cpu-------
 r  b   swpd   free   buff  cache   si   so    bi    bo   in   cs us sy id wa st gu
26  0  68208 61055012 2375520 78296660    0    0 124400 61968 214209 1480411 36 36 28  0  0  0
44  1  68208 61036424 2375520 78296688    0    0 121632 62380 211275 1461254 35 36 29  0  0  0
89  0  68208 61009452 2375520 78296704    0    0 136720 70548 232573 1482984 36 35 29  1  0  0
129  0  68208 61006700 2375520 78296728    0    0 110352 56172 216021 1464458 34 38 28  0  0  0
15  0  68208 61003108 2375520 78296748    0    0 106784 56388 214799 1447984 34 38 27  0  0  0
32  0  68208 60989020 2375520 78296764    0    0 135824 69492 217999 1466980 35 37 27  1  0  0
55  6  68208 60979496 2375520 78296792    0    0 151200 77348 224560 1477932 37 34 29  1  0  0
62  6  68208 60967256 2375520 78296800    0    0 126000 65496 220283 1455274 35 37 27  0  0  0
142  0  68208 60936460 2375520 78296812    0    0 148960 74820 218624 1470995 36 36 28  1  0  0
123  3  68208 60915084 2375520 78296832    0    0 146192 81740 226429 1473692 36 36 28  1  0  0
29  1  68208 60892328 2375520 78296848    0    0 147840 76640 253742 1509622 36 36 27  1  0  0
80  3  68208 60870920 2375520 78296864    0    0 107904 57548 224302 1442287 33 39 27  0  0  0
31  0  68208 60852000 2375520 78296900    0    0 106816 56144 237406 1439020 33 40 26  0  0  0
62  1  68208 60841700 2375520 78296916    0    0 125600 70556 219545 1460785 34 39 27  0  0  0
133  3  68208 60847828 2375520 78296940    0    0 141696 72444 250274 1479101 35 37 27  1  0  0
79  4  68208 60811280 2375520 78296952    0    0 154352 80336 215861 1502426 37 35 28  1  0  0
 8  0  68208 60768800 2375520 78296972    0    0 127072 81808 256125 1532006 35 38 26  0  0  0
73  1  68208 60738728 2375520 78296984    0    0 78992 48548 245974 1407405 31 43 26  0  0  0
29  2  68208 60742064 2375520 78297020    0    0 65536 30368 259954 1405703 31 45 24  0  0  0
71  0  68208 60736272 2375520 78297036    0    0 63520 33648 223621 1399469 30 46 24  0  0  0
17  0  68208 60724448 2375520 78297056    0    0 66256 34372 222894 1406420 31 45 24  0  0  0
procs -----------memory---------- ---swap-- -----io---- -system-- -------cpu-------
 r  b   swpd   free   buff  cache   si   so    bi    bo   in   cs us sy id wa st gu
104  0  68208 60711548 2375520 78297076    0    0 68896 37900 220167 1409653 31 44 25  0  0  0
119  0  68208 60707348 2375520 78297084    0    0 72016 39680 222268 1425594 31 43 26  0  0  0
 2  0  68208 60688644 2375520 78297100    0    0 73424 37368 228419 1423908 31 44 25  0  0  0
95  2  68208 60655620 2375520 78297120    0    0 82240 43524 224688 1480420 32 44 23  0  0  0
103  0  68208 60637768 2375520 78297144    0    0 85840 46800 228821 1431973 31 42 26  0  0  0
91  0  68208 60636192 2375520 78297160    0    0 88944 46436 221093 1432218 32 42 26  0  0  0
210  0  68208 60645804 2375520 78297176    0    0 92576 53812 218983 1446810 32 41 26  0  0  0
332  0  68208 60629960 2375520 78297196    0    0 85216 43468 218745 1441994 32 43 25  0  0  0
96  0  68208 60603108 2375520 78297220    0    0 84176 45772 225279 1452883 32 42 26  0  0  0
34  0  68208 60590096 2375520 78297224    0    0 99552 53556 239275 1455115 34 40 26  0  0  0
118  0  68208 60590528 2375520 78297248    0    0 105968 64324 250836 1539030 35 40 25  0  0  0
81  3  68208 60570216 2375520 78297268    0    0 55216 35676 249651 1414310 31 44 24  0  0  0
10  0  68208 60546644 2375520 78297276    0    0 53872 27844 228157 1406341 29 49 22  0  0  0
415  0  68208 60520560 2375520 78297380    0    0 46512 22396 220543 1370956 30 47 24  0  0  0
59  0  68208 60508100 2375520 78297392    0    0 45104 22716 224550 1371804 27 49 23  0  0  0
49  2  68208 60519064 2375520 78297400    0    0 45408 19780 224538 1389234 29 48 22  0  0  0
16  0  68208 60518888 2375520 78297416    0    0 46560 22688 230840 1399090 29 49 22  0  0  0
11  0  68208 60510324 2375520 78297440    0    0 48656 23236 233629 1387176 29 48 23  0  0  0
49  0  68208 60513208 2375520 78297448    0    0 47392 22520 228411 1402830 29 49 22  0  0  0
531  0  68208 60496644 2375520 78297472    0    0 44016 22164 221047 1387293 29 48 22  0  0  0
678  0  68208 60481000 2375520 78297480    0    0 44208 22924 221922 1380806 30 48 22  0  0  0
procs -----------memory---------- ---swap-- -----io---- -system-- -------cpu-------
 r  b   swpd   free   buff  cache   si   so    bi    bo   in   cs us sy id wa st gu
81  0  68208 60483816 2375520 78297504    0    0 45088 21324 221203 1368406 29 48 23  0  0  0
36  1  68208 60475132 2375520 78297564    0    0 43472 22320 220315 1368989 29 47 23  0  0  0
387  0  68208 60477996 2375520 78297576    0    0 42864 21028 226389 1375295 29 49 22  0  0  0
10  0  68208 60479104 2375520 78297592    0    0 42592 21840 225705 1369967 29 48 23  0  0  0
58  1  68208 60472836 2375520 78297604    0    0 41296 19120 223833 1379067 29 48 23  0  0  0
298  0  68208 60443624 2375520 78297620    0    0 43856 22532 219788 1355178 28 47 24  0  0  0
329  0  68208 60440052 2375520 78297652    0    0 45968 24204 226720 1384633 30 48 22  0  0  0
244  0  68208 60439480 2375520 78297680    0    0 46480 26232 223682 1386359 29 48 23  0  0  0
 3  0  68208 60423216 2375520 78297688    0    0 46016 23192 223387 1390437 30 48 22  0  0  0
269  0  68208 60409384 2375520 78297716    0    0 48352 23396 234404 1418976 30 48 21  0  0  0
 9  0  68208 60410716 2375520 78297732    0    0 45104 26136 227245 1383157 29 48 23  0  0  0
180  0  68208 60423756 2375520 78297756    0    0 48656 27436 226363 1385905 29 48 23  0  0  0
265  0  68208 60403460 2375520 78297768    0    0 44992 27536 225845 1375918 28 48 24  0  0  0
174  1  68208 60390496 2375520 78297792    0    0 49296 30280 225422 1378238 29 47 24  0  0  0
188  0  68208 60393864 2375520 78297880    0    0 57136 33712 222041 1391437 30 46 24  0  0  0
 7  0  68208 60398132 2375520 78297892    0    0 58928 32812 222401 1396919 30 46 24  0  0  0
294  0  68208 60379756 2375520 78297904    0    0 62240 34464 222882 1399919 31 45 24  0  0  0
79  3  68208 60380492 2375520 78297936    0    0 59008 32032 219107 1378043 30 45 25  0  0  0
 6  0  68208 60373460 2375520 78297956    0    0 62336 34240 220905 1390893 29 45 25  0  0  0
65  1  68208 60375484 2375520 78297996    0    0 64160 35116 220875 1412865 31 44 25  0  0  0
122  1  68208 60357744 2375520 78298012    0    0 70944 40552 221988 1425108 32 43 24  0  0  0
procs -----------memory---------- ---swap-- -----io---- -system-- -------cpu-------
 r  b   swpd   free   buff  cache   si   so    bi    bo   in   cs us sy id wa st gu
69  1  68208 60358756 2375520 78298028    0    0 74752 41820 217974 1418134 30 44 25  0  0  0
 9  0  68208 60358784 2375520 78298056    0    0 78016 41432 216669 1417553 31 42 26  0  0  0
103  1  68208 60351680 2375520 78298072    0    0 85024 45880 218366 1437304 31 43 26  0  0  0
90  5  68208 60321620 2375520 78298092    0    0 86752 50096 222396 1453942 33 42 25  0  0  0
 7  0  68208 60303892 2375520 78298112    0    0 88256 48012 220282 1438233 32 42 25  0  0  0
99  0  68208 60292028 2375520 78298132    0    0 85680 45816 223786 1429018 32 40 27  0  0  0
24  0  68208 60290516 2375520 78298144    0    0 67664 35900 242723 1481059 32 45 23  0  0  0
489  2  68208 60279316 2375520 78298168    0    0 57712 27124 232035 1413817 31 46 23  0  0  0
159  0  68208 60296480 2375520 78298188    0    0 59088 27484 224452 1392337 29 47 24  0  0  0
60 20  68208 60277900 2375520 78298204    0    0 58688 28720 225080 1391843 29 47 23  0  0  0
471  0  68208 60263348 2375520 78298220    0    0 51152 24292 224100 1386878 28 48 23  0  0  0
19  0  68208 60236196 2375520 78298244    0    0 47296 22376 224790 1387864 29 48 23  0  0  0
77  0  68208 60237224 2375520 78298256    0    0 44992 21956 221299 1368230 28 49 23  0  0  0
12  3  68208 60244612 2375520 78298280    0    0 48688 23916 230515 1435590 31 50 19  0  0  0
40  0  68208 60246056 2375520 78298296    0    0 49696 22800 226077 1388694 30 47 23  0  0  0
538  0  68208 60233344 2375520 78298312    0    0 44064 20836 225092 1376550 29 48 22  0  0  0
22  0  68208 60227796 2375520 78298320    0    0 47456 25664 223519 1380393 29 48 23  0  0  0
232  0  68208 60208316 2375520 78298344    0    0 47696 20980 224384 1378582 29 48 23  0  0  0
11  0  68208 60215920 2375520 78298372    0    0 49408 23408 224043 1375140 30 47 23  0  0  0
 8  0  68208 60219580 2375520 78298384    0    0 50144 23780 222259 1358250 29 47 24  0  0  0
163  1  68208 60190064 2375520 78298400    0    0 50688 21920 220780 1368779 30 46 24  0  0  0
procs -----------memory---------- ---swap-- -----io---- -system-- -------cpu-------
 r  b   swpd   free   buff  cache   si   so    bi    bo   in   cs us sy id wa st gu
53  2  68208 60194804 2375520 78298428    0    0 47904 23440 222852 1366536 28 48 23  0  0  0
82  6  68208 60198116 2375524 78298440    0    0 51664 24888 222750 1382849 29 47 24  0  0  0
55  2  68208 60172992 2375524 78298456    0    0 51824 31836 226401 1398629 30 47 23  0  0  0
70  0  68208 60177096 2375524 78298476    0    0 55952 39136 223583 1394013 30 46 24  0  0  0
10  0  68208 60169208 2375524 78298492    0    0 58752 36824 225046 1401264 31 46 23  0  0  0
13  0  68208 60156336 2375524 78298504    0    0 59888 34940 224953 1378987 30 46 25  0  0  0
718  0  68208 60160156 2375528 78298536    0    0 63104 41132 232993 1442603 32 45 23  0  0  0
13  0  68208 60156120 2375528 78298552    0    0 43968 31964 229109 1397452 29 49 22  0  0  0
160  0  68208 60143880 2375528 78298572    0    0 44160 25232 225688 1397059 30 48 22  0  0  0
100  1  68208 60135152 2375528 78298596    0    0 41568 23644 229194 1390598 29 49 22  0  0  0
136  0  68208 60125076 2375528 78298604    0    0 42064 24388 225718 1360801 29 48 23  0  0  0
40  2  68208 60107792 2375532 78298616    0    0 43760 29348 223346 1369840 29 47 23  0  0  0
307  0  68208 60087888 2375532 78298648    0    0 40464 26852 222684 1371584 29 48 23  0  0  0
108  1  68208 60082348 2375532 78298660    0    0 41392 21404 229523 1375507 29 48 22  0  0  0
126  0  68208 60089388 2375532 78298688    0    0 41920 21328 223671 1365069 29 48 23  0  0  0
196  0  68208 60088376 2375532 78298712    0    0 41760 38908 226642 1390186 29 49 22  0  0  0
69  2  68208 60076348 2375532 78298716    0    0 42272 24564 221067 1371041 29 48 23  0  0  0
 4  0  68208 60080472 2375532 78298744    0    0 40512 25424 230293 1383877 29 49 22  0  0  0
 2  0  68208 60063156 2375532 78298748    0    0 37024 22872 238963 1390250 29 50 21  0  0  0
54  4  68208 60062004 2375532 78298764    0    0 38960 22684 241785 1385712 30 49 21  0  0  0
26  0  68208 60042764 2375532 78298792    0    0 40816 22200 225017 1359911 29 49 22  0  0  0
procs -----------memory---------- ---swap-- -----io---- -system-- -------cpu-------
 r  b   swpd   free   buff  cache   si   so    bi    bo   in   cs us sy id wa st gu
11  0  68208 60044768 2375532 78298816    0    0 39520 22856 223560 1362579 29 48 22  0  0  0
211  2  68208 60046068 2375532 78298844    0    0 39888 30252 222344 1383315 29 50 22  0  0  0
 5  0  68208 60037500 2375532 78298856    0    0 39792 32932 220112 1354446 29 47 24  0  0  0
 7  0  68208 60043024 2375532 78298876    0    0 43568 27156 222629 1386843 30 48 22  0  0  0
162  0  68208 60042916 2375536 78298892    0    0 50560 24540 223992 1388942 29 47 23  0  0  0
29  2  68208 60025576 2375536 78298912    0    0 50368 23144 223937 1372665 29 47 24  0  0  0
130  0  68208 60009552 2375536 78298928    0    0 51104 27740 219396 1379183 30 46 24  0  0  0
13  0  68208 60015532 2375536 78298944    0    0 54144 29396 223682 1380912 30 46 24  0  0  0
 6  0  68208 60018188 2375536 78298956    0    0 60544 34900 222076 1386860 30 46 24  0  0  0
21  0  68208 60011780 2375536 78298976    0    0 63888 35520 222034 1399729 30 46 24  0  0  0
103  0  68208 59996992 2375536 78299068    0    0 71584 39032 222032 1409106 31 44 24  0  0  0
16  0  68208 59997028 2375536 78299088    0    0 75056 43708 224408 1428017 30 46 24  0  0  0
 8  0  68208 60008588 2375536 78299108    0    0 76672 50380 221894 1414129 31 42 26  0  0  0
106  0  68208 59983180 2375536 78299128    0    0 74560 41036 220207 1405410 32 43 25  0  0  0
76  2  68208 59987352 2375536 78299140    0    0 84112 50476 216053 1407515 32 42 26  0  0  0
114  1  68208 59965228 2375536 78299160    0    0 111408 63672 227263 1475414 34 40 25  0  0  0
166  0  68208 59936944 2375536 78299180    0    0 105888 60264 227777 1460340 33 41 25  0  0  0
77  3  68208 59945944 2375536 78299208    0    0 83920 47980 221406 1414671 31 43 25  0  0  0
159  0  68208 59932060 2375536 78299232    0    0 109520 63780 224323 1461789 33 41 26  0  0  0
28  0  68208 59919244 2375536 78299252    0    0 125328 77472 237265 1514477 35 40 25  0  0  0
42  5  68208 59907424 2375536 78299268    0    0 120176 68288 224269 1462979 33 41 26  0  0  0
procs -----------memory---------- ---swap-- -----io---- -system-- -------cpu-------
 r  b   swpd   free   buff  cache   si   so    bi    bo   in   cs us sy id wa st gu
84  2  68208 59877516 2375536 78299288    0    0 117184 64600 219125 1451783 34 39 26  0  0  0
102  3  68208 59872644 2375536 78299308    0    0 141600 82152 226176 1493830 35 39 26  1  0  0
 2  0  68208 59860112 2375536 78299324    0    0 131728 78116 230672 1541502 35 41 23  1  0  0
71  1  68208 59828568 2375536 78299348    0    0 90016 52176 224251 1427785 32 44 24  0  0  0
12  0  68208 59826204 2375536 78299360    0    0 76448 47564 218717 1404044 31 44 25  0  0  0
10  1  68208 59829760 2375536 78299384    0    0 77792 52968 222655 1420420 31 44 25  0  0  0
178  1  68208 59837256 2375536 78299408    0    0 96752 53908 218780 1426657 32 42 25  0  0  0
122  2  68208 59845128 2375536 78299420    0    0 112432 65180 227140 1465049 32 41 26  0  0  0
44  1  68208 59808200 2375536 78299440    0    0 102720 61660 227591 1455045 33 42 25  0  0  0
51  2  68208 59793176 2375536 78299452    0    0 79984 52048 223205 1418138 32 44 24  0  0  0
102  0  68208 59786276 2375536 78299484    0    0 84512 50816 221496 1415873 32 43 25  0  0  0
10  0  68208 59770400 2375536 78299504    0    0 101728 57948 223681 1435291 32 42 26  0  0  0
126  0  68208 59765964 2375536 78299516    0    0 107296 97392 225577 1445532 32 42 26  0  0  0
223  0  68208 59743452 2375536 78299528    0    0 103424 50968 225273 1450617 33 42 25  0  0  0
59  1  68208 59750676 2375544 78299544    0    0 113168 65016 226753 1460324 33 41 26  0  0  0
73  1  68208 59723968 2375544 78299572    0    0 104704 60072 232376 1470454 33 41 25  0  0  0
 8  1  68208 59718448 2375544 78299592    0    0 89360 56416 226035 1408994 32 43 25  0  0  0
120  0  68208 59706188 2375544 78299608    0    0 74320 42744 221424 1388551 30 45 25  0  0  0
53  4  68208 59700536 2375544 78299636    0    0 79504 40048 223299 1428191 31 45 24  0  0  0
107  0  68208 59691464 2375544 78299644    0    0 83920 49508 219334 1400269 32 42 26  0  0  0
29  1  68208 59693232 2375544 78299672    0    0 89728 48592 213945 1367454 32 43 25  0  0  0
procs -----------memory---------- ---swap-- -----io---- -system-- -------cpu-------
 r  b   swpd   free   buff  cache   si   so    bi    bo   in   cs us sy id wa st gu
91  1  68208 59683228 2375544 78299688    0    0 123584 66912 214368 1387615 33 40 26  0  0  0
133 12  68208 59677900 2375544 78299712    0    0 306992 202472 249613 1524470 41 32 26  1  0  0
67  2  68208 59586028 2375544 78299712    0    0 453744 285884 298662 1686423 47 28 24  2  0  0
42  1  68208 59567368 2375548 78299724    0    0 136848 89488 250307 1441027 35 40 24  0  0  0
46  1  68208 59561040 2375548 78299764    0    0 167296 113304 236377 1454375 37 36 26  1  0  0
115  2  68208 59552208 2375548 78299768    0    0 137760 96404 241838 1460770 35 40 25  0  0  0
 2  0  68208 59547388 2375548 78299792    0    0 128832 69756 218738 1418322 33 42 24  0  0  0
17  0  68208 59533992 2375548 78299820    0    0 161136 103512 233783 1490119 36 40 24  1  0  0
63  1  68208 59521616 2375548 78299860    0    0 109008 69416 222755 1381904 32 43 25  0  0  0
 9  1  68208 59516088 2375548 78299884    0    0 111824 62196 216521 1385062 31 43 25  0  0  0
43  4  68208 59500908 2375560 78299904    0    0 127552 70376 218126 1397266 33 41 26  0  0  0
16  3  68208 59501776 2375564 78299924    0    0 154240 89128 217736 1413807 34 39 26  1  0  0
61  7  68208 59490548 2375564 78299952    0    0 224208 136564 236406 1491772 39 34 27  1  0  0
142  6  68208 59452196 2375564 78299964    0    0 270096 182568 261662 1568091 42 31 26  1  0  0
114  2  68208 59419792 2375564 78299984    0    0 90752 76564 236045 1399423 32 44 24  0  0  0
235  0  68208 59387796 2375564 78300004    0    0 73968 38320 216158 1330063 30 46 24  0  0  0
103  0  68208 59386120 2375564 78300020    0    0 67776 34564 216454 1323242 29 48 24  0  0  0
400  0  68208 59385616 2375564 78300048    0    0 62784 36836 225547 1341139 29 47 24  0  0  0
32  5  68208 59392200 2375564 78300056    0    0 74336 41092 233872 1337614 30 45 25  0  0  0
17  0  68208 59370864 2375564 78300060    0    0 92720 48500 243017 1360734 31 44 24  0  0  0
127  6  68208 59366176 2375564 78300096    0    0 99264 57872 227941 1374068 31 43 25  0  0  0
procs -----------memory---------- ---swap-- -----io---- -system-- -------cpu-------
 r  b   swpd   free   buff  cache   si   so    bi    bo   in   cs us sy id wa st gu
32  1  68208 59344456 2375564 78300116    0    0 115824 61300 214476 1376458 31 42 26  0  0  0
49  7  68208 59336412 2375564 78300136    0    0 148080 81168 210190 1404134 34 38 27  1  0  0
74  1  68208 59338868 2375564 78300140    0    0 201408 124348 234024 1482264 38 33 28  1  0  0
68  5  68208 59309952 2375564 78300160    0    0 221312 148148 252306 1552394 41 31 28  1  0  0
135  1  68208 59308148 2375564 78300184    0    0 119120 78140 238170 1467836 34 39 26  0  0  0
61  1  68208 59277220 2375564 78300196    0    0 100576 59024 222640 1420575 33 41 26  0  0  0
148  0  68208 59269540 2375564 78300216    0    0 114880 67664 219711 1426107 33 40 26  0  0  0
71  1  68208 59281776 2375568 78300316    0    0 129424 77812 219149 1433336 34 38 27  0  0  0
36  1  68208 59285036 2375568 78300348    0    0 179616 107252 228048 1494573 37 34 28  1  0  0
57  0  68208 59250468 2375576 78300372    0    0 203024 136616 250308 1549665 40 33 26  1  0  0
46  2  68208 59233812 2375580 78300384    0    0 175312 118008 241032 1502807 38 33 28  1  0  0
 3  0  68208 59203924 2375580 78300408    0    0 103072 86852 279217 1621100 37 44 19  0  0  0
225  0  68208 59196216 2375580 78300420    0    0 54000 29428 228962 1367323 29 48 23  0  0  0
 7  0  68208 59176980 2375580 78300432    0    0 50848 65628 227658 1353364 29 48 23  0  0  0
111  3  68208 59168080 2375580 78300444    0    0 42032 24636 223556 1358625 29 48 23  0  0  0
780  0  68208 59165324 2375584 78300472    0    0 43504 21796 222532 1345388 28 50 22  0  0  0
145  0  68208 59165512 2375584 78300492    0    0 37424 19368 221618 1317068 26 51 22  0  0  0
12  0  68208 59153072 2375584 78300508    0    0 38016 23852 222954 1359354 29 51 20  0  0  0
131  0  68208 59151992 2375584 78300528    0    0 38064 22772 221598 1346372 29 50 21  0  0  0
 8  0  68208 59163904 2375584 78300548    0    0 31648 18448 218694 1317181 28 50 23  0  0  0
71  5  68208 59166340 2375584 78300556    0    0 36032 19876 221004 1331527 28 50 22  0  0  0
procs -----------memory---------- ---swap-- -----io---- -system-- -------cpu-------
 r  b   swpd   free   buff  cache   si   so    bi    bo   in   cs us sy id wa st gu
386  0  68208 59154272 2375584 78300580    0    0 31632 17164 223519 1338617 28 50 22  0  0  0
119  0  68208 59151892 2375584 78300600    0    0 31328 17516 221132 1327920 28 51 22  0  0  0
223  0  68208 59137524 2375584 78300616    0    0 32048 21176 222164 1341921 27 52 21  0  0  0
72  0  68208 59130300 2375584 78300640    0    0 31056 21504 222469 1337840 28 51 21  0  0  0
476  0  68208 59118968 2375584 78300664    0    0 31776 16908 223830 1331612 28 50 22  0  0  0
70  0  68208 59117168 2375584 78300680    0    0 32992 16632 222358 1338224 29 49 21  0  0  0
616  0  68208 59122004 2375584 78300704    0    0 33952 17620 223109 1339191 28 51 21  0  0  0
 5  0  68208 59126264 2375584 78300716    0    0 33200 18704 223979 1361586 28 51 20  0  0  0
123  3  68208 59124104 2375584 78300732    0    0 38336 23608 224576 1352765 29 49 22  0  0  0
149  1  68208 59128056 2375584 78300752    0    0 38240 21376 221528 1347089 28 49 23  0  0  0
11  0  68208 59114820 2375588 78300768    0    0 46288 26992 220833 1331077 28 48 24  0  0  0
218  0  68208 59112764 2375588 78300784    0    0 37424 20124 223392 1359468 28 50 22  0  0  0
17  0  68208 59100904 2375588 78300808    0    0 46704 25188 222000 1367378 29 49 22  0  0  0
237  0  68208 59095172 2375592 78300820    0    0 40912 24792 221729 1353142 29 48 23  0  0  0
155  2  68208 59072292 2375592 78300848    0    0 46528 26476 227508 1374541 30 49 21  0  0  0
 5  0  68208 59089228 2375592 78300864    0    0 49888 27812 229536 1378048 29 49 22  0  0  0
 2  0  68208 59086812 2375592 78300872    0    0 49952 29344 233860 1392785 29 48 22  0  0  0
44  2  68208 59086580 2375592 78300896    0    0 51680 29248 229444 1384432 30 47 23  0  0  0
83  2  68208 59085612 2375592 78300916    0    0 55248 31400 228090 1357275 29 46 24  0  0  0
65  0  68208 59067984 2375592 78300936    0    0 59584 31888 221687 1370973 31 44 25  0  0  0
53  0  68208 59064044 2375592 78300952    0    0 61216 31584 222104 1383470 32 44 24  0  0  0
procs -----------memory---------- ---swap-- -----io---- -system-- -------cpu-------
 r  b   swpd   free   buff  cache   si   so    bi    bo   in   cs us sy id wa st gu
170  0  68208 59068344 2375592 78300976    0    0 70448 40668 232367 1391827 31 43 25  0  0  0
51  0  68208 59049332 2375592 78301000    0    0 71728 39964 227323 1406296 31 43 25  0  0  0
56  0  68208 59037372 2375592 78301016    0    0 76944 42996 232531 1416894 31 43 26  0  0  0
46  2  68208 59048276 2375592 78301028    0    0 99936 62440 224633 1450538 34 40 26  0  0  0
87  0  68208 59029964 2375592 78301048    0    0 113696 54152 216856 1456170 34 38 28  0  0  0
55  1  68208 59028208 2375592 78301068    0    0 116896 65572 214647 1454513 35 37 28  0  0  0
37  3  68208 59007876 2375592 78301088    0    0 135152 78244 223246 1491947 36 35 28  1  0  0
137  0  68208 58995160 2375592 78301100    0    0 99248 54088 216042 1436594 33 40 27  0  0  0
31  2  68208 59005556 2375592 78301116    0    0 111152 62808 218795 1437181 34 39 27  0  0  0
359  0  68208 58992008 2375596 78301140    0    0 169520 106476 247923 1543971 38 35 26  1  0  0
36  1  68208 58962384 2375596 78301156    0    0 98992 65244 234607 1449494 33 42 24  0  0  0
81  5  68208 58965448 2375596 78301172    0    0 83408 43772 223858 1399590 31 44 25  0  0  0
209  0  68208 58970492 2375596 78301196    0    0 88080 48788 225985 1419295 32 43 25  0  0  0
 9  0  68208 58953916 2375596 78301216    0    0 107392 57512 223433 1423641 33 40 26  0  0  0
 5  0  68208 58938920 2375596 78301236    0    0 97056 57504 227822 1419366 33 42 24  0  0  0
10  0  68208 58949440 2375596 78301260    0    0 75488 36840 222974 1391605 31 45 25  0  0  0
11  0  68208 58939288 2375596 78301276    0    0 83488 43612 221935 1401969 32 43 25  0  0  0
41  6  68208 58902060 2375596 78301296    0    0 70272 45780 242361 1446976 32 46 22  0  0  0
93  0  68208 58896188 2375596 78301304    0    0 50992 31396 232033 1388709 29 50 21  0  0  0
260  1  68208 58888840 2375600 78301324    0    0 44400 22860 228354 1367569 29 51 21  0  0  0
 2  0  68208 58876648 2375600 78301344    0    0 39536 21136 223749 1340391 29 49 22  0  0  0
procs -----------memory---------- ---swap-- -----io---- -system-- -------cpu-------
 r  b   swpd   free   buff  cache   si   so    bi    bo   in   cs us sy id wa st gu
271  0  68208 58876032 2375600 78301364    0    0 35424 20128 227177 1368598 28 53 19  0  0  0
10  0  68208 58863264 2375600 78301384    0    0 38640 21376 225782 1344521 27 52 21  0  0  0
158  0  68208 58866008 2375600 78301396    0    0 36080 20544 222781 1334869 28 50 22  0  0  0
 8  0  68208 58870812 2375604 78301420    0    0 32192 18416 222453 1328603 27 51 21  0  0  0
 8  0  68208 58882504 2375604 78301504    0    0 30912 18568 221880 1342970 28 52 21  0  0  0
85  0  68208 58861680 2375604 78301524    0    0 31984 17592 221997 1351038 28 52 20  0  0  0
 7  0  68208 58864396 2375604 78301532    0    0 32288 17656 219828 1317090 28 49 23  0  0  0
 4  0  68208 58859544 2375604 78301548    0    0 28832 17328 222002 1350340 28 52 21  0  0  0
467  0  68208 58859800 2375604 78301576    0    0 34336 17912 220158 1330489 28 51 21  0  0  0
 9  0  68208 58840484 2375604 78301592    0    0 27808 16272 219726 1325371 28 51 22  0  0  0
151  0  68208 58831536 2375604 78301608    0    0 28832 14796 219065 1318014 28 50 22  0  0  0
58  0  68208 58840072 2375604 78301624    0    0 31712 17096 220943 1337796 27 51 21  0  0  0
20  0  68208 58831500 2375604 78301648    0    0 29024 16808 219848 1309439 27 50 23  0  0  0
613  0  68208 58840260 2375604 78301668    0    0 35664 19344 222051 1345286 28 51 21  0  0  0
 9  1  68208 58845704 2375604 78301684    0    0 33424 17440 221586 1332183 28 50 23  0  0  0
26  0  68208 58847568 2375604 78301700    0    0 36928 20204 224963 1358804 28 50 21  0  0  0
82  1  68208 58825612 2375604 78301720    0    0 38928 22952 222881 1351392 28 50 21  0  0  0
 9  1  68208 58818972 2375604 78301744    0    0 35792 21120 223948 1346333 28 50 22  0  0  0
215  0  68208 58810248 2375604 78301760    0    0 42336 25928 225114 1334030 28 50 22  0  0  0
113  0  68208 58807628 2375604 78301780    0    0 41968 34500 225400 1366490 29 49 22  0  0  0
629  0  68208 58797132 2375604 78301792    0    0 45808 34208 223225 1351430 29 48 23  0  0  0
procs -----------memory---------- ---swap-- -----io---- -system-- -------cpu-------
 r  b   swpd   free   buff  cache   si   so    bi    bo   in   cs us sy id wa st gu
28  0  68208 58801140 2375604 78301824    0    0 43200 25424 222804 1350476 29 48 22  0  0  0
 8  0  68208 58795144 2375604 78301844    0    0 49680 26700 229310 1362083 30 46 24  0  0  0
129  0  68208 58790964 2375604 78301856    0    0 49360 28404 228605 1371290 29 48 23  0  0  0
 2  0  68208 58784664 2375604 78301876    0    0 46704 25276 231766 1367131 29 48 23  0  0  0
19  0  68208 58792928 2375604 78301896    0    0 56480 28676 247349 1411959 30 49 21  0  0  0
19  0  68208 58760104 2375612 78301916    0    0 56416 30644 236340 1360654 30 45 25  0  0  0
211  2  68208 58749288 2375612 78301940    0    0 65568 34340 232339 1379201 30 46 24  0  0  0
38  0  68208 58754552 2375612 78301956    0    0 66208 39244 221243 1387680 31 44 25  0  0  0
55  1  68208 58778584 2375612 78301980    0    0 75232 45412 220740 1412606 31 44 25  0  0  0
17  0  68208 58776484 2375612 78301992    0    0 81472 49516 223713 1431865 32 42 26  0  0  0
55  2  68208 58747900 2375612 78302012    0    0 96016 73516 219599 1394408 31 39 29  0  0  0
50  2  68208 58743792 2375612 78302024    0    0 154272 86520 224257 1469120 35 37 28  1  0  0
133  0  68208 58717896 2375612 78302052    0    0 374752 243560 301778 1732719 47 28 23  2  0  0
79  0  68208 58706172 2375612 78302072    0    0 206912 137700 246470 1528967 38 34 27  1  0  0
162  1  68208 58680496 2375616 78302088    0    0 251136 170444 255889 1564344 40 30 28  1  0  0
24  3  68208 58692232 2375616 78302120    0    0 190064 130620 241539 1515083 39 32 28  1  0  0
41 10  68208 58670628 2375616 78302128    0    0 249616 161260 251734 1570316 41 29 29  1  0  0
35  0  68208 58646508 2375616 78302148    0    0 236256 168480 258649 1585687 41 31 27  1  0  0
51  0  68208 58606956 2375616 78302160    0    0 210000 138292 262786 1594055 40 34 26  1  0  0
12  1  68208 58611704 2375616 78302180    0    0 102816 56992 223157 1408207 33 42 25  0  0  0
10  0  68208 58617952 2375616 78302204    0    0 104208 59520 222776 1423280 33 41 26  0  0  0
procs -----------memory---------- ---swap-- -----io---- -system-- -------cpu-------
 r  b   swpd   free   buff  cache   si   so    bi    bo   in   cs us sy id wa st gu
73  1  68208 58622512 2375616 78302224    0    0 133440 70172 220466 1422679 33 39 27  0  0  0
193  1  68208 58608348 2375624 78302236    0    0 134544 85120 221452 1434768 34 38 27  1  0  0
55  2  68208 58593496 2375624 78302260    0    0 183088 103316 232001 1499595 38 34 27  1  0  0
54  4  68208 58581060 2375624 78302284    0    0 265632 180104 257797 1572791 41 30 27  1  0  0
 9  0  68208 58564024 2375624 78302300    0    0 120896 100728 267836 1548823 36 40 24  0  0  0
47  6  68208 58561752 2375624 78302312    0    0 79984 51444 226859 1404152 33 43 24  0  0  0
55  2  68208 58544620 2375624 78302324    0    0 78000 50076 224664 1391562 33 43 24  0  0  0
 3  0  68208 58542952 2375624 78302352    0    0 80640 45080 225584 1420725 31 45 24  0  0  0
99  0  68208 58530312 2375624 78302376    0    0 101616 58828 226661 1443198 33 42 24  0  0  0
94  4  68208 58536916 2375624 78302396    0    0 91968 51356 224115 1407886 33 42 25  0  0  0
59  0  68208 58513788 2375624 78302416    0    0 103376 61420 221777 1415726 33 41 26  0  0  0
80  0  68208 58523216 2375624 78302436    0    0 115216 68496 225835 1431211 33 40 26  0  0  0
81  1  68208 58515800 2375628 78302452    0    0 128576 71400 226332 1450568 34 40 26  0  0  0
43  2  68208 58484192 2375632 78302468    0    0 103984 62096 223686 1415473 33 41 26  0  0  0
158  0  68208 58459816 2375632 78302500    0    0 104432 60436 237869 1417217 33 40 26  0  0  0
71  5  68208 58470252 2375636 78302516    0    0 127920 72056 222320 1443070 34 38 27  0  0  0
178  0  68208 58457508 2375636 78302536    0    0 134464 79628 230969 1466995 35 38 26  0  0  0
34  5  68208 58433792 2375640 78302552    0    0 125712 74852 224081 1444252 34 39 27  0  0  0
50  0  68208 58429616 2375640 78302576    0    0 146720 90576 227080 1456797 35 37 27  1  0  0
53  0  68208 58431004 2375640 78302600    0    0 185936 116520 243385 1463458 38 33 28  1  0  0
136  2  68208 58401592 2375640 78302612    0    0 212176 142320 246130 1512202 40 32 27  1  0  0
procs -----------memory---------- ---swap-- -----io---- -system-- -------cpu-------
 r  b   swpd   free   buff  cache   si   so    bi    bo   in   cs us sy id wa st gu
141  6  68208 58393172 2375640 78302628    0    0 187808 120756 237947 1477513 39 35 26  1  0  0
109  1  68208 58381592 2375640 78302724    0    0 182192 122636 248811 1469259 38 34 28  1  0  0
 6  0  68208 58360096 2375640 78302744    0    0 80912 58756 249437 1443067 33 44 23  0  0  0
193  0  68208 58342828 2375640 78302768    0    0 67072 40816 219801 1332624 30 46 24  0  0  0
 8  2  68208 58320604 2375640 78302784    0    0 51680 33820 225756 1320199 30 47 23  0  0  0
141  0  68208 58330984 2375640 78302800    0    0 47952 24924 226848 1306915 27 50 23  0  0  0
36  0  68208 58307964 2375640 78302824    0    0 47248 29412 219730 1302129 28 48 24  0  0  0
476  0  68208 58322024 2375640 78302836    0    0 48304 26524 221701 1321197 28 48 23  0  0  0
280  2  68208 58337536 2375640 78302852    0    0 46480 27112 214575 1309332 29 47 24  0  0  0
 2  0  68208 58320340 2375640 78302868    0    0 45824 27112 214880 1312921 29 47 23  0  0  0
189  0  68208 58314944 2375640 78302936    0    0 45600 26304 215534 1321140 29 49 23  0  0  0
107  2  68208 58295544 2375640 78302952    0    0 44944 35264 216092 1323838 30 47 23  0  0  0
 2  0  68208 58290152 2375640 78302972    0    0 52288 26100 220297 1371948 31 50 20  0  0  0
63  2  68208 58286940 2375640 78302992    0    0 54176 28060 217836 1330243 29 49 23  0  0  0
50  1  68208 58306680 2375640 78303012    0    0 50992 29448 216119 1331061 29 48 23  0  0  0
83  0  68208 58319456 2375640 78303024    0    0 55728 33600 218814 1348713 29 48 23  0  0  0
50  0  68208 58290852 2375644 78303040    0    0 58368 34172 213823 1320675 30 46 24  0  0  0
 7  0  68208 58271356 2375644 78303064    0    0 58464 33272 215965 1332007 28 48 24  0  0  0
120  1  68208 58298280 2375644 78303084    0    0 56544 31424 215202 1329815 29 47 24  0  0  0
304  0  68208 58300396 2375644 78303104    0    0 60112 34080 214351 1331235 29 47 24  0  0  0
363  1  68208 58298544 2375644 78303124    0    0 66432 37652 214827 1325257 29 47 24  0  0  0
procs -----------memory---------- ---swap-- -----io---- -system-- -------cpu-------
 r  b   swpd   free   buff  cache   si   so    bi    bo   in   cs us sy id wa st gu
101  3  68208 58289424 2375644 78303140    0    0 67888 37512 213405 1337318 30 46 24  0  0  0
357  0  68208 58282956 2375644 78303164    0    0 68368 40680 215665 1353841 31 45 24  0  0  0
36  4  68208 58271580 2375644 78303176    0    0 62240 38192 224410 1371446 30 47 23  0  0  0
437  0  68208 58264484 2375644 78303200    0    0 63808 35284 215394 1330728 30 46 24  0  0  0
455  0  68208 58262640 2375644 78303216    0    0 61632 35992 214171 1335014 29 46 24  0  0  0
98  4  68208 58276648 2375644 78303232    0    0 62416 34276 214507 1338866 30 46 24  0  0  0
68  0  68208 58248320 2375644 78303248    0    0 61872 36036 215476 1317474 28 47 25  0  0  0
81  5  68208 58235808 2375644 78303268    0    0 60800 46672 216201 1333891 30 46 24  0  0  0
168  0  68208 58203704 2375644 78303292    0    0 61264 31260 220055 1322428 29 47 24  0  0  0
 5  0  68208 58208228 2375644 78303312    0    0 62944 32852 216306 1338789 30 46 24  0  0  0
117  0  68208 58204984 2375644 78303320    0    0 58800 35672 217958 1332296 28 47 24  0  0  0
70  0  68208 58224788 2375644 78303336    0    0 59824 33896 218575 1333650 30 47 24  0  0  0
27  4  68208 58220884 2375644 78303364    0    0 59952 35924 217405 1333998 29 48 23  0  0  0
101  0  68208 58220936 2375644 78303380    0    0 62768 35684 219146 1332775 29 47 24  0  0  0
154  0  68208 58210288 2375644 78303400    0    0 60480 34516 217151 1348494 30 47 24  0  0  0
84  2  68208 58194860 2375644 78303416    0    0 61120 34184 239120 1327451 30 45 25  0  0  0
36  0  68208 58181676 2375644 78303436    0    0 66512 39372 243332 1348958 30 45 24  0  0  0
 1  0  68208 58178108 2375644 78303464    0    0 71552 41232 231842 1383716 30 47 23  0  0  0
65  1  68208 58165928 2375648 78303472    0    0 70976 37576 229169 1349937 30 44 25  0  0  0
 9  0  68208 58181672 2375648 78303492    0    0 74784 42660 227455 1351926 31 44 25  0  0  0
24  0  68208 58162628 2375648 78303512    0    0 70000 39656 217667 1370885 31 44 24  0  0  0
procs -----------memory---------- ---swap-- -----io---- -system-- -------cpu-------
 r  b   swpd   free   buff  cache   si   so    bi    bo   in   cs us sy id wa st gu
11  0  68208 58146808 2375648 78303532    0    0 79712 46996 215179 1379541 31 44 25  0  0  0
44  0  68208 58174032 2375648 78303556    0    0 81696 48408 212895 1369766 31 44 25  0  0  0
130  1  68208 58153584 2375648 78303572    0    0 91936 55284 213890 1377197 32 42 26  0  0  0
458  1  68208 58161624 2375648 78303588    0    0 86544 49420 212770 1373449 31 43 26  0  0  0
27  0  68208 58155496 2375648 78303604    0    0 84032 50300 214175 1359460 31 43 25  0  0  0
77  2  68208 58149232 2375648 78303612    0    0 88384 45456 212599 1363588 31 43 26  0  0  0
 8  0  68208 58137052 2375648 78303644    0    0 92512 52696 212528 1365901 31 43 25  0  0  0
67  3  68208 58146856 2375648 78303664    0    0 99328 54560 211367 1372360 32 42 26  0  0  0
32  2  68208 58156116 2375648 78303684    0    0 99184 57556 208439 1371494 32 41 27  0  0  0
78  0  68208 58143268 2375648 78303704    0    0 120400 68128 205935 1394041 33 39 28  0  0  0
15  0  68208 58116872 2375648 78303724    0    0 144960 81452 204473 1412383 34 37 29  1  0  0
 9  0  68208 58061020 2375648 78303748    0    0 106272 111620 253088 1537661 36 40 23  0  0  0
307  1  68208 58063104 2375648 78303768    0    0 58800 36744 218442 1362796 30 46 24  0  0  0
71  0  68208 58071996 2375648 78303780    0    0 56224 32256 215262 1341930 29 47 24  0  0  0
29  0  68208 58058208 2375652 78303800    0    0 55024 32680 214289 1337582 28 48 24  0  0  0
225  0  68208 58049400 2375652 78303820    0    0 53120 30856 213601 1330849 28 48 23  0  0  0
 6  0  68208 58055712 2375652 78303844    0    0 48304 28252 214823 1332301 29 48 23  0  0  0
10  0  68208 58053204 2375652 78303864    0    0 45952 29632 213822 1318115 28 50 23  0  0  0
685  0  68208 58024636 2375652 78303884    0    0 43472 33616 212889 1328348 28 49 23  0  0  0
34  2  68208 58022960 2375652 78303964    0    0 47088 27564 213983 1336587 29 49 22  0  0  0
502  0  68208 58030352 2375652 78303984    0    0 43376 25836 214065 1325158 28 49 23  0  0  0
procs -----------memory---------- ---swap-- -----io---- -system-- -------cpu-------
 r  b   swpd   free   buff  cache   si   so    bi    bo   in   cs us sy id wa st gu
 2  0  68208 58023120 2375652 78303992    0    0 43904 24400 213258 1331151 28 50 22  0  0  0
199  0  68208 58015276 2375652 78304016    0    0 50304 28288 215109 1370866 29 51 20  0  0  0
108  2  68208 58019008 2375652 78304036    0    0 46400 25604 212079 1337802 28 50 22  0  0  0
 5  0  68208 58010776 2375652 78304056    0    0 42784 24692 210890 1325259 28 49 23  0  0  0
100  3  68208 58019068 2375652 78304076    0    0 45840 25752 212523 1340530 28 50 22  0  0  0
42  3  68208 58017672 2375652 78304092    0    0 46672 26292 209129 1307181 28 48 25  0  0  0
157  0  68208 58008548 2375652 78304112    0    0 43072 25732 209734 1311837 28 49 24  0  0  0
280  1  68208 58005104 2375652 78304128    0    0 45072 26644 215639 1347710 28 50 22  0  0  0
77  0  68208 57991356 2375652 78304144    0    0 43888 27156 213488 1339234 29 49 23  0  0  0
91  1  68208 58000776 2375652 78304164    0    0 45872 26184 215048 1320531 28 50 22  0  0  0
593  0  68208 57999224 2375652 78304180    0    0 42784 26368 211427 1327679 28 50 22  0  0  0
 8  0  68208 57992416 2375652 78304204    0    0 44064 26156 213622 1335683 27 50 22  0  0  0
507  0  68208 57962904 2375652 78304220    0    0 47712 28212 215893 1350052 29 50 22  0  0  0
60  3  68208 57946344 2375652 78304244    0    0 46512 30016 228274 1400195 29 49 22  0  0  0
581  0  68208 57952152 2375652 78304264    0    0 45136 27024 220340 1368875 29 48 23  0  0  0
 8  0  68208 57986500 2375652 78304276    0    0 47808 28124 225765 1399421 31 47 22  0  0  0
782  0  68208 57966540 2375652 78304284    0    0 44352 26084 224382 1387103 29 49 22  0  0  0
 6  0  68208 57960248 2375652 78304308    0    0 38784 24184 221683 1348416 28 49 23  0  0  0
213  1  68208 57954208 2375652 78304336    0    0 40896 23668 219987 1338686 28 48 24  0  0  0
 9  1  68208 57941500 2375652 78304352    0    0 38320 23128 226631 1355849 28 49 23  0  0  0
237  0  68208 57951512 2375652 78304368    0    0 40032 25200 229556 1375006 29 49 22  0  0  0
procs -----------memory---------- ---swap-- -----io---- -system-- -------cpu-------
 r  b   swpd   free   buff  cache   si   so    bi    bo   in   cs us sy id wa st gu
119  2  68208 57935516 2375652 78304392    0    0 41536 25852 234285 1355566 29 47 24  0  0  0
91  0  68208 57919816 2375652 78304412    0    0 38384 26036 218927 1364959 29 48 23  0  0  0
543  0  68208 57926852 2375652 78304428    0    0 38480 26428 221810 1375264 29 48 23  0  0  0
10  0  68208 57929988 2375652 78304440    0    0 40624 23696 221778 1370945 29 48 23  0  0  0
 8  0  68208 57927492 2375652 78304460    0    0 40592 22636 219271 1351717 29 47 24  0  0  0
 3  0  68208 57925492 2375652 78304472    0    0 46288 25028 224692 1398341 28 50 22  0  0  0
160  1  68208 57921956 2375652 78304512    0    0 43840 25452 233861 1413101 29 50 21  0  0  0
159  1  68208 57909764 2375652 78304532    0    0 47344 27896 221182 1370669 30 46 24  0  0  0
 9  0  68208 57903732 2375652 78304540    0    0 42592 24576 223887 1384189 29 48 23  0  0  0
652  0  68208 57898604 2375652 78304564    0    0 44016 25464 221946 1380203 30 47 23  0  0  0
 8  0  68208 57921564 2375652 78304584    0    0 42224 22660 223503 1387489 29 49 22  0  0  0
284  0  68208 57914812 2375652 78304600    0    0 44048 24956 220991 1384654 29 48 23  0  0  0
62  1  68208 57922428 2375652 78304624    0    0 45584 24764 221508 1377033 29 47 24  0  0  0
66  0  68208 57903420 2375652 78304640    0    0 44912 24716 218924 1371367 29 47 24  0  0  0
161  0  68208 57917400 2375652 78304660    0    0 44928 25228 220129 1381170 28 48 23  0  0  0
10  0  68208 57902492 2375652 78304684    0    0 44384 24148 219854 1376779 29 48 23  0  0  0
69  2  68208 57887820 2375652 78304708    0    0 53104 29916 221029 1373225 29 47 24  0  0  0
238  1  68208 57896800 2375652 78304728    0    0 49616 29196 219740 1374080 29 47 24  0  0  0
58  2  68208 57889416 2375652 78304736    0    0 47568 28000 221210 1396101 30 46 24  0  0  0
39  1  68208 57897840 2375652 78304752    0    0 51968 29784 222484 1401645 30 46 23  0  0  0
304  0  68208 57886044 2375652 78304776    0    0 55536 31052 219163 1365713 29 46 25  0  0  0
procs -----------memory---------- ---swap-- -----io---- -system-- -------cpu-------
 r  b   swpd   free   buff  cache   si   so    bi    bo   in   cs us sy id wa st gu
167  0  68208 57884340 2375652 78304800    0    0 54544 33256 219472 1391624 30 46 24  0  0  0
 6  0  68208 57885776 2375652 78304832    0    0 53568 31076 219665 1400464 30 45 24  0  0  0
27  0  68208 57862992 2375652 78304848    0    0 56048 31272 218859 1394559 30 45 25  0  0  0
216  0  68208 57848880 2375652 78304864    0    0 56416 31604 218280 1377230 30 44 26  0  0  0
121  0  68208 57841696 2375652 78304888    0    0 62064 36260 219490 1415103 31 44 25  0  0  0
204  0  68208 57846560 2375652 78304908    0    0 65728 38352 222819 1412205 30 44 26  0  0  0
 7  2  68208 57847844 2375652 78304924    0    0 65248 39376 218151 1406503 32 42 25  0  0  0
210  0  68208 57835100 2375652 78304944    0    0 70976 41968 217264 1422578 30 43 26  0  0  0
44  0  68208 57813760 2375652 78304956    0    0 66944 41656 221379 1424799 30 44 25  0  0  0
509  0  68208 57802772 2375656 78304976    0    0 64944 40440 221984 1414072 31 44 25  0  0  0
56  1  68208 57808020 2375656 78305000    0    0 56512 34380 221961 1409418 31 45 24  0  0  0
 6  0  68208 57813988 2375664 78305016    0    0 59088 34828 234736 1447760 32 47 22  0  0  0
65  0  68208 57776916 2375664 78305052    0    0 54784 32076 233238 1373041 30 43 27  0  0  0
135  0  68208 57814544 2375664 78305060    0    0 60528 36360 225040 1403279 31 43 26  0  0  0
 9  1  68208 57787636 2375664 78305076    0    0 64992 38936 223326 1410748 31 44 25  0  0  0
84  0  68208 57819000 2375664 78305104    0    0 67488 44804 224223 1396912 31 45 25  0  0  0
216  0  68208 57792156 2375664 78305196    0    0 61744 36904 225726 1381834 29 46 24  0  0  0
14  0  68208 57759632 2375664 78305212    0    0 56048 32528 222260 1365195 29 47 24  0  0  0
263  0  68208 57754644 2375664 78305232    0    0 52288 31416 219755 1364766 29 46 24  0  0  0
36  0  68208 57775660 2375664 78305252    0    0 54240 31720 221037 1380567 30 47 23  0  0  0
89  4  68208 57787348 2375664 78305268    0    0 51280 30256 218720 1355051 30 45 25  0  0  0
procs -----------memory---------- ---swap-- -----io---- -system-- -------cpu-------
 r  b   swpd   free   buff  cache   si   so    bi    bo   in   cs us sy id wa st gu
17  0  68208 57788288 2375664 78305284    0    0 58672 32420 223794 1380187 30 46 24  0  0  0
365  0  68208 57754276 2375664 78305304    0    0 59248 37092 221646 1362919 31 45 24  0  0  0
111  0  68208 57746052 2375664 78305324    0    0 62704 35620 221825 1385403 31 45 24  0  0  0
325  0  68208 57754888 2375664 78305340    0    0 55200 37072 220829 1393223 31 45 24  0  0  0
40  0  68208 57755932 2375664 78305356    0    0 61392 49552 229443 1424669 33 43 24  0  0  0
90  1  68208 57756112 2375664 78305384    0    0 63696 32436 222746 1379525 30 45 25  0  0  0
32  2  68208 57743116 2375664 78305408    0    0 60576 32640 222786 1389327 30 45 24  0  0  0
161  0  68208 57753020 2375664 78305424    0    0 62000 35260 220241 1378338 31 44 25  0  0  0
70  3  68208 57759612 2375664 78305436    0    0 65376 38676 221479 1396731 31 44 24  0  0  0
47  1  68208 57734008 2375664 78305456    0    0 66672 40604 222354 1402009 32 44 24  0  0  0
 7  0  68208 57723628 2375664 78305484    0    0 62160 37504 217242 1391488 31 45 24  0  0  0
190  0  68208 57705556 2375664 78305504    0    0 66032 37812 216466 1394899 31 44 25  0  0  0
203  1  68208 57700728 2375664 78305528    0    0 64960 39944 221999 1400075 30 45 25  0  0  0
42  1  68208 57714920 2375664 78305544    0    0 74224 47588 215831 1391518 30 44 26  0  0  0
81  3  68208 57690448 2375664 78305560    0    0 69936 45060 216594 1405013 31 43 26  0  0  0
 1  0  68208 57701892 2375664 78305600    0    0 75712 45676 218507 1466509 32 45 23  0  0  0
150  0  68208 57698968 2375668 78305612    0    0 71712 39768 216537 1440949 31 44 25  0  0  0
62  0  68208 57696096 2375668 78305624    0    0 75248 42272 213645 1413991 32 42 27  0  0  0
17  1  68208 57688852 2375668 78305644    0    0 81088 46040 224222 1409842 31 41 27  0  0  0
37  1  68208 57672592 2375672 78305664    0    0 83216 50380 213928 1435720 31 42 26  0  0  0
96  1  68208 57657312 2375672 78305688    0    0 91920 54916 211163 1448528 32 41 27  0  0  0
procs -----------memory---------- ---swap-- -----io---- -system-- -------cpu-------
 r  b   swpd   free   buff  cache   si   so    bi    bo   in   cs us sy id wa st gu
104  0  68208 57664036 2375672 78305704    0    0 91408 53636 216192 1438682 32 41 27  0  0  0
90  2  68208 57647008 2375672 78305724    0    0 100256 56520 211253 1440295 32 39 28  0  0  0
170  0  68208 57640772 2375672 78305744    0    0 84400 50864 216692 1449587 32 41 26  0  0  0
75  0  68208 57646152 2375672 78305756    0    0 70864 44252 213772 1409026 30 43 26  0  0  0
49  2  68208 57611264 2375672 78305780    0    0 72016 46632 211713 1396410 30 43 27  0  0  0
92  2  68208 57603212 2375676 78305804    0    0 74352 45008 217137 1416110 32 42 26  0  0  0
45  0  68208 57620540 2375676 78305824    0    0 86784 58148 215051 1407956 31 43 26  0  0  0
156  0  68208 57639148 2375676 78305840    0    0 93248 54428 213436 1416991 32 42 26  0  0  0
122  0  68208 57606016 2375676 78305860    0    0 92832 54652 214606 1432040 32 42 25  0  0  0
53  4  68208 57588640 2375676 78305880    0    0 96448 55764 214492 1430364 32 42 26  0  0  0
113  0  68208 57580980 2375676 78305904    0    0 98208 57876 212400 1435093 33 39 27  0  0  0
85  0  68208 57598184 2375676 78305916    0    0 110560 65044 212267 1434994 33 39 28  0  0  0
31  1  68208 57597904 2375676 78305932    0    0 132560 79072 215504 1500085 35 40 25  1  0  0
53  2  68208 57575532 2375676 78305956    0    0 147392 90000 217407 1525234 36 38 25  1  0  0
41  1  68208 57540968 2375676 78305972    0    0 140080 110880 260844 1623740 38 39 23  1  0  0
336  0  68208 57531560 2375676 78305992    0    0 91696 59028 230460 1502974 34 44 22  0  0  0
60  3  68208 57529992 2375680 78306012    0    0 64272 41260 227348 1448770 31 47 21  0  0  0
95  4  68208 57515028 2375680 78306028    0    0 57552 34756 225513 1437818 30 49 20  0  0  0
78  2  68208 57522472 2375680 78306044    0    0 54240 33580 224591 1428134 31 48 20  0  0  0
351  0  68208 57521620 2375680 78306052    0    0 52848 32216 225638 1431609 30 49 20  0  0  0
29  5  68208 57534476 2375680 78306076    0    0 47008 29564 223576 1410374 30 51 19  0  0  0
procs -----------memory---------- ---swap-- -----io---- -system-- -------cpu-------
 r  b   swpd   free   buff  cache   si   so    bi    bo   in   cs us sy id wa st gu
246  0  68208 57531108 2375680 78306096    0    0 45872 29696 221593 1413404 29 51 20  0  0  0
 8  0  68208 57525684 2375680 78308132    0    0 44336 24960 220135 1372701 30 48 22  0  0  0
241  0  68208 57529264 2375680 78308368    0    0 46288 29252 221199 1414032 30 50 20  0  0  0
58  0  68208 57509828 2375680 78308400    0    0 46400 28112 222687 1412914 31 49 20  0  0  0
212  0  68208 57521368 2375680 78308416    0    0 48608 29704 223209 1418630 29 50 20  0  0  0
102  1  68208 57501108 2375680 78308440    0    0 43104 26676 224923 1416648 30 50 20  0  0  0
 6  1  68208 57505476 2375680 78308452    0    0 49360 28788 225108 1425088 30 50 20  0  0  0
90  0  68208 57521720 2375680 78308468    0    0 47344 26068 225096 1416125 30 50 20  0  0  0
107  1  68208 57506188 2375680 78308488    0    0 51056 28788 225858 1423216 30 49 20  0  0  0
16  0  68208 57493404 2375680 78308504    0    0 49504 29592 225534 1422247 31 49 20  0  0  0
 9  3  68208 57475844 2375680 78308532    0    0 49904 30844 226513 1421413 29 50 20  0  0  0
38  0  68208 57486824 2375680 78308548    0    0 51568 32256 225066 1419620 30 50 20  0  0  0
52  0  68208 57479692 2375680 78308564    0    0 54976 35708 225800 1424761 31 49 20  0  0  0
48  1  68208 57483772 2375680 78308668    0    0 55760 33860 225794 1428526 30 49 21  0  0  0
416  0  68208 57477332 2375680 78308676    0    0 55232 32160 241408 1432144 30 49 21  0  0  0
73  6  68208 57459352 2375680 78308696    0    0 58784 33872 228784 1436601 30 49 21  0  0  0
16  0  68208 57438216 2375680 78310232    0    0 51216 32396 242792 1407832 30 48 22  0  0  0
150  4  68208 57451692 2375680 78311080    0    0 53328 38220 232206 1428133 31 48 21  0  0  0
114  0  68208 57441408 2375680 78311104    0    0 56752 34960 233662 1435662 31 49 20  0  0  0
195  1  68208 57431092 2375680 78311120    0    0 54736 33536 231888 1433675 30 49 20  0  0  0
95  0  68208 57430800 2375680 78311148    0    0 57824 34100 225783 1433786 31 48 21  0  0  0
procs -----------memory---------- ---swap-- -----io---- -system-- -------cpu-------
 r  b   swpd   free   buff  cache   si   so    bi    bo   in   cs us sy id wa st gu
254  0  68208 57426304 2375680 78311164    0    0 57024 34844 223058 1394526 30 46 24  0  0  0
540  0  68208 57464076 2375680 78311184    0    0 58336 36700 228599 1440017 31 48 21  0  0  0
157  0  68208 57454220 2375680 78311200    0    0 58640 38264 224959 1432867 30 49 21  0  0  0
141  0  68208 57444452 2375680 78311220    0    0 57408 32356 225841 1431385 31 49 21  0  0  0
12  0  68208 57419404 2375684 78311244    0    0 60976 37336 224134 1435928 31 47 21  0  0  0
182  0  68208 57415780 2375684 78311264    0    0 64192 37508 222943 1435602 31 47 22  0  0  0
162  2  68208 57410448 2375684 78311280    0    0 65792 40216 224428 1443050 32 47 21  0  0  0
 6  1  68208 57423204 2375684 78311312    0    0 64256 39092 222984 1440954 31 48 21  0  0  0
229  0  68208 57411264 2375684 78311344    0    0 67136 39960 223682 1446003 32 47 21  0  0  0
 8  0  68208 57413400 2375684 78311356    0    0 69872 42728 224819 1459473 32 47 21  0  0  0
202  0  68208 57403692 2375684 78311364    0    0 69712 41572 222113 1452477 32 46 22  0  0  0
 5  1  68208 57394336 2375684 78313804    0    0 61632 37380 235591 1447650 32 46 22  0  0  0
10  1  68208 57390832 2375684 78313832    0    0 58368 37464 228961 1457550 31 48 20  0  0  0
67  0  68208 57387440 2375684 78313852    0    0 61248 37056 227456 1442587 31 48 21  0  0  0
315  0  68208 57390440 2375684 78313876    0    0 58048 35444 227903 1436192 31 48 21  0  0  0
72  1  68208 57371084 2375684 78313892    0    0 51120 29732 224363 1425382 30 49 21  0  0  0
137  0  68208 57354632 2375684 78313912    0    0 55568 32252 224704 1430807 30 49 21  0  0  0
328  0  68208 57380888 2375684 78313936    0    0 52400 30064 227043 1429227 31 49 20  0  0  0
83  0  68208 57370108 2375684 78313948    0    0 49072 29388 225100 1426532 30 49 20  0  0  0
82  0  68208 57370460 2375684 78313972    0    0 55088 32980 226033 1423803 30 49 21  0  0  0
32  0  68208 57371980 2375684 78313992    0    0 54192 33844 228121 1432764 30 49 20  0  0  0
procs -----------memory---------- ---swap-- -----io---- -system-- -------cpu-------
 r  b   swpd   free   buff  cache   si   so    bi    bo   in   cs us sy id wa st gu
84  5  68208 57347652 2375684 78314008    0    0 57056 33756 230041 1434234 31 49 20  0  0  0
306  0  68208 57340044 2375684 78314032    0    0 62048 36204 235624 1435674 31 48 21  0  0  0
381  0  68208 57329068 2375688 78314048    0    0 60480 36524 225907 1438163 30 49 21  0  0  0
23  0  68208 57337412 2375688 78314064    0    0 62528 36220 229095 1442654 32 48 21  0  0  0
78  2  68208 57347532 2375688 78314092    0    0 63888 37408 232892 1440200 31 48 21  0  0  0
54  1  68208 57324840 2375688 78316484    0    0 61312 35924 229312 1417709 31 46 23  0  0  0
10  0  68208 57299652 2375688 78316512    0    0 64944 40084 227034 1443330 32 47 21  0  0  0
166  1  68208 57294524 2375692 78316528    0    0 69840 41776 221211 1450187 31 47 22  0  0  0
184  0  68208 57332672 2375692 78316548    0    0 73264 43688 224858 1462676 31 47 21  0  0  0
66  2  68208 57312080 2375692 78316568    0    0 65472 38516 222263 1440397 32 47 21  0  0  0
355  0  68208 57304820 2375692 78316592    0    0 65376 36220 219410 1396235 32 45 24  0  0  0
47  0  68208 57309720 2375692 78316632    0    0 68992 40256 224784 1444379 33 46 21  0  0  0
39  0  68208 57289012 2375692 78316652    0    0 67280 39828 224410 1457085 33 45 21  0  0  0
130  0  68208 57301080 2375692 78316660    0    0 75424 41948 223132 1470896 32 46 22  0  0  0
56  4  68208 57299772 2375692 78316680    0    0 77312 45648 220185 1460972 32 45 22  0  0  0
258  0  68208 57303920 2375692 78316700    0    0 76704 46592 221758 1469949 32 46 22  0  0  0
35  1  68208 57281872 2375692 78316720    0    0 73728 50492 220508 1462881 32 46 22  0  0  0
45  1  68208 57260484 2375692 78316740    0    0 75008 44376 229549 1481551 34 45 21  0  0  0
 6  0  68208 57250028 2375692 78316756    0    0 77920 47868 220677 1459265 32 46 21  0  0  0
354  0  68208 57268816 2375692 78316776    0    0 74416 42904 223305 1458154 31 46 22  0  0  0
49  1  68208 57256244 2375692 78319204    0    0 76880 46520 217185 1424295 30 45 24  0  0  0
procs -----------memory---------- ---swap-- -----io---- -system-- -------cpu-------
 r  b   swpd   free   buff  cache   si   so    bi    bo   in   cs us sy id wa st gu
222  0  68208 57253636 2375692 78319220    0    0 79712 49596 223361 1478853 33 45 22  0  0  0
16  1  68208 57233472 2375692 78319236    0    0 82976 56308 223809 1478389 33 45 21  0  0  0
29  0  68208 57240548 2375692 78319256    0    0 73504 45020 222546 1456046 31 47 22  0  0  0
12  1  68208 57236420 2375692 78319272    0    0 68832 42280 221655 1452783 33 46 21  0  0  0
275  0  68208 57236992 2375692 78319292    0    0 73744 43692 221086 1455424 33 45 21  0  0  0
445  0  68208 57198540 2375696 78319312    0    0 80992 52448 220236 1461085 31 47 22  0  0  0
16  1  68208 57227972 2375696 78319336    0    0 76816 47760 220038 1466320 33 45 22  0  0  0
168  2  68208 57230388 2375696 78319352    0    0 77984 46748 221446 1468546 32 46 22  0  0  0
133  0  68208 57241524 2375696 78319376    0    0 85056 49240 220427 1476195 32 44 23  0  0  0
110  2  68208 57218324 2375696 78319384    0    0 83120 48452 218001 1474760 32 45 23  0  0  0
21  0  68208 57198992 2375696 78319484    0    0 87232 50564 217613 1479795 33 44 23  0  0  0
17  3  68208 57188848 2375696 78319504    0    0 93088 58504 217085 1480659 33 44 23  0  0  0
80  4  68208 57182384 2375696 78319520    0    0 89904 54596 213711 1483776 33 43 23  0  0  0
81  2  68208 57172252 2375700 78319544    0    0 105248 61544 216425 1490748 34 42 23  0  0  0
33  1  68208 57163632 2375700 78321808    0    0 97968 59136 215256 1467267 33 41 25  0  0  0
72  1  68208 57155948 2375700 78322064    0    0 95216 54672 219817 1488709 33 43 23  0  0  0
127  1  68208 57167328 2375700 78322084    0    0 88464 52132 221120 1495727 33 44 22  0  0  0
24  0  68208 57145664 2375700 78322096    0    0 81296 48968 228546 1495244 32 46 22  0  0  0
104  0  68208 57132108 2375700 78322120    0    0 67936 44004 224202 1469188 32 46 21  0  0  0
67  3  68208 57130008 2375700 78322140    0    0 61328 38272 223863 1455552 31 48 21  0  0  0
202  0  68208 57138232 2375700 78322156    0    0 58720 36148 220349 1391704 30 45 24  0  0  0
procs -----------memory---------- ---swap-- -----io---- -system-- -------cpu-------
 r  b   swpd   free   buff  cache   si   so    bi    bo   in   cs us sy id wa st gu
248  0  68208 57126824 2375700 78322208    0    0 61312 40388 224066 1439623 30 49 21  0  0  0
445  0  68208 57097772 2375700 78322232    0    0 59360 36364 226210 1439837 31 49 20  0  0  0
47  0  68208 57129888 2375700 78322252    0    0 56096 36108 227020 1430597 30 49 21  0  0  0
 8  0  68208 57126072 2375700 78322268    0    0 51504 33008 231275 1426128 29 51 20  0  0  0
73  0  68208 57126812 2375700 78322284    0    0 59840 36968 223609 1435959 31 48 21  0  0  0
160  0  68208 57118116 2375700 78322300    0    0 52064 33036 231037 1430879 30 49 21  0  0  0
47  0  68208 57099540 2375700 78322324    0    0 56832 33528 224019 1426085 30 49 21  0  0  0
10  0  68208 57088624 2375700 78322348    0    0 53920 33380 225747 1435512 31 48 21  0  0  0
229  0  68208 57091496 2375700 78324384    0    0 57952 34672 228859 1399518 30 46 24  0  0  0
 9  0  68208 57104372 2375700 78324752    0    0 57504 35072 230475 1434618 31 48 21  0  0  0
63  3  68208 57075220 2375700 78324768    0    0 60816 36268 231838 1440376 31 48 21  0  0  0
192  0  68208 57062168 2375700 78324792    0    0 61104 37516 223812 1443218 31 47 21  0  0  0
64  2  68208 57089232 2375700 78324800    0    0 62960 37564 226752 1453840 31 48 21  0  0  0
71  5  68208 57081776 2375700 78324820    0    0 63568 38804 224246 1445072 32 47 21  0  0  0
243  0  68208 57078812 2375700 78324840    0    0 62128 38032 234046 1432050 31 48 21  0  0  0
355  0  68208 57056852 2375700 78324856    0    0 62464 39224 228658 1439202 32 47 21  0  0  0
 7  0  68208 57058264 2375700 78324872    0    0 62448 37580 227528 1448115 31 48 21  0  0  0
56  5  68208 57075452 2375700 78324892    0    0 57696 34948 226176 1441669 30 48 21  0  0  0
50  1  68208 57062672 2375700 78324908    0    0 64448 39696 223557 1441651 31 48 21  0  0  0
398  0  68208 57050416 2375700 78324932    0    0 55936 34764 223767 1436396 32 48 21  0  0  0
 9  0  68208 57064248 2375700 78324948    0    0 59920 37320 223921 1443649 31 47 21  0  0  0
procs -----------memory---------- ---swap-- -----io---- -system-- -------cpu-------
 r  b   swpd   free   buff  cache   si   so    bi    bo   in   cs us sy id wa st gu
81  0  68208 57042176 2375700 78324960    0    0 58592 36928 224686 1444224 31 48 21  0  0  0
172  0  68208 57054312 2375700 78324980    0    0 66832 38240 223337 1439127 32 47 21  0  0  0
74  3  68208 57046864 2375700 78327020    0    0 66368 38868 218962 1405636 30 46 24  0  0  0
146  0  68208 57038668 2375704 78327408    0    0 71856 44580 222060 1458815 33 45 22  0  0  0
76  0  68208 57027256 2375704 78327420    0    0 77856 46300 219876 1458524 32 45 22  0  0  0
102  3  68208 57019628 2375704 78327448    0    0 75664 48660 223363 1470264 33 45 22  0  0  0
10  0  68208 57017528 2375708 78327456    0    0 84432 50528 221764 1474754 33 45 22  0  0  0
10  0  68208 57023972 2375708 78327484    0    0 82080 50836 219068 1468886 32 45 23  0  0  0
71  5  68208 57023552 2375708 78327496    0    0 89216 55296 219628 1482579 33 44 23  0  0  0
30  0  68208 56990608 2375708 78327516    0    0 91120 52496 212239 1425657 32 41 26  0  0  0
295  0  68208 56997624 2375708 78327568    0    0 113744 80068 241398 1567970 36 42 22  0  0  0
102  1  68208 56988172 2375708 78327596    0    0 56144 45132 240876 1492675 34 47 19  0  0  0
252  1  68208 56946028 2375708 78327604    0    0 47536 31604 229012 1441797 30 51 19  0  0  0
14  1  68208 56950916 2375708 78327636    0    0 38192 24884 225021 1412960 29 52 18  0  0  0
267  0  68208 56938916 2375708 78327652    0    0 35280 23132 223190 1399965 29 52 18  0  0  0
31  0  68208 56952028 2375712 78327660    0    0 37008 24296 224652 1409953 29 53 18  0  0  0
485  0  68208 56989132 2375712 78327680    0    0 33664 20368 226256 1399416 29 53 18  0  0  0
635  0  68208 56979848 2375712 78328708    0    0 32928 19604 220542 1356795 28 51 20  0  0  0
410  0  68208 56985560 2375712 78329816    0    0 35856 20080 225892 1399932 29 53 18  0  0  0
41  0  68208 56966636 2375712 78329832    0    0 31136 19616 223816 1390699 29 53 18  0  0  0
 8  0  68208 56963592 2375712 78329840    0    0 27424 17248 222305 1389836 29 53 18  0  0  0
procs -----------memory---------- ---swap-- -----io---- -system-- -------cpu-------
 r  b   swpd   free   buff  cache   si   so    bi    bo   in   cs us sy id wa st gu
820  1  68208 56952692 2375712 78329868    0    0 27584 17396 220095 1374386 27 55 18  0  0  0
12  0  68208 56946152 2375712 78329888    0    0 23456 16548 219889 1376123 28 55 17  0  0  0
244  0  68208 56934180 2375716 78329900    0    0 24000 13716 219759 1379260 28 54 18  0  0  0
64  1  68208 56935296 2375716 78329932    0    0 26080 16232 221246 1381137 28 54 17  0  0  0
43  0  68208 56943484 2375716 78329932    0    0 25712 15128 220754 1380099 29 54 17  0  0  0
436  0  68208 56957256 2375716 78329952    0    0 24720 14856 219246 1366618 28 54 18  0  0  0
 8  0  68208 56958540 2375716 78329972    0    0 22640 15204 217497 1371611 28 54 18  0  0  0
70  2  68208 56952528 2375716 78330052    0    0 21776 12820 220155 1371783 28 55 17  0  0  0
1024  0  68208 56947856 2375716 78330080    0    0 23824 14192 218803 1364666 27 55 17  0  0  0
61  0  68208 56937824 2375716 78330088    0    0 22048 15616 218381 1369629 28 54 18  0  0  0
940  0  68208 56937748 2375716 78330100    0    0 23104 13076 218003 1371840 28 54 18  0  0  0
 9  0  68208 56926364 2375716 78330124    0    0 22368 14016 220365 1368565 28 55 17  0  0  0
146  0  68208 56929448 2375716 78332028    0    0 19632 12752 217239 1329533 27 54 19  0  0  0
90  2  68208 56934580 2375716 78332052    0    0 22160 13148 219552 1377021 29 54 17  0  0  0
 8  0  68208 56938288 2375716 78332056    0    0 22096 15572 217825 1361293 27 55 17  0  0  0
 7  0  68208 56926532 2375716 78332072    0    0 22064 13460 220688 1365374 28 55 17  0  0  0
1091  0  68208 56925956 2375716 78332096    0    0 23232 13832 219389 1370156 28 54 17  0  0  0
45  0  68208 56903540 2375716 78332124    0    0 20672 12028 219293 1365019 28 55 17  0  0  0
177  0  68208 56898504 2375716 78332136    0    0 23344 13752 217827 1363277 28 54 18  0  0  0
110  0  68208 56911224 2375716 78332160    0    0 23440 14740 214998 1313353 27 52 20  0  0  0
753  0  68208 56931232 2375716 78332224    0    0 23504 13856 218577 1359698 28 55 17  0  0  0
procs -----------memory---------- ---swap-- -----io---- -system-- -------cpu-------
 r  b   swpd   free   buff  cache   si   so    bi    bo   in   cs us sy id wa st gu
 8  0  68208 56923976 2375716 78332236    0    0 22192 13452 225150 1363167 28 54 17  0  0  0
229  0  68208 56935944 2375720 78332256    0    0 20896 12456 222927 1375940 28 54 17  0  0  0
465  0  68208 56937736 2375720 78332264    0    0 24672 13996 229085 1379930 28 54 18  0  0  0
630  0  68208 56922304 2375720 78332284    0    0 20736 13300 221472 1363646 28 55 17  0  0  0
164  0  68208 56903000 2375720 78332308    0    0 24192 13020 218432 1361239 29 54 18  0  0  0
608  0  68208 56908744 2375720 78332324    0    0 22640 14644 220381 1366442 28 55 17  0  0  0
 9  0  68208 56915252 2375720 78334196    0    0 21568 13376 219044 1329935 27 54 19  0  0  0
 3  0  68208 56905160 2375720 78334212    0    0 21216 13860 215182 1363357 28 54 18  0  0  0
382  0  68208 56911512 2375720 78334236    0    0 22912 14096 221150 1361890 29 54 17  0  0  0
1793  0  68208 56905920 2375720 78334252    0    0 22304 13452 219329 1359997 28 55 17  0  0  0
 6  2  68208 56903272 2375720 78334276    0    0 23040 14260 225930 1374052 28 54 17  0  0  0
25  2  68208 56893456 2375720 78334284    0    0 22432 12984 221755 1364471 28 55 17  0  0  0
157  0  68208 56899904 2375724 78334300    0    0 23392 14952 216781 1364821 28 55 17  0  0  0
661  0  68208 56884564 2375724 78334320    0    0 21648 13876 216398 1373469 27 55 18  0  0  0
 9  0  68208 56903216 2375724 78334344    0    0 22432 14664 217334 1362287 28 55 17  0  0  0
90  0  68208 56900344 2375724 78334360    0    0 21744 13848 217213 1359786 28 55 17  0  0  0
56  6  68208 56882492 2375724 78334376    0    0 22144 11260 217012 1355867 28 55 17  0  0  0
11  0  68208 56878504 2375724 78334396    0    0 19104 12816 218269 1359250 28 55 17  0  0  0
583  0  68208 56886212 2375724 78334416    0    0 21920 14380 218543 1364362 28 55 17  0  0  0
70  0  68208 56883832 2375724 78334432    0    0 23248 14344 219663 1369829 28 55 17  0  0  0
409  0  68208 56877000 2375724 78334444    0    0 22320 13704 219751 1370150 29 54 17  0  0  0
procs -----------memory---------- ---swap-- -----io---- -system-- -------cpu-------
 r  b   swpd   free   buff  cache   si   so    bi    bo   in   cs us sy id wa st gu
857  0  68208 56874648 2375724 78336400    0    0 22704 12748 215389 1331644 27 53 20  0  0  0
88  0  68208 56875100 2375724 78336412    0    0 23600 14624 218642 1365070 28 55 17  0  0  0
 6  0  68208 56875544 2375724 78336436    0    0 25296 16528 217148 1368545 28 54 17  0  0  0
898  0  68208 56872572 2375724 78336452    0    0 23152 16148 217470 1358915 28 54 18  0  0  0
 7  0  68208 56860104 2375724 78336468    0    0 21712 13944 217637 1362469 28 54 17  0  0  0
519  0  68208 56874872 2375724 78336484    0    0 23008 13720 218394 1363132 28 54 17  0  0  0
10  0  68208 56855680 2375724 78336512    0    0 24304 14976 216349 1362067 28 55 18  0  0  0
 5  0  68208 56855620 2375724 78336528    0    0 22272 13248 216100 1360889 29 54 17  0  0  0
529  0  68208 56866568 2375724 78336540    0    0 24960 13596 214100 1320618 27 52 21  0  0  0
 9  0  68208 56868276 2375724 78336604    0    0 22624 13664 219509 1363314 29 54 17  0  0  0
886  0  68208 56865108 2375724 78336628    0    0 22016 12988 217172 1362440 28 55 17  0  0  0
104  0  68208 56853480 2375724 78336648    0    0 22576 12520 218112 1364254 28 55 18  0  0  0
 8  0  68208 56841704 2375724 78336668    0    0 21776 12684 217245 1358495 28 55 17  0  0  0
132  0  68208 56851272 2375724 78336684    0    0 22992 14044 217423 1361352 28 55 17  0  0  0
529  1  68208 56853660 2375724 78336700    0    0 22032 13456 218426 1365000 28 55 17  0  0  0
211  0  68208 56844768 2375724 78338184    0    0 21600 13200 216708 1340983 27 54 19  0  0  0
86  8  68208 56835196 2375724 78338504    0    0 23856 14340 222038 1368361 28 55 17  0  0  0
1437  0  68208 56839480 2375724 78338524    0    0 24032 14352 224820 1380105 28 55 17  0  0  0
383  0  68208 56839336 2375724 78338532    0    0 23184 16220 220706 1370125 28 55 17  0  0  0
12  0  68208 56841740 2375724 78338548    0    0 22144 14728 218669 1366206 28 55 17  0  0  0
403  0  68208 56844156 2375724 78338568    0    0 22320 14368 218095 1358389 27 55 17  0  0  0
procs -----------memory---------- ---swap-- -----io---- -system-- -------cpu-------
 r  b   swpd   free   buff  cache   si   so    bi    bo   in   cs us sy id wa st gu
27  0  68208 56840820 2375724 78338584    0    0 21424 13060 219974 1363659 28 55 17  0  0  0
665  0  68208 56833092 2375724 78338608    0    0 25824 14956 220222 1362319 28 54 17  0  0  0
425  0  68208 56833860 2375724 78338628    0    0 25712 15812 218741 1364343 28 54 18  0  0  0
113  0  68208 56831436 2375724 78338644    0    0 22752 13372 218312 1366353 28 55 17  0  0  0
12  0  68208 56812768 2375724 78338732    0    0 24336 14852 217889 1370030 29 54 18  0  0  0
156  0  68208 56817548 2375724 78338752    0    0 25664 14468 220013 1372531 28 54 17  0  0  0
497  0  68208 56809984 2375724 78338764    0    0 22848 12832 222320 1368081 28 55 17  0  0  0
11  0  68208 56805520 2375724 78338780    0    0 25776 15036 221247 1365036 29 54 18  0  0  0
 6  0  68208 56810716 2375724 78338800    0    0 26464 16996 220234 1368841 28 54 18  0  0  0
377  0  68208 56835604 2375728 78340044    0    0 27312 16188 217576 1331337 27 53 19  0  0  0
352  0  68208 56831032 2375728 78340692    0    0 23264 15804 222379 1369145 28 54 18  0  0  0
14  0  68208 56814004 2375728 78340712    0    0 23856 13552 221703 1365472 28 55 17  0  0  0
327  0  68208 56807284 2375728 78340728    0    0 25136 15044 224433 1365166 28 54 17  0  0  0
10  0  68208 56795052 2375728 78340748    0    0 21728 15600 222533 1363570 28 54 18  0  0  0
33  0  68208 56806556 2375728 78340772    0    0 24928 14624 224234 1369262 29 54 17  0  0  0
 8  0  68208 56807824 2375728 78340776    0    0 27408 15496 223506 1374438 29 53 17  0  0  0
61  2  68208 56815000 2375728 78340796    0    0 26080 16104 225408 1368839 29 54 17  0  0  0
44  1  68208 56798020 2375728 78340820    0    0 26752 16748 224573 1364436 28 54 17  0  0  0
114  4  68208 56784648 2375728 78340840    0    0 26256 15824 215767 1309371 27 52 21  0  0  0
11  0  68208 56789824 2375728 78340912    0    0 26736 15668 226181 1374207 28 55 17  0  0  0
159  0  68208 56782860 2375728 78340932    0    0 24864 15160 222212 1370378 28 54 18  0  0  0
procs -----------memory---------- ---swap-- -----io---- -system-- -------cpu-------
 r  b   swpd   free   buff  cache   si   so    bi    bo   in   cs us sy id wa st gu
157  0  68208 56774092 2375728 78340952    0    0 29984 17896 225518 1370860 29 53 18  0  0  0
253  0  68208 56795120 2375728 78340972    0    0 26352 14548 223215 1373834 28 54 18  0  0  0
611  0  68208 56809700 2375728 78340996    0    0 26560 15428 225372 1379905 28 54 18  0  0  0
11  0  68208 56803272 2375732 78342516    0    0 26448 16284 221692 1354588 28 52 20  0  0  0
88  3  68208 56776700 2375732 78343040    0    0 31504 17972 223480 1378191 29 53 18  0  0  0
1109  0  68208 56778664 2375732 78343056    0    0 30912 19272 225286 1381728 28 54 18  0  0  0
 9  1  68208 56782696 2375732 78343084    0    0 29872 19232 224271 1383546 28 54 18  0  0  0
57  3  68208 56779940 2375732 78343100    0    0 35488 21776 222623 1391987 29 53 18  0  0  0
137  0  68208 56790172 2375732 78343124    0    0 35296 21044 225064 1387250 29 52 18  0  0  0
 5  0  68208 56773740 2375732 78343140    0    0 30320 16572 224327 1376449 29 53 18  0  0  0
609  0  68208 56766476 2375732 78343156    0    0 36272 21664 225347 1378913 29 53 18  0  0  0
30  0  68208 56768008 2375732 78343180    0    0 34256 21656 225935 1389475 29 53 18  0  0  0
396  0  68208 56753888 2375732 78343188    0    0 37312 22212 224840 1396557 29 53 18  0  0  0
651  0  68208 56750492 2375732 78343208    0    0 32048 20040 225864 1393209 29 53 18  0  0  0
73  9  68208 56775892 2375732 78343228    0    0 37248 22212 226715 1386944 29 53 18  0  0  0
 8  0  68208 56780656 2375732 78343248    0    0 39280 23880 225469 1388118 29 52 19  0  0  0
166  0  68208 56755276 2375732 78343268    0    0 39136 22480 226156 1393245 28 53 18  0  0  0
10  0  68208 56743240 2375732 78343284    0    0 40160 25212 227758 1396170 30 51 19  0  0  0
60  0  68208 56722236 2375732 78345324    0    0 42336 25792 223908 1358536 29 49 22  0  0  0
289  0  68208 56728944 2375732 78345596    0    0 42720 26560 227667 1395184 29 52 19  0  0  0
 5  0  68208 56744156 2375732 78345608    0    0 46128 27256 229473 1412613 29 52 19  0  0  0
procs -----------memory---------- ---swap-- -----io---- -system-- -------cpu-------
 r  b   swpd   free   buff  cache   si   so    bi    bo   in   cs us sy id wa st gu
564  0  68208 56757040 2375736 78345620    0    0 48272 27996 229790 1403981 31 50 19  0  0  0
10  0  68208 56739732 2375740 78345648    0    0 49136 30972 231348 1403669 29 51 20  0  0  0
98  0  68208 56738544 2375740 78345672    0    0 55696 33376 229379 1410374 30 50 20  0  0  0
34  1  68208 56728060 2375740 78345692    0    0 54016 32292 231137 1414557 32 48 20  0  0  0
11  0  68208 56736712 2375740 78345708    0    0 57088 34212 230838 1413915 31 49 20  0  0  0
241  0  68208 56722456 2375740 78345728    0    0 63696 39504 231664 1420448 33 47 20  0  0  0
132  0  68208 56719340 2375740 78345744    0    0 71040 44580 228661 1446844 33 46 21  0  0  0
106  0  68208 56709088 2375740 78345772    0    0 78032 44840 228210 1408335 32 44 24  0  0  0
124  2  68208 56720596 2375740 78345856    0    0 95024 51960 240521 1474268 33 44 22  0  0  0
69  2  68208 56710864 2375740 78345880    0    0 125664 73536 228255 1533765 37 40 23  0  0  0
76  1  68208 56650828 2375740 78345904    0    0 147376 104172 231831 1538886 36 41 23  1  0  0
70  1  68208 56638292 2375740 78345928    0    0 133200 83524 231125 1526460 35 42 23  0  0  0
44  4  68208 56646444 2375740 78347972    0    0 116400 136364 237945 1482741 34 42 23  0  0  0
41  1  68208 56655240 2375740 78348444    0    0 87904 51044 227200 1458711 32 46 22  0  0  0
41  3  68208 56641576 2375740 78348468    0    0 95856 58412 228375 1483283 33 45 22  0  0  0
37  0  68208 56640576 2375740 78348480    0    0 106880 62236 226878 1494426 34 43 23  0  0  0
65  1  68208 56609708 2375740 78348496    0    0 150272 95672 229294 1554098 37 39 24  1  0  0
169  0  68208 56642504 2375740 78348524    0    0 106576 68736 238800 1561635 35 43 22  0  0  0
77  2  68208 56605928 2375740 78348548    0    0 79184 53288 227862 1484717 33 45 22  0  0  0
34  3  68208 56586820 2375740 78348564    0    0 85584 54988 231696 1507446 34 45 21  0  0  0
523  0  68208 56630640 2375740 78348572    0    0 77152 52332 232716 1476330 32 46 21  0  0  0
procs -----------memory---------- ---swap-- -----io---- -system-- -------cpu-------
 r  b   swpd   free   buff  cache   si   so    bi    bo   in   cs us sy id wa st gu
112  0  68208 56604264 2375740 78348600    0    0 66384 45828 231610 1452170 31 48 21  0  0  0
154  0  68208 56589752 2375744 78348684    0    0 59344 40664 229121 1448976 32 47 20  0  0  0
104  1  68208 56595616 2375744 78348708    0    0 59200 40508 229639 1434697 30 49 21  0  0  0
42  6  68208 56598664 2375748 78348716    0    0 60144 39432 239741 1444738 31 47 21  0  0  0
86  1  68208 56602552 2375748 78348732    0    0 63776 42328 228116 1432644 32 47 21  0  0  0
118  0  68208 56583252 2375748 78348752    0    0 61072 41292 225948 1445180 32 46 22  0  0  0
73  0  68208 56569316 2375748 78350292    0    0 66704 40976 220817 1410300 32 45 23  0  0  0
78  0  68208 56583400 2375748 78351276    0    0 77040 48424 222680 1452328 33 45 22  0  0  0
13  2  68208 56556184 2375748 78351284    0    0 89360 60908 221903 1470343 32 45 23  0  0  0
94  3  68208 56545080 2375748 78351304    0    0 170880 105916 231732 1531787 37 39 23  1  0  0
127  5  68208 56485324 2375748 78351324    0    0 636912 444900 352711 1869205 53 27 17  2  0  0
240  0  68208 56500684 2375748 78351352    0    0 247984 176924 282692 1667627 40 39 20  1  0  0
32  1  68208 56477164 2375748 78351360    0    0 114400 112620 246899 1509198 36 42 21  0  0  0
69  2  68208 56490960 2375748 78351380    0    0 113232 115480 246491 1519948 35 42 22  0  0  0
104  2  68208 56500296 2375748 78351400    0    0 134064 89252 244285 1524878 37 40 22  0  0  0
44  1  68208 56483232 2375748 78351420    0    0 178064 122524 250073 1569665 40 37 23  1  0  0
143  1  68208 56448408 2375748 78351444    0    0 228752 165232 287488 1719782 43 35 21  1  0  0
36  3  68208 56435204 2375748 78351472    0    0 53424 45352 242905 1430013 31 47 21  0  0  0
362  0  68208 56448524 2375748 78351484    0    0 45824 27208 222774 1350560 29 48 23  0  0  0
 4  0  68208 56471900 2375748 78351500    0    0 47760 28644 224516 1358554 28 49 23  0  0  0
129  2  68208 56469312 2375748 78351508    0    0 45984 28324 224015 1340497 29 48 23  0  0  0
procs -----------memory---------- ---swap-- -----io---- -system-- -------cpu-------
 r  b   swpd   free   buff  cache   si   so    bi    bo   in   cs us sy id wa st gu
760  0  68208 56461260 2375752 78351528    0    0 47504 27068 223385 1357343 29 49 22  0  0  0
 2  0  68208 56456332 2375752 78351560    0    0 45232 25280 225389 1401363 30 50 20  0  0  0
 4  0  68208 56453764 2375752 78351580    0    0 43424 25444 225059 1386045 29 49 21  0  0  0
69  4  68208 56444664 2375752 78351600    0    0 45392 27588 221628 1355869 29 48 23  0  0  0
67  0  68208 56441836 2375752 78351624    0    0 49024 29600 223689 1364839 29 49 22  0  0  0
 9  0  68208 56434160 2375752 78351652    0    0 45968 27292 222617 1368859 29 48 22  0  0  0
143  0  68208 56432044 2375752 78351668    0    0 48192 27720 226122 1387685 29 49 22  0  0  0
 9  0  68208 56443088 2375752 78351680    0    0 58256 34192 226095 1388332 29 48 23  0  0  0
93  0  68208 56428720 2375752 78351700    0    0 60160 41740 225053 1381275 29 47 23  0  0  0
328  0  68208 56410356 2375752 78351724    0    0 62080 34976 226570 1391088 29 48 23  0  0  0
42  2  68208 56428492 2375756 78351748    0    0 60320 36944 224942 1396997 30 46 23  0  0  0
10  1  68208 56425480 2375756 78351784    0    0 62304 34956 232311 1393433 30 47 23  0  0  0
 9  0  68208 56415896 2375756 78351800    0    0 60912 35980 223987 1391990 30 46 24  0  0  0
 6  0  68208 56415736 2375756 78351816    0    0 71776 39008 222101 1396884 31 44 24  0  0  0
89  1  68208 56394980 2375756 78351840    0    0 70016 42992 222642 1390103 31 44 25  0  0  0
37  0  68208 56404656 2375756 78351844    0    0 80704 47148 226524 1413799 32 43 25  0  0  0
135  0  68208 56394004 2375756 78351856    0    0 91440 54068 224640 1436799 32 42 25  0  0  0
86  3  68208 56373096 2375756 78351876    0    0 98832 58264 224292 1436561 32 43 25  0  0  0
12  0  68208 56383816 2375756 78351900    0    0 105648 61240 219380 1443761 33 41 26  0  0  0
142  4  68208 56371412 2375756 78351912    0    0 122304 69268 226247 1451624 33 40 27  0  0  0
114  6  68208 56357428 2375756 78351932    0    0 160448 89620 219359 1485317 36 36 28  1  0  0
procs -----------memory---------- ---swap-- -----io---- -system-- -------cpu-------
 r  b   swpd   free   buff  cache   si   so    bi    bo   in   cs us sy id wa st gu
45  0  68208 56345600 2375756 78351960    0    0 157120 118672 256844 1567552 38 35 26  1  0  0
451  0  68208 56329144 2375756 78351980    0    0 75152 46516 230547 1402428 31 44 24  0  0  0
 5  1  68208 56337944 2375756 78352000    0    0 66512 37520 226602 1390536 30 46 24  0  0  0
12  0  68208 56326484 2375756 78352008    0    0 59360 36772 233506 1386138 30 46 23  0  0  0
10  0  68208 56346216 2375760 78352020    0    0 58608 32884 224436 1384928 30 46 23  0  0  0
128  1  68208 56346740 2375760 78352048    0    0 59056 34884 224738 1385980 30 46 24  0  0  0
291  0  68208 56332524 2375760 78352064    0    0 58992 34204 223962 1377798 30 46 24  0  0  0
35 13  68208 56318832 2375760 78352084    0    0 64480 38684 225644 1397636 31 44 25  0  0  0
 2  0  68208 56285520 2375760 78352100    0    0 73040 48716 229735 1449887 32 46 22  0  0  0
266  2  68208 56549184 2375760 78352060    0    0 96064 111488 620838 1704844 36 40 24  0  0  0
41  3  68208 57267928 2375760 78351980    0    0 207120 379224 2502038 1897835 32 35 32  1  0  0
 7  3  68208 61506692 2375760 78351992    0    0 180528 321064 972825 903573 11 21 65  2  0  0
