procs -----------memory---------- ---swap-- -----io---- -system-- -------cpu-------
 r  b   swpd   free   buff  cache   si   so    bi    bo   in   cs us sy id wa st gu
 4  1  68208 100689824 2317652 75452988   27   35 219731 229197 53431   41 21  4 72  3  0  0
46 45  68208 100527356 2317656 75453072    0    0 641616 561520 309266 698727 15 11 62 12  0  0
40 46  68208 100501616 2317656 75453080    0    0 1621504 878112 452753 1601168 46 15 14 26  0  0
64 29  68208 100482648 2317656 75453092    0    0 1471344 1149116 439034 1548780 42 14 15 29  0  0
66 37  68208 100482808 2317656 75453116    0    0 1583024 949732 443900 1618030 45 15 14 27  0  0
40 53  68208 100476180 2317664 75453124    0    0 1588720 886608 440919 1634086 46 14 14 25  0  0
43 50  68208 100481052 2317664 75453160    0    0 1551520 891440 429447 1570456 43 13 15 28  0  0
29 54  68208 100479044 2317664 75453176    0    0 1588752 900488 436765 1609362 44 14 15 28  0  0
36 54  68208 100481972 2317664 75453192    0    0 1616160 920080 441022 1628441 45 12 15 28  0  0
70 33  68208 100478212 2317664 75453200    0    0 1608608 922380 439967 1633029 46 14 14 26  0  0
33 58  68208 100468136 2317664 75453216    0    0 1592896 919520 436674 1601527 44 14 14 27  0  0
42 41  68208 100466400 2317664 75453244    0    0 1490800 907996 421095 1485592 41 13 15 32  0  0
43 45  68208 100470696 2317664 75453260    0    0 1483936 1025756 424188 1524597 41 13 15 31  0  0
41 51  68208 100464104 2317664 75453276    0    0 1533616 1001244 434156 1597388 44 14 15 27  0  0
33 56  68208 100460376 2317664 75453300    0    0 1555280 989476 434102 1600954 44 14 15 27  0  0
37 50  68208 100462804 2317664 75453312    0    0 1560336 1001016 441240 1598347 44 13 15 28  0  0
41 45  68208 100456324 2317664 75453344    0    0 1509392 981552 432135 1566047 43 12 16 29  0  0
67 32  68208 100450980 2317664 75453356    0    0 1510480 1002076 437287 1563590 42 14 15 29  0  0
54 39  68208 100441184 2317664 75453372    0    0 1548688 1018132 444865 1583586 43 14 15 28  0  0
44 50  68208 100351952 2317664 75453388    0    0 1538688 1026220 482102 1581743 43 14 15 28  0  0
52 36  68208 100357132 2317668 75453408    0    0 1498928 1012740 427477 1547806 42 13 15 29  0  0
procs -----------memory---------- ---swap-- -----io---- -system-- -------cpu-------
 r  b   swpd   free   buff  cache   si   so    bi    bo   in   cs us sy id wa st gu
59 30  68208 100391624 2317668 75453432    0    0 1432128 983760 420199 1466471 39 12 16 32  0  0
41 51  68208 100392556 2317668 75453448    0    0 1456720 991052 419564 1495031 39 13 15 32  0  0
29 56  68208 100412772 2317668 75453464    0    0 1544768 1028688 439527 1570766 42 13 15 30  0  0
45 47  68208 100413908 2317668 75453472    0    0 1546784 1032200 438569 1628477 45 14 14 27  0  0
28 62  68208 100407712 2317668 75453492    0    0 1586320 1061628 445858 1640909 45 15 14 27  0  0
42 48  68208 100406132 2317668 75453516    0    0 1537504 1032812 438771 1584119 43 14 15 28  0  0
48 15  68208 100414240 2317668 75453540    0    0 1548976 1046616 444744 1626064 45 14 14 27  0  0
25 61  68208 100402568 2317668 75453560    0    0 1577440 1063588 446315 1638224 45 15 14 27  0  0
27 63  68208 100392580 2317668 75453580    0    0 1581440 1058620 446964 1621314 45 14 14 27  0  0
25 61  68208 100387940 2317672 75453592    0    0 1459280 984636 428664 1486551 40 13 15 32  0  0
47 40  68208 100392112 2317672 75453616    0    0 1535616 1028392 445309 1571122 42 13 15 30  0  0
50 38  68208 100386664 2317672 75453632    0    0 1592496 1072916 450997 1647570 45 14 14 27  0  0
63 22  68208 100386836 2317672 75453656    0    0 1584256 1087316 445315 1634549 45 14 14 27  0  0
90 17  68208 100373576 2317672 75453680    0    0 1591760 1071336 447859 1635295 44 15 14 27  0  0
51 47  68208 100367656 2317676 75453692    0    0 1536480 1056644 445367 1588771 43 14 15 28  0  0
30 59  68208 100362564 2317676 75453712    0    0 1543296 1064332 446728 1625412 44 14 14 27  0  0
43 49  68208 100364588 2317676 75453728    0    0 1569376 1091268 449995 1635591 45 15 14 27  0  0
35 40  68208 100365656 2317676 75453748    0    0 1599616 1069012 451960 1640433 45 15 14 27  0  0
20 66  68208 100327760 2317676 75453768    0    0 1436816 986736 458568 1456499 39 11 16 34  0  0
44 49  68208 100347320 2317680 75453776    0    0 1531472 1058856 446241 1584174 43 14 14 29  0  0
28 61  68208 100334400 2317680 75453796    0    0 1573344 1099188 447343 1641423 45 15 14 27  0  0
procs -----------memory---------- ---swap-- -----io---- -system-- -------cpu-------
 r  b   swpd   free   buff  cache   si   so    bi    bo   in   cs us sy id wa st gu
51 42  68208 100359060 2317680 75453816    0    0 1577648 1084744 450771 1653984 45 15 14 26  0  0
26 68  68208 100365032 2317680 75453836    0    0 1585520 1054992 452074 1643801 45 15 14 26  0  0
23 70  68208 100354572 2317680 75453856    0    0 1539408 1064516 444349 1596262 43 14 14 28  0  0
25 62  68208 100354860 2317680 75453872    0    0 1557520 1055772 447889 1609938 44 14 14 28  0  0
31 60  68208 100377228 2317680 75453888    0    0 1586464 1081504 451132 1633959 44 14 14 27  0  0
22 63  68208 100375672 2317680 75453908    0    0 1575168 1100788 450176 1631032 44 13 14 28  0  0
26 58  68208 100367148 2317680 75453920    0    0 1477936 1011860 431533 1519049 41 13 15 31  0  0
29 60  68208 100361716 2317680 75453940    0    0 1504752 1044588 435209 1542612 42 13 15 30  0  0
54 40  68208 100347896 2317680 75453964    0    0 1539248 1065240 443660 1595870 43 14 14 28  0  0
27 61  68208 100351148 2317684 75453980    0    0 1573440 1090444 449573 1640287 45 14 14 27  0  0
36 55  68208 100355696 2317684 75454000    0    0 1574240 1102260 450126 1631370 44 14 14 27  0  0
41 19  68208 100361436 2317684 75454020    0    0 1544480 1063840 448214 1613983 44 14 14 27  0  0
73 32  68208 100363860 2317684 75454032    0    0 1522672 1066140 445859 1595205 43 14 15 29  0  0
64 38  68208 100352796 2317684 75454044    0    0 1574560 1090244 451359 1635528 44 13 15 28  0  0
29 61  68208 100367480 2317684 75454060    0    0 1584144 1098712 451576 1642330 45 15 14 27  0  0
16 71  68208 100353736 2317684 75454148    0    0 1483616 1013008 433771 1516710 41 13 15 31  0  0
53 43  68208 100349248 2317684 75454168    0    0 1463216 1015176 430202 1500953 40 13 15 32  0  0
44 57  68208 100351280 2317684 75454188    0    0 1505712 1049040 440389 1575745 43 14 15 28  0  0
73 30  68208 100337576 2317684 75454200    0    0 1521152 1077616 444041 1651470 46 15 14 25  0  0
30 59  68208 100348368 2317684 75454228    0    0 1599088 1105384 454634 1647651 45 14 14 27  0  0
66 12  68208 100358816 2317684 75454256    0    0 1556224 1079472 450146 1610630 43 13 15 29  0  0
procs -----------memory---------- ---swap-- -----io---- -system-- -------cpu-------
 r  b   swpd   free   buff  cache   si   so    bi    bo   in   cs us sy id wa st gu
55 12  68208 100343928 2317684 75454268    0    0 1506896 1057840 437649 1569895 43 13 15 29  0  0
61 13  68208 100345628 2317684 75454288    0    0 1573760 1085532 449365 1636511 45 15 14 27  0  0
24 60  68208 100352396 2317688 75454300    0    0 1535840 1083944 443913 1600517 44 14 14 28  0  0
40 54  68208 100342480 2317688 75454324    0    0 1491680 1020228 436226 1531156 42 13 15 31  0  0
42 46  68208 100342428 2317688 75454352    0    0 1473264 1023080 433171 1511404 41 13 15 31  0  0
43 46  68208 100340128 2317688 75454368    0    0 1510176 1068208 440268 1566241 43 14 15 29  0  0
50 33  68208 100315816 2317688 75454384    0    0 1576288 1087548 450470 1647314 45 15 14 26  0  0
37 49  68208 100330140 2317688 75454400    0    0 1525680 1067728 446753 1662141 45 14 15 26  0  0
46 52  68208 100331444 2317688 75454412    0    0 1547104 1085872 442098 1607890 44 14 14 28  0  0
43 49  68208 100343864 2317688 75454428    0    0 1514416 1050288 438529 1585615 43 14 15 28  0  0
35 55  68208 100350092 2317688 75454448    0    0 1569984 1091460 449033 1636699 44 14 14 27  0  0
59 28  68208 100329108 2317688 75454464    0    0 1561744 1081296 448330 1591253 43 14 14 28  0  0
60 20  68208 100325504 2317688 75454480    0    0 1462128 1013320 431289 1489945 40 13 15 32  0  0
59 33  68208 100331192 2317688 75454500    0    0 1539728 1045220 445347 1582661 43 14 14 29  0  0
57 15  68208 100341572 2317688 75454520    0    0 1591248 1099080 452563 1638461 45 14 14 27  0  0
38 52  68208 100345544 2317688 75454544    0    0 1594688 1110760 454015 1641937 44 13 14 28  0  0
46 47  68208 100343696 2317688 75454552    0    0 1569088 1102172 445783 1626180 45 14 14 27  0  0
34 57  68208 100333476 2317688 75454568    0    0 1557648 1093164 445850 1613793 44 15 14 28  0  0
45 46  68208 100321920 2317692 75454584    0    0 1544256 1070068 441151 1572975 42 14 15 29  0  0
34 59  68208 100305868 2317692 75454604    0    0 1450240 1029700 423977 1489236 40 13 16 32  0  0
36 54  68208 100324324 2317692 75454628    0    0 1502560 1040028 439040 1532459 42 13 15 30  0  0
procs -----------memory---------- ---swap-- -----io---- -system-- -------cpu-------
 r  b   swpd   free   buff  cache   si   so    bi    bo   in   cs us sy id wa st gu
53 37  68208 100320180 2317692 75454644    0    0 1460848 1025444 431043 1509536 41 13 15 31  0  0
58 33  68208 100336520 2317692 75454660    0    0 1472752 1022028 431185 1502888 40 13 15 32  0  0
42 39  68208 100344984 2317692 75454680    0    0 1501280 1043984 435304 1538697 41 12 15 31  0  0
42 49  68208 100334760 2317692 75454688    0    0 1571152 1118256 446241 1626709 44 14 14 28  0  0
43 17  68208 100321744 2317692 75454708    0    0 1567936 1091888 450433 1632758 44 15 14 27  0  0
36 55  68208 100315528 2317692 75454724    0    0 1573568 1090492 447745 1617988 44 14 14 28  0  0
30 60  68208 100314752 2317692 75454740    0    0 1546464 1086780 443393 1590991 43 14 14 29  0  0
63 24  68208 100311960 2317692 75454760    0    0 1516096 1043296 439736 1551254 42 13 15 30  0  0
32 55  68208 100308816 2317692 75454776    0    0 1507232 1051704 440183 1565344 42 13 15 29  0  0
50 45  68208 100325300 2317692 75454804    0    0 1480128 1030040 435545 1515642 40 12 15 32  0  0
48 42  68208 100327460 2317692 75454816    0    0 1468128 1017012 431932 1506785 41 12 15 32  0  0
63 15  68208 100319920 2317692 75454832    0    0 1527488 1033020 437181 1570788 43 14 15 29  0  0
25 65  68208 100316708 2317692 75454852    0    0 1587072 1106204 448903 1647104 45 15 14 27  0  0
33 54  68208 100314976 2317692 75454872    0    0 1585424 1102448 449038 1640521 45 14 14 27  0  0
56 39  68208 100310300 2317692 75454896    0    0 1533264 1089196 443103 1607549 43 14 15 28  0  0
56 24  68208 100313364 2317692 75454908    0    0 1529616 1063552 438351 1572104 42 14 15 29  0  0
57 33  68208 100306716 2317692 75454932    0    0 1478464 1032212 430604 1516409 40 13 15 31  0  0
37 52  68208 100320660 2317692 75454952    0    0 1511792 1066152 438270 1538708 41 12 15 31  0  0
56 30  68208 100318088 2317692 75454964    0    0 1474672 1023076 431045 1505432 41 12 15 32  0  0
48 49  68208 100312068 2317692 75454980    0    0 1486592 1055028 433537 1540848 42 13 15 30  0  0
35 57  68208 100306672 2317692 75455004    0    0 1580272 1097280 450937 1641207 45 15 14 27  0  0
procs -----------memory---------- ---swap-- -----io---- -system-- -------cpu-------
 r  b   swpd   free   buff  cache   si   so    bi    bo   in   cs us sy id wa st gu
32 53  68208 100325856 2317692 75455020    0    0 1582240 1104224 448070 1640843 45 14 14 27  0  0
68 20  68208 100322472 2317692 75455032    0    0 1576736 1103132 451688 1626143 44 14 14 27  0  0
35 55  68208 100303264 2317692 75455052    0    0 1562032 1094976 449787 1613539 44 14 14 28  0  0
75 19  68208 100319084 2317692 75455076    0    0 1523824 1063624 441567 1582519 43 14 15 29  0  0
34 56  68208 100323928 2317692 75455100    0    0 1446016 1022764 425220 1475928 39 11 16 34  0  0
50 44  68208 100317436 2317692 75455112    0    0 1515280 1045364 439836 1555180 43 13 15 30  0  0
36 54  68208 100320288 2317692 75455128    0    0 1451504 1014024 432840 1523194 41 13 15 30  0  0
54 41  68208 100298032 2317692 75455148    0    0 1455056 1011484 427261 1489312 40 13 16 32  0  0
43 46  68208 100306244 2317692 75455164    0    0 1534736 1070032 445728 1586016 43 14 14 28  0  0
45 46  68208 100307792 2317692 75455188    0    0 1579712 1072028 450383 1637965 45 15 14 26  0  0
71 23  68208 100307828 2317692 75455212    0    0 1564848 1083684 446324 1629698 44 15 14 27  0  0
40 47  68208 100319984 2317692 75455228    0    0 1563808 1090876 447409 1606615 43 14 14 28  0  0
51 42  68208 100315692 2317692 75455316    0    0 1526736 1084304 438030 1573879 42 12 15 31  0  0
40 50  68208 100317120 2317692 75455332    0    0 1524672 1062356 441060 1567975 42 14 15 29  0  0
39 53  68208 100306200 2317692 75455348    0    0 1431744 995500 423878 1460150 39 13 15 33  0  0
30 55  68208 100299472 2317692 75455364    0    0 1444560 1024112 426638 1485847 40 13 15 32  0  0
36 57  68208 100308868 2317692 75455384    0    0 1502384 1037364 438028 1551832 42 14 15 30  0  0
64 20  68208 100308252 2317692 75455400    0    0 1578496 1115824 445524 1633275 44 14 14 28  0  0
65 22  68208 100310196 2317692 75455416    0    0 1585136 1107032 450761 1645563 44 15 14 27  0  0
55 30  68208 100326420 2317692 75455440    0    0 1572576 1092564 449790 1645592 45 14 14 27  0  0
31 54  68208 100313964 2317692 75455456    0    0 1528432 1087064 438956 1597200 42 13 15 30  0  0
procs -----------memory---------- ---swap-- -----io---- -system-- -------cpu-------
 r  b   swpd   free   buff  cache   si   so    bi    bo   in   cs us sy id wa st gu
56 29  68208 100298588 2317692 75455464    0    0 1530720 1060864 438741 1589819 43 14 15 28  0  0
51 37  68208 100299408 2317692 75455484    0    0 1510304 1042144 435535 1545068 41 13 15 30  0  0
46 41  68208 100283628 2317692 75455512    0    0 1479040 1048596 430059 1509647 41 13 15 31  0  0
30 58  68208 100291212 2317692 75455528    0    0 1396848 964232 412116 1408517 38 12 16 34  0  0
45 43  68208 100291524 2317692 75455544    0    0 1511360 1048560 443702 1565215 42 14 15 29  0  0
53 42  68208 100306688 2317692 75455560    0    0 1558832 1086016 448620 1636298 45 14 14 27  0  0
36 52  68208 100314012 2317692 75455580    0    0 1601456 1119800 454001 1639266 44 14 14 28  0  0
40 46  68208 100317128 2317692 75455596    0    0 1580080 1068584 448305 1644202 45 14 14 27  0  0
48 45  68208 100306292 2317696 75455608    0    0 1538096 1079088 449613 1614407 44 14 14 27  0  0
38 52  68208 100299804 2317696 75455628    0    0 1524656 1057872 442500 1577469 43 14 15 29  0  0
55 26  68208 100292220 2317696 75455648    0    0 1506672 1061704 436997 1540361 42 13 15 30  0  0
40 50  68208 100290444 2317696 75455676    0    0 1477168 1035400 433487 1518853 41 13 15 31  0  0
49 45  68208 100283684 2317696 75455692    0    0 1403728 965168 414044 1403277 37 12 16 35  0  0
41 53  68208 100287628 2317696 75455712    0    0 1500960 1062408 438222 1554520 42 14 15 29  0  0
46 46  68208 100308996 2317696 75455728    0    0 1563984 1088932 456546 1631681 45 13 15 28  0  0
36 52  68208 100290088 2317696 75455740    0    0 1589152 1106600 453935 1644268 45 14 14 27  0  0
41 51  68208 100287852 2317696 75455764    0    0 1557984 1100660 446019 1628663 45 15 14 27  0  0
57 35  68208 100296592 2317696 75455784    0    0 1551408 1083840 444131 1604235 43 14 15 28  0  0
35 56  68208 100309292 2317696 75455796    0    0 1502208 1068244 437486 1568794 43 14 15 28  0  0
41 52  68208 100297672 2317696 75455816    0    0 1493600 1036416 438114 1536055 41 13 15 30  0  0
48 43  68208 100295524 2317700 75455832    0    0 1469648 1021476 430953 1510274 41 13 15 31  0  0
procs -----------memory---------- ---swap-- -----io---- -system-- -------cpu-------
 r  b   swpd   free   buff  cache   si   so    bi    bo   in   cs us sy id wa st gu
43 52  68208 100287256 2317700 75455852    0    0 1394848 979456 414131 1401110 37 12 16 35  0  0
34 59  68208 100296408 2317700 75455872    0    0 1538752 1066552 447282 1584743 42 12 15 30  0  0
56 15  68208 100286920 2317700 75455884    0    0 1572896 1091612 448062 1636152 45 14 14 27  0  0
42 52  68208 100293348 2317700 75455904    0    0 1582320 1096208 449031 1646964 45 15 14 27  0  0
26 62  68208 100288624 2317700 75455920    0    0 1568432 1089736 445489 1648612 45 15 14 26  0  0
24 53  68208 100289892 2317700 75455936    0    0 1587520 1039940 444081 1649182 45 14 14 26  0  0
14 76  68208 100285368 2317700 75455960    0    0 1458896 994740 424285 1506162 40 13 15 31  0  0
22 69  68208 100267280 2317700 75455984    0    0 1363712 961208 408264 1398192 37 12 16 35  0  0
21 67  68208 100283244 2317700 75456004    0    0 1378752 962476 405182 1378449 36 11 17 36  0  0
26 68  68208 100282716 2317700 75456024    0    0 1449072 996724 423915 1478568 40 11 16 33  0  0
41 55  68208 100287488 2317700 75456028    0    0 1428576 996028 418635 1456747 39 13 16 33  0  0
20 58  68208 100288516 2317700 75456052    0    0 1409856 999104 416522 1437670 38 12 16 34  0  0
39 51  68208 100287532 2317700 75456080    0    0 1448496 999372 424016 1480606 39 13 16 32  0  0
44 44  68208 100286060 2317708 75456096    0    0 1414528 976920 422951 1466383 39 12 16 32  0  0
42 49  68208 100280260 2317708 75456120    0    0 1409552 998380 418655 1440283 38 12 16 33  0  0
21 69  68208 100301084 2317708 75456140    0    0 1406640 978784 418784 1436861 38 12 16 34  0  0
32 54  68208 100286948 2317708 75456156    0    0 1375600 970852 409604 1398905 36 11 17 36  0  0
38 51  68208 100268456 2317708 75456168    0    0 1363760 963208 399956 1356729 36 10 17 37  0  0
58 37  68208 100271072 2317712 75456192    0    0 1407168 976964 414530 1428758 38 12 16 34  0  0
53 31  68208 100270136 2317712 75456212    0    0 1422112 990936 419581 1458418 39 12 15 33  0  0
57 35  68208 100262828 2317712 75456228    0    0 1398912 995880 418638 1412145 37 12 16 35  0  0
procs -----------memory---------- ---swap-- -----io---- -system-- -------cpu-------
 r  b   swpd   free   buff  cache   si   so    bi    bo   in   cs us sy id wa st gu
78 26  68208 100267944 2317712 75456244    0    0 1433424 997004 420334 1469729 39 12 16 32  0  0
25 63  68208 100271784 2317712 75456260    0    0 1432272 997260 422573 1466210 39 13 16 32  0  0
44 47  68208 100263488 2317712 75456284    0    0 1478032 1054556 432979 1533145 41 13 15 30  0  0
34 54  68208 100271512 2317712 75456300    0    0 1482528 1030220 433506 1532743 41 12 16 31  0  0
43 48  68208 100282108 2317712 75456320    0    0 1455360 1010980 430088 1486536 40 12 15 32  0  0
47 44  68208 100282680 2317712 75456328    0    0 1418512 970384 418556 1428170 38 12 16 34  0  0
47 44  68208 100273004 2317712 75456344    0    0 1434688 977756 424185 1451125 39 13 16 33  0  0
71 26  68208 100279324 2317712 75456364    0    0 1462128 1018064 431940 1511480 41 13 15 31  0  0
47 41  68208 100277912 2317712 75456380    0    0 1459584 1021448 426567 1477582 39 13 15 32  0  0
55 36  68208 100275676 2317716 75456460    0    0 1530224 1068096 440031 1565952 42 14 15 29  0  0
54 41  68208 100276884 2317716 75456488    0    0 1539952 1076040 442536 1582234 43 14 15 29  0  0
48 45  68208 100272700 2317716 75456500    0    0 1546256 1077576 444635 1594878 43 12 15 30  0  0
40 51  68208 100269656 2317716 75456520    0    0 1548416 1069528 442614 1579359 42 14 15 29  0  0
37 52  68208 100263744 2317716 75456536    0    0 1484768 1055452 430274 1531889 41 13 15 31  0  0
44 46  68208 100273280 2317716 75456556    0    0 1427232 988036 420743 1457846 39 13 16 33  0  0
35 58  68208 100276404 2317716 75456584    0    0 1453840 1010404 426837 1489499 40 13 15 32  0  0
33 54  68208 100276404 2317716 75456604    0    0 1529648 1090352 440692 1584714 43 14 15 29  0  0
41 52  68208 100267172 2317716 75456624    0    0 1529536 1060252 443733 1600685 43 14 15 28  0  0
88 19  68208 100290856 2317716 75456640    0    0 1515552 1050044 438665 1577036 43 13 15 29  0  0
53 40  68208 100289092 2317716 75456652    0    0 1543184 1085520 440728 1578735 42 12 15 31  0  0
27 62  68208 100285752 2317716 75456668    0    0 1540656 1068908 442628 1593460 43 14 14 28  0  0
procs -----------memory---------- ---swap-- -----io---- -system-- -------cpu-------
 r  b   swpd   free   buff  cache   si   so    bi    bo   in   cs us sy id wa st gu
44 47  68208 100280588 2317716 75456696    0    0 1523840 1073008 436833 1568018 42 14 15 29  0  0
51 33  68208 100273596 2317716 75456712    0    0 1503440 1056332 437828 1553394 41 14 15 30  0  0
37 54  68208 100275020 2317716 75456728    0    0 1415152 994876 421887 1447558 38 12 16 33  0  0
42 48  68208 100265664 2317720 75456740    0    0 1433888 995380 421514 1461715 39 13 16 33  0  0
38 53  68208 100276820 2317720 75456756    0    0 1547760 1055072 443810 1585892 43 14 14 28  0  0
50 40  68208 100277636 2317720 75456784    0    0 1528064 1062080 443397 1568982 42 13 15 30  0  0
62 25  68208 100280488 2317720 75456800    0    0 1520880 1062884 441213 1574243 42 13 15 30  0  0
56 48  68208 100273820 2317724 75456820    0    0 1517120 1070024 442384 1591406 43 14 15 28  0  0
40 54  68208 100267568 2317728 75456832    0    0 1538736 1066144 443234 1588809 43 14 15 28  0  0
31 60  68208 100264944 2317728 75456856    0    0 1514384 1073540 441951 1577328 43 14 15 29  0  0
37 55  68208 100262176 2317728 75456876    0    0 1507504 1044576 437968 1559000 42 13 15 30  0  0
28 60  68208 100254148 2317728 75456892    0    0 1444400 1017812 426197 1484710 40 13 16 32  0  0
21 65  68208 100260188 2317728 75456916    0    0 1411088 982672 422401 1448542 39 12 16 33  0  0
37 54  68208 100270204 2317732 75456924    0    0 1531344 1068204 441014 1577416 42 13 15 30  0  0
38 55  68208 100281576 2317732 75456948    0    0 1515408 1075280 438163 1562829 42 13 15 30  0  0
49 42  68208 100286416 2317732 75456964    0    0 1511376 1053560 442627 1575947 43 14 15 29  0  0
43 46  68208 100267948 2317732 75456984    0    0 1546896 1084484 446591 1582945 43 14 15 29  0  0
34 58  68208 100265644 2317732 75457004    0    0 1530352 1084996 443037 1580415 43 14 15 29  0  0
53 36  68208 100258816 2317732 75457024    0    0 1550032 1078232 443664 1592400 43 14 14 29  0  0
34 53  68208 100270252 2317732 75457040    0    0 1510048 1066960 441137 1564576 42 14 15 29  0  0
42 45  68208 100258332 2317732 75457068    0    0 1444208 1019208 429596 1494421 40 13 15 31  0  0
procs -----------memory---------- ---swap-- -----io---- -system-- -------cpu-------
 r  b   swpd   free   buff  cache   si   so    bi    bo   in   cs us sy id wa st gu
43 43  68208 100265124 2317732 75457076    0    0 1422624 986928 422943 1448908 38 11 17 35  0  0
40 52  68208 100252528 2317732 75457096    0    0 1496272 1034272 436502 1532686 42 13 15 30  0  0
39 49  68208 100265016 2317732 75457112    0    0 1525824 1067312 443050 1572510 42 14 15 29  0  0
44 47  68208 100262600 2317732 75457128    0    0 1518880 1033944 439702 1561933 42 14 15 29  0  0
31 58  68208 100252224 2317732 75457144    0    0 1529488 1068848 440919 1585541 43 14 14 28  0  0
48 41  68208 100259948 2317732 75457156    0    0 1544224 1076220 442600 1577441 42 14 15 29  0  0
54 37  68208 100268528 2317732 75457188    0    0 1525296 1065160 440642 1576285 43 14 15 29  0  0
54 34  68208 100267476 2317732 75457208    0    0 1497568 1065752 435468 1552669 42 13 15 30  0  0
48 29  68208 100261568 2317732 75457220    0    0 1478016 1034564 431996 1518196 41 12 15 32  0  0
53 32  68208 100260772 2317732 75457232    0    0 1434720 991016 424266 1457797 39 12 15 33  0  0
63 27  68208 100247588 2317732 75457248    0    0 1477824 1040356 432765 1510917 40 13 15 31  0  0
56 21  68208 100263544 2317732 75457276    0    0 1540272 1077168 444644 1587221 43 14 15 29  0  0
32 55  68208 100264744 2317732 75457284    0    0 1503040 1061896 435788 1558526 42 14 15 29  0  0
61 19  68208 100262668 2317732 75457304    0    0 1527552 1069792 441776 1583674 43 14 15 29  0  0
43 44  68208 100257744 2317732 75457324    0    0 1542560 1080568 442884 1595012 43 14 15 28  0  0
28 62  68208 100256360 2317732 75457348    0    0 1528416 1079316 437157 1575510 42 13 15 29  0  0
48 42  68208 100273208 2317736 75457344    0    0 1514320 1049800 438101 1560108 42 12 15 30  0  0
51 36  68208 100260976 2317736 75457364    0    0 1488752 1038112 433697 1526089 41 13 15 31  0  0
25 62  68208 100264680 2317736 75457380    0    0 1435152 1024476 420156 1474932 39 13 16 32  0  0
53 18  68208 100247924 2317736 75457400    0    0 1458368 1010488 426371 1493174 40 13 15 32  0  0
34 59  68208 100244424 2317736 75457416    0    0 1527296 1070424 441293 1591622 43 14 15 29  0  0
procs -----------memory---------- ---swap-- -----io---- -system-- -------cpu-------
 r  b   swpd   free   buff  cache   si   so    bi    bo   in   cs us sy id wa st gu
61 28  68208 100259268 2317736 75457444    0    0 1510768 1052120 433977 1560020 42 14 15 29  0  0
45 45  68208 100261020 2317736 75457468    0    0 1508496 1042712 436568 1570799 43 14 15 29  0  0
62 18  68208 100265572 2317736 75457480    0    0 1522608 1050264 445232 1586743 43 13 15 29  0  0
44 45  68208 100269048 2317736 75457500    0    0 1524064 1064724 440227 1576610 43 13 15 30  0  0
24 68  68208 100260416 2317736 75457516    0    0 1511408 1051640 438594 1563084 42 14 15 29  0  0
40 50  68208 100262068 2317736 75457584    0    0 1462096 1042576 425626 1499965 40 13 16 31  0  0
29 59  68208 100250684 2317736 75457612    0    0 1438000 1001120 422014 1469510 39 13 16 32  0  0
77 24  68208 100254288 2317736 75457628    0    0 1442272 1002288 423070 1467477 39 13 15 33  0  0
34 56  68208 100238748 2317736 75457652    0    0 1517536 1078976 437575 1564747 42 14 15 29  0  0
54 40  68208 100254864 2317736 75457676    0    0 1513008 1046552 438001 1553129 42 14 15 30  0  0
31 57  68208 100265388 2317736 75457684    0    0 1508592 1060180 438061 1562396 42 13 15 31  0  0
35 56  68208 100247428 2317736 75457704    0    0 1514624 1075100 439915 1564425 42 13 15 30  0  0
37 54  68208 100234768 2317736 75457724    0    0 1527760 1063504 440122 1572046 42 14 15 29  0  0
46 49  68208 100248240 2317736 75457740    0    0 1491376 1057800 435020 1555307 42 14 15 29  0  0
47 19  68208 100239280 2317736 75457764    0    0 1468928 1032756 428383 1527203 41 13 15 30  0  0
25 58  68208 100248132 2317736 75457768    0    0 1447328 1014640 422887 1483733 40 13 15 32  0  0
38 51  68208 100253968 2317736 75457792    0    0 1456576 1036332 430155 1498012 41 13 15 31  0  0
42 49  68208 100239632 2317736 75457820    0    0 1496528 1039896 438123 1529424 41 13 15 31  0  0
36 52  68208 100249944 2317736 75457836    0    0 1529184 1067968 440832 1573032 42 12 16 30  0  0
47 44  68208 100256412 2317736 75457848    0    0 1524560 1069680 437533 1570098 42 13 15 29  0  0
45 45  68208 100252556 2317736 75457864    0    0 1544048 1072772 441110 1583455 42 14 15 29  0  0
procs -----------memory---------- ---swap-- -----io---- -system-- -------cpu-------
 r  b   swpd   free   buff  cache   si   so    bi    bo   in   cs us sy id wa st gu
49 41  68208 100250716 2317740 75457888    0    0 1533568 1046560 440068 1582904 43 14 15 28  0  0
38 52  68208 100233856 2317740 75457908    0    0 1511872 1064132 437566 1569409 43 14 15 29  0  0
40 52  68208 100231744 2317740 75457924    0    0 1478320 1036764 428657 1525875 41 13 15 30  0  0
48 41  68208 100232108 2317740 75457952    0    0 1477200 1045468 429185 1522886 41 13 15 31  0  0
27 59  68208 100227348 2317740 75457968    0    0 1433440 998248 422919 1440715 38 12 16 34  0  0
52 39  68208 100234416 2317740 75457984    0    0 1526192 1053872 440699 1572905 42 13 15 30  0  0
43 46  68208 100248360 2317740 75457996    0    0 1526944 1081956 436525 1570408 42 14 15 29  0  0
47 43  68208 100244088 2317740 75458024    0    0 1531072 1067880 441894 1582360 43 14 15 29  0  0
80 26  68208 100250260 2317740 75458032    0    0 1525088 1066888 442799 1586344 43 14 15 28  0  0
26 63  68208 100238912 2317740 75458048    0    0 1527856 1074284 440131 1573839 42 14 15 29  0  0
42 45  68208 100239384 2317740 75458068    0    0 1533024 1056272 439597 1584477 43 14 15 28  0  0
32 58  68208 100224816 2317740 75458096    0    0 1501216 1048680 435944 1545989 41 13 15 30  0  0
30 62  68208 100244636 2317740 75458112    0    0 1496064 1060404 434416 1549584 42 13 15 30  0  0
31 51  68208 100250772 2317740 75458124    0    0 1440720 995364 423979 1458962 39 11 16 34  0  0
24 61  68208 100248408 2317740 75458136    0    0 1479456 1027716 431926 1515567 41 13 15 31  0  0
45 46  68208 100246304 2317740 75458148    0    0 1529072 1080556 441628 1567138 42 14 15 30  0  0
15 54  68208 100251056 2317740 75458176    0    0 1525184 1055728 445354 1578740 43 14 15 28  0  0
23 58  68208 100236852 2317740 75458200    0    0 1544544 1050588 447577 1607926 43 14 14 28  0  0
32 55  68208 100231596 2317740 75458220    0    0 1552400 1084136 458423 1594043 42 14 15 29  0  0
21 65  68208 100225084 2317740 75458236    0    0 1534832 1068524 446471 1582414 43 14 14 28  0  0
10 64  68208 100247976 2317740 75458256    0    0 1530272 1033364 441269 1583620 43 13 15 30  0  0
procs -----------memory---------- ---swap-- -----io---- -system-- -------cpu-------
 r  b   swpd   free   buff  cache   si   so    bi    bo   in   cs us sy id wa st gu
20 70  68208 100236816 2317740 75458268    0    0 1494416 1057940 435291 1543610 41 13 15 31  0  0
19 71  68208 100235476 2317740 75458280    0    0 1449040 998752 421801 1466142 39 12 15 33  0  0
33 69  68208 100225428 2317740 75458308    0    0 1451680 1028252 427743 1480815 40 13 15 32  0  0
19 70  68208 100213576 2317740 75458328    0    0 1537440 1065588 444430 1591108 43 14 14 28  0  0
18 60  68208 100238940 2317740 75458336    0    0 1529088 1063096 442362 1569727 42 14 15 29  0  0
32 61  68208 100247684 2317740 75458360    0    0 1549872 1074308 444357 1601949 43 14 14 28  0  0
35 58  68208 100245600 2317740 75458368    0    0 1552816 1061264 440496 1613140 44 14 14 28  0  0
35 56  68208 100242864 2317740 75458396    0    0 1523184 1077276 440471 1593105 43 13 15 29  0  0
37 55  68208 100242228 2317740 75458400    0    0 1527248 1062748 437999 1573088 42 14 15 30  0  0
49 42  68208 100245880 2317740 75458424    0    0 1470160 1034256 433315 1532179 41 13 15 31  0  0
35 33  68208 100237244 2317740 75458448    0    0 1487760 1050228 434518 1520460 41 13 15 31  0  0
36 51  68208 100234356 2317740 75458460    0    0 1428848 988408 418904 1453325 38 12 16 33  0  0
57 38  68208 100227152 2317740 75458488    0    0 1537456 1064500 443303 1583567 43 14 14 29  0  0
47 43  68208 100226320 2317740 75458516    0    0 1515568 1075088 427922 1557622 41 14 15 30  0  0
18 67  68208 100238660 2317740 75458532    0    0 1537472 1071828 443780 1592400 43 14 15 28  0  0
40 48  68208 100240080 2317740 75458536    0    0 1528464 1064576 444482 1594896 43 12 15 30  0  0
31 62  68208 100243936 2317740 75458556    0    0 1547264 1084220 438174 1585622 43 14 15 29  0  0
55 34  68208 100240920 2317740 75458564    0    0 1531696 1064996 435838 1575330 42 14 15 29  0  0
37 52  68208 100229360 2317740 75458600    0    0 1433120 984272 422755 1448154 38 12 16 33  0  0
38 51  68208 100235296 2317740 75458620    0    0 1397136 975764 404427 1403646 37 12 16 35  0  0
46 45  68208 100237376 2317740 75458644    0    0 1506016 1048532 432175 1536449 41 13 15 31  0  0
procs -----------memory---------- ---swap-- -----io---- -system-- -------cpu-------
 r  b   swpd   free   buff  cache   si   so    bi    bo   in   cs us sy id wa st gu
45 43  68208 100226380 2317740 75458664    0    0 1458576 1033284 430337 1489824 40 13 15 32  0  0
42 50  68208 100223692 2317740 75458688    0    0 1486992 1053084 435098 1549739 41 13 15 30  0  0
62 23  68208 100222836 2317740 75458748    0    0 1561456 1091872 447612 1619718 44 13 15 28  0  0
34 54  68208 100240796 2317740 75458796    0    0 1580448 1120348 444806 1620221 44 14 14 28  0  0
62 31  68208 100233932 2317740 75458820    0    0 1586336 1105640 447136 1640079 44 14 14 27  0  0
32 57  68208 100232044 2317740 75458852    0    0 1554592 1103008 443248 1609723 43 14 15 28  0  0
64 31  68208 100235772 2317740 75458876    0    0 1528272 1071376 442910 1577667 43 14 15 29  0  0
34 51  68208 100223324 2317740 75458876    0    0 1517152 1068844 430999 1566366 42 14 15 30  0  0
34 56  68208 100235852 2317740 75458908    0    0 1470560 1050768 428000 1506018 40 13 15 31  0  0
33 56  68208 100218576 2317740 75458924    0    0 1410512 983220 414925 1426804 38 12 16 35  0  0
53 45  68208 100233392 2317740 75458936    0    0 1531408 1067240 437264 1559073 41 12 15 31  0  0
38 54  68208 100231096 2317740 75458960    0    0 1563520 1119328 440441 1624498 43 14 15 28  0  0
49 17  68208 100226772 2317740 75458972    0    0 1580400 1104160 447060 1638174 44 15 14 27  0  0
72 24  68208 100230632 2317740 75458992    0    0 1585664 1107168 449483 1642384 44 14 14 27  0  0
42 45  68208 100234932 2317740 75459020    0    0 1569152 1097068 443287 1624919 44 14 14 28  0  0
44 45  68208 100231736 2317740 75459036    0    0 1517424 1064276 433010 1577315 42 14 15 29  0  0
35 57  68208 100230172 2317740 75459060    0    0 1510688 1029964 427712 1534268 41 13 15 31  0  0
43 50  68208 100234052 2317740 75459076    0    0 1439520 1014096 421276 1475985 39 12 16 34  0  0
35 51  68208 100248120 2317740 75459080    0    0 1500704 1051880 433494 1541367 41 13 15 31  0  0
43 48  68208 100226684 2317740 75459104    0    0 1478880 1050924 430457 1517974 40 13 15 32  0  0
43 50  68208 100223236 2317740 75459132    0    0 1537280 1077324 441955 1589492 43 14 15 29  0  0
procs -----------memory---------- ---swap-- -----io---- -system-- -------cpu-------
 r  b   swpd   free   buff  cache   si   so    bi    bo   in   cs us sy id wa st gu
50 47  68208 100223876 2317740 75459148    0    0 1580720 1099012 449282 1644168 44 15 14 27  0  0
62 29  68208 100228384 2317740 75459164    0    0 1564288 1104096 443194 1629613 44 15 14 27  0  0
45 45  68208 100218028 2317740 75459180    0    0 1564256 1099520 444072 1628075 44 14 14 28  0  0
32 58  68208 100239760 2317740 75459200    0    0 1512704 1076528 436577 1558896 42 13 15 30  0  0
53 33  68208 100249760 2317740 75459224    0    0 1506896 1046924 436922 1531444 41 12 15 32  0  0
57 37  68208 100245088 2317740 75459240    0    0 1468784 1020596 427615 1505280 40 13 16 32  0  0
28 62  68208 100234748 2317740 75459256    0    0 1444592 1032516 419582 1468999 39 12 16 33  0  0
32 54  68208 100232920 2317744 75459272    0    0 1478592 1038500 429548 1527865 41 13 15 31  0  0
41 51  68208 100226968 2317744 75459288    0    0 1569376 1104732 445627 1631371 44 14 14 27  0  0
34 57  68208 100233892 2317744 75459320    0    0 1572192 1111056 450133 1643451 45 15 14 26  0  0
56 42  68208 100246120 2317744 75459336    0    0 1581392 1106324 450805 1652397 45 15 14 26  0  0
54 38  68208 100235956 2317744 75459348    0    0 1568944 1096928 449465 1635556 44 14 14 27  0  0
20 66  68208 100246332 2317744 75459360    0    0 1528800 1072008 438843 1597351 42 12 15 30  0  0
37 51  68208 100239596 2317748 75459360    0    0 1524320 1064204 441179 1563702 42 13 15 30  0  0
30 60  68208 100236644 2317748 75459396    0    0 1474928 1025568 428080 1520705 41 13 15 31  0  0
25 61  68208 100220896 2317748 75459416    0    0 1450432 1013120 412861 1457974 38 12 16 34  0  0
41 51  68208 100223424 2317748 75459432    0    0 1449488 1016508 423330 1473206 39 12 16 33  0  0
36 53  68208 100226812 2317748 75459448    0    0 1556944 1105036 445468 1603681 43 14 14 28  0  0
50 41  68208 100223636 2317752 75459464    0    0 1580704 1102840 449093 1652039 45 15 14 26  0  0
41 50  68208 100228080 2317752 75459484    0    0 1601776 1120988 449126 1650663 44 14 14 28  0  0
42 51  68208 100231188 2317752 75459492    0    0 1572880 1112964 446641 1626251 43 13 15 29  0  0
procs -----------memory---------- ---swap-- -----io---- -system-- -------cpu-------
 r  b   swpd   free   buff  cache   si   so    bi    bo   in   cs us sy id wa st gu
51 42  68208 100238264 2317752 75459516    0    0 1540032 1080152 442798 1597457 43 14 15 28  0  0
50 32  68208 100223964 2317752 75459528    0    0 1518928 1084584 434831 1568505 42 14 15 30  0  0
45 50  68208 100224640 2317756 75459556    0    0 1433264 1008296 423818 1468488 39 13 16 32  0  0
49 43  68208 100228284 2317756 75459568    0    0 1456944 1011676 419868 1477303 39 13 15 33  0  0
58 27  68208 100226400 2317756 75459592    0    0 1466864 1046056 426285 1522047 41 13 15 31  0  0
41 47  68208 100223672 2317756 75459608    0    0 1576640 1103712 445652 1624154 44 14 14 28  0  0
45 42  68208 100236984 2317756 75459632    0    0 1577456 1100324 447678 1645944 44 14 14 27  0  0
88 14  68208 100234708 2317756 75459644    0    0 1586720 1128980 443629 1639103 44 13 15 28  0  0
43 15  68208 100221420 2317756 75459656    0    0 1586272 1107756 450239 1637819 44 15 14 27  0  0
44 48  68208 100230072 2317756 75459676    0    0 1534480 1092900 439386 1582269 43 14 15 29  0  0
35 53  68208 100228108 2317756 75459708    0    0 1423520 1003088 422152 1480336 39 13 16 32  0  0
61 23  68208 100213680 2317756 75459724    0    0 1447376 1014912 431632 1498863 40 13 15 32  0  0
26 61  68208 100214204 2317756 75459740    0    0 1442016 1011344 423663 1486681 40 13 15 32  0  0
44 50  68208 100225256 2317756 75459764    0    0 1527280 1046628 441096 1571651 43 14 14 29  0  0
30 58  68208 100219052 2317756 75459784    0    0 1581616 1108160 446684 1625899 43 13 15 29  0  0
33 59  68208 100241516 2317756 75459796    0    0 1578640 1105320 447896 1636367 44 14 14 28  0  0
47 43  68208 100248840 2317756 75459812    0    0 1571248 1097472 447029 1647162 45 15 14 27  0  0
42 47  68208 100225508 2317756 75459820    0    0 1574384 1101932 444436 1627317 44 14 14 27  0  0
41 47  68208 100222180 2317756 75459840    0    0 1525856 1079492 439330 1587810 43 14 15 29  0  0
33 57  68208 100226600 2317756 75459864    0    0 1499728 1050908 436191 1555993 42 14 15 30  0  0
59 38  68208 100225960 2317756 75459876    0    0 1461616 1036012 429408 1492217 40 13 15 32  0  0
procs -----------memory---------- ---swap-- -----io---- -system-- -------cpu-------
 r  b   swpd   free   buff  cache   si   so    bi    bo   in   cs us sy id wa st gu
48 43  68208 100222780 2317756 75459980    0    0 1424688 1000476 418435 1456250 39 12 15 33  0  0
42 47  68208 100216232 2317756 75459988    0    0 1462864 1025240 430858 1495123 40 12 16 33  0  0
46 42  68208 100233296 2317756 75460004    0    0 1473120 1052180 432856 1522660 41 13 15 31  0  0
39 52  68208 100239352 2317756 75460028    0    0 1564816 1097748 447480 1610859 44 14 14 28  0  0
48 44  68208 100244248 2317756 75460032    0    0 1580032 1103292 448188 1640052 44 14 14 27  0  0
77 34  68208 100215468 2317756 75460064    0    0 1566912 1124076 444996 1628681 44 15 14 27  0  0
64 32  68208 100230136 2317756 75460080    0    0 1530112 1080468 442028 1608094 43 14 15 27  0  0
26 63  68208 100220664 2317756 75460084    0    0 1417552 990172 412482 1439560 38 12 16 34  0  0
49 38  68208 100226832 2317756 75460104    0    0 1358928 956564 398906 1356400 35 11 17 37  0  0
44 22  68208 100230484 2317756 75460132    0    0 1426096 1001984 423372 1475323 39 11 17 33  0  0
37 52  68208 100223792 2317756 75460136    0    0 1427808 1005796 419968 1471745 39 12 16 33  0  0
26 65  68208 100225652 2317760 75460156    0    0 1455344 1015980 426894 1490541 40 13 15 32  0  0
38 53  68208 100218352 2317760 75460180    0    0 1457712 1003944 420596 1495581 40 13 15 32  0  0
23 68  68208 100212440 2317760 75460200    0    0 1421728 1004960 410900 1461137 39 12 16 33  0  0
64 27  68208 100217184 2317760 75460224    0    0 1422016 1006804 420333 1456824 38 13 16 33  0  0
42 49  68208 100224644 2317760 75460240    0    0 1419664 1001708 416162 1454874 38 12 16 33  0  0
51 25  68208 100218836 2317760 75460252    0    0 1417056 997932 416836 1461202 39 12 16 33  0  0
29 54  68208 100221464 2317760 75460268    0    0 1345936 958920 396956 1329510 34 10 17 39  0  0
44 56  68208 100216040 2317764 75460280    0    0 1388688 970692 412753 1400243 37 12 16 35  0  0
33 55  68208 100228756 2317764 75460304    0    0 1406960 992760 416828 1460754 39 12 16 32  0  0
53 33  68208 100210488 2317764 75460328    0    0 1398352 1000436 413771 1438514 38 12 16 33  0  0
procs -----------memory---------- ---swap-- -----io---- -system-- -------cpu-------
 r  b   swpd   free   buff  cache   si   so    bi    bo   in   cs us sy id wa st gu
65 16  68208 100200356 2317764 75460336    0    0 1436624 999432 422364 1461137 39 13 16 33  0  0
52 54  68208 100209072 2317764 75460356    0    0 1427024 1010496 420996 1457699 39 13 16 33  0  0
60 29  68208 100210104 2317764 75460388    0    0 1428528 993324 421512 1456278 39 13 16 33  0  0
46 45  68208 100214540 2317764 75460396    0    0 1433120 1005624 419801 1444516 38 11 16 35  0  0
20 68  68208 100217684 2317764 75460416    0    0 1367440 980260 405013 1412888 37 11 17 35  0  0
33 53  68208 100221792 2317764 75460420    0    0 1393104 986640 409714 1424882 38 12 16 34  0  0
30 61  68208 100209924 2317764 75460456    0    0 1363360 950584 404803 1373689 36 12 16 36  0  0
57 25  68208 100193060 2317764 75460476    0    0 1449792 1025116 424869 1462721 39 13 16 33  0  0
47 41  68208 100214324 2317764 75460496    0    0 1525616 1068296 439788 1574057 42 14 15 29  0  0
64 18  68208 100215208 2317764 75460508    0    0 1508464 1066716 440562 1579385 43 14 15 29  0  0
37 50  68208 100229940 2317764 75460528    0    0 1532544 1077720 440416 1582984 43 14 15 29  0  0
32 57  68208 100239932 2317764 75460540    0    0 1548064 1069572 445238 1601370 43 13 15 30  0  0
67 38  68208 100232100 2317764 75460560    0    0 1531552 1049256 440047 1589799 43 14 15 29  0  0
25 62  68208 100211664 2317764 75460576    0    0 1512960 1058772 430356 1552899 41 13 15 30  0  0
33 58  68208 100207564 2317764 75460596    0    0 1474896 1035196 422481 1527477 40 13 15 31  0  0
37 51  68208 100218768 2317764 75460620    0    0 1435904 1020876 421064 1473208 39 12 16 33  0  0
38 48  68208 100218276 2317764 75460636    0    0 1465856 1014588 431022 1499491 40 13 15 32  0  0
48 45  68208 100216400 2317764 75460648    0    0 1515648 1062152 439184 1572600 42 14 15 29  0  0
30 63  68208 100210436 2317764 75460676    0    0 1520112 1090644 437552 1574784 43 14 15 29  0  0
53 43  68208 100214636 2317764 75460684    0    0 1546784 1080852 438695 1589762 42 12 15 31  0  0
43 46  68208 100209184 2317764 75460700    0    0 1539760 1080648 438965 1595382 43 14 15 29  0  0
procs -----------memory---------- ---swap-- -----io---- -system-- -------cpu-------
 r  b   swpd   free   buff  cache   si   so    bi    bo   in   cs us sy id wa st gu
54 40  68208 100229176 2317764 75460716    0    0 1534272 1072968 435802 1582885 42 14 15 29  0  0
26 66  68208 100237644 2317764 75460736    0    0 1530560 1046664 433993 1586035 42 14 15 29  0  0
26 65  68208 100233584 2317764 75460756    0    0 1494560 1021924 431168 1539543 41 13 15 30  0  0
27 63  68208 100216484 2317764 75460776    0    0 1391600 978640 409144 1416635 38 12 16 34  0  0
38 56  68208 100217864 2317764 75460796    0    0 1471920 1031244 425991 1485667 39 13 16 33  0  0
36 55  68208 100212280 2317764 75460812    0    0 1552352 1063664 442561 1599444 43 14 15 29  0  0
31 56  68208 100212956 2317764 75460824    0    0 1518704 1093692 437393 1566929 41 12 15 31  0  0
24 66  68208 100224752 2317764 75460844    0    0 1529552 1058656 443797 1593259 43 14 15 29  0  0
20 69  68208 100211256 2317764 75460860    0    0 1542512 1071316 439121 1597891 43 14 15 28  0  0
40 53  68208 100223360 2317764 75460880    0    0 1544720 1058884 444341 1597690 44 14 14 28  0  0
34 59  68208 100221016 2317764 75460900    0    0 1522848 1019860 437085 1580759 43 14 15 28  0  0
41 54  68208 100227724 2317764 75460920    0    0 1506208 1056436 430361 1532059 41 13 15 31  0  0
39 53  68208 100206608 2317764 75460940    0    0 1428416 1001668 417236 1438956 38 12 16 34  0  0
24 63  68208 100211300 2317764 75460964    0    0 1431280 1007948 422833 1483141 40 12 16 33  0  0
40 36  68208 100213932 2317764 75460976    0    0 1446800 1027440 422145 1474320 40 12 16 33  0  0
43 39  68208 100233876 2317764 75460992    0    0 1532400 1067908 435846 1579675 43 14 15 29  0  0
72 27  68208 100227900 2317764 75461008    0    0 1513152 1065980 438567 1570983 42 14 15 29  0  0
42 48  68208 100214164 2317764 75461092    0    0 1527344 1093952 438852 1581439 43 14 15 29  0  0
46 49  68208 100229192 2317764 75461116    0    0 1534480 1073576 438988 1588101 43 14 14 29  0  0
60 28  68208 100232032 2317768 75461132    0    0 1522608 1082492 437973 1579160 43 14 15 29  0  0
60 34  68208 100225688 2317768 75461148    0    0 1516880 1059384 438474 1559175 42 14 15 30  0  0
procs -----------memory---------- ---swap-- -----io---- -system-- -------cpu-------
 r  b   swpd   free   buff  cache   si   so    bi    bo   in   cs us sy id wa st gu
24 63  68208 100226748 2317768 75461160    0    0 1450848 1019924 426235 1488630 39 11 16 33  0  0
31 56  68208 100215120 2317768 75461188    0    0 1457120 1021312 425044 1482696 40 12 15 32  0  0
36 57  68208 100200040 2317768 75461204    0    0 1458288 1011284 423283 1491491 41 13 15 32  0  0
30 58  68208 100203248 2317768 75461220    0    0 1523744 1069300 431791 1571714 42 14 15 30  0  0
86 14  68208 100206072 2317768 75461244    0    0 1505600 1071140 436277 1568449 42 14 15 29  0  0
65 36  68208 100215260 2317768 75461260    0    0 1515056 1068088 436480 1596604 43 14 15 28  0  0
41 46  68208 100217608 2317768 75461284    0    0 1527792 1071516 440001 1601351 43 14 15 28  0  0
27 60  68208 100217988 2317768 75461300    0    0 1537824 1075048 442394 1587870 43 14 14 29  0  0
54 30  68208 100239000 2317772 75461312    0    0 1525840 1054912 442229 1560963 41 12 15 31  0  0
46 46  68208 100220392 2317772 75461328    0    0 1446496 1011316 425973 1486777 40 13 16 32  0  0
38 56  68208 100224692 2317772 75461348    0    0 1406224 991444 416663 1431649 38 12 16 34  0  0
66 24  68208 100224668 2317772 75461368    0    0 1533552 1072328 445319 1589931 43 14 15 28  0  0
39 51  68208 100213548 2317772 75461392    0    0 1516192 1089556 438347 1576337 43 14 15 29  0  0
34 16  68208 100218992 2317772 75461404    0    0 1514208 1052748 441178 1575767 43 14 15 29  0  0
27 62  68208 100212040 2317772 75461424    0    0 1512032 1065868 438987 1602430 43 14 15 28  0  0
58 33  68208 100195848 2317772 75461448    0    0 1539360 1094016 444325 1586674 43 14 15 29  0  0
51 26  68208 100193372 2317772 75461456    0    0 1545536 1079292 447697 1576543 42 12 15 30  0  0
57 35  68208 100183928 2317772 75461476    0    0 1538544 1082524 448157 1606079 44 14 14 28  0  0
46 47  68208 100203920 2317772 75461492    0    0 1448992 1030688 426869 1474465 40 13 16 32  0  0
50 37  68208 100210376 2317772 75461516    0    0 1441936 1011212 426560 1482675 40 13 16 32  0  0
42 49  68208 100222864 2317772 75461536    0    0 1573856 1120312 444722 1625598 44 14 14 28  0  0
procs -----------memory---------- ---swap-- -----io---- -system-- -------cpu-------
 r  b   swpd   free   buff  cache   si   so    bi    bo   in   cs us sy id wa st gu
36 54  68208 100220160 2317772 75461556    0    0 1588368 1118572 452702 1632597 44 14 14 27  0  0
39 51  68208 100222428 2317772 75461576    0    0 1556656 1085080 446278 1633430 44 14 14 27  0  0
37 50  68208 100207264 2317772 75461592    0    0 1563424 1109712 451486 1624580 44 14 15 28  0  0
43 45  68208 100221484 2317772 75461604    0    0 1588272 1108100 451659 1643506 44 13 14 28  0  0
40 52  68208 100216700 2317772 75461628    0    0 1562112 1094564 465476 1638794 44 15 14 27  0  0
33 56  68208 100213304 2317772 75461644    0    0 1557872 1087840 449349 1603931 43 14 14 28  0  0
20 66  68208 100202404 2317772 75461664    0    0 1472976 1024364 432571 1512851 41 13 15 31  0  0
61 17  68208 100198444 2317772 75461688    0    0 1445760 991244 427348 1464416 39 13 16 33  0  0
47 46  68208 100211396 2317772 75461704    0    0 1560608 1092564 448131 1634618 44 15 14 27  0  0
50 41  68208 100210100 2317772 75461724    0    0 1590944 1110272 449602 1631403 44 14 14 27  0  0
36 53  68208 100203580 2317780 75461780    0    0 1572000 1124264 447325 1620037 44 14 14 28  0  0
47 41  68208 100214120 2317780 75461796    0    0 1565376 1092020 446210 1632739 44 13 15 28  0  0
56 33  68208 100218620 2317780 75461816    0    0 1583856 1104960 447535 1637182 44 15 14 27  0  0
45 45  68208 100212224 2317780 75461836    0    0 1572208 1111712 445221 1619869 44 15 14 28  0  0
53 39  68208 100208324 2317780 75461856    0    0 1536608 1071016 443777 1602279 43 15 15 28  0  0
26 63  68208 100212648 2317780 75461868    0    0 1440752 1016788 419264 1477322 39 13 16 32  0  0
37 51  68208 100204652 2317780 75461892    0    0 1447664 1020332 423076 1481292 39 13 16 32  0  0
35 57  68208 100218652 2317780 75461908    0    0 1588176 1107172 449905 1634101 44 15 14 27  0  0
48 41  68208 100209512 2317780 75461924    0    0 1562880 1107116 445774 1624790 43 14 15 28  0  0
56 34  68208 100204304 2317780 75461940    0    0 1569568 1092544 449234 1629748 44 14 14 28  0  0
42 43  68208 100205752 2317780 75461960    0    0 1565536 1092532 446764 1635761 45 15 14 27  0  0
procs -----------memory---------- ---swap-- -----io---- -system-- -------cpu-------
 r  b   swpd   free   buff  cache   si   so    bi    bo   in   cs us sy id wa st gu
53 40  68208 100205720 2317780 75461980    0    0 1574000 1122524 450632 1633459 44 15 14 27  0  0
44 47  68208 100203892 2317788 75462008    0    0 1567616 1096604 447390 1634635 45 14 14 27  0  0
35 53  68208 100207448 2317788 75462024    0    0 1503824 1060432 438463 1593100 43 14 15 28  0  0
35 55  68208 100203700 2317788 75462040    0    0 1453136 1023020 423557 1496792 40 13 15 31  0  0
51 41  68208 100209420 2317788 75462060    0    0 1448000 1006692 424272 1477899 40 13 16 32  0  0
39 52  68208 100210036 2317792 75462064    0    0 1575712 1090108 449320 1639215 44 13 15 28  0  0
35 52  68208 100215668 2317792 75462084    4    0 1566580 1100240 447451 1623750 44 13 14 28  0  0
44 47  68208 100199916 2317792 75462104    0    0 1576464 1110020 448492 1627670 44 14 14 27  0  0
38 53  68208 100201720 2317792 75462120    0    0 1572912 1115292 447590 1624073 44 14 14 27  0  0
31 58  68208 100223656 2317792 75462136    0    0 1580016 1103132 445185 1627942 44 14 14 27  0  0
30 60  68208 100214036 2317792 75462160    0    0 1572240 1099240 450655 1629796 44 15 14 27  0  0
44 46  68208 100213704 2317796 75462180    0    0 1539456 1097920 438631 1595412 42 14 15 28  0  0
25 61  68208 100217688 2317796 75462196    0    0 1442656 1013420 419887 1478456 39 13 16 32  0  0
28 52  68208 100227196 2317796 75462208    0    0 1453488 1035976 426767 1487705 39 11 16 33  0  0
36 54  68208 100225408 2317796 75462288    0    0 1576304 1107972 446134 1629945 44 14 14 27  0  0
51 42  68208 100204020 2317796 75462304    0    0 1568832 1102180 449192 1625279 44 15 14 27  0  0
37 52  68208 100209632 2317800 75462332    0    0 1563712 1109100 447760 1610146 44 14 15 28  0  0
46 48  68208 100214464 2317800 75462348    0    0 1581152 1092536 448829 1640143 45 15 14 27  0  0
49 45  68208 100227536 2317800 75462364    0    0 1582416 1104372 449951 1630771 44 15 14 27  0  0
51 37  68208 100200280 2317800 75462380    0    0 1567408 1111120 450004 1621311 44 14 14 27  0  0
36 53  68208 100204116 2317800 75462400    0    0 1538032 1082180 444976 1591932 43 14 15 29  0  0
procs -----------memory---------- ---swap-- -----io---- -system-- -------cpu-------
 r  b   swpd   free   buff  cache   si   so    bi    bo   in   cs us sy id wa st gu
50 44  68208 100197404 2317800 75462412    0    0 1415840 996632 422789 1456108 38 11 17 34  0  0
31 60  68208 100209520 2317800 75462428    0    0 1512688 1054936 436778 1549677 42 13 15 30  0  0
46 46  68208 100193732 2317800 75462444    0    0 1591312 1100156 450276 1636774 44 15 14 27  0  0
45 40  68208 100204432 2317800 75462460    0    0 1479248 1033700 430914 1521032 41 14 15 30  0  0
38 52  68208 100212240 2317800 75462480    0    0 1549728 1082432 446279 1603465 43 14 14 28  0  0
44 48  68208 100210996 2317800 75462500    0    0 1586096 1104904 452256 1634362 44 15 14 27  0  0
64 31  68208 100215824 2317800 75462516    0    0 1579888 1116992 448744 1631505 44 14 14 27  0  0
33 55  68208 100227468 2317800 75462540    0    0 1574576 1107856 453612 1633535 44 14 14 28  0  0
30 59  68208 100217548 2317800 75462552    0    0 1552704 1096888 448631 1594371 43 13 15 30  0  0
30 58  68208 100218816 2317800 75462572    0    0 1397792 984288 417868 1444489 38 12 16 33  0  0
33 54  68208 100206612 2317800 75462592    0    0 1503792 1050520 434927 1549008 42 14 15 30  0  0
30 62  68208 100192140 2317800 75462608    0    0 1562048 1108636 443583 1624633 44 14 15 27  0  0
59 13  68208 100210712 2317800 75462624    0    0 1566960 1100876 448045 1610377 43 14 14 28  0  0
43 22  68208 100192828 2317800 75462648    0    0 1433456 1004232 425185 1457766 39 13 16 33  0  0
34 60  68208 100213728 2317800 75462664    0    0 1559920 1106140 446236 1601078 43 14 14 28  0  0
54 46  68208 100217872 2317800 75462688    0    0 1574928 1100972 449727 1638573 44 14 14 28  0  0
33 56  68208 100219136 2317800 75462700    0    0 1543728 1096356 444327 1613246 44 13 15 28  0  0
33 61  68208 100216244 2317800 75462720    0    0 1553680 1106132 447265 1591864 43 14 14 29  0  0
31 58  68208 100198804 2317800 75462736    0    0 1403632 978784 416083 1440328 38 12 16 33  0  0
54 40  68208 100206236 2317800 75462752    0    0 1497440 1049248 440920 1563960 42 14 15 29  0  0
40 48  68208 100213268 2317800 75462768    0    0 1583488 1106096 451287 1625407 44 14 14 27  0  0
procs -----------memory---------- ---swap-- -----io---- -system-- -------cpu-------
 r  b   swpd   free   buff  cache   si   so    bi    bo   in   cs us sy id wa st gu
34 57  68208 100189736 2317800 75462788    0    0 1489184 1038616 434686 1541083 41 14 15 30  0  0
54 36  68208 100209544 2317800 75462808    0    0 1473456 1005444 433968 1500328 40 13 15 31  0  0
52 38  68208 100196932 2317800 75462824    0    0 1574400 1100728 452291 1636483 44 14 15 28  0  0
29 62  68208 100191360 2317800 75462836    0    0 1593776 1108988 452245 1634904 44 14 14 28  0  0
41 57  68208 100203280 2317800 75462860    0    0 1552672 1103412 445158 1600394 43 14 15 28  0  0
46 40  68208 100217228 2317800 75462884    0    0 1561808 1090840 448196 1616882 43 14 15 28  0  0
18 71  68208 100209584 2317800 75462900    0    0 1419152 989532 419735 1463288 39 13 16 32  0  0
44 44  68208 100203708 2317800 75462924    0    0 1456736 1036404 430356 1515019 41 13 15 30  0  0
44 47  68208 100191416 2317800 75462940    0    0 1581008 1104416 451162 1628280 44 15 14 27  0  0
59 32  68208 100208652 2317800 75462960    0    0 1442480 1033048 425042 1482661 40 13 16 32  0  0
39 50  68208 100198136 2317800 75462976    0    0 1482048 1038648 435817 1524212 41 12 15 32  0  0
44 28  68208 100209300 2317800 75462992    0    0 1579584 1100816 453311 1629310 44 14 14 28  0  0
43 49  68208 100206200 2317800 75463008    0    0 1553184 1102344 446900 1628363 45 14 14 27  0  0
67 40  68208 100218484 2317800 75463028    0    0 1551136 1081688 447356 1612827 44 14 15 27  0  0
39 53  68208 100202708 2317800 75463044    0    0 1543392 1085056 446759 1601703 44 14 14 28  0  0
44 47  68208 100197412 2317800 75463060    0    0 1476016 1050236 431158 1529556 41 13 15 30  0  0
43 47  68208 100190712 2317800 75463080    0    0 1443184 1007352 427123 1460899 39 13 15 33  0  0
33 55  68208 100201800 2317800 75463100    0    0 1537648 1075876 448396 1629077 44 15 14 27  0  0
38 53  68208 100206508 2317800 75463108    0    0 1475472 1034388 433840 1517706 40 12 16 32  0  0
41 53  68208 100203540 2317800 75463124    0    0 1478464 1026692 430883 1494650 40 13 15 32  0  0
37 52  68208 100207208 2317804 75463152    0    0 1600752 1091188 449047 1630903 44 15 14 27  0  0
procs -----------memory---------- ---swap-- -----io---- -system-- -------cpu-------
 r  b   swpd   free   buff  cache   si   so    bi    bo   in   cs us sy id wa st gu
42 46  68208 100212388 2317804 75463168    0    0 1584608 1108472 451877 1636551 44 15 14 27  0  0
45 47  68208 100200632 2317804 75463184    0    0 1555280 1089176 446338 1612706 43 14 14 28  0  0
41 57  68208 100209852 2317804 75463200    0    0 1559680 1111040 447551 1611544 44 14 14 28  0  0
30 58  68208 100207472 2317804 75463224    0    0 1454400 1010052 429311 1501853 40 13 15 31  0  0
55 30  68208 100196016 2317808 75463248    0    0 1451104 1022752 427392 1478220 40 12 16 32  0  0
33 54  68208 100207912 2317808 75463256    0    0 1576336 1115244 453613 1625017 43 13 15 29  0  0
21 70  68208 100212424 2317808 75463272    0    0 1487568 1009756 433063 1516237 41 13 15 31  0  0
16 61  68208 100208724 2317808 75463288    0    0 1446288 1043052 432421 1507897 41 13 15 31  0  0
22 65  68208 100224128 2317808 75463308    0    0 1575680 1102120 454242 1630622 44 15 14 27  0  0
37 54  68208 100214668 2317812 75463328    0    0 1585968 1076784 453094 1644435 45 15 14 26  0  0
27 54  68208 100195896 2317812 75463348    0    0 1563296 1091428 451041 1615644 44 14 14 27  0  0
21 60  68208 100201512 2317812 75463440    0    0 1557040 1091968 449223 1611940 44 14 14 27  0  0
13 68  68208 100216240 2317812 75463452    0    0 1483216 1025300 437421 1527098 41 13 15 31  0  0
21 69  68208 100211016 2317812 75463464    0    0 1395552 1016124 419134 1436943 38 11 17 34  0  0
29 59  68208 100212764 2317812 75463484    0    0 1569456 1080956 450708 1642564 45 14 14 27  0  0
40 41  68208 100217680 2317812 75463508    0    0 1477760 1015736 434649 1503756 40 13 15 32  0  0
26 63  68208 100195876 2317812 75463528    0    0 1447120 1017548 430863 1511956 41 13 15 30  0  0
24 65  68208 100204496 2317812 75463548    0    0 1592112 1102084 453510 1629738 44 15 14 27  0  0
20 68  68208 100202616 2317812 75463564    0    0 1578864 1087320 455453 1633919 45 14 14 27  0  0
42 50  68208 100203536 2317816 75463588    0    0 1574816 1081232 450568 1625658 44 14 14 27  0  0
28 64  68208 100212208 2317816 75463608    0    0 1566128 1088360 450897 1599010 43 13 15 29  0  0
procs -----------memory---------- ---swap-- -----io---- -system-- -------cpu-------
 r  b   swpd   free   buff  cache   si   so    bi    bo   in   cs us sy id wa st gu
34 57  68208 100205916 2317816 75463620    0    0 1481120 1049600 434324 1530730 42 13 15 31  0  0
59 36  68208 100206572 2317816 75463636    0    0 1419088 998060 420195 1451281 38 13 16 33  0  0
53 38  68208 100208776 2317816 75463656    0    0 1544080 1082912 445890 1614705 44 14 15 27  0  0
51 21  68208 100203676 2317820 75463672    0    0 1463632 1040148 432480 1500057 40 13 15 31  0  0
37 51  68208 100194044 2317820 75463696    0    0 1457088 1026784 429116 1502761 40 13 15 31  0  0
35 53  68208 100212976 2317820 75463712    0    0 1577408 1104268 453907 1627244 44 15 14 27  0  0
22 64  68208 100201728 2317820 75463732    0    0 1572592 1118872 449950 1618279 44 14 14 27  0  0
50 29  68208 100209548 2317820 75463744    0    0 1554224 1087500 450687 1631474 44 13 15 28  0  0
30 57  68208 100204056 2317824 75463756    0    0 1550688 1097168 442223 1593035 43 13 15 29  0  0
27 61  68208 100199284 2317824 75463776    0    0 1499808 1054236 438046 1548058 42 14 15 29  0  0
72 15  68208 100200828 2317824 75463796    0    0 1434848 1005272 426502 1459001 39 13 16 33  0  0
41 52  68208 100207388 2317824 75463816    0    0 1521488 1081756 438837 1586270 43 14 15 28  0  0
33 55  68208 100211504 2317824 75463832    0    0 1531856 1069652 439816 1571472 43 13 15 29  0  0
28 60  68208 100204652 2317824 75463848    0    0 1448496 1019368 429054 1484076 40 13 15 32  0  0
27 66  68208 100217384 2317824 75463872    0    0 1549984 1088368 444659 1616936 44 14 15 27  0  0
42 43  68208 100212072 2317824 75463884    0    0 1598896 1117996 454513 1628006 43 13 14 29  0  0
54 39  68208 100190640 2317824 75463916    0    0 1557312 1071396 447509 1625350 45 15 14 26  0  0
55 49  68208 100151716 2317828 75464464    0    0 1532144 1065072 437938 1599845 44 14 14 27  0  0
52 34  68208 100182300 2317828 75463972    0    0 1519744 1054328 440444 1555171 42 14 14 29  0  0
53 37  68208 100192960 2317828 75463992    0    0 1440576 1027880 422131 1475526 39 13 16 32  0  0
43 45  68208 100197256 2317828 75464020    0    0 1523824 1073016 442242 1588946 43 14 14 28  0  0
procs -----------memory---------- ---swap-- -----io---- -system-- -------cpu-------
 r  b   swpd   free   buff  cache   si   so    bi    bo   in   cs us sy id wa st gu
44 44  68208 100198752 2317828 75464040    0    0 1415968 990944 416590 1460142 39 13 16 33  0  0
46 47  68208 100187272 2317828 75464056    0    0 1502784 1074592 435891 1557641 42 14 15 29  0  0
29 61  68208 100188160 2317828 75464064    0    0 1586240 1097480 453570 1637467 44 13 15 29  0  0
43 46  68208 100184644 2317828 75464088    0    0 1575520 1106032 452040 1627383 44 14 14 27  0  0
46 42  68208 100192812 2317828 75464104    0    0 1518128 1090104 442444 1606395 44 14 15 27  0  0
56 37  68208 100186748 2317828 75464124    0    0 1560336 1090972 447619 1609807 43 14 15 28  0  0
43 51  68208 100200684 2317828 75464140    0    0 1503888 1050256 437173 1546021 42 13 15 30  0  0
59 42  68208 100189632 2317828 75464164    0    0 1429968 1018188 426047 1469291 39 13 16 32  0  0
48 36  68208 100182028 2317828 75464184    0    0 1490336 1043852 432677 1525854 40 13 15 31  0  0
44 44  68208 100180300 2317828 75464204    0    0 1412320 1013988 418060 1431577 38 12 16 34  0  0
41 43  68208 100191280 2317828 75464212    0    0 1574800 1098972 449568 1636193 44 13 15 28  0  0
44 46  68208 100195216 2317828 75464232    0    0 1579408 1111212 447819 1629289 44 15 14 27  0  0
31 56  68208 100190640 2317828 75464248    0    0 1564656 1112152 446808 1615264 43 14 15 28  0  0
58 31  68208 100190572 2317828 75464268    0    0 1552784 1088480 447468 1608553 43 14 14 28  0  0
51 46  68208 100184096 2317828 75464292    0    0 1578176 1099624 447468 1624878 44 14 14 28  0  0
70 14  68208 100185048 2317832 75464304    0    0 1465504 1009108 429112 1499848 40 13 15 31  0  0
51 42  68208 100185856 2317832 75464324    0    0 1480320 1044136 433347 1518383 41 13 15 31  0  0
74 27  68208 100188768 2317832 75464336    0    0 1470704 1028804 434589 1516641 41 12 15 32  0  0
83  9  68208 100191636 2317832 75464356    0    0 1437328 1013928 424822 1476504 39 12 16 33  0  0
60 26  68208 100188300 2317832 75464380    0    0 1579312 1103200 450379 1638843 44 15 14 27  0  0
41 49  68208 100198836 2317832 75464400    0    0 1423456 1027104 420241 1465967 39 13 16 33  0  0
procs -----------memory---------- ---swap-- -----io---- -system-- -------cpu-------
 r  b   swpd   free   buff  cache   si   so    bi    bo   in   cs us sy id wa st gu
32 61  68208 100183184 2317832 75464416    0    0 1419872 1002060 421265 1437868 39 12 16 33  0  0
31 61  68208 100196964 2317832 75464436    0    0 1406672 988220 418014 1443381 39 12 16 33  0  0
44 16  68208 100184168 2317832 75464456    0    0 1408224 1004760 422482 1440790 39 12 16 33  0  0
30 57  68208 100188828 2317832 75464476    0    0 1417136 1003820 419768 1442239 38 12 16 33  0  0
25 62  68208 100194928 2317844 75464480    0    0 1425744 987500 425365 1453005 39 11 16 34  0  0
38 50  68208 100198700 2317848 75464500    0    0 1335360 949892 399550 1350598 35 11 17 36  0  0
28 57  68208 100185900 2317848 75464524    0    0 1356144 941164 394895 1343220 35 11 17 37  0  0
38 50  68208 100181696 2317848 75464544    0    0 1410768 986884 417673 1443506 39 12 16 33  0  0
37 52  68208 100173808 2317848 75464656    0    0 1422240 1009916 417420 1449876 39 12 16 33  0  0
53 37  68208 100175012 2317848 75464672    0    0 1418544 998944 419728 1439936 38 12 16 34  0  0
39 50  68208 100192648 2317848 75464688    0    0 1427888 1001428 424472 1447271 38 12 16 33  0  0
26 64  68208 100194652 2317848 75464708    0    0 1407888 1000604 420793 1438072 38 12 16 34  0  0
43 45  68208 100192312 2317848 75464720    0    0 1445408 1009720 426660 1483450 39 11 16 34  0  0
33 57  68208 100197492 2317848 75464736    0    0 1425824 993808 420681 1453270 39 12 16 33  0  0
36 51  68208 100197584 2317848 75464760    0    0 1395264 978240 414203 1420016 38 12 16 34  0  0
38 57  68208 100196916 2317848 75464780    0    0 1426880 976572 422489 1451573 39 12 16 33  0  0
30 53  68208 100202820 2317848 75464796    0    0 1410064 985804 416365 1421814 38 12 16 34  0  0
30 59  68208 100194296 2317848 75464816    0    0 1518768 1063128 441858 1565283 42 14 15 29  0  0
44 45  68208 100186064 2317848 75464828    0    0 1523904 1070916 442198 1576307 42 14 15 29  0  0
72 34  68208 100181464 2317848 75464848    0    0 1516000 1054444 444221 1564447 42 13 15 30  0  0
45 43  68208 100185216 2317848 75464860    0    0 1503696 1063240 437633 1557156 42 13 15 30  0  0
procs -----------memory---------- ---swap-- -----io---- -system-- -------cpu-------
 r  b   swpd   free   buff  cache   si   so    bi    bo   in   cs us sy id wa st gu
57 33  68208 100187084 2317848 75464876    0    0 1531696 1064324 444001 1580190 43 14 15 29  0  0
39 50  68208 100177000 2317848 75464896    0    0 1526016 1085180 442637 1568305 42 14 15 29  0  0
53 35  68208 100192152 2317848 75464912    0    0 1514608 1061960 443536 1567000 43 14 15 29  0  0
47 47  68208 100190868 2317848 75464940    0    0 1442720 1008032 429325 1466828 39 13 16 33  0  0
33 56  68208 100193496 2317848 75464956    0    0 1402352 1001748 418184 1427006 38 12 16 34  0  0
57 32  68208 100191080 2317848 75464972    0    0 1545184 1072536 444303 1575335 42 14 15 29  0  0
36 37  68208 100196076 2317848 75464992    0    0 1528528 1064016 444990 1578796 43 13 15 29  0  0
34 59  68208 100207340 2317848 75465000    0    0 1496112 1075824 441186 1538261 41 13 15 31  0  0
44 47  68208 100189664 2317848 75465028    0    0 1506528 1053100 438571 1556482 42 14 15 30  0  0
62 45  68208 100191744 2317848 75465044    0    0 1522352 1062884 446440 1565310 43 14 15 29  0  0
45 47  68208 100190088 2317848 75465060    0    0 1529312 1084280 445199 1568711 42 14 15 29  0  0
40 40  68208 100190672 2317848 75465080    0    0 1495248 1057176 441390 1567731 42 14 15 29  0  0
31 60  68208 100182788 2317848 75465100    0    0 1436608 1011772 426517 1466631 39 13 16 33  0  0
38 55  68208 100190328 2317848 75465124    0    0 1419456 987052 424892 1444702 39 12 16 33  0  0
43 45  68208 100191312 2317848 75465132    0    0 1539808 1045864 447921 1576822 42 13 15 30  0  0
33 58  68208 100188144 2317848 75465144    0    0 1543584 1077628 448038 1576188 43 14 15 29  0  0
36 53  68208 100202908 2317848 75465160    0    0 1519856 1068120 442051 1554859 42 14 15 29  0  0
33 64  68208 100194300 2317848 75465172    0    0 1523424 1052832 441826 1565491 42 14 15 29  0  0
37 57  68208 100188740 2317848 75465200    0    0 1511312 1072004 445448 1561107 42 14 15 29  0  0
43 43  68208 100190884 2317848 75465216    0    0 1522864 1063344 447584 1591011 43 14 14 28  0  0
57 35  68208 100181748 2317852 75465236    0    0 1531696 1074588 448487 1575402 43 14 15 29  0  0
procs -----------memory---------- ---swap-- -----io---- -system-- -------cpu-------
 r  b   swpd   free   buff  cache   si   so    bi    bo   in   cs us sy id wa st gu
20 70  68208 100182372 2317852 75465256    0    0 1443536 1030124 427018 1482937 40 13 16 32  0  0
30 62  68208 100182788 2317852 75465272    0    0 1423392 998804 418776 1445715 38 11 16 35  0  0
20 68  68208 100210540 2317852 75465288    0    0 1497520 1054308 439325 1553701 42 14 15 30  0  0
44 44  68208 100201540 2317852 75465308    0    0 1539232 1089276 443128 1571944 42 14 15 29  0  0
30 58  68208 100195172 2317852 75465328    0    0 1509840 1063952 439618 1553400 42 14 15 29  0  0
38 53  68208 100199416 2317852 75465328    0    0 1505360 1070216 434864 1551959 42 14 15 30  0  0
90 19  68208 100189308 2317852 75465348    0    0 1525680 1067108 438975 1565291 42 14 15 29  0  0
41 48  68208 100191076 2317852 75465372    0    0 1533584 1073652 444165 1583031 43 14 14 29  0  0
33 51  68208 100200956 2317852 75465392    0    0 1520464 1085940 443567 1574659 42 13 15 30  0  0
73 11  68208 100211060 2317852 75465400    0    0 1460128 1019968 431321 1508621 40 12 16 32  0  0
27 63  68208 100199296 2317852 75465416    0    0 1412080 983916 417342 1445298 38 12 16 33  0  0
68 22  68208 100192884 2317852 75465432    0    0 1532656 1077320 448655 1587365 43 14 14 28  0  0
60 16  68208 100211700 2317852 75465448    0    0 1565120 1090704 450221 1636279 45 14 14 27  0  0
47 45  68208 100212584 2317852 75465472    0    0 1574080 1085436 446240 1622324 44 14 14 27  0  0
43 44  68208 100224824 2317856 75465484    0    0 1538656 1090252 443527 1605180 43 14 15 28  0  0
63 23  68208 100209912 2317856 75465508    0    0 1561744 1093660 448928 1615620 43 14 15 28  0  0
38 48  68208 100211888 2317856 75465528    0    0 1569760 1113008 449517 1632022 44 14 15 27  0  0
27 64  68208 100220588 2317856 75465536    0    0 1577712 1097152 450714 1636631 44 14 14 28  0  0
32 58  68208 100209152 2317856 75465556    0    0 1445232 1021416 427709 1498402 40 13 16 31  0  0
22 65  68208 100193824 2317860 75465572    0    0 1448688 1030256 429687 1485456 40 13 15 32  0  0
35 59  68208 100192356 2317860 75465596    0    0 1587264 1107864 447857 1638082 45 15 14 27  0  0
procs -----------memory---------- ---swap-- -----io---- -system-- -------cpu-------
 r  b   swpd   free   buff  cache   si   so    bi    bo   in   cs us sy id wa st gu
40 54  68208 100177476 2317860 75465612    0    0 1580880 1107044 448236 1639362 44 15 14 27  0  0
21 64  68208 100173264 2317860 75465636    0    0 1564592 1107536 441661 1612670 43 14 14 28  0  0
19 66  68208 100192876 2317860 75465652    0    0 1552992 1079592 443134 1611301 43 14 15 28  0  0
50 39  68208 100189484 2317860 75465672    0    0 1532368 1109736 442289 1612617 43 13 15 28  0  0
31 56  68208 100188544 2317864 75465684    0    0 1579264 1100408 450021 1641812 44 14 14 28  0  0
21 59  68208 100190540 2317864 75465772    0    0 1566528 1077544 446740 1636974 44 15 14 27  0  0
18 66  68208 100179624 2317864 75465788    0    0 1431168 1016448 422979 1452181 39 12 16 33  0  0
22 57  68208 100185396 2317864 75465808    0    0 1481728 1046988 430303 1525452 41 13 15 31  0  0
37 56  68208 100191864 2317864 75465828    0    0 1537696 1095996 443653 1640536 45 14 15 26  0  0
22 62  68208 100200792 2317868 75465848    0    0 1586048 1105460 447840 1636337 44 15 14 27  0  0
23 68  68208 100199072 2317868 75465868    0    0 1571984 1072056 446453 1626567 44 14 14 27  0  0
23 68  68208 100209868 2317868 75465884    0    0 1568944 1060700 445664 1619590 43 13 15 28  0  0
18 74  68208 100205932 2317868 75465904    0    0 1560368 1106752 444601 1621390 44 14 15 28  0  0
24 64  68208 100196328 2317868 75465924    0    0 1577216 1086164 449024 1644770 45 14 14 27  0  0
20 67  68208 100213988 2317868 75465952    0    0 1545680 1082336 441229 1607096 43 14 15 28  0  0
14 74  68208 100203400 2317868 75465968    0    0 1417664 994336 425427 1503301 40 13 16 31  0  0
22 66  68208 100185680 2317868 75465984    0    0 1476144 1039216 432730 1520010 40 13 15 31  0  0
37 57  68208 100184356 2317868 75466004    0    0 1573664 1115236 443210 1619045 43 14 14 28  0  0
31 57  68208 100195440 2317868 75466024    0    0 1587024 1103716 449935 1641415 44 15 14 27  0  0
18  5  68208 100209532 2317868 75466036    0    0 1534096 1076060 446047 1612925 43 13 15 28  0  0
46 47  68208 100206104 2317868 75466048    0    0 1540448 1102640 436541 1595594 43 14 15 29  0  0
procs -----------memory---------- ---swap-- -----io---- -system-- -------cpu-------
 r  b   swpd   free   buff  cache   si   so    bi    bo   in   cs us sy id wa st gu
26 65  68208 100197860 2317868 75466068    0    0 1577056 1114652 445525 1632934 44 14 14 28  0  0
78 21  68208 100201976 2317868 75466092    0    0 1585264 1124904 439920 1630606 43 14 15 28  0  0
55 45  68208 100203684 2317868 75466108    0    0 1524512 1062900 440893 1569045 43 14 15 29  0  0
57 28  68208 100180572 2317868 75466120    0    0 1426208 1003492 416481 1443257 38 12 16 33  0  0
53 33  68208 100184528 2317868 75466148    0    0 1533280 1094780 439671 1609051 43 14 15 28  0  0
40 58  68208 100198060 2317868 75466164    0    0 1571984 1104056 446182 1640240 45 15 14 27  0  0
33 50  68208 100202260 2317868 75466180    0    0 1560224 1101904 447118 1644306 44 13 15 28  0  0
67 41  68208 100202904 2317868 75466196    0    0 1569952 1108976 442937 1631711 44 14 14 28  0  0
58 45  68208 100193952 2317868 75466212    0    0 1549296 1090376 439816 1593127 42 14 15 29  0  0
42 51  68208 100199800 2317868 75466228    0    0 1595392 1102196 449818 1635209 44 14 14 27  0  0
50 39  68208 100195916 2317868 75466252    0    0 1587696 1111548 449678 1630617 44 14 14 27  0  0
60 23  68208 100187116 2317868 75466268    0    0 1540400 1086248 442874 1580595 43 14 14 29  0  0
44 45  68208 100193828 2317868 75466288    0    0 1490176 1065736 433307 1525241 41 13 15 31  0  0
35 51  68208 100189432 2317868 75466312    0    0 1513280 1066528 435191 1568389 42 13 15 30  0  0
23 64  68208 100201884 2317868 75466320    0    0 1530048 1075992 438122 1590003 42 13 15 30  0  0
61 44  68208 100188900 2317868 75466336    0    0 1542464 1107564 441222 1590651 43 14 15 28  0  0
30 59  68208 100195852 2317868 75466360    0    0 1568000 1097588 446915 1616440 44 14 14 28  0  0
56 35  68208 100208812 2317868 75466384    0    0 1536480 1092808 436641 1590280 43 14 15 28  0  0
40 49  68208 100211680 2317868 75466404    0    0 1583680 1108272 444792 1626923 44 14 14 28  0  0
26 64  68208 100192712 2317868 75466424    0    0 1567120 1108368 446676 1639334 44 15 14 27  0  0
57 29  68208 100183448 2317868 75466444    0    0 1476320 1058500 437080 1521459 41 13 15 31  0  0
procs -----------memory---------- ---swap-- -----io---- -system-- -------cpu-------
 r  b   swpd   free   buff  cache   si   so    bi    bo   in   cs us sy id wa st gu
40 43  68208 100191052 2317868 75466464    0    0 1433360 1017368 422779 1463604 39 12 16 33  0  0
21 66  68208 100188332 2317868 75466476    0    0 1592096 1114036 449135 1635770 44 13 14 28  0  0
34 56  68208 100214460 2317868 75466492    0    0 1571888 1121984 447026 1634207 44 14 14 27  0  0
45 42  68208 100212560 2317868 75466508    0    0 1561248 1108068 444723 1630617 44 15 14 27  0  0
48 46  68208 100202060 2317868 75466532    0    0 1542336 1088268 443914 1629891 44 14 15 27  0  0
48 43  68208 100194504 2317868 75466548    0    0 1540432 1085728 440112 1590397 43 14 15 29  0  0
42 44  68208 100193820 2317868 75466572    0    0 1563184 1090972 444547 1633809 45 14 14 27  0  0
58 30  68208 100199136 2317872 75466588    0    0 1596320 1102160 451152 1646779 45 14 14 27  0  0
68 16  68208 100204788 2317872 75466608    0    0 1530880 1081332 443513 1593442 43 13 15 29  0  0
47 44  68208 100204704 2317872 75466616    0    0 1523136 1089664 439207 1587154 43 13 15 30  0  0
55 36  68208 100205824 2317872 75466632    0    0 1527760 1088256 442174 1594562 43 14 15 28  0  0
45 49  68208 100196920 2317872 75466656    0    0 1493760 1042916 435425 1526292 41 13 15 31  0  0
43 49  68208 100192356 2317872 75466672    0    0 1472944 1032140 432651 1503873 41 13 15 31  0  0
39 52  68208 100182732 2317872 75466692    0    0 1518240 1081196 443753 1577873 42 14 15 29  0  0
28 60  68208 100182764 2317872 75466712    0    0 1526608 1076560 440120 1571962 42 14 15 29  0  0
59 31  68208 100192472 2317872 75466732    0    0 1545104 1102896 447170 1591033 43 14 15 28  0  0
45 44  68208 100199620 2317872 75466744    0    0 1547200 1088784 447797 1604346 43 13 15 29  0  0
36 53  68208 100206464 2317872 75466756    0    0 1523968 1069052 444787 1582487 43 13 15 29  0  0
46 47  68208 100200572 2317872 75466776    0    0 1523136 1081264 440012 1569685 42 14 15 29  0  0
67 32  68208 100197960 2317872 75466792    0    0 1543536 1089816 445288 1597040 43 14 14 28  0  0
44 45  68208 100185180 2317872 75466808    0    0 1542032 1083780 441938 1589312 43 14 14 29  0  0
procs -----------memory---------- ---swap-- -----io---- -system-- -------cpu-------
 r  b   swpd   free   buff  cache   si   so    bi    bo   in   cs us sy id wa st gu
27 64  68208 100199056 2317872 75466828    0    0 1412896 1006672 418959 1434900 38 12 16 33  0  0
70 31  68208 100185640 2317872 75466852    0    0 1514800 1056556 438449 1563478 42 14 15 29  0  0
29 58  68208 100188808 2317872 75466936    0    0 1518672 1063616 440269 1574331 42 14 15 29  0  0
40 54  68208 100178176 2317872 75466948    0    0 1537488 1080724 446839 1583489 42 13 15 30  0  0
43 48  68208 100185684 2317872 75466960    0    0 1549360 1092276 445297 1597316 43 14 15 28  0  0
44 48  68208 100204116 2317872 75466980    0    0 1518448 1049772 442869 1578297 43 14 15 28  0  0
62 25  68208 100194424 2317872 75467004    0    0 1530928 1072160 441199 1579180 43 14 15 29  0  0
53 30  68208 100214708 2317872 75467020    0    0 1546736 1080980 442785 1595268 43 14 14 28  0  0
43 46  68208 100187852 2317872 75467036    0    0 1484608 1058396 427708 1516952 40 13 16 31  0  0
53 39  68208 100190060 2317872 75467052    0    0 1417360 1002024 416649 1462311 39 12 16 33  0  0
71 20  68208 100192536 2317872 75467076    0    0 1527552 1061580 444683 1569100 42 14 15 29  0  0
38 54  68208 100197316 2317876 75467092    0    0 1515680 1088652 439531 1568520 42 13 15 30  0  0
39 50  68208 100184944 2317876 75467108    0    0 1544704 1083848 446726 1604506 43 14 14 28  0  0
30 58  68208 100192032 2317880 75467116    0    0 1507648 1082480 436813 1555370 42 14 15 30  0  0
29 63  68208 100183756 2317880 75467140    0    0 1493344 1044716 435372 1537800 41 14 15 30  0  0
37 54  68208 100184824 2317880 75467164    0    0 1515536 1058544 439652 1566234 42 14 15 29  0  0
30 56  68208 100177248 2317880 75467188    0    0 1510944 1074008 433499 1542675 41 13 15 30  0  0
58 45  68208 100179420 2317880 75467208    0    0 1476304 1037012 425431 1511067 40 13 15 31  0  0
34 50  68208 100174596 2317880 75467224    0    0 1379776 959936 406822 1376286 36 11 16 36  0  0
46 43  68208 100183316 2317880 75467236    0    0 1444976 1035956 428723 1477821 39 12 16 34  0  0
34 57  68208 100190900 2317880 75467256    0    0 1438656 1007064 419406 1466430 39 13 16 32  0  0
procs -----------memory---------- ---swap-- -----io---- -system-- -------cpu-------
 r  b   swpd   free   buff  cache   si   so    bi    bo   in   cs us sy id wa st gu
39 50  68208 100205556 2317880 75467280    0    0 1495632 1051508 421095 1538137 40 13 16 31  0  0
70 30  68208 100201816 2317880 75467296    0    0 1466672 1043004 432129 1538049 41 13 15 30  0  0
45 47  68208 100186596 2317880 75467316    0    0 1440368 1018088 429305 1488004 40 13 16 32  0  0
50 44  68208 100172652 2317880 75467340    0    0 1527632 1069748 440167 1595584 43 14 15 28  0  0
66 27  68208 100190512 2317880 75467356    0    0 1585744 1088004 444964 1627137 44 15 14 27  0  0
42 43  68208 100189072 2317880 75467376    0    0 1568096 1099804 446750 1618333 44 13 14 29  0  0
36 56  68208 100191092 2317880 75467384    0    0 1444304 1037288 423911 1467854 39 12 16 33  0  0
64 23  68208 100205300 2317880 75467404    0    0 1488832 1046888 436232 1547935 42 14 15 30  0  0
67 29  68208 100202452 2317880 75467424    0    0 1567232 1091576 451785 1630181 44 15 14 27  0  0
53 35  68208 100192116 2317880 75467440    0    0 1574176 1114480 448224 1626336 44 15 14 27  0  0
49 40  68208 100184536 2317880 75467456    0    0 1464656 1024024 428624 1493548 40 13 15 32  0  0
44 48  68208 100194772 2317880 75467476    0    0 1501424 1055836 432471 1540116 41 13 15 31  0  0
49 41  68208 100200880 2317880 75467496    0    0 1537568 1096236 445675 1586949 43 14 15 29  0  0
59 33  68208 100205588 2317880 75467516    0    0 1594144 1110320 439853 1641212 43 13 15 29  0  0
29 57  68208 100207608 2317880 75467524    0    0 1562528 1095852 444257 1625631 44 14 15 28  0  0
46 46  68208 100196832 2317880 75467540    0    0 1468032 1044500 425863 1513808 41 13 16 30  0  0
66 33  68208 100182368 2317880 75467568    0    0 1478528 1024128 425683 1508808 41 13 15 31  0  0
42 44  68208 100181308 2317880 75467588    0    0 1555520 1108224 446280 1599141 43 14 14 28  0  0
54 34  68208 100171048 2317880 75467604    0    0 1528288 1067932 437535 1578746 43 14 15 29  0  0
37 53  68208 100180880 2317880 75467620    0    0 1463376 1029352 426059 1500476 40 13 15 31  0  0
54 31  68208 100168944 2317880 75467640    0    0 1500752 1049308 432465 1563994 41 14 15 30  0  0
procs -----------memory---------- ---swap-- -----io---- -system-- -------cpu-------
 r  b   swpd   free   buff  cache   si   so    bi    bo   in   cs us sy id wa st gu
60 29  68208 100181096 2317880 75467656    0    0 1540288 1090756 447007 1593761 42 13 15 30  0  0
59 32  68208 100200576 2317880 75467672    0    0 1580976 1102768 445863 1630645 44 14 14 28  0  0
59 29  68208 100211688 2317880 75467688    0    0 1576816 1081060 444093 1622278 44 14 14 28  0  0
48 36  68208 100184300 2317880 75467704    0    0 1437456 1002508 426829 1465452 39 13 16 32  0  0
63 26  68208 100182284 2317880 75467720    0    0 1524080 1069704 440884 1570239 42 14 15 29  0  0
47 44  68208 100186088 2317880 75467748    0    0 1563104 1119500 445186 1629151 44 14 14 27  0  0
35 56  68208 100185932 2317880 75467764    0    0 1524128 1076400 444777 1596862 44 14 15 27  0  0
26 62  68208 100189884 2317880 75467780    0    0 1439504 1030196 427674 1476710 40 13 16 32  0  0
45 39  68208 100204096 2317880 75467792    0    0 1508768 1053892 440920 1544632 41 12 15 31  0  0
35 56  68208 100187092 2317880 75467808    0    0 1556224 1094976 445573 1591317 43 14 14 28  0  0
50 38  68208 100190736 2317880 75467840    0    0 1561824 1112828 446768 1606122 43 14 14 28  0  0
42 47  68208 100198668 2317880 75467856    0    0 1523104 1077576 443210 1589965 43 14 15 28  0  0
45 48  68208 100185932 2317880 75467872    0    0 1516032 1069804 441800 1564898 42 14 15 29  0  0
33 54  68208 100190296 2317880 75467892    0    0 1491040 1058720 440103 1529145 42 13 15 30  0  0
42 47  68208 100204508 2317880 75467908    0    0 1519312 1062756 445675 1566701 42 14 15 29  0  0
42 25  68208 100195044 2317880 75467936    0    0 1543248 1099928 444101 1596704 43 14 15 28  0  0
44 47  68208 100209796 2317880 75467948    0    0 1479696 1040632 429948 1512373 40 12 16 33  0  0
30 62  68208 100207148 2317880 75467964    0    0 1491472 1044124 434096 1521925 41 13 15 30  0  0
36 52  68208 100195516 2317880 75467980    0    0 1532256 1075072 448312 1605500 44 14 15 28  0  0
56 34  68208 100178380 2317880 75467996    0    0 1560096 1092868 450456 1637124 44 14 14 27  0  0
45 42  68208 100166664 2317880 75468088    0    0 1532432 1065768 435699 1582575 43 14 15 29  0  0
procs -----------memory---------- ---swap-- -----io---- -system-- -------cpu-------
 r  b   swpd   free   buff  cache   si   so    bi    bo   in   cs us sy id wa st gu
52 33  68208 100189100 2317880 75468108    0    0 1453936 994640 429817 1495381 41 13 15 31  0  0
66 37  68208 100184148 2317880 75468124    0    0 1525728 1062236 440442 1564621 43 14 15 29  0  0
50 41  68208 100200904 2317880 75468136    0    0 1582784 1108156 452979 1633705 44 14 14 28  0  0
18 71  68208 100199468 2317880 75468148    0    0 1506320 1059200 437785 1546180 41 12 15 31  0  0
23 64  68208 100196972 2317880 75468164    0    0 1456240 1027132 432813 1498293 41 13 15 31  0  0
46 51  68208 100191620 2317880 75468188    0    0 1580608 1087368 446239 1631231 44 15 14 27  0  0
21 71  68208 100197124 2317880 75468204    0    0 1558336 1098516 447703 1596852 43 14 14 29  0  0
25 59  68208 100191528 2317880 75468220    0    0 1587312 1103488 453537 1633509 44 15 14 27  0  0
15 75  68208 100202220 2317880 75468240    0    0 1543888 1071452 440057 1579738 42 14 15 29  0  0
25 57  68208 100187776 2317880 75468260    0    0 1455344 1015596 428848 1499424 40 13 15 31  0  0
26 61  68208 100204088 2317880 75468280    0    0 1522912 1052128 435994 1569464 42 13 15 30  0  0
33 57  68208 100218980 2317880 75468292    0    0 1577120 1119004 449790 1627334 44 14 14 28  0  0
39 52  68208 100208104 2317880 75468316    0    0 1457040 1005856 427919 1505348 41 13 15 31  0  0
37 57  68208 100191548 2317880 75468332    0    0 1492576 1047004 432959 1543875 42 14 15 30  0  0
40 46  68208 100188348 2317880 75468348    0    0 1539520 1090764 442172 1601024 43 14 15 28  0  0
50 44  68208 100184992 2317880 75468372    0    0 1547424 1074752 444888 1603468 43 14 14 28  0  0
56 34  68208 100190300 2317880 75468388    0    0 1560224 1093620 449810 1626720 44 14 14 27  0  0
33 11  68208 100192764 2317880 75468412    0    0 1539040 1087040 446546 1606019 43 14 15 28  0  0
29 48  68208 100186640 2317880 75468424    0    0 1452176 1023668 412307 1473151 38 11 16 35  0  0
36 54  68208 100197784 2317884 75468432    0    0 1528512 1050464 440045 1563477 42 13 15 30  0  0
29 58  68208 100187592 2317884 75468452    0    0 1541264 1068160 442935 1590192 43 14 15 28  0  0
procs -----------memory---------- ---swap-- -----io---- -system-- -------cpu-------
 r  b   swpd   free   buff  cache   si   so    bi    bo   in   cs us sy id wa st gu
32 57  68208 100195916 2317884 75468472    0    0 1432192 1012988 428309 1481842 40 13 16 32  0  0
44 47  68208 100201664 2317884 75468492    0    0 1518592 1081644 433189 1563241 42 13 15 30  0  0
60 34  68208 100184760 2317884 75468512    0    0 1573440 1097868 449293 1620548 43 15 14 28  0  0
49 42  68208 100190136 2317884 75468528    0    0 1552832 1088620 447556 1599985 43 14 14 28  0  0
31 60  68208 100172416 2317884 75468548    0    0 1558880 1114860 447848 1615563 44 14 15 27  0  0
40 49  68208 100181168 2317884 75468564    0    0 1496528 1042072 433604 1519726 40 12 15 33  0  0
47 44  68208 100192960 2317884 75468584    0    0 1450864 1040336 425190 1474053 40 12 15 32  0  0
37 53  68208 100184264 2317884 75468604    0    0 1544880 1089428 443733 1593434 43 14 15 28  0  0
34 55  68208 100190332 2317884 75468620    0    0 1537536 1077240 442794 1591727 43 14 14 28  0  0
39 53  68208 100192204 2317884 75468644    0    0 1480416 1056244 431222 1521517 41 13 15 31  0  0
39 51  68208 100194008 2317884 75468660    0    0 1530304 1074264 439956 1576753 42 14 15 29  0  0
40 50  68208 100189360 2317884 75468684    0    0 1515744 1062848 442025 1555548 42 14 15 30  0  0
57 19  68208 100189928 2317884 75468700    0    0 1490288 1073768 436419 1574614 43 14 15 28  0  0
44 48  68208 100184712 2317884 75468716    0    0 1577936 1102484 449840 1623413 44 13 15 29  0  0
47 46  68208 100196140 2317884 75468732    0    0 1484864 1039968 434919 1527825 41 13 15 30  0  0
42 49  68208 100193208 2317884 75468748    0    0 1444192 1020064 422620 1497949 39 13 16 32  0  0
38 52  68208 100181672 2317884 75468768    0    0 1538336 1085508 441951 1593274 43 14 15 28  0  0
34 57  68208 100182000 2317884 75468784    0    0 1538336 1075644 442170 1570297 43 14 14 29  0  0
44 18  68208 100180464 2317884 75468800    0    0 1454800 1006580 428998 1492859 40 13 15 31  0  0
41 48  68208 100178812 2317884 75468816    0    0 1527472 1072148 441863 1586489 43 14 15 28  0  0
31 15  68208 100193972 2317884 75468840    0    0 1555296 1108436 442376 1602365 43 14 15 29  0  0
procs -----------memory---------- ---swap-- -----io---- -system-- -------cpu-------
 r  b   swpd   free   buff  cache   si   so    bi    bo   in   cs us sy id wa st gu
55 25  68208 100192592 2317884 75468852    0    0 1532048 1080756 445672 1596733 43 13 15 29  0  0
53 29  68208 100196388 2317888 75468860    0    0 1577808 1100560 448862 1641146 45 14 14 27  0  0
83 11  68208 100188568 2317888 75468884    0    0 1484672 1053224 435604 1542589 42 13 15 30  0  0
56 31  68208 100201088 2317888 75468904    0    0 1458160 1022928 429928 1495288 40 13 15 31  0  0
54 38  68208 100183984 2317888 75468924    0    0 1532048 1088784 442464 1584644 42 14 15 29  0  0
41 51  68208 100182776 2317888 75468948    0    0 1484240 1045764 427203 1524040 41 13 15 31  0  0
49 42  68208 100171284 2317888 75468968    0    0 1457888 1024464 427854 1487250 40 13 15 32  0  0
58 40  68208 100181532 2317888 75468984    0    0 1572384 1114872 452463 1636473 44 14 14 27  0  0
57 34  68208 100198832 2317888 75468996    0    0 1580928 1103488 446307 1627791 43 13 15 29  0  0
55 34  68208 100196268 2317888 75469016    0    0 1548464 1090388 441378 1594524 42 14 15 29  0  0
42 49  68208 100201448 2317888 75469040    0    0 1564816 1115100 447658 1616359 44 14 14 28  0  0
35 54  68208 100178640 2317888 75469052    0    0 1507584 1052620 435753 1535515 41 14 15 30  0  0
34 55  68208 100179844 2317888 75469080    0    0 1448320 1010820 428627 1477245 40 13 16 32  0  0
62 22  68208 100171796 2317888 75469096    0    0 1504592 1077072 441705 1577483 42 14 15 28  0  0
65 22  68208 100182984 2317888 75469116    0    0 1484352 1046184 436443 1530269 41 13 15 31  0  0
44 42  68208 100183780 2317888 75469132    0    0 1445200 1020092 428039 1466794 39 12 16 34  0  0
32 56  68208 100196388 2317892 75469136    0    0 1583616 1091524 444877 1635752 44 14 14 28  0  0
69 21  68208 100195820 2317892 75469236    0    0 1553104 1099548 450550 1596169 43 15 14 28  0  0
33 57  68208 100198376 2317892 75469252    0    0 1530656 1090500 442277 1589275 43 14 15 29  0  0
24 66  68208 100188376 2317892 75469272    0    0 1571232 1095292 449697 1627366 44 15 14 27  0  0
29 60  68208 100182336 2317892 75469288    0    0 1513968 1065104 436918 1553952 42 14 15 30  0  0
procs -----------memory---------- ---swap-- -----io---- -system-- -------cpu-------
 r  b   swpd   free   buff  cache   si   so    bi    bo   in   cs us sy id wa st gu
50 28  68208 100182408 2317892 75469304    0    0 1427232 1023192 416629 1453771 38 13 16 33  0  0
70 25  68208 100181752 2317892 75469328    0    0 1540352 1077152 443526 1603958 44 14 14 28  0  0
41 49  68208 100179992 2317892 75469348    0    0 1488880 1048496 434284 1535859 41 12 16 32  0  0
26 63  68208 100196292 2317892 75469360    0    0 1444336 1041804 424379 1472262 39 12 16 33  0  0
43 44  68208 100195912 2317892 75469380    0    0 1573952 1096636 453462 1632528 45 15 14 27  0  0
56 46  68208 100175024 2317892 75469404    0    0 1570304 1108112 451457 1614536 44 14 14 27  0  0
45 47  68208 100180244 2317892 75469428    0    0 1555632 1097136 444333 1600825 43 14 15 29  0  0
40 52  68208 100183080 2317892 75469444    0    0 1578272 1103748 449965 1625191 44 14 14 27  0  0
23 69  68208 100179256 2317892 75469460    0    0 1508496 1071804 425341 1547693 41 14 15 31  0  0
37 53  68208 100179156 2317892 75469476    0    0 1440656 1008072 420425 1470833 39 13 16 33  0  0
45 44  68208 100188420 2317892 75469492    0    0 1570800 1097168 446137 1623434 43 13 15 30  0  0
34 57  68208 100192732 2317892 75469504    0    0 1507840 1068080 439221 1558201 42 14 15 29  0  0
29 56  68208 100189436 2317892 75469524    0    0 1455648 1019228 423507 1497561 40 13 16 32  0  0
57 20  68208 100192628 2317892 75469540    0    0 1570704 1097500 452479 1617359 44 14 14 27  0  0
67 36  68208 100181008 2317892 75469560    0    0 1592240 1096436 444326 1633160 44 14 14 28  0  0
39 51  68208 100189276 2317892 75469580    0    0 1548032 1090676 447072 1596783 43 14 15 28  0  0
28 60  68208 100199320 2317892 75469600    0    0 1577552 1108904 452486 1621942 44 15 14 27  0  0
28 61  68208 100190012 2317892 75469620    0    0 1519216 1067136 441945 1569816 42 14 15 29  0  0
35 54  68208 100192704 2317892 75469628    0    0 1436704 1018000 423992 1459501 39 11 16 34  0  0
26 64  68208 100190432 2317892 75469652    0    0 1503472 1076940 437272 1553415 42 14 15 30  0  0
53 29  68208 100183048 2317892 75469668    0    0 1454672 1014032 429026 1497042 40 13 15 32  0  0
procs -----------memory---------- ---swap-- -----io---- -system-- -------cpu-------
 r  b   swpd   free   buff  cache   si   so    bi    bo   in   cs us sy id wa st gu
45 45  68208 100185284 2317896 75469688    0    0 1537568 1077720 444903 1580839 43 14 14 29  0  0
43 49  68208 100187236 2317896 75469704    0    0 1559424 1111600 449235 1610873 44 14 15 28  0  0
42 47  68208 100196176 2317896 75469724    0    0 1569680 1103408 446307 1633643 44 15 14 27  0  0
34 54  68208 100179124 2317896 75469748    0    0 1542976 1081448 445751 1598330 43 14 15 28  0  0
36 54  68208 100189648 2317896 75469760    0    0 1575104 1123144 442308 1618709 43 14 14 29  0  0
30 61  68208 100193556 2317900 75469768    0    0 1552800 1087616 441010 1592318 43 13 15 30  0  0
35 50  68208 100183516 2317900 75469784    0    0 1459600 1045348 431968 1492765 40 13 15 32  0  0
59 14  68208 100181364 2317900 75469808    0    0 1469504 1027412 432460 1500721 40 13 15 31  0  0
59 21  68208 100187752 2317900 75469828    0    0 1396000 980824 414983 1412131 38 12 16 34  0  0
42 48  68208 100185724 2317900 75469844    0    0 1538416 1098020 442214 1597159 43 14 14 28  0  0
51 27  68208 100181596 2317904 75469860    0    0 1516912 1080608 442563 1642515 45 15 15 26  0  0
53 38  68208 100190468 2317904 75469876    0    0 1538816 1100672 446192 1643876 45 14 14 26  0  0
63 17  68208 100205492 2317904 75469900    0    0 1544032 1071552 442220 1602795 43 14 15 29  0  0
32 60  68208 100195924 2317904 75469912    0    0 1546416 1077700 445688 1635234 45 14 15 27  0  0
46 52  68208 100182004 2317904 75469928    0    0 1525040 1067696 438522 1576350 43 14 15 29  0  0
28 61  68208 100146560 2317904 75470152    0    0 1425456 1012512 417086 1459450 40 13 15 32  0  0
35 57  68208 100083036 2317928 75470416    0    0 1494624 1050200 428467 1542859 43 14 14 28  0  0
27 60  68208 100043400 2317952 75488000    0    0 1433536 1027592 424249 1466798 41 14 15 31  0  0
67 30  68208 100028196 2317952 75487956    0    0 1525136 1059608 438881 1573407 44 14 14 28  0  0
52 42  68208 99896140 2317952 75597340    0    0 1547872 1148052 446791 1617175 45 15 14 26  0  0
58 44  68208 99939836 2317956 75545604    0    0 1578896 1173484 444829 1620151 44 13 14 28  0  0
procs -----------memory---------- ---swap-- -----io---- -system-- -------cpu-------
 r  b   swpd   free   buff  cache   si   so    bi    bo   in   cs us sy id wa st gu
38 57  68208 99918944 2317956 75545720    0    0 1536560 1083308 440503 1593232 45 13 14 28  0  0
44 26  68208 100015064 2317956 75528368    0    0 1578480 1106076 444864 1626133 45 14 14 27  0  0
32 53  68208 100112872 2317956 75470796    0    0 1512400 1086044 433889 1552359 42 14 15 29  0  0
39 50  68208 100123144 2317956 75470512    0    0 1470112 1035304 425183 1499735 40 13 15 32  0  0
40 52  68208 100153272 2317956 75470528    0    0 1493776 1050012 429593 1533887 41 14 15 31  0  0
55 36  68208 100155952 2317956 75470548    0    0 1497024 1066092 439045 1561543 42 14 15 29  0  0
39 51  68208 100148916 2317956 75470572    0    0 1535536 1078820 443536 1584354 43 14 14 29  0  0
38 50  68208 100166952 2317956 75470584    0    0 1515120 1078708 439139 1559719 41 12 15 31  0  0
41 48  68208 100165564 2317956 75470600    0    0 1539680 1078544 440236 1597292 43 14 15 29  0  0
36 53  68208 100177592 2317956 75470616    0    0 1537664 1096008 437387 1597396 42 14 15 28  0  0
49 18  68208 100170772 2317956 75470648    0    0 1564800 1093124 447776 1624133 44 15 14 27  0  0
34 55  68208 100173520 2317956 75470668    0    0 1510192 1038544 434135 1553058 42 14 15 29  0  0
61 28  68208 100176936 2317956 75470684    0    0 1458960 1016992 427898 1478619 39 13 15 32  0  0
40 51  68208 100169756 2317956 75470704    0    0 1515136 1071796 426515 1548381 41 13 15 30  0  0
52 49  68208 100171072 2317956 75470808    0    0 1445648 1018068 424146 1483465 40 13 15 32  0  0
34 57  68208 100177104 2317956 75470824    0    0 1568128 1094004 441356 1601987 42 13 15 30  0  0
42 48  68208 100195800 2317956 75470836    0    0 1569936 1113152 445453 1618726 44 14 14 28  0  0
46 31  68208 100179972 2317956 75470852    0    0 1571904 1095428 448538 1641024 45 15 14 27  0  0
 8  4  68208 100239000 2317956 75470872    0    0 1494816 1086436 468021 1610618 43 15 18 25  0  0
