procs -----------memory---------- ---swap-- -----io---- -system-- -------cpu-------
 r  b   swpd   free   buff  cache   si   so    bi    bo   in   cs us sy id wa st gu
 7  2  62064 92553964 2400116 78973872   25   32 211679 220004 58370   41 21  4 73  3  0  0
49  1  62064 90991412 2400120 78973956    0    0 149072 362684 407111 621569 11 19 68  2  0  0
40  2  62064 87691608 2400120 78973972    0    0 139312 382020 678277 1192022 21 41 38  1  0  0
62  8  62064 86757332 2400120 78973988    0    0 311024 278524 379565 1411469 36 34 28  1  0  0
39  9  62064 86783852 2400120 78974104    0    0 547072 396120 313873 1589489 47 29 21  3  0  0
51  1  62064 86757268 2400120 78974128    0    0 335696 193256 283515 1541937 44 31 24  1  0  0
150  5  62064 86694640 2400120 78974156    0    0 417568 228748 308786 1569704 46 30 23  2  0  0
136  2  62064 86650764 2400120 78974172    0    0 297248 167496 285144 1535653 42 35 22  1  0  0
18  0  62064 86624636 2400120 78974196    0    0 270928 240724 279025 1539564 41 33 24  1  0  0
72  0  62064 86559448 2400120 78974208    0    0 290512 322320 283915 1537554 43 33 23  1  0  0
13  3  62064 86520512 2400120 78974232    0    0 288048 262228 281190 1538208 42 33 24  1  0  0
76  9  62064 86479456 2400120 78974256    0    0 249552 225612 270399 1525285 41 33 25  1  0  0
60 14  62064 86458832 2400120 78974272    0    0 273664 249120 277752 1534227 42 33 24  1  0  0
98  0  62064 86425456 2400120 78974296    0    0 296464 263528 282616 1542964 42 33 24  1  0  0
81  1  62064 86393648 2400120 78974312    0    0 260448 232616 272421 1532742 42 33 24  1  0  0
26  2  62064 86364356 2400120 78974332    0    0 312624 221864 281846 1551869 42 33 23  1  0  0
73  2  62064 86359816 2400120 78974352    0    0 332320 190816 284012 1552744 44 32 23  1  0  0
155  2  62064 86310296 2400120 78974364    0    0 332144 255328 292232 1561717 43 33 22  1  0  0
48  5  62064 86275884 2400120 78974380    0    0 334144 191808 286873 1567899 43 32 23  1  0  0
75  5  62064 86250016 2400120 78974468    0    0 282480 166368 269864 1536988 42 33 24  1  0  0
129 11  62064 86227112 2400120 78974484    0    0 266864 152756 267635 1537386 42 33 24  1  0  0
procs -----------memory---------- ---swap-- -----io---- -system-- -------cpu-------
 r  b   swpd   free   buff  cache   si   so    bi    bo   in   cs us sy id wa st gu
159  0  62064 86209288 2400120 78974508    0    0 318064 179896 285566 1556098 43 34 22  1  0  0
154  1  62064 86189524 2400120 78974528    0    0 299376 172144 277331 1538819 42 34 23  1  0  0
53  1  62064 86165336 2400120 78974548    0    0 279760 222612 275223 1534525 42 34 23  1  0  0
224  1  62064 86150408 2400120 78974568    0    0 329920 187344 284517 1570194 42 33 23  1  0  0
59  2  62064 86113248 2400120 78974576    0    0 371888 214664 286676 1572531 45 30 24  2  0  0
101  3  62064 86088604 2400120 78974600    0    0 363200 217308 286641 1575821 44 31 23  2  0  0
65  5  62064 86051704 2400124 78974624    0    0 293296 183000 276844 1542948 41 35 23  1  0  0
33  1  62064 86038180 2400124 78974644    0    0 283536 174476 273341 1541518 42 33 24  1  0  0
67  5  62064 86030268 2400124 78974660    0    0 293616 208356 281095 1565859 42 33 24  1  0  0
118  1  62064 85993156 2400124 78974680    0    0 317744 242124 287759 1554846 42 34 23  1  0  0
33  1  62064 85969164 2400124 78974700    0    0 291776 179344 275905 1547007 42 33 23  1  0  0
50  5  62064 85955444 2400128 78974716    0    0 260208 162028 268848 1540821 41 34 24  1  0  0
64  6  62064 85937860 2400128 78974736    0    0 284816 175960 270757 1551558 42 32 25  1  0  0
69  2  62064 85918988 2400128 78974756    0    0 367952 224336 286347 1571625 44 32 23  1  0  0
79  2  62064 85891684 2400128 78974776    0    0 322592 197388 278440 1556427 42 33 24  1  0  0
62  2  62064 85852792 2400128 78974796    0    0 293840 240824 279506 1547042 42 34 23  1  0  0
111  6  62064 85847204 2400128 78974812    0    0 283264 176868 274831 1544071 42 33 23  1  0  0
39  2  62064 85815788 2400128 78974836    0    0 261408 160868 269416 1532293 41 34 24  1  0  0
49  0  62064 85808824 2400128 78974856    0    0 270240 167108 267949 1539243 42 33 24  1  0  0
60  8  62064 85794612 2400128 78974880    0    0 313536 190152 282129 1557629 42 34 22  1  0  0
47  1  62064 85776888 2400128 78974888    0    0 299552 187448 278467 1553150 42 33 23  1  0  0
procs -----------memory---------- ---swap-- -----io---- -system-- -------cpu-------
 r  b   swpd   free   buff  cache   si   so    bi    bo   in   cs us sy id wa st gu
73  0  62064 85744504 2400128 78974916    0    0 303712 188560 274733 1543346 42 33 24  1  0  0
34  5  62064 85736652 2400128 78974932    0    0 303936 209104 282292 1567916 43 32 24  1  0  0
33  4  62064 85704468 2400128 78974952    0    0 364432 282428 291280 1585215 45 31 23  2  0  0
75  2  62064 85682716 2400128 78974968    0    0 276480 173544 271780 1544183 42 33 23  1  0  0
83 10  62064 85670580 2400128 78974984    0    0 378960 235104 292762 1583373 44 30 24  2  0  0
123 10  62064 85650928 2400128 78975016    0    0 316752 198196 290207 1570964 43 33 23  1  0  0
29  0  62064 85622424 2400128 78975036    0    0 288944 179600 284903 1553742 42 34 23  1  0  0
124  0  62064 85620936 2400128 78975044    0    0 277392 177196 275686 1547744 42 33 24  1  0  0
73  9  62064 85591512 2400128 78975060    0    0 305984 248540 280338 1550583 42 34 23  1  0  0
36 14  62064 85564620 2400128 78975080    0    0 311200 223124 287667 1556009 42 34 23  1  0  0
96  0  62064 85546632 2400128 78975104    0    0 387248 281992 302358 1594460 44 31 23  2  0  0
47  9  62064 85519680 2400128 78975120    0    0 300320 220428 285519 1551170 42 35 23  1  0  0
127  0  62064 85510120 2400128 78975136    0    0 280064 214780 276062 1538824 41 34 24  1  0  0
11  0  62064 85474680 2400128 78975152    0    0 264000 206852 270627 1538676 41 34 24  1  0  0
29  1  62064 85461868 2400128 78975176    0    0 266832 230168 283147 1561414 41 34 24  1  0  0
70  7  62064 85467428 2400128 78975196    0    0 366768 351768 294617 1594520 44 31 23  2  0  0
82  2  62064 85430440 2400128 78975208    0    0 298672 210484 278761 1555873 42 33 23  1  0  0
78  3  62064 85407424 2400128 78975228    0    0 293840 195324 281566 1567527 42 33 24  1  0  0
38  3  62064 85402504 2400128 78975248    0    0 327856 220032 280367 1563258 43 32 24  1  0  0
70  1  62064 85382276 2400128 78975268    0    0 296112 197736 284027 1558330 42 34 23  1  0  0
96  1  62064 85354988 2400128 78975288    0    0 287056 194668 284922 1565783 42 33 24  1  0  0
procs -----------memory---------- ---swap-- -----io---- -system-- -------cpu-------
 r  b   swpd   free   buff  cache   si   so    bi    bo   in   cs us sy id wa st gu
42  2  62064 85347924 2400128 78975304    0    0 260048 178764 277792 1551740 42 34 24  1  0  0
88  2  62064 85343004 2400128 78975324    0    0 260656 182804 268190 1538085 41 34 24  1  0  0
24  1  62064 85340404 2400128 78975344    0    0 377360 302340 294034 1590695 44 32 23  2  0  0
110  3  62064 85315756 2400128 78975360    0    0 290720 197220 279125 1561862 42 33 24  1  0  0
81  1  62064 85294932 2400128 78975388    0    0 265104 184596 270111 1536698 42 33 24  1  0  0
78  1  62064 85270648 2400128 78975404    0    0 306416 209512 283585 1556400 42 34 23  1  0  0
32  1  62064 85258852 2400128 78975428    0    0 286624 194336 277893 1545455 42 33 23  1  0  0
52  2  62064 85245236 2400128 78975452    0    0 291952 221804 275172 1546762 43 32 24  1  0  0
92  1  62064 85236112 2400128 78975464    0    0 305776 269728 284166 1559628 42 34 23  1  0  0
246  0  62064 85226832 2400128 78975484    0    0 305712 211848 291469 1564874 42 34 23  1  0  0
38  1  62064 85230388 2400128 78975500    0    0 270160 185776 275365 1543239 41 34 24  1  0  0
96  0  62064 85209592 2400128 78975508    0    0 260752 182668 271792 1539471 41 33 24  1  0  0
33 16  62064 85197456 2400128 78975536    0    0 312032 217088 279539 1557561 43 33 23  1  0  0
131  8  62064 85183580 2400128 78975552    0    0 331520 226796 290091 1565902 43 33 23  1  0  0
43  4  62064 85166124 2400128 78975572    0    0 302480 209292 277692 1554227 42 33 24  1  0  0
148  1  62064 85163024 2400128 78975592    0    0 267248 196332 274351 1557441 41 33 24  1  0  0
54  1  62064 85149892 2400128 78975684    0    0 323648 274024 286317 1558495 43 33 23  1  0  0
13  1  62064 85127164 2400128 78975704    0    0 286784 201896 278106 1538618 42 34 23  1  0  0
83  5  62064 85128832 2400128 78975724    0    0 274992 192892 274550 1544524 41 34 24  1  0  0
24  0  62064 85120300 2400128 78975732    0    0 265120 185352 271867 1546387 41 33 24  1  0  0
45  6  62064 85097084 2400128 78975756    0    0 272336 195884 271020 1538109 42 33 24  1  0  0
procs -----------memory---------- ---swap-- -----io---- -system-- -------cpu-------
 r  b   swpd   free   buff  cache   si   so    bi    bo   in   cs us sy id wa st gu
52  7  62064 85091204 2400128 78975776    0    0 313824 235504 281554 1554092 42 33 23  1  0  0
49  4  62064 85086392 2400128 78975796    0    0 296464 207336 278320 1543152 42 33 23  1  0  0
78 10  62064 85093796 2400128 78975812    0    0 326816 228808 280901 1569783 43 32 23  1  0  0
21  1  62064 85080764 2400128 78975832    0    0 322512 280396 285631 1555183 43 33 23  1  0  0
49  4  62064 85066204 2400128 78975852    0    0 278848 197544 275092 1541223 42 34 23  1  0  0
41  0  62064 85064036 2400128 78975872    0    0 271536 189692 272045 1540662 42 33 24  1  0  0
41 13  62064 85058424 2400128 78975884    0    0 320464 228544 280273 1574086 43 32 23  1  0  0
50  8  62064 85058140 2400128 78975900    0    0 341680 243000 285587 1567849 43 32 24  1  0  0
37  4  62064 85031780 2400128 78975920    0    0 286352 206384 273644 1554230 42 32 24  1  0  0
35  1  62064 85030344 2400128 78975944    0    0 318656 280308 289919 1555924 42 34 23  1  0  0
119  2  62064 85029644 2400128 78975964    0    0 296640 207056 282491 1544963 42 34 23  1  0  0
77  2  62064 85013532 2400128 78975980    0    0 274160 190932 273853 1535835 42 33 24  1  0  0
21  0  62064 85009276 2400128 78975996    0    0 259936 185888 270206 1532055 41 34 24  1  0  0
68  1  62064 84997844 2400128 78976028    0    0 258864 192096 270120 1537387 41 33 24  1  0  0
43 14  62064 84993012 2400128 78976040    0    0 325648 244420 287768 1567255 43 32 23  1  0  0
95  6  62064 84974180 2400128 78976064    0    0 341888 242440 289198 1574433 44 31 23  1  0  0
26  5  62064 84974108 2400128 78976080    0    0 364320 311736 299071 1593515 45 30 23  2  0  0
54 10  62064 84950688 2400128 78976096    0    0 396080 279404 299761 1596165 45 30 23  2  0  0
53  6  62064 84941180 2400128 78976120    0    0 276080 197392 275149 1545605 42 33 24  1  0  0
40  8  62064 84936680 2400128 78976144    0    0 271248 194552 274477 1536970 42 33 24  1  0  0
107  3  62064 84931880 2400128 78976164    0    0 292528 210220 284851 1550172 41 34 23  1  0  0
procs -----------memory---------- ---swap-- -----io---- -system-- -------cpu-------
 r  b   swpd   free   buff  cache   si   so    bi    bo   in   cs us sy id wa st gu
59 11  62064 84920640 2400128 78976180    0    0 269600 195544 274336 1536396 41 34 23  1  0  0
30  5  62064 84925020 2400128 78976192    0    0 256544 184492 271900 1548140 42 33 24  1  0  0
77 11  62064 84920800 2400128 78976208    0    0 360800 310540 291168 1574020 44 32 23  2  0  0
93  5  62064 84905332 2400128 78976228    0    0 291088 206536 275806 1549443 42 33 24  1  0  0
35  1  62064 84899664 2400128 78976248    0    0 282224 221448 274608 1541407 42 33 24  1  0  0
21  1  62064 84910688 2400128 78976264    0    0 343648 243336 285883 1568070 43 32 23  1  0  0
33  2  62064 84891792 2400128 78976280    0    0 391024 280264 299766 1587546 44 31 22  2  0  0
36  4  62064 84891832 2400128 78976304    0    0 321392 273704 286327 1555361 43 33 22  1  0  0
49  4  62064 84889280 2400128 78976324    0    0 304352 216936 281071 1545214 42 34 23  1  0  0
79  2  62064 84892176 2400128 78976340    0    0 272528 192524 283302 1563648 41 34 24  1  0  0
61  8  62064 84880652 2400128 78976352    0    0 274288 199568 272955 1541418 42 33 24  1  0  0
42  3  62064 84871712 2400128 78976372    0    0 402528 285004 295104 1595337 44 31 23  2  0  0
76  3  62064 84866188 2400128 78976392    0    0 363024 255676 289171 1577369 43 31 24  2  0  0
41  7  62064 84863008 2400128 78976416    0    0 287504 210340 273200 1551709 42 32 24  1  0  0
32  2  62064 84863428 2400128 78976436    0    0 323440 286436 286275 1558296 43 33 23  1  0  0
57  5  62064 84853524 2400128 78976456    0    0 298448 212668 279767 1548257 42 34 23  1  0  0
32 10  62064 84849208 2400128 78976476    0    0 273952 200480 273631 1541300 41 34 24  1  0  0
34  7  62064 84868392 2400128 78976492    0    0 252336 204944 269459 1542271 41 33 25  1  0  0
77  2  62064 84858644 2400128 78976496    0    0 306432 216136 282883 1558843 43 33 23  1  0  0
183  3  62064 84847712 2400128 78976520    0    0 283104 202516 277058 1541217 42 34 23  1  0  0
44  3  62064 84832340 2400128 78976544    0    0 268992 193128 272724 1540697 42 33 24  1  0  0
procs -----------memory---------- ---swap-- -----io---- -system-- -------cpu-------
 r  b   swpd   free   buff  cache   si   so    bi    bo   in   cs us sy id wa st gu
80  5  62064 84836680 2400128 78976560    0    0 273616 201060 273376 1544018 42 33 24  1  0  0
104  5  62064 84827140 2400128 78976576    0    0 323952 287144 286632 1560484 43 33 23  1  0  0
74  3  62064 84850612 2400128 78976596    0    0 405072 280048 301550 1599717 45 31 23  2  0  0
55  4  62064 84840148 2400128 78976620    0    0 354096 256964 288158 1572526 44 32 23  1  0  0
40  8  62064 84835552 2400128 78976640    0    0 385648 277548 290570 1585621 45 30 24  2  0  0
17  1  62064 84827488 2400128 78976652    0    0 275920 199996 274955 1554071 41 34 24  1  0  0
36  3  62064 84822940 2400128 78976672    0    0 311424 280416 285584 1551258 42 34 22  1  0  0
135  2  62064 84818748 2400128 78976688    0    0 295408 229316 278761 1547701 42 34 23  1  0  0
82  6  62064 84818968 2400128 78976716    0    0 281904 202988 277800 1553590 42 33 24  1  0  0
75  5  62064 84809288 2400128 78976732    0    0 310912 228196 288281 1577565 43 32 24  1  0  0
62  7  62064 84813932 2400128 78976752    0    0 301232 216472 288434 1570857 42 34 23  1  0  0
13  1  62064 84810336 2400128 78976768    0    0 282656 200640 275082 1549843 42 33 23  1  0  0
38  6  62064 84805848 2400128 78976788    0    0 271344 196464 270161 1540288 41 33 24  1  0  0
83  5  62064 84815028 2400128 78976876    0    0 322896 232176 284520 1566023 42 33 23  1  0  0
71  4  62064 84802260 2400128 78976888    0    0 296992 272276 285209 1548538 42 34 23  1  0  0
71  1  62064 84805736 2400128 78976908    0    0 301968 218996 279980 1545879 42 34 23  1  0  0
32  1  62064 84809004 2400128 78976924    0    0 311552 222064 277759 1555310 42 33 23  1  0  0
99  2  62064 84797544 2400128 78976948    0    0 368176 266852 289462 1573447 43 31 24  2  0  0
48  3  62064 84801828 2400128 78976968    0    0 291904 209324 275947 1549385 42 33 24  1  0  0
82  0  62064 84798364 2400128 78976988    0    0 275664 202100 271341 1549083 41 33 24  1  0  0
53 10  62064 84802632 2400128 78977008    0    0 479856 400452 304497 1612162 47 28 23  2  0  0
procs -----------memory---------- ---swap-- -----io---- -system-- -------cpu-------
 r  b   swpd   free   buff  cache   si   so    bi    bo   in   cs us sy id wa st gu
58  0  62064 84808336 2400132 78977020    0    0 405988 307132 298646 1603117 46 30 23  2  0  0
131  0  62064 84790464 2400132 78977032    0    0 335952 236248 283846 1564014 43 32 24  1  0  0
37 15  62064 84782332 2400132 78977056    0    0 345152 253976 284633 1565546 43 31 24  2  0  0
63  1  62064 84782104 2400132 78977076    0    0 299120 271496 283813 1546405 42 34 23  1  0  0
82  2  62064 84778668 2400132 78977096    0    0 280960 199908 274916 1540220 41 34 24  1  0  0
66  3  62064 84773488 2400132 78977116    0    0 270432 198876 272102 1541197 41 34 24  1  0  0
153 15  62064 84773076 2400132 78977136    0    0 250064 182864 265060 1532538 41 34 24  1  0  0
59  8  62064 84762076 2400132 78977156    0    0 296528 216972 277365 1549010 42 33 24  1  0  0
16  1  62064 84770348 2400132 78977172    0    0 315776 227596 282920 1576501 43 33 23  1  0  0
25  6  62064 84767092 2400132 78977184    0    0 285280 204132 274871 1555832 42 33 24  1  0  0
50  6  62064 84774616 2400132 78977200    0    0 283616 209192 274988 1546331 41 33 24  1  0  0
47  3  62064 84767028 2400132 78977224    0    0 318784 284460 286419 1557069 43 33 23  1  0  0
36  3  62064 84768944 2400132 78977240    0    0 312048 223980 283047 1555879 42 34 23  1  0  0
62  2  62064 84762892 2400132 78977268    0    0 306672 234496 279876 1556021 42 34 23  1  0  0
128  0  62064 84767600 2400132 78977284    0    0 272864 197872 270527 1542805 41 33 25  1  0  0
78  4  62064 84767600 2400132 78977308    0    0 327760 239200 283557 1567666 43 32 23  1  0  0
91  3  62064 84764792 2400132 78977324    0    0 311696 227988 283466 1558538 42 34 23  1  0  0
45  5  62064 84762180 2400132 78977336    0    0 270160 198576 279555 1552120 41 34 24  1  0  0
75  1  62064 84768468 2400132 78977364    0    0 265376 192468 280207 1557048 42 33 24  1  0  0
19  0  62064 84766616 2400132 78977384    0    0 282080 265764 289217 1559597 41 34 23  1  0  0
58  0  62064 84774336 2400132 78977404    0    0 320720 227132 293264 1573377 43 33 23  1  0  0
procs -----------memory---------- ---swap-- -----io---- -system-- -------cpu-------
 r  b   swpd   free   buff  cache   si   so    bi    bo   in   cs us sy id wa st gu
112  0  62064 84763696 2400132 78977420    0    0 291728 208800 287295 1560494 41 34 24  1  0  0
19  2  62064 84764728 2400132 78977440    0    0 420608 302760 298619 1605786 45 31 23  2  0  0
47  9  62064 84759392 2400132 78977464    0    0 352336 256120 290075 1583009 44 31 24  2  0  0
120  2  62064 84772236 2400132 78977488    0    0 308592 247980 279712 1558187 42 33 23  1  0  0
45  0  62064 84768920 2400132 78977496    0    0 324368 292644 290622 1572293 43 33 23  1  0  0
15 11  62064 84753616 2400132 78977512    0    0 284976 206244 280981 1554634 41 34 24  1  0  0
44  4  62064 84752868 2400132 78977532    0    0 259216 187980 270998 1535015 41 33 24  1  0  0
66  1  62064 84748996 2400132 78977548    0    0 265984 196652 273208 1536231 42 34 23  1  0  0
27  2  62064 84747344 2400132 78977572    0    0 306880 219048 288429 1552752 43 33 23  1  0  0
102  3  62064 84750184 2400132 78977588    0    0 288016 207944 284399 1558950 42 33 24  1  0  0
44  8  62064 84752504 2400132 78977604    0    0 321856 231472 279975 1566299 43 32 24  1  0  0
44  0  62064 84773412 2400132 78977624    0    0 400304 343932 299693 1593776 44 32 23  2  0  0
106  0  62064 84770892 2400132 78977640    0    0 294144 212408 282362 1560477 42 33 23  1  0  0
36  7  62064 84763304 2400132 78977656    0    0 380320 277988 290772 1578386 45 30 23  2  0  0
74  1  62064 84760984 2400132 78977676    0    0 310752 229704 288618 1556067 43 33 23  1  0  0
100  4  62064 84758132 2400132 78977692    0    0 281936 204020 285281 1562243 42 33 24  1  0  0
76  2  62064 84754104 2400132 78977712    0    0 272064 198032 281343 1553902 42 33 24  1  0  0
128  2  62064 84751984 2400132 78977728    0    0 287856 266568 281392 1547964 41 35 23  1  0  0
32  4  62064 84748648 2400132 78977756    0    0 329280 252196 290282 1559541 43 34 22  1  0  0
99  0  62064 84743816 2400132 78977772    0    0 334896 244164 283750 1567703 43 31 24  1  0  0
19  3  62064 84744116 2400132 78977784    0    0 342000 248372 286791 1588287 44 31 24  1  0  0
procs -----------memory---------- ---swap-- -----io---- -system-- -------cpu-------
 r  b   swpd   free   buff  cache   si   so    bi    bo   in   cs us sy id wa st gu
94  0  62064 84745432 2400132 78977800    0    0 328784 236944 285669 1564049 43 33 23  1  0  0
55  4  62064 84740676 2400132 78977820    0    0 327840 239656 289929 1578768 44 31 24  1  0  0
62  4  62064 84749892 2400132 78977852    0    0 301200 223720 286902 1566018 42 34 23  1  0  0
117  8  62064 84747884 2400132 78977864    0    0 306768 283920 283685 1554287 43 33 23  1  0  0
108  3  62064 84743976 2400132 78977884    0    0 295216 213836 280607 1550774 42 34 23  1  0  0
81  8  62064 84737148 2400132 78977900    0    0 269824 198840 274438 1539816 41 34 24  1  0  0
67  6  62064 84745996 2400132 78977924    0    0 341200 249240 283692 1571813 44 32 23  1  0  0
47  6  62064 84755244 2400132 78977948    0    0 382816 269420 294717 1589773 45 31 23  2  0  0
49  3  62064 84749152 2400132 78977964    0    0 375328 285324 299402 1598837 45 31 23  2  0  0
54  2  62064 84749112 2400132 78977984    0    0 311120 287840 288517 1555138 43 33 23  1  0  0
155  3  62064 84748456 2400132 78978068    0    0 283792 207460 278050 1540386 42 34 23  1  0  0
99  0  62064 84748532 2400132 78978088    0    0 271760 202688 274609 1547009 41 33 24  1  0  0
98 10  62064 84739884 2400132 78978108    0    0 267424 199708 279903 1554456 41 33 24  1  0  0
97  4  62064 84748188 2400132 78978124    0    0 320048 229492 287508 1566441 43 34 22  1  0  0
17  4  62064 84748000 2400132 78978148    0    0 280720 203924 276951 1540084 42 34 23  1  0  0
71  4  62064 84747168 2400132 78978164    0    0 283472 207200 276048 1554590 42 33 24  1  0  0
137  5  62064 84751188 2400132 78978172    0    0 301552 228936 281566 1552321 42 34 23  1  0  0
66  4  62064 84746268 2400132 78978196    0    0 344544 295536 290689 1569338 43 33 22  1  0  0
99  4  62064 84738596 2400132 78978212    0    0 295424 215208 279174 1544969 42 34 23  1  0  0
117  5  62064 84736228 2400132 78978236    0    0 289232 209780 278492 1550190 41 34 24  1  0  0
44  6  62064 84744928 2400132 78978252    0    0 267200 198052 276461 1553001 41 33 24  1  0  0
procs -----------memory---------- ---swap-- -----io---- -system-- -------cpu-------
 r  b   swpd   free   buff  cache   si   so    bi    bo   in   cs us sy id wa st gu
55  2  62064 84749300 2400132 78978268    0    0 337376 248700 283342 1567972 44 31 23  1  0  0
93  0  62064 84746560 2400132 78978292    0    0 314224 242984 282113 1552819 42 33 23  1  0  0
94  1  62064 84751744 2400132 78978312    0    0 365744 309592 301055 1590968 43 32 23  2  0  0
57  3  62064 84741464 2400132 78978320    0    0 305056 224564 291619 1573159 42 33 23  1  0  0
25  2  62064 84742852 2400132 78978340    0    0 276608 205872 276033 1541115 42 33 24  1  0  0
116  9  62064 84740076 2400132 78978360    0    0 268176 199292 273497 1539432 42 33 24  1  0  0
54  9  62064 84736080 2400132 78978376    0    0 348352 257984 285538 1582588 44 31 23  1  0  0
44  8  62064 84754808 2400132 78978404    0    0 401904 293276 296209 1589785 45 31 23  2  0  0
47  2  62064 84737832 2400132 78978420    0    0 297600 219112 276196 1560693 42 32 24  1  0  0
49  6  62064 84739496 2400132 78978440    0    0 349504 308012 292151 1571436 43 33 23  2  0  0
89  5  62064 84751196 2400132 78978460    0    0 285072 209988 278170 1547309 42 33 23  1  0  0
18  0  62064 84756300 2400132 78978472    0    0 266032 196220 272869 1554474 42 33 24  1  0  0
26  2  62064 84751584 2400132 78978492    0    0 257184 189212 269072 1542869 40 35 24  1  0  0
18  3  62064 84745736 2400132 78978516    0    0 315664 236532 284408 1556089 42 34 22  1  0  0
22  5  62064 84743396 2400132 78978536    0    0 300704 244036 282310 1553774 42 34 23  1  0  0
64 14  62064 84732208 2400132 78978552    0    0 309440 218852 278849 1558695 43 33 23  1  0  0
53  0  62064 84731536 2400132 78978568    0    0 378320 340264 293170 1589401 45 30 23  2  0  0
82  2  62064 84740300 2400132 78978596    0    0 318448 227464 282343 1563225 43 33 23  1  0  0
21  5  62064 84736692 2400132 78978612    0    0 266640 192676 272239 1538065 41 34 24  1  0  0
53  0  62064 84739328 2400132 78978624    0    0 262512 194076 271501 1550122 41 33 25  1  0  0
62  2  62064 84740684 2400132 78978636    0    0 303600 225916 282231 1551953 42 33 23  1  0  0
procs -----------memory---------- ---swap-- -----io---- -system-- -------cpu-------
 r  b   swpd   free   buff  cache   si   so    bi    bo   in   cs us sy id wa st gu
59  7  62064 84741176 2400132 78978660    0    0 306624 226768 281164 1546842 42 33 23  1  0  0
30  2  62064 84738212 2400132 78978684    0    0 278432 209744 276348 1544729 42 33 24  1  0  0
159  6  62064 84738604 2400132 78978700    0    0 272896 201252 271920 1547959 41 33 24  1  0  0
111  0  62064 84733168 2400132 78978720    0    0 314272 297484 286290 1559797 42 33 23  1  0  0
34  0  62064 84734192 2400132 78978740    0    0 360096 258728 289731 1579203 44 32 23  2  0  0
130  7  62064 84748964 2400132 78978760    0    0 396192 329000 292600 1565685 44 31 22  3  0  0
54  2  62064 84752680 2400132 78978780    0    0 300800 222632 281007 1544975 42 34 23  1  0  0
40  0  62064 84739692 2400132 78978792    0    0 272944 202096 274596 1531029 41 34 23  1  0  0
42  0  62064 84736552 2400132 78978812    0    0 261568 193576 267947 1519619 41 34 24  1  0  0
29  1  62064 84749648 2400132 78978836    0    0 275728 208976 274253 1526313 42 34 23  1  0  0
25  2  62064 84738048 2400132 78978856    0    0 293200 271500 282514 1533901 41 35 22  1  0  0
85  6  62064 84732096 2400132 78978876    0    0 305760 223672 279648 1532877 42 34 22  1  0  0
111  1  62064 84733668 2400132 78978892    0    0 295552 218060 275763 1537150 41 34 23  1  0  0
21  5  62064 84736980 2400132 78978908    0    0 296304 215708 275517 1542552 41 34 24  1  0  0
99 11  62064 84744292 2400132 78978932    0    0 295584 218900 278019 1543914 41 34 23  1  0  0
48  6  62064 84742072 2400132 78978944    0    0 418992 301388 295664 1580048 45 30 23  2  0  0
83  2  62064 84746680 2400132 78978968    0    0 331232 305316 296076 1566564 43 33 22  1  0  0
26  3  62064 84737204 2400132 78978984    0    0 305024 220588 283674 1553289 42 34 22  1  0  0
90  1  62064 84729084 2400132 78979008    0    0 293008 236488 277614 1534872 42 33 23  1  0  0
23  2  62064 84730164 2400132 78979024    0    0 301392 222688 277270 1536544 42 34 23  1  0  0
54  7  62064 84737296 2400132 78979044    0    0 338528 255308 291228 1568149 43 33 23  1  0  0
procs -----------memory---------- ---swap-- -----io---- -system-- -------cpu-------
 r  b   swpd   free   buff  cache   si   so    bi    bo   in   cs us sy id wa st gu
44  0  62064 84738320 2400132 78979060    0    0 285264 211204 275936 1529849 41 35 23  1  0  0
41  6  62064 84737004 2400132 78979084    0    0 268240 194824 271459 1525547 40 35 24  1  0  0
18  0  62064 84738960 2400132 78979100    0    0 277200 206012 281207 1546257 42 33 24  1  0  0
63  1  62064 84733852 2400132 78979116    0    0 331632 297072 289303 1549794 42 34 22  1  0  0
42  7  62064 84741828 2400132 78979136    0    0 357680 259412 286875 1564523 43 33 22  2  0  0
20  1  62064 84745020 2400132 78979152    0    0 421520 311052 296779 1580623 45 31 23  2  0  0
70  3  62064 84729608 2400132 78979180    0    0 301664 223700 276867 1539148 42 33 24  1  0  0
48  5  62064 84721296 2400132 78979288    0    0 292016 215676 273622 1542313 42 32 24  1  0  0
155  1  62064 84736404 2400132 78979304    0    0 302368 240404 285935 1545174 41 35 23  1  0  0
55  2  62064 84733928 2400132 78979320    0    0 310816 283124 285372 1541371 42 35 22  1  0  0
59  1  62064 84726896 2400132 78979328    0    0 305424 223488 281246 1552611 42 34 23  1  0  0
29  3  62064 84725820 2400132 78979348    0    0 267440 196740 271487 1522605 41 34 23  1  0  0
99 16  62064 84734888 2400132 78979372    0    0 288192 217988 278156 1549549 42 33 24  1  0  0
138  0  62064 84721988 2400132 78979388    0    0 340192 247400 284492 1556883 43 34 22  1  0  0
52  1  62064 84731152 2400132 78979408    0    0 288384 212524 273075 1532247 41 34 24  1  0  0
47  1  62064 84731224 2400132 78979424    0    0 284032 212764 271744 1543840 42 33 24  1  0  0
31  8  62064 84733916 2400132 78979452    0    0 333824 297116 293321 1562398 42 34 22  1  0  0
86  1  62064 84736052 2400132 78979468    0    0 315856 226636 279813 1540885 42 33 23  1  0  0
46  2  62064 84747276 2400132 78979480    0    0 285520 211728 280607 1559205 41 34 24  1  0  0
111  2  62064 84737168 2400132 78979492    0    0 273808 205376 277340 1536731 41 35 23  1  0  0
91  2  62064 84743744 2400132 78979512    0    0 293072 217972 278501 1530831 42 35 23  1  0  0
procs -----------memory---------- ---swap-- -----io---- -system-- -------cpu-------
 r  b   swpd   free   buff  cache   si   so    bi    bo   in   cs us sy id wa st gu
37  3  62064 84722616 2400132 78979540    0    0 279184 204136 274137 1525471 41 36 23  1  0  0
48  3  62064 84726176 2400132 78979560    0    0 272352 198700 280594 1540829 41 34 24  1  0  0
35  8  62064 84729520 2400132 78979580    0    0 288624 214408 285495 1541765 42 35 23  1  0  0
104  2  62064 84744484 2400132 78979596    0    0 342368 315052 288750 1547988 43 33 22  2  0  0
59 10  62064 84735908 2400132 78979620    0    0 384544 278880 293934 1572021 44 31 23  2  0  0
59  4  62064 84737188 2400132 78979636    0    0 350400 262388 288744 1571197 43 32 24  2  0  0
102  1  62064 84733136 2400132 78979652    0    0 293904 217364 280054 1531001 42 34 23  1  0  0
40  4  62064 84730204 2400132 78979672    0    0 259072 190988 274466 1522739 40 35 23  1  0  0
97  0  62064 84735228 2400132 78979688    0    0 292336 219236 278847 1541822 42 33 23  1  0  0
92  3  62064 84732592 2400132 78979708    0    0 299520 274808 282770 1532036 42 35 22  1  0  0
13  0  62064 84728564 2400132 78979732    0    0 298368 217796 285395 1541819 41 34 23  1  0  0
49  1  62064 84723752 2400132 78979748    0    0 271456 197996 281353 1546148 41 34 23  1  0  0
66  5  62064 84723168 2400132 78979764    0    0 258560 190368 277693 1539315 41 35 24  1  0  0
19  2  62064 84736940 2400132 78979792    0    0 314192 233460 291124 1560073 42 35 22  1  0  0
64  9  62064 84746264 2400132 78979800    0    0 414032 316868 297234 1582110 45 31 23  2  0  0
68  2  62064 84732936 2400132 78979820    0    0 442528 371580 304982 1595832 46 30 22  2  0  0
39  9  62064 84727368 2400132 78979840    0    0 321088 238444 276138 1546280 42 32 24  1  0  0
114  3  62064 84727228 2400132 78979860    0    0 300272 224560 280393 1534113 42 34 23  1  0  0
35  1  62064 84728600 2400132 78979884    0    0 286416 207196 275918 1528770 42 34 23  1  0  0
49  2  62064 84726380 2400132 78979904    0    0 265200 198128 276476 1530836 41 34 24  1  0  0
67  3  62064 84735848 2400132 78979928    0    0 271712 204276 282493 1543410 41 35 23  1  0  0
procs -----------memory---------- ---swap-- -----io---- -system-- -------cpu-------
 r  b   swpd   free   buff  cache   si   so    bi    bo   in   cs us sy id wa st gu
64  2  62064 84738428 2400132 78979952    0    0 299872 222700 284014 1543878 41 35 22  1  0  0
36  0  62064 84735676 2400132 78979968    0    0 302704 272272 285302 1542304 42 35 22  1  0  0
34 11  62064 84734096 2400132 78979980    0    0 311632 227960 279454 1544343 42 34 23  1  0  0
118  1  62064 84732444 2400132 78979996    0    0 277696 206796 272316 1533760 41 34 24  1  0  0
94  0  62064 84725048 2400132 78980016    0    0 267568 202188 271460 1526151 41 34 23  1  0  0
46  4  62064 84728916 2400132 78980036    0    0 306448 222148 281448 1534371 41 35 23  1  0  0
57  0  62064 84723868 2400132 78980056    0    0 272304 221668 279124 1531941 41 35 23  1  0  0
32  4  62064 84722964 2400132 78980076    0    0 255728 191308 278206 1534582 41 34 24  1  0  0
88  5  62064 84725660 2400132 78980096    0    0 284464 211860 276107 1532507 41 35 23  1  0  0
212  2  62064 84734564 2400132 78980108    0    0 304432 274244 287285 1544356 42 35 22  1  0  0
104  5  62064 84735272 2400132 78980124    0    0 307872 227628 282044 1538003 42 34 23  1  0  0
119  1  62064 84732276 2400132 78980148    0    0 293952 221308 284509 1555432 41 34 24  1  0  0
41  5  62064 84730940 2400132 78980164    0    0 462096 336092 305176 1598241 46 30 22  2  0  0
 7  0  62064 84733060 2400132 78980184    0    0 350288 320052 298756 1573983 43 33 22  2  0  0
204  1  62064 84704048 2400132 78980200    0    0 314784 222616 291687 1553816 42 34 22  1  0  0
167  3  62064 84695504 2400132 78980224    0    0 273648 200320 283472 1531672 41 35 23  1  0  0
65  2  62064 84693780 2400132 78980248    0    0 271152 198724 274936 1529857 42 33 23  1  0  0
17  0  62064 84701384 2400132 78980260    0    0 301040 225164 281312 1541063 42 34 23  1  0  0
77  3  62064 84695080 2400132 78980276    0    0 323504 258824 286810 1551955 45 31 23  1  0  0
54  7  62064 84685272 2400132 78980292    0    0 285232 212736 281560 1544507 43 33 23  1  0  0
57  0  62064 84693084 2400132 78980320    0    0 309264 227824 281941 1526552 43 34 22  1  0  0
procs -----------memory---------- ---swap-- -----io---- -system-- -------cpu-------
 r  b   swpd   free   buff  cache   si   so    bi    bo   in   cs us sy id wa st gu
84  1  62064 84694112 2400132 78980340    0    0 301584 277092 282821 1524706 42 34 22  1  0  0
58  2  62064 84685720 2400132 78980356    0    0 289952 210428 284404 1529735 43 33 23  1  0  0
54  5  62064 84680488 2400132 78980380    0    0 259568 193896 279126 1524065 41 34 23  1  0  0
25  8  62064 84700604 2400132 78980396    0    0 306560 227952 281040 1544823 43 33 23  1  0  0
76  8  62064 84717256 2400132 78980488    0    0 401328 292616 294575 1578120 46 30 22  2  0  0
33  3  62064 84700000 2400132 78980496    0    0 404240 295772 293175 1578825 46 29 23  2  0  0
80 14  62064 84697332 2400132 78980516    0    0 300832 269356 281194 1526570 43 34 22  1  0  0
94  6  62064 84692876 2400132 78980536    0    0 282112 206176 275786 1513674 42 34 22  1  0  0
79 11  62064 84685312 2400132 78980556    0    0 260736 192936 268980 1515379 42 34 23  1  0  0
68 10  62064 84685632 2400132 78980572    0    0 249616 190664 266003 1514867 42 34 23  1  0  0
67 56  62064 84703352 2400132 78980596    0    0 378720 288872 289196 1547627 45 32 22  2  0  0
37  6  62064 84699668 2400132 78980620    0    0 429552 358668 304437 1560950 45 31 21  3  0  0
121  0  62064 84705488 2400132 78980636    0    0 277168 204352 274132 1519351 42 35 23  1  0  0
67  3  62064 84707432 2400132 78980648    0    0 275520 205140 270333 1533297 43 32 23  1  0  0
56  5  62064 84704308 2400132 78980664    0    0 320640 236556 291652 1555876 43 34 22  1  0  0
81 16  62064 84701324 2400132 78980684    0    0 311456 225764 288011 1550749 43 33 23  1  0  0
64  3  62064 84706908 2400132 78980700    0    0 275200 208556 271453 1517461 42 34 23  1  0  0
70  2  62064 84696616 2400132 78980724    0    0 278528 212792 270589 1526711 42 33 24  1  0  0
58  5  62064 84696020 2400132 78980740    0    0 337552 297052 287754 1543448 43 33 22  1  0  0
117  1  62064 84698072 2400132 78980756    0    0 298832 221024 279900 1529319 43 34 22  1  0  0
81 11  62064 84691048 2400132 78980780    0    0 266240 198500 270349 1518999 43 33 23  1  0  0
procs -----------memory---------- ---swap-- -----io---- -system-- -------cpu-------
 r  b   swpd   free   buff  cache   si   so    bi    bo   in   cs us sy id wa st gu
33  6  62064 84691208 2400132 78980792    0    0 262176 190820 269637 1524383 42 34 23  1  0  0
24  2  62064 84677884 2400132 78980812    0    0 305712 228416 279935 1525837 43 33 23  1  0  0
65  5  62064 84668928 2400132 78980828    0    0 290848 213608 276133 1528036 42 34 22  1  0  0
78  5  62064 84670876 2400132 78980844    0    0 272032 201704 275749 1517243 42 33 23  1  0  0
34 10  62064 84694120 2400132 78980868    0    0 444048 395420 304153 1589548 47 29 22  2  0  0
53  4  62064 84732736 2400132 78980876    0    0 422448 306948 295810 1590377 46 30 22  2  0  0
58  6  62064 84727160 2400132 78980900    0    0 296464 220060 281207 1547782 42 33 24  1  0  0
32  7  62064 84719680 2400132 78980920    0    0 298912 219920 279782 1533286 42 35 22  1  0  0
94  2  62064 84726652 2400132 78980936    0    0 275440 204476 275992 1536431 41 35 23  1  0  0
60  1  62064 84731176 2400132 78980960    0    0 257328 192688 276224 1537938 40 35 24  1  0  0
100  1  62064 84723416 2400132 78980976    0    0 266112 199312 273842 1529815 40 36 23  1  0  0
128  2  62064 84724300 2400132 78981000    0    0 287424 214208 278656 1530213 41 35 22  1  0  0
87 10  62064 84737264 2400132 78981012    0    0 423984 358984 299324 1578576 44 32 22  2  0  0
114  0  62064 84725956 2400132 78981036    0    0 254368 188720 268149 1517603 40 35 24  1  0  0
200  3  62064 84729516 2400132 78981064    0    0 331680 263224 288562 1563079 42 34 23  1  0  0
48  2  62064 84732944 2400132 78981088    0    0 293648 215452 275200 1529278 42 33 24  1  0  0
36  9  62064 84734388 2400132 78981104    0    0 264384 199764 271507 1531869 41 35 23  1  0  0
118  8  62064 84728440 2400132 78981112    0    0 308304 275528 285133 1542522 42 34 23  1  0  0
47  3  62064 84725088 2400132 78981132    0    0 297120 224644 280711 1530412 41 36 22  1  0  0
25  1  62064 84720928 2400132 78981156    0    0 268896 196296 271491 1523098 41 34 23  1  0  0
72  7  62064 84713528 2400132 78981180    0    0 259216 194012 267991 1524115 41 34 24  1  0  0
procs -----------memory---------- ---swap-- -----io---- -system-- -------cpu-------
 r  b   swpd   free   buff  cache   si   so    bi    bo   in   cs us sy id wa st gu
75  7  62064 84720144 2400132 78981196    0    0 275040 208024 272300 1529895 41 35 23  1  0  0
42  0  62064 84728632 2400132 78981220    0    0 289360 216132 278705 1527312 41 35 22  1  0  0
62  4  62064 84734500 2400132 78981236    0    0 290352 215160 277005 1529798 41 35 23  1  0  0
48 11  62064 84734692 2400132 78981256    0    0 310704 236360 278615 1548522 42 33 23  1  0  0
19 10  62064 84729908 2400132 78981268    0    0 447840 381228 304148 1611139 46 29 22  2  0  0
38  0  62064 84739832 2400132 78981288    0    0 420384 322352 302287 1580933 45 31 22  2  0  0
38  0  62064 84727176 2400132 78981304    0    0 293072 217052 285596 1543867 41 35 22  1  0  0
90  1  62064 84725780 2400132 78981324    0    0 277600 205116 272262 1523766 41 34 23  1  0  0
19  1  62064 84724648 2400132 78981340    0    0 269616 198864 270056 1528484 41 34 24  1  0  0
29 10  62064 84727916 2400132 78981364    0    0 303760 224672 286655 1544656 41 35 23  1  0  0
32  1  62064 84729360 2400132 78981380    0    0 310240 278348 292302 1554866 42 35 22  1  0  0
14  0  62064 84728584 2400132 78981400    0    0 305632 225584 278666 1538949 42 34 23  1  0  0
44  0  62064 84729368 2400132 78981412    0    0 329856 244204 281482 1561530 43 32 24  1  0  0
18  0  62064 84731464 2400132 78981428    0    0 329136 247224 281768 1548034 43 33 23  1  0  0
27  0  62064 84733860 2400132 78981452    0    0 297120 220952 277352 1532602 41 34 23  1  0  0
79  2  62064 84722400 2400132 78981468    0    0 262208 194988 268613 1524647 41 34 24  1  0  0
35  2  62064 84731584 2400132 78981492    0    0 279696 212164 273571 1530260 42 34 23  1  0  0
31  2  62064 84731480 2400132 78981508    0    0 313008 281160 289279 1548451 43 34 22  1  0  0
37  2  62064 84726692 2400132 78981528    0    0 304720 226068 280898 1539795 41 35 23  1  0  0
49  2  62064 84731184 2400132 78981548    0    0 289872 213260 272039 1533593 42 34 23  1  0  0
107  3  62064 84733400 2400132 78981560    0    0 440944 384436 296809 1568630 44 30 22  4  0  0
procs -----------memory---------- ---swap-- -----io---- -system-- -------cpu-------
 r  b   swpd   free   buff  cache   si   so    bi    bo   in   cs us sy id wa st gu
22  2  62064 84726868 2400132 78981572    0    0 355760 258424 284848 1582163 44 31 24  2  0  0
14  1  62064 84721784 2400132 78981668    0    0 280864 209920 272983 1561190 42 32 24  1  0  0
35  4  62064 84715680 2400132 78981696    0    0 297056 220140 283404 1566090 42 34 23  1  0  0
24  2  62064 84728468 2400132 78981716    0    0 288016 215732 276228 1552186 41 34 23  1  0  0
62  5  62064 84720556 2400132 78981728    0    0 265008 200524 270459 1535438 42 33 24  1  0  0
136  1  62064 84721812 2400132 78981756    0    0 282656 211436 274617 1550045 42 34 24  1  0  0
91  3  62064 84728452 2400132 78981772    0    0 311312 227116 286889 1565931 43 33 23  1  0  0
67 11  62064 84725476 2400132 78981788    0    0 331376 295732 292658 1590628 43 32 23  2  0  0
62  2  62064 84722832 2400132 78981804    0    0 365152 268612 286134 1584320 44 30 24  2  0  0
66  3  62064 84731740 2400132 78981824    0    0 349968 262488 294131 1596007 44 31 23  2  0  0
40  4  62064 84730412 2400132 78981844    0    0 304128 237152 289207 1568497 42 33 23  1  0  0
56  3  62064 84729792 2400132 78981864    0    0 384160 285568 301180 1592910 44 31 23  2  0  0
60  4  62064 84724612 2400132 78981880    0    0 299136 217216 279869 1548680 42 33 24  1  0  0
79  2  62064 84723568 2400132 78981904    0    0 337360 303820 287486 1565514 43 32 23  1  0  0
168  0  62064 84722560 2400132 78981928    0    0 272752 200192 274078 1544124 42 34 23  1  0  0
22  3  62064 84726504 2400132 78981956    0    0 271264 200612 273338 1551166 42 34 24  1  0  0
166  3  62064 84719280 2400132 78981964    0    0 291440 217784 277542 1556218 42 33 24  1  0  0
82  0  62064 84734288 2400132 78981980    0    0 315792 234376 281186 1551865 42 33 23  1  0  0
50 10  62064 84728920 2400132 78982000    0    0 278176 205668 276665 1552610 42 33 24  1  0  0
22  3  62064 84721332 2400132 78982024    0    0 265296 199560 273635 1547996 41 33 25  1  0  0
84  3  62064 84726896 2400132 78982044    0    0 302688 223440 279334 1556986 42 33 23  1  0  0
procs -----------memory---------- ---swap-- -----io---- -system-- -------cpu-------
 r  b   swpd   free   buff  cache   si   so    bi    bo   in   cs us sy id wa st gu
13  2  62064 84717576 2400132 78982060    0    0 295584 273320 283124 1545569 41 35 23  1  0  0
28  3  62064 84726648 2400132 78982076    0    0 308720 228684 279826 1558384 43 32 24  1  0  0
79  1  62064 84737676 2400132 78982100    0    0 422544 319996 300057 1609957 45 29 23  2  0  0
75  7  62064 84738656 2400132 78982112    0    0 372864 275716 289906 1589806 45 30 23  2  0  0
80  6  62064 84730328 2400132 78982128    0    0 314912 232784 283549 1554908 43 33 23  1  0  0
32 12  62064 84725004 2400132 78982148    0    0 307344 283980 286044 1551423 43 34 22  1  0  0
103  5  62064 84728024 2400132 78982164    0    0 290800 211488 281980 1547702 42 34 23  1  0  0
93  5  62064 84722252 2400132 78982184    0    0 261760 195960 278283 1547608 41 34 24  1  0  0
99 10  62064 84725344 2400132 78982208    0    0 269024 202908 272982 1539890 42 34 24  1  0  0
54 10  62064 84729428 2400132 78982224    0    0 313168 230804 284891 1548138 42 35 23  1  0  0
49  2  62064 84730068 2400132 78982244    0    0 291984 214948 277091 1548268 42 33 24  1  0  0
97  6  62064 84723564 2400132 78982260    0    0 300704 224564 284082 1584746 43 32 24  1  0  0
75 13  62064 84722340 2400132 78982272    0    0 309424 232192 282468 1559590 43 33 22  1  0  0
30  1  62064 84728296 2400132 78982300    0    0 286224 265224 280606 1549702 41 34 23  1  0  0
61  1  62064 84725884 2400132 78982320    0    0 309456 227152 281481 1558120 42 34 23  1  0  0
48  4  62064 84719876 2400132 78982340    0    0 272496 206020 274408 1542617 41 34 24  1  0  0
56  6  62064 84723752 2400132 78982356    0    0 272320 202484 270541 1545516 42 32 25  1  0  0
50  7  62064 84732192 2400132 78982384    0    0 387664 303948 292002 1594278 45 30 23  2  0  0
21  3  62064 84721120 2400132 78982400    0    0 309936 232416 279797 1566210 43 31 24  1  0  0
36  1  62064 84740732 2400132 78982416    0    0 297776 222796 278018 1566715 42 33 24  1  0  0
62 11  62064 84727024 2400132 78982428    0    0 294640 272884 283504 1546184 42 33 23  1  0  0
procs -----------memory---------- ---swap-- -----io---- -system-- -------cpu-------
 r  b   swpd   free   buff  cache   si   so    bi    bo   in   cs us sy id wa st gu
62  3  62064 84731232 2400132 78982448    0    0 299520 215668 281934 1546152 42 34 23  1  0  0
84  1  62064 84723604 2400132 78982472    0    0 289376 215484 279823 1543546 42 34 23  1  0  0
11  0  62064 84710172 2400132 78982492    0    0 275648 207468 268104 1553003 42 33 24  1  0  0
123  6  62064 84714532 2400132 78982512    0    0 293568 219192 270579 1566199 42 33 24  1  0  0
95  7  62064 84714336 2400132 78982528    0    0 423760 307884 289709 1614505 45 30 23  2  0  0
42  3  62064 84707756 2400132 78982548    0    0 354176 264440 283108 1587708 43 33 23  1  0  0
36  9  62064 84728572 2400132 78982564    0    0 327424 312416 290851 1590092 43 33 23  1  0  0
76  6  62064 84730608 2400132 78982580    0    0 288464 213244 279172 1571875 42 33 24  1  0  0
63  9  62064 84717264 2400132 78982600    0    0 362448 269920 282849 1585525 44 32 23  2  0  0
20  1  62064 84728924 2400132 78982620    0    0 296336 215932 279843 1567115 42 34 23  1  0  0
79  3  62064 84718204 2400132 78982636    0    0 276960 207472 280415 1566265 41 34 23  1  0  0
23  2  62064 84716612 2400132 78982656    0    0 259680 195152 275893 1561729 41 34 24  1  0  0
22  5  62064 84718800 2400132 78982676    0    0 308480 230540 284076 1564723 42 34 23  1  0  0
37  2  62064 84726052 2400132 78982696    0    0 440992 351668 298796 1621516 46 30 22  2  0  0
67  6  62064 84741476 2400132 78982720    0    0 397856 293312 299100 1613985 45 31 23  2  0  0
123  1  62064 84720132 2400132 78982728    0    0 341376 271124 290396 1603239 44 31 24  2  0  0
54  1  62064 84724552 2400132 78982744    0    0 304528 224036 279573 1555203 42 33 23  1  0  0
87  3  62064 84710612 2400132 78982764    0    0 285888 210880 274068 1544753 41 34 24  1  0  0
60  2  62064 84720036 2400132 78982788    0    0 256256 195812 267679 1543774 41 34 24  1  0  0
97  2  62064 84712008 2400132 78982876    0    0 253344 190116 270456 1558283 41 34 24  1  0  0
47 13  62064 84708620 2400132 78982892    0    0 291664 216552 272578 1561324 41 34 24  1  0  0
procs -----------memory---------- ---swap-- -----io---- -system-- -------cpu-------
 r  b   swpd   free   buff  cache   si   so    bi    bo   in   cs us sy id wa st gu
84  2  62064 84712252 2400132 78982916    0    0 300032 282712 278739 1563014 42 33 24  1  0  0
159  9  62064 84715232 2400132 78982940    0    0 291392 218184 271595 1564332 42 33 24  1  0  0
39  2  62064 84714676 2400132 78982956    0    0 265520 195400 268089 1565226 41 34 24  1  0  0
55  0  62064 84711976 2400132 78982976    0    0 273920 204764 266918 1556413 42 33 24  1  0  0
92  5  62064 84716956 2400132 78982996    0    0 308112 224780 277908 1558783 41 35 23  1  0  0
96  4  62064 84721816 2400132 78983016    0    0 375168 280012 284965 1595868 43 31 23  2  0  0
68  4  62064 84710176 2400132 78983040    0    0 315472 239512 284017 1582063 42 34 22  1  0  0
75  4  62064 84718716 2400132 78983064    0    0 301312 266940 287831 1572163 42 34 23  1  0  0
84  2  62064 84731284 2400132 78983080    0    0 314512 229372 279451 1566687 42 33 23  1  0  0
28  7  62064 84718352 2400132 78983108    0    0 270752 203764 271338 1546185 41 34 24  1  0  0
83  1  62064 84714608 2400136 78983164    0    0 337632 251676 287955 1592007 44 31 24  2  0  0
57  3  62064 84710552 2400136 78983180    0    0 291344 217676 280063 1565376 42 34 23  1  0  0
122  3  62064 84720784 2400136 78983204    0    0 273024 218472 271473 1547073 41 34 24  1  0  0
85  0  62064 84716628 2400136 78983220    0    0 256656 192848 268043 1540108 41 34 24  1  0  0
82  8  62064 84723956 2400136 78983240    0    0 287712 217448 281723 1573103 42 33 24  1  0  0
75  4  62064 84719772 2400136 78983256    0    0 310272 283316 285365 1559218 42 35 22  1  0  0
38  3  62064 84705324 2400136 78983280    0    0 297968 222224 277509 1554777 42 33 23  1  0  0
73  4  62064 84726196 2400136 78983300    0    0 275760 204804 272506 1539069 42 33 24  1  0  0
48  7  62064 84733488 2400136 78983320    0    0 264128 197168 269197 1556811 41 33 24  1  0  0
111  4  62064 84719500 2400136 78983328    0    0 323376 241364 282782 1567201 43 32 23  1  0  0
53  2  62064 84719460 2400136 78983348    0    0 443904 375080 301755 1609809 46 30 22  2  0  0
procs -----------memory---------- ---swap-- -----io---- -system-- -------cpu-------
 r  b   swpd   free   buff  cache   si   so    bi    bo   in   cs us sy id wa st gu
35  3  62064 84717796 2400136 78983372    0    0 348320 251452 283315 1572237 44 31 23  2  0  0
57 11  62064 84720244 2400136 78983388    0    0 291632 219904 273087 1560354 43 32 24  1  0  0
135  2  62064 84719064 2400136 78983404    0    0 304800 244104 281540 1556186 43 33 23  1  0  0
68  1  62064 84710412 2400136 78983420    0    0 274672 200360 271999 1549558 41 34 24  1  0  0
31  3  62064 84721612 2400136 78983444    0    0 260688 195272 268068 1542202 41 34 24  1  0  0
92  4  62064 84733656 2400136 78983460    0    0 287552 215100 278788 1554585 42 34 23  1  0  0
99  1  62064 84715744 2400136 78983468    0    0 309072 283652 284711 1562304 42 34 23  1  0  0
17  3  62064 84717248 2400136 78983492    0    0 293248 220088 278371 1546366 43 33 23  1  0  0
110  6  62064 84712780 2400136 78983508    0    0 287280 214404 276097 1554242 42 33 24  1  0  0
15  1  62064 84699056 2400136 78983528    0    0 302240 227772 279593 1555806 43 33 23  1  0  0
50  2  62064 84711712 2400136 78983552    0    0 289584 213920 278764 1543310 42 34 23  1  0  0
60  5  62064 84717852 2400136 78983568    0    0 256624 193200 270904 1536098 41 34 24  1  0  0
36  8  62064 84722104 2400136 78983596    0    0 261888 198128 269595 1543532 41 33 25  1  0  0
30  2  62064 84731540 2400136 78983620    0    0 291440 224028 279288 1551986 42 34 24  1  0  0
92  4  62064 84722672 2400136 78983632    0    0 426400 355148 300180 1601819 46 30 22  2  0  0
36  1  62064 84721728 2400136 78983644    0    0 313808 232100 278509 1559855 43 32 24  1  0  0
23  1  62064 84713668 2400136 78983668    0    0 374080 292964 290860 1583491 44 31 23  2  0  0
40  1  62064 84706940 2400136 78983688    0    0 298560 223524 275588 1558529 43 31 24  1  0  0
43 14  62064 84712268 2400136 78983712    0    0 288656 215372 277883 1548183 42 34 23  1  0  0
49  4  62064 84717772 2400136 78983732    0    0 303392 278976 286371 1548868 42 34 22  1  0  0
74  7  62064 84722152 2400136 78983748    0    0 291728 213500 278221 1539467 42 33 24  1  0  0
procs -----------memory---------- ---swap-- -----io---- -system-- -------cpu-------
 r  b   swpd   free   buff  cache   si   so    bi    bo   in   cs us sy id wa st gu
97  3  62064 84715292 2400136 78983768    0    0 270432 204536 273952 1540207 42 34 24  1  0  0
46  4  62064 84718832 2400136 78983788    0    0 267632 200196 273771 1554427 41 34 24  1  0  0
46  4  62064 84717456 2400136 78983800    0    0 308832 232568 290142 1571230 42 34 23  1  0  0
19  0  62064 84730536 2400136 78983816    0    0 357152 258252 288067 1566019 43 32 23  2  0  0
38  7  62064 84730916 2400136 78983832    0    0 396832 345028 297209 1590773 45 30 23  2  0  0
37  3  62064 84727764 2400136 78983848    0    0 308304 230500 280509 1553056 42 33 24  1  0  0
18  1  62064 84720328 2400136 78983876    0    0 330640 247828 283167 1570804 43 32 24  1  0  0
100  3  62064 84723312 2400136 78983892    0    0 294368 218932 281086 1545583 41 35 23  1  0  0
29  4  62064 84720064 2400136 78983912    0    0 283824 208336 276476 1545074 42 33 24  1  0  0
49  6  62064 84728584 2400136 78983932    0    0 263792 213400 274351 1544152 41 33 24  1  0  0
145  2  62064 84725352 2400136 78983944    0    0 274176 207108 274617 1545417 42 33 24  1  0  0
71  2  62064 84724624 2400136 78983968    0    0 341088 304780 296394 1573893 43 33 22  1  0  0
63  7  62064 84715840 2400136 78983984    0    0 326160 241124 283349 1564617 43 32 23  1  0  0
73  5  62064 84718968 2400136 78984004    0    0 289728 215820 272886 1549473 42 32 24  1  0  0
44  3  62064 84721124 2400136 78984020    0    0 386864 290228 293034 1585147 45 30 23  2  0  0
48  0  62064 84719472 2400140 78984044    0    0 273088 200856 273736 1534615 41 33 24  1  0  0
39  8  62064 84712504 2400140 78984124    0    0 267680 202320 271863 1539550 41 34 24  1  0  0
56  2  62064 84729676 2400140 78984144    0    0 298784 224564 282393 1553760 42 34 23  1  0  0
110  3  62064 84725268 2400140 78984152    0    0 309616 281532 284267 1559820 42 34 23  1  0  0
61  3  62064 84720656 2400140 78984172    0    0 324288 238344 281039 1562548 43 33 23  2  0  0
75 14  62064 84722840 2400140 78984192    0    0 298912 222812 274054 1553281 42 32 24  1  0  0
procs -----------memory---------- ---swap-- -----io---- -system-- -------cpu-------
 r  b   swpd   free   buff  cache   si   so    bi    bo   in   cs us sy id wa st gu
100  0  62064 84719220 2400140 78984208    0    0 375808 290368 294168 1597768 44 31 23  2  0  0
45  5  62064 84721952 2400140 78984228    0    0 281472 207600 274464 1540026 41 34 24  1  0  0
77  4  62064 84710416 2400140 78984248    0    0 263840 195940 269724 1537445 41 34 24  1  0  0
10  0  62064 84705740 2400140 78984268    0    0 306720 235232 287643 1562795 41 35 23  1  0  0
49  2  62064 84721436 2400140 78984292    0    0 315008 286292 288703 1571344 42 34 23  1  0  0
65  7  62064 84734264 2400140 78984300    0    0 372800 274240 289854 1592411 45 30 23  2  0  0
71  3  62064 84714524 2400140 78984320    0    0 386496 284824 295269 1590329 44 31 23  2  0  0
111  0  62064 84690160 2400140 78984348    0    0 288816 213076 276597 1543888 42 33 24  1  0  0
59  1  62064 84628468 2400140 78984368    0    0 289984 215392 302900 1537416 42 33 24  1  0  0
100  6  62064 84491208 2400140 78984388    0    0 295296 215716 315775 1540914 42 34 23  1  0  0
85  8  62064 84550056 2400140 78984404    0    0 309616 282392 292441 1565717 41 34 23  1  0  0
36  0  62064 84568488 2400140 78984428    0    0 287952 214808 280044 1560903 41 34 24  1  0  0
86  3  62064 84513696 2400140 78984448    0    0 267200 201020 281730 1542322 41 34 24  1  0  0
167  7  62064 84542900 2400140 78984460    0    0 316560 236696 294751 1566055 42 33 23  1  0  0
58  5  62064 84566200 2400140 78984476    0    0 362768 284296 288079 1586999 43 32 23  2  0  0
50  6  62064 84536052 2400140 78984492    0    0 339232 250676 279471 1573202 43 32 24  2  0  0
168  0  62064 84557736 2400140 78984508    0    0 368752 331036 294356 1586211 43 32 23  2  0  0
75  4  62064 84563732 2400140 78984536    0    0 289488 212484 278392 1553997 42 34 23  1  0  0
44  2  62064 84567092 2400140 78984552    0    0 312368 232048 276141 1563203 42 32 24  1  0  0
41  5  62064 84566476 2400140 78984572    0    0 363744 266064 295209 1584529 43 32 23  2  0  0
92  5  62064 84601400 2400140 78984588    0    0 283728 212744 283759 1561730 42 34 23  1  0  0
procs -----------memory---------- ---swap-- -----io---- -system-- -------cpu-------
 r  b   swpd   free   buff  cache   si   so    bi    bo   in   cs us sy id wa st gu
31  2  62064 84603660 2400140 78984612    0    0 310800 227420 278081 1570937 42 33 24  1  0  0
114  2  62064 84585968 2400140 78984620    0    0 341136 315068 290756 1584594 43 33 23  1  0  0
180  6  62064 84605500 2400140 78984640    0    0 305456 221316 289158 1574091 42 34 23  1  0  0
27  1  62064 84599908 2400140 78984664    0    0 280016 208028 276652 1556926 42 33 24  1  0  0
85 14  62064 84592136 2400140 78984684    0    0 452720 372428 295602 1581142 45 30 23  3  0  0
50  2  62064 84595872 2400140 78984708    0    0 428176 350660 297708 1583881 44 30 23  3  0  0
55  4  62064 84597092 2400140 78984732    0    0 386112 287148 298244 1602756 45 30 23  2  0  0
76  1  62064 84589444 2400140 78984752    0    0 297248 219380 284317 1564225 42 34 23  1  0  0
108  1  62064 84613876 2400140 78984768    0    0 281680 211004 276439 1551354 42 34 23  1  0  0
96  0  62064 84612684 2400140 78984776    0    0 258720 189784 270665 1548808 41 34 24  1  0  0
28  1  62064 84617028 2400140 78984796    0    0 251808 188680 271989 1557474 41 33 24  1  0  0
107  2  62064 84614264 2400140 78984820    0    0 308464 280000 287732 1569960 42 33 23  1  0  0
89  1  62064 84600540 2400140 78984836    0    0 291904 217896 277084 1549086 41 34 23  1  0  0
84  7  62064 84597172 2400140 78984856    0    0 301040 223988 275483 1557641 42 33 24  1  0  0
78  6  62064 84603912 2400140 78984872    0    0 263296 201832 267361 1544296 41 33 24  1  0  0
42  5  62064 84591028 2400140 78984896    0    0 319728 234996 282399 1569004 42 33 23  1  0  0
140  1  62064 84606348 2400140 78984924    0    0 309824 228196 278698 1571798 42 33 24  1  0  0
100  1  62064 84612396 2400140 78984936    0    0 340000 277332 289342 1600326 44 30 24  2  0  0
59  3  62064 84623080 2400144 78984952    0    0 311456 278864 285637 1572222 43 33 23  1  0  0
106  6  62064 84620616 2400144 78984972    0    0 300928 216580 279013 1554879 41 34 23  1  0  0
106  1  62064 84612868 2400144 78984992    0    0 276864 203768 273400 1543014 41 34 24  1  0  0
procs -----------memory---------- ---swap-- -----io---- -system-- -------cpu-------
 r  b   swpd   free   buff  cache   si   so    bi    bo   in   cs us sy id wa st gu
41  2  62064 84605028 2400144 78985012    0    0 268192 199316 276578 1561072 41 34 24  1  0  0
63  8  62064 84617412 2400144 78985028    0    0 291136 214856 283328 1567911 41 34 23  1  0  0
54  1  62064 84612668 2400144 78985044    0    0 327184 240436 280986 1566086 42 33 23  2  0  0
47  2  62064 84612664 2400144 78985072    0    0 285472 212924 271731 1557946 42 33 24  1  0  0
41  3  62064 84619568 2400144 78985092    0    0 397872 345648 298624 1625196 45 30 23  2  0  0
32  2  62064 84623600 2400144 78985108    0    0 299088 222284 280275 1554881 43 33 23  1  0  0
56  1  62064 84616620 2400144 78985124    0    0 298000 220368 277691 1555040 43 33 23  1  0  0
95  6  62064 84643436 2400144 78985148    0    0 260752 197732 272129 1546530 41 34 24  1  0  0
14  1  62064 84637404 2400144 78985164    0    0 287408 213532 281053 1555586 41 34 23  1  0  0
39  7  62064 84631808 2400144 78985180    0    0 294384 213064 277203 1549997 42 34 23  1  0  0
44  2  62064 84635956 2400144 78985200    0    0 417280 345288 293775 1572592 44 31 22  3  0  0
48  6  62064 84647788 2400144 78985220    0    0 306080 230652 281777 1540445 42 34 23  1  0  0
49  5  62064 84635356 2400144 78985244    0    0 289888 270020 280035 1537165 41 35 23  1  0  0
42 10  62064 84636476 2400144 78985344    0    0 289968 211288 276680 1536218 41 35 23  1  0  0
53  1  62064 84638456 2400144 78985364    0    0 269280 195376 269719 1524744 41 35 24  1  0  0
116  3  62064 84637512 2400144 78985384    0    0 259600 195748 267348 1528541 41 35 24  1  0  0
50  5  62064 84646524 2400144 78985408    0    0 324352 234944 283528 1545578 43 34 22  1  0  0
108  4  62064 84648520 2400144 78985428    0    0 305936 228864 276816 1541315 42 34 23  1  0  0
38  1  62064 84663744 2400144 78985448    0    0 392864 290648 294845 1580359 44 32 22  2  0  0
55 20  62064 84652188 2400144 78985468    0    0 306768 281656 289116 1550173 42 34 22  1  0  0
77  5  62064 84630940 2400144 78985492    0    0 298080 219204 280055 1543838 42 34 23  1  0  0
procs -----------memory---------- ---swap-- -----io---- -system-- -------cpu-------
 r  b   swpd   free   buff  cache   si   so    bi    bo   in   cs us sy id wa st gu
97  8  62064 84649184 2400144 78985512    0    0 298128 219952 276901 1542431 42 34 23  1  0  0
73  8  62064 84624852 2400144 78985532    0    0 392896 303196 291721 1565840 44 32 22  2  0  0
64  2  62064 84651784 2400144 78985548    0    0 279216 206236 281956 1544627 41 35 23  1  0  0
98  5  62064 84646948 2400144 78985572    0    0 259264 191976 269822 1527853 40 35 24  1  0  0
52  1  62064 84647348 2400144 78985588    0    0 255968 190528 265608 1523145 41 34 25  1  0  0
187  8  62064 84644920 2400144 78985612    0    0 296224 281708 281614 1543142 42 35 22  1  0  0
28  8  62064 84638252 2400144 78985632    0    0 311488 227184 287142 1558024 42 35 22  1  0  0
57  3  62064 84640328 2400144 78985656    0    0 281616 206288 277131 1534893 42 34 23  1  0  0
51  5  62064 84642704 2400144 78985672    0    0 274240 202508 273802 1536733 41 34 24  1  0  0
101  3  62064 84644920 2400144 78985684    0    0 272896 204432 269616 1532177 41 34 24  1  0  0
42  8  62064 84659700 2400144 78985708    0    0 337120 252036 287332 1560090 43 33 22  1  0  0
38  0  62064 84657268 2400144 78985728    0    0 308304 226880 278972 1549672 42 33 24  1  0  0
28  2  62064 84662868 2400144 78985744    0    0 404160 351180 298760 1585476 45 31 22  2  0  0
66  2  62064 84659832 2400144 78985764    0    0 286944 225728 278887 1533777 41 35 23  1  0  0
101  1  62064 84653060 2400144 78985784    0    0 274400 201504 272488 1526087 42 34 23  1  0  0
91  2  62064 84647744 2400144 78985808    0    0 254880 187248 273943 1530294 40 36 23  1  0  0
92  9  62064 84662876 2400148 78985820    0    0 253856 187348 278016 1545553 40 35 24  1  0  0
120  2  62064 84655072 2400148 78985832    0    0 325216 241004 283391 1549825 43 33 22  1  0  0
53  6  62064 84651888 2400148 78985856    0    0 300272 225796 277793 1538358 42 34 23  1  0  0
120  1  62064 84644244 2400148 78985880    0    0 326384 248200 277770 1556985 43 32 24  1  0  0
46  2  62064 84642124 2400148 78985900    0    0 379072 328628 292463 1574705 44 32 22  2  0  0
procs -----------memory---------- ---swap-- -----io---- -system-- -------cpu-------
 r  b   swpd   free   buff  cache   si   so    bi    bo   in   cs us sy id wa st gu
65  2  62064 84657484 2400148 78985916    0    0 299168 219592 277614 1534780 42 34 23  1  0  0
96  5  62064 84654028 2400148 78985936    0    0 260032 193060 268918 1525874 42 34 23  1  0  0
84  5  62064 84655880 2400148 78985964    0    0 306032 228352 286347 1555920 42 34 23  1  0  0
31  4  62064 84657240 2400148 78985984    0    0 277872 207976 276880 1536582 41 34 23  1  0  0
29  1  62064 84654432 2400148 78985996    0    0 257696 193464 269221 1525503 41 35 24  1  0  0
88  3  62064 84650504 2400148 78986012    0    0 298944 225476 278253 1548723 42 34 23  1  0  0
95  2  62064 84655308 2400148 78986032    0    0 392336 357148 298535 1585554 44 32 22  2  0  0
58  1  62064 84672488 2400148 78986052    0    0 417824 301384 296955 1587837 45 31 22  2  0  0
63  3  62064 84665584 2400148 78986068    0    0 253440 186852 267879 1517861 40 35 23  1  0  0
136  1  62064 84640620 2400148 78986092    0    0 356288 267508 286829 1564542 44 32 23  1  0  0
38  1  62064 84660292 2400148 78986108    0    0 266832 196080 270447 1526216 41 35 23  1  0  0
63  0  62064 84666592 2400148 78986132    0    0 257040 191860 268525 1523839 40 35 24  1  0  0
49  8  62064 84673768 2400148 78986144    0    0 276496 206108 274409 1535291 41 35 23  1  0  0
44  3  62064 84669372 2400148 78986160    0    0 295136 273824 281457 1528677 41 35 23  1  0  0
57  1  62064 84671340 2400148 78986184    0    0 302320 221860 279124 1536676 41 35 23  1  0  0
91  1  62064 84657676 2400148 78986204    0    0 276512 205720 274537 1528997 41 35 23  1  0  0
39  5  62064 84654716 2400148 78986232    0    0 264288 198940 269175 1522777 41 35 23  1  0  0
60  1  62064 84663812 2400148 78986248    0    0 299488 220696 279341 1536298 41 35 23  1  0  0
30 11  62064 84662856 2400148 78986264    0    0 343488 254832 286352 1562226 43 32 23  1  0  0
72 10  62064 84662800 2400148 78986280    0    0 382080 353596 293436 1575859 44 32 23  2  0  0
58  7  62064 84666556 2400148 78986300    0    0 306336 224536 282509 1546158 42 34 23  1  0  0
procs -----------memory---------- ---swap-- -----io---- -system-- -------cpu-------
 r  b   swpd   free   buff  cache   si   so    bi    bo   in   cs us sy id wa st gu
109  8  62064 84681324 2400148 78986316    0    0 267888 202776 271633 1525561 41 35 23  1  0  0
139  3  62064 84684680 2400148 78986332    0    0 266064 201132 270848 1527583 41 35 23  1  0  0
41  3  62064 84680368 2400148 78986352    0    0 299744 223116 284401 1544850 42 35 22  1  0  0
13  0  62064 84662648 2400148 78986372    0    0 321152 233212 279379 1542928 43 33 23  1  0  0
55  6  62064 84662084 2400148 78986392    0    0 389936 287304 293406 1584616 44 32 23  2  0  0
111  5  62064 84660460 2400148 78986416    0    0 328928 298404 294409 1561982 43 34 22  1  0  0
83  2  62064 84643832 2400148 78986436    0    0 268256 196196 273712 1522133 41 35 23  1  0  0
53  3  62064 84638160 2400148 78986448    0    0 265248 199248 273846 1529167 41 35 23  1  0  0
56  5  62064 84633456 2400148 78986460    0    0 266384 200568 270617 1534363 40 34 24  1  0  0
102  1  62064 84635180 2400148 78986488    0    0 305280 224324 288832 1552652 41 35 22  1  0  0
137  2  62064 84631036 2400148 78986572    0    0 295776 223492 280397 1550460 42 34 23  1  0  0
16  0  62064 84653652 2400148 78986588    0    0 252944 192504 267133 1525811 40 35 23  1  0  0
48  4  62064 84665248 2400148 78986608    0    0 347952 268344 284194 1556317 43 33 23  1  0  0
92  4  62064 84657344 2400148 78986632    0    0 363040 321264 297658 1585398 44 32 22  2  0  0
39  3  62064 84651784 2400148 78986652    0    0 281760 212076 270975 1539277 41 34 24  1  0  0
43  5  62064 84658740 2400148 78986664    0    0 306144 226684 279345 1547359 41 35 23  1  0  0
111  5  62064 84662320 2400148 78986672    0    0 287328 215980 278762 1535911 42 34 23  1  0  0
81  0  62064 84661792 2400148 78986692    0    0 267280 198532 274504 1537007 40 35 24  1  0  0
188  2  62064 84635764 2400148 78986716    0    0 312016 235572 280383 1542244 42 34 23  1  0  0
66  7  62064 84638552 2400148 78986740    0    0 310672 282076 293201 1559574 41 35 22  1  0  0
40  6  62064 84652148 2400148 78986756    0    0 292432 216368 285654 1543306 42 34 23  1  0  0
procs -----------memory---------- ---swap-- -----io---- -system-- -------cpu-------
 r  b   swpd   free   buff  cache   si   so    bi    bo   in   cs us sy id wa st gu
125  2  62064 84667372 2400148 78986780    0    0 398800 290064 301647 1585636 44 32 22  2  0  0
46  1  62064 84660752 2400148 78986800    0    0 290640 212024 286881 1542580 41 36 22  1  0  0
26  1  62064 84671040 2400148 78986816    0    0 267472 197624 271193 1526158 41 35 23  1  0  0
67  4  62064 84664436 2400148 78986836    0    0 257456 200444 269555 1526623 40 35 24  1  0  0
80  2  62064 84663172 2400148 78986852    0    0 332752 265372 285156 1545688 43 34 22  1  0  0
36  0  62064 84658876 2400148 78986876    0    0 324384 294260 293197 1558166 43 34 22  1  0  0
14  0  62064 84656048 2400148 78986896    0    0 316656 233976 280186 1548666 42 33 23  1  0  0
40  1  62064 84656572 2400148 78986916    0    0 253264 190608 268935 1523479 41 35 23  1  0  0
174  0  62064 84667688 2400152 78986936    0    0 338624 251232 287019 1556800 44 33 22  1  0  0
47  3  62064 84670936 2400152 78986960    0    0 274768 202088 272900 1523963 41 34 23  1  0  0
45  4  62064 84661980 2400152 78986988    0    0 267200 200996 268567 1529552 41 34 24  1  0  0
103  1  62064 84674664 2400152 78986996    0    0 292416 227472 284250 1542426 41 35 23  1  0  0
113  2  62064 84676928 2400152 78987008    0    0 320176 286332 290100 1554051 42 34 22  1  0  0
77  2  62064 84651660 2400152 78987028    0    0 297520 217432 276384 1540507 42 35 22  1  0  0
22  3  62064 84648324 2400152 78987052    0    0 368816 271784 285590 1571424 44 31 24  2  0  0
32  0  62064 84656140 2400152 78987072    0    0 366128 287640 287341 1566268 43 33 22  2  0  0
131  2  62064 84658480 2400152 78987088    0    0 318752 240068 282228 1557466 42 33 23  1  0  0
79  0  62064 84656984 2400152 78987104    0    0 312848 231700 285167 1540528 41 35 23  1  0  0
85  5  62064 84645568 2400152 78987124    0    0 295040 270896 280922 1534529 42 34 22  1  0  0
37  6  62064 84661892 2400152 78987148    0    0 296768 217296 280285 1542953 42 34 23  1  0  0
93  8  62064 84669216 2400152 78987156    0    0 284400 210696 281202 1542822 42 34 23  1  0  0
procs -----------memory---------- ---swap-- -----io---- -system-- -------cpu-------
 r  b   swpd   free   buff  cache   si   so    bi    bo   in   cs us sy id wa st gu
152  1  62064 84663532 2400152 78987176    0    0 292336 220008 282337 1554612 42 34 23  1  0  0
12  1  62064 84650556 2400152 78987192    0    0 330528 242212 283724 1544862 42 35 22  1  0  0
55  1  62064 84660764 2400152 78987212    0    0 276400 206744 274433 1526312 41 34 24  1  0  0
40  1  62064 84659584 2400152 78987236    0    0 287776 213088 273058 1535848 42 33 24  1  0  0
28  5  62064 84662908 2400152 78987260    0    0 289920 217836 275898 1532871 42 34 23  1  0  0
11  1  62064 84671820 2400152 78987276    0    0 314160 286128 284530 1536755 42 34 23  1  0  0
17  1  62064 84672828 2400152 78987300    0    0 293776 217900 281381 1532884 41 36 22  1  0  0
50  1  62064 84675848 2400156 78987304    0    0 300272 219368 277380 1545126 42 34 23  1  0  0
50  5  62064 84667596 2400156 78987328    0    0 447392 342836 298295 1589023 46 29 22  2  0  0
77  7  62064 84667076 2400156 78987348    0    0 351952 309684 298143 1579592 43 33 23  2  0  0
38  5  62064 84667336 2400156 78987364    0    0 342976 256552 285395 1563601 44 31 23  2  0  0
73  3  62064 84665292 2400156 78987384    0    0 297120 219520 274836 1534788 41 34 23  1  0  0
20  4  62064 84654764 2400156 78987400    0    0 298400 218728 278402 1536343 41 35 23  1  0  0
97  5  62064 84643068 2400156 78987428    0    0 284928 210236 278664 1531259 41 34 23  1  0  0
83  1  62064 84641036 2400156 78987448    0    0 264848 197656 270074 1522988 41 35 23  1  0  0
52  4  62064 84647176 2400156 78987460    0    0 255456 187976 271035 1528868 41 34 24  1  0  0
34  4  62064 84665636 2400156 78987472    0    0 349776 306220 292589 1561271 43 34 22  1  0  0
12  3  62064 84658204 2400156 78987496    0    0 357184 261472 285162 1562165 43 32 23  2  0  0
33  4  62064 84656620 2400156 78987528    0    0 298656 223392 274637 1542052 42 34 23  1  0  0
66  1  62064 84653424 2400156 78987548    0    0 255200 190064 267516 1518770 40 35 24  1  0  0
105  6  62064 84661772 2400156 78987568    0    0 294080 217704 279965 1540008 41 35 22  1  0  0
procs -----------memory---------- ---swap-- -----io---- -system-- -------cpu-------
 r  b   swpd   free   buff  cache   si   so    bi    bo   in   cs us sy id wa st gu
73  3  62064 84663920 2400156 78987584    0    0 277648 226524 276113 1529058 41 34 23  1  0  0
68  9  62064 84657752 2400156 78987604    0    0 267248 199688 268218 1523045 41 34 24  1  0  0
113  1  62064 84669100 2400156 78987624    0    0 318672 240444 282810 1563942 42 33 23  1  0  0
80  0  62064 84652452 2400156 78987632    0    0 370368 319060 291842 1572059 43 33 23  2  0  0
39  6  62064 84658496 2400156 78987648    0    0 334208 253384 280223 1556119 43 32 24  1  0  0
65  1  62064 84661960 2400156 78987676    0    0 332304 242680 284599 1551932 43 33 22  1  0  0
63  5  62064 84654272 2400156 78987692    0    0 282160 214896 275471 1529678 41 35 23  1  0  0
17  3  62064 84646940 2400156 78987780    0    0 250448 192324 268225 1518932 41 34 24  1  0  0
59  9  62064 84668200 2400156 78987800    0    0 303520 222952 281491 1533369 42 34 22  1  0  0
128  3  62064 84671440 2400156 78987820    0    0 305552 272008 282920 1541752 42 35 22  1  0  0
61  0  62064 84694212 2400156 78987840    0    0 288160 212120 278221 1540665 42 35 22  1  0  0
60  1  62064 84677424 2400156 78987852    0    0 278768 208020 274814 1531582 42 34 23  1  0  0
79  5  62064 84659052 2400156 78987868    0    0 310624 229812 275275 1544676 42 32 24  2  0  0
31  3  62064 84656636 2400156 78987892    0    0 394944 306208 291488 1577600 44 32 22  2  0  0
79  1  62064 84655672 2400156 78987912    0    0 283984 213052 270914 1534773 42 33 24  1  0  0
60  4  62064 84665444 2400156 78987932    0    0 310048 262392 282554 1546412 42 34 22  1  0  0
27  0  62064 84661740 2400160 78987948    0    0 298608 243428 281194 1528729 41 35 22  1  0  0
50  4  62064 84652392 2400160 78987972    0    0 285408 211540 275151 1534693 41 34 23  1  0  0
33  4  62064 84653452 2400160 78987992    0    0 262128 197388 270325 1525856 40 35 24  1  0  0
78  8  62064 84662456 2400160 78988008    0    0 285232 214120 275665 1541663 42 34 23  1  0  0
120  4  62064 84658932 2400160 78988028    0    0 311632 238492 280398 1538606 42 34 23  1  0  0
procs -----------memory---------- ---swap-- -----io---- -system-- -------cpu-------
 r  b   swpd   free   buff  cache   si   so    bi    bo   in   cs us sy id wa st gu
37  6  62064 84666632 2400160 78988040    0    0 326016 242800 278812 1549009 42 32 24  1  0  0
145  1  62064 84680904 2400160 78988060    0    0 404832 354500 296724 1587198 45 31 22  2  0  0
51  3  62064 84667276 2400160 78988080    0    0 297680 223344 277690 1536193 42 34 23  1  0  0
43  2  62064 84629312 2400160 78988108    0    0 290720 232972 275120 1534422 41 34 23  1  0  0
36  1  62064 84638212 2400160 78988124    0    0 251376 187380 267494 1518324 40 35 24  1  0  0
98  8  62064 84647048 2400160 78988144    0    0 284272 217020 277660 1524932 40 35 23  1  0  0
37  1  62064 84662192 2400160 78988156    0    0 304880 225520 281284 1553401 42 34 23  1  0  0
70  1  62064 84670248 2400160 78988172    0    0 354384 265696 285521 1555746 43 32 23  2  0  0
34  6  62064 84657612 2400160 78988192    0    0 335584 291584 287763 1548545 42 34 22  1  0  0
91  3  62064 84658044 2400160 78988212    0    0 288816 211440 278326 1520648 41 35 22  1  0  0
44  4  62064 84641168 2400160 78988236    0    0 269920 198116 271769 1514491 41 35 23  1  0  0
19  0  62064 84647340 2400160 78988252    0    0 260208 195724 277921 1535564 41 34 24  1  0  0
90  1  62064 84658668 2400160 78988280    0    0 295104 223616 287804 1548139 41 36 22  1  0  0
31  3  62064 84662972 2400160 78988296    0    0 300416 223280 278194 1536725 42 34 23  1  0  0
21  0  62064 84676540 2400160 78988312    0    0 301904 226784 279950 1555439 42 34 24  1  0  0
37  3  62064 84668488 2400160 78988324    0    0 422736 365188 308398 1613641 45 31 22  2  0  0
51  5  62064 84656972 2400160 78988348    0    0 342144 271516 281831 1556060 43 32 23  2  0  0
45 11  62064 84656516 2400160 78988360    0    0 268416 201016 270394 1529574 41 35 23  1  0  0
38 13  62064 84643208 2400160 78988384    0    0 311280 228268 289457 1553852 42 35 22  1  0  0
61  8  62064 84642988 2400160 78988400    0    0 289840 212696 285294 1537591 42 34 22  1  0  0
58  0  62064 84645052 2400160 78988420    0    0 280944 210768 271236 1528322 42 34 23  1  0  0
procs -----------memory---------- ---swap-- -----io---- -system-- -------cpu-------
 r  b   swpd   free   buff  cache   si   so    bi    bo   in   cs us sy id wa st gu
56 15  62064 84659872 2400160 78988440    0    0 317232 238316 278311 1546388 43 32 23  2  0  0
86  6  62064 84665808 2400160 78988460    0    0 366224 316984 295617 1580648 44 32 22  2  0  0
11  2  62064 84670456 2400160 78988472    0    0 298624 217500 278706 1538150 42 34 23  1  0  0
65  2  62064 84659216 2400160 78988488    0    0 260928 191244 267713 1519908 41 34 24  1  0  0
94  7  62064 84651572 2400160 78988512    0    0 273936 202620 273809 1524110 41 35 22  1  0  0
12  0  62064 84655416 2400160 78988528    0    0 283824 208960 278026 1530030 42 34 23  1  0  0
81  5  62064 84652252 2400160 78988548    0    0 278640 208332 274322 1522032 41 35 23  1  0  0
99  4  62064 84645272 2400160 78988568    0    0 291728 215016 272429 1529223 41 34 24  1  0  0
42  7  62064 84660828 2400160 78988584    0    0 380832 333456 298700 1578233 44 33 22  2  0  0
95  3  62064 84666944 2400160 78988604    0    0 370480 283072 290130 1566232 43 33 22  2  0  0
38  1  62064 84661672 2400160 78988620    0    0 287168 211672 275094 1539399 42 34 23  1  0  0
101  2  62064 84656336 2400160 78988636    0    0 252080 186980 267474 1516060 40 35 23  1  0  0
95  9  62064 84666044 2400160 78988656    0    0 288752 214940 274623 1529138 42 34 23  1  0  0
54  8  62064 84648708 2400160 78988680    0    0 307968 224364 280378 1534882 42 34 22  1  0  0
34  8  62064 84655148 2400160 78988696    0    0 276544 204472 281107 1532568 41 34 23  1  0  0
42  7  62064 84660708 2400164 78988716    0    0 277648 202268 271743 1528753 42 34 23  1  0  0
94  0  62064 84658952 2400164 78988736    0    0 300544 276568 281318 1531126 42 35 22  1  0  0
 8  3  62064 84658824 2400164 78988756    0    0 311968 228896 283486 1539051 42 34 23  1  0  0
162  0  62064 84671024 2400164 78988772    0    0 309344 227160 281144 1546347 41 34 23  1  0  0
19  0  62064 84669860 2400164 78988788    0    0 273824 204228 271198 1522274 41 34 24  1  0  0
50  3  62064 84660432 2400164 78988804    0    0 314704 235716 280020 1547971 42 34 23  1  0  0
procs -----------memory---------- ---swap-- -----io---- -system-- -------cpu-------
 r  b   swpd   free   buff  cache   si   so    bi    bo   in   cs us sy id wa st gu
58  2  62064 84649772 2400164 78988824    0    0 303632 225044 278574 1530839 41 34 23  1  0  0
55  8  62064 84650416 2400164 78988848    0    0 304944 230772 277402 1539096 42 34 23  1  0  0
75 14  62064 84659260 2400164 78988872    0    0 310000 300508 283951 1539385 42 34 22  1  0  0
41  6  62064 84658324 2400164 78988892    0    0 301712 220716 281650 1533938 42 35 22  1  0  0
80  4  62064 84645532 2400164 78988984    0    0 334640 247400 281936 1554829 44 31 23  1  0  0
69  8  62064 84674772 2400164 78989000    0    0 429008 312564 298893 1598309 45 30 23  2  0  0
41  2  62064 84657612 2400164 78989012    0    0 313952 231216 277878 1546024 42 33 23  1  0  0
70  2  62064 84650620 2400164 78989036    0    0 243200 179840 264601 1517561 41 34 24  1  0  0
49  9  62064 84649828 2400164 78989052    0    0 292864 221668 281056 1541119 41 35 23  1  0  0
57  1  62064 84645740 2400164 78989072    0    0 304256 275948 283443 1535554 42 35 22  1  0  0
83  1  62064 84652504 2400164 78989084    0    0 303776 225524 278732 1531847 41 34 23  1  0  0
53  1  62064 84661644 2400164 78989104    0    0 274672 203968 275135 1525039 41 35 23  1  0  0
67 10  62064 84653392 2400164 78989132    0    0 261392 199496 269970 1529178 41 34 24  1  0  0
85  1  62064 84682564 2400164 78989152    0    0 314208 229144 283179 1544318 42 34 22  1  0  0
154  2  62064 84674824 2400164 78989160    0    0 297280 215868 279045 1536560 42 35 22  1  0  0
78  4  62064 84671624 2400164 78989176    0    0 398416 334952 288456 1525685 43 32 22  4  0  0
69  2  62064 84656204 2400164 78989204    0    0 355584 280548 287503 1557072 43 33 23  2  0  0
36  2  62064 84656240 2400164 78989224    0    0 280144 210500 272927 1527534 41 34 23  1  0  0
126  1  62064 84637372 2400164 78989244    0    0 339440 252924 293241 1572371 43 33 23  1  0  0
60  2  62064 84651344 2400164 78989268    0    0 304000 224780 284359 1544473 41 35 22  1  0  0
 9  0  62064 84656492 2400164 78989288    0    0 251008 188840 267447 1518311 40 35 24  1  0  0
procs -----------memory---------- ---swap-- -----io---- -system-- -------cpu-------
 r  b   swpd   free   buff  cache   si   so    bi    bo   in   cs us sy id wa st gu
83  0  62064 84662336 2400164 78989308    0    0 267008 199456 270365 1523197 42 34 23  1  0  0
95  4  62064 84670008 2400164 78989324    0    0 309264 281528 290960 1556879 43 33 23  1  0  0
41  4  62064 84654788 2400164 78989336    0    0 298096 219100 284127 1542270 42 35 22  1  0  0
93  1  62064 84664624 2400164 78989356    0    0 400736 292608 298975 1575126 44 32 22  2  0  0
15  2  62064 84643452 2400164 78989380    0    0 296720 219108 286298 1553557 42 34 23  1  0  0
153  2  62064 84636188 2400164 78989400    0    0 272784 202128 278038 1537405 41 35 23  1  0  0
26  3  62064 84647692 2400164 78989416    0    0 251952 208108 267537 1523869 40 35 24  1  0  0
132  2  62064 84658568 2400164 78989436    0    0 330224 243060 286512 1551059 42 34 22  1  0  0
67  3  62064 84648196 2400164 78989456    0    0 297408 274392 279728 1537340 42 35 22  1  0  0
128  0  62064 84662116 2400164 78989472    0    0 322112 236760 286578 1566663 42 33 23  1  0  0
29  3  62064 84650816 2400164 78989480    0    0 283184 210172 274192 1534526 42 34 23  1  0  0
88  8  62064 84657740 2400164 78989504    0    0 303888 220316 279108 1536660 41 35 23  1  0  0
96  8  62064 84645696 2400164 78989524    0    0 323344 237748 282875 1555345 43 33 23  1  0  0
60 11  62064 84640576 2400164 78989540    0    0 277264 213180 271086 1536555 41 34 24  1  0  0
62  5  62064 84650108 2400164 78989568    0    0 294928 217176 277419 1529374 41 35 23  1  0  0
85 13  62064 84644244 2400164 78989584    0    0 318288 286500 289089 1550071 43 34 22  1  0  0
36  6  62064 84642832 2400164 78989604    0    0 277328 207088 276803 1534028 41 34 23  1  0  0
91  4  62064 84647760 2400164 78989632    0    0 281264 210656 274028 1543883 42 34 23  1  0  0
82  3  62064 84657584 2400164 78989644    0    0 284704 212468 274237 1536402 41 35 23  1  0  0
82  2  62064 84633764 2400164 78989660    0    0 308720 225544 286203 1547275 42 35 22  1  0  0
22  5  62064 84644364 2400164 78989648    0    0 270832 218652 271708 1515303 41 34 24  1  0  0
procs -----------memory---------- ---swap-- -----io---- -system-- -------cpu-------
 r  b   swpd   free   buff  cache   si   so    bi    bo   in   cs us sy id wa st gu
29  2  62064 84628512 2400164 78989668    0    0 281328 214696 269011 1530799 41 34 24  1  0  0
45  6  62064 84631708 2400164 78989688    0    0 384160 337272 293383 1570379 43 33 22  2  0  0
119  0  62064 84639204 2400164 78989708    0    0 412976 302148 295748 1581149 46 30 23  2  0  0
51 10  62064 84630284 2400164 78989724    0    0 303360 224328 275987 1538461 42 33 24  1  0  0
64 14  62064 84652876 2400164 78989740    0    0 298432 217784 279986 1534339 41 35 23  1  0  0
46  0  62064 84651624 2400164 78989752    0    0 278752 207832 277278 1531571 41 35 23  1  0  0
63  1  62064 84637260 2400168 78989768    0    0 260720 194388 275118 1531544 40 35 24  1  0  0
165  1  62064 84648104 2400168 78989796    0    0 269936 205408 272019 1520008 41 35 23  1  0  0
62  1  62064 84644672 2400168 78989816    0    0 311088 282656 283576 1538161 42 34 23  1  0  0
72  0  62064 84652056 2400168 78989836    0    0 313472 234240 281037 1543067 42 34 23  1  0  0
61  2  62064 84640660 2400168 78989860    0    0 275152 207120 275850 1525316 42 34 23  1  0  0
38  1  62064 84635992 2400168 78989884    0    0 427344 326796 296547 1585050 45 31 22  2  0  0
70  3  62064 84651740 2400168 78989904    0    0 268400 200560 274306 1533036 41 35 23  1  0  0
62  5  62064 84650908 2400168 78989924    0    0 270560 207244 272937 1535783 41 34 24  1  0  0
28  8  62064 84648780 2400168 78989936    0    0 303040 272908 283926 1537395 41 35 22  1  0  0
58  4  62064 84656336 2400168 78989960    0    0 326064 245708 283741 1542576 42 34 22  1  0  0
74  6  62064 84632544 2400168 78989980    0    0 280016 204796 272476 1527914 42 34 23  1  0  0
152  2  62064 84638744 2400168 78990004    0    0 285920 214752 271321 1525782 41 34 24  1  0  0
39  0  62064 84651292 2400168 78990020    0    0 313488 231892 282673 1540547 42 34 23  1  0  0
94  6  62064 84651348 2400168 78990040    0    0 249824 185464 266920 1511672 41 34 24  1  0  0
98  6  62064 84661924 2400168 78990060    0    0 291808 220552 277423 1528074 41 35 23  1  0  0
procs -----------memory---------- ---swap-- -----io---- -system-- -------cpu-------
 r  b   swpd   free   buff  cache   si   so    bi    bo   in   cs us sy id wa st gu
145  5  62064 84670240 2400168 78990080    0    0 308112 282340 284763 1542086 42 34 23  1  0  0
28  0  62064 84663060 2400168 78990152    0    0 285616 210496 280066 1538077 42 34 23  1  0  0
53  6  62064 84643192 2400168 78990172    0    0 289488 215560 276282 1543811 42 33 24  1  0  0
72  9  62064 84651468 2400168 78990196    0    0 362128 285912 286092 1564795 43 32 23  2  0  0
62  8  62064 84644752 2400168 78990216    0    0 421168 313148 299625 1584791 45 31 22  2  0  0
58  0  62064 84643440 2400168 78990240    0    0 322368 254080 287102 1544604 42 35 22  1  0  0
48  1  62064 84647820 2400168 78990264    0    0 306976 259948 289708 1544283 42 34 22  1  0  0
84  4  62064 84645020 2400168 78990280    0    0 276272 203156 274571 1525702 41 35 23  1  0  0
65  1  62064 84665304 2400168 78990300    0    0 346336 257536 286511 1560989 43 31 24  2  0  0
51  7  62064 84658408 2400168 78990316    0    0 331968 241244 295773 1569719 43 34 22  1  0  0
174  1  62064 84647064 2400168 78990336    0    0 428448 310620 307200 1597883 45 30 22  2  0  0
113  8  62064 84627212 2400168 78990352    0    0 303824 277100 283352 1529748 41 35 22  1  0  0
49  3  62064 84652532 2400168 78990376    0    0 295264 214252 278839 1533806 42 35 22  1  0  0
75  2  62064 84645552 2400168 78990396    0    0 280064 205840 279077 1538685 41 35 23  1  0  0
39  2  62064 84649996 2400168 78990420    0    0 267936 198168 279922 1540680 41 35 23  1  0  0
69  2  62064 84646932 2400168 78990440    0    0 305152 231900 279990 1534461 41 35 23  1  0  0
85  9  62064 84659996 2400168 78990456    0    0 455792 365580 301287 1593038 46 29 22  2  0  0
44  2  62064 84661580 2400168 78990472    0    0 370976 308420 294153 1572527 43 33 22  2  0  0
52  5  62064 84659104 2400168 78990484    0    0 345056 253912 285346 1558367 43 32 23  2  0  0
109 12  62064 84657980 2400168 78990504    0    0 391632 288648 290922 1574996 45 31 23  2  0  0
95  3  62064 84650368 2400168 78990520    0    0 300528 221416 287355 1556316 41 34 23  1  0  0
procs -----------memory---------- ---swap-- -----io---- -system-- -------cpu-------
 r  b   swpd   free   buff  cache   si   so    bi    bo   in   cs us sy id wa st gu
57  4  62064 84627252 2400168 78990540    0    0 269248 201180 271617 1527101 41 34 24  1  0  0
74  9  62064 84628480 2400168 78990564    0    0 318352 290284 283945 1544884 42 34 22  1  0  0
120  5  62064 84636796 2400168 78990580    0    0 295952 217600 279022 1524900 42 34 23  1  0  0
49  6  62064 84644296 2400168 78990604    0    0 280048 208028 275270 1532869 41 34 24  1  0  0
140  2  62064 84661804 2400168 78990620    0    0 254560 192988 270215 1529912 41 34 24  1  0  0
41  6  62064 84658556 2400168 78990636    0    0 310176 223360 282095 1533762 42 35 22  1  0  0
65  2  62064 84650232 2400168 78990660    0    0 342208 270424 288538 1570145 43 32 23  2  0  0
91  7  62064 84658884 2400168 78990676    0    0 359568 265688 287830 1565234 44 32 23  2  0  0
51  1  62064 84645696 2400168 78990696    0    0 316688 291304 284219 1537571 42 35 22  1  0  0
114  5  62064 84639340 2400168 78990740    0    0 302208 220340 279428 1528381 41 35 22  1  0  0
26  2  62064 84641612 2400168 78990744    0    0 281744 204168 273734 1528071 41 35 23  1  0  0
122  1  62064 84637204 2400168 78990760    0    0 256416 194092 268376 1519663 40 35 24  1  0  0
41  3  62064 84644008 2400168 78990776    0    0 273344 201920 274824 1530977 41 35 23  1  0  0
41  6  62064 84642716 2400168 78990784    0    0 327776 238508 283795 1550990 42 34 23  1  0  0
17  1  62064 84657240 2400168 78990804    0    0 403920 301804 293257 1574104 45 31 23  2  0  0
 9  0  62064 84655092 2400168 78990828    0    0 322592 283540 286173 1549742 42 34 23  1  0  0
130  1  62064 84636624 2400168 78990852    0    0 275520 202124 277048 1536512 42 34 23  1  0  0
30  1  62064 84631472 2400168 78990868    0    0 260896 193904 269150 1519361 41 34 24  1  0  0
30  2  62064 84636212 2400168 78990892    0    0 312528 228924 284666 1547894 42 34 22  1  0  0
78  4  62064 84660800 2400168 78990916    0    0 386864 298440 297258 1584440 44 31 22  2  0  0
73  9  62064 84667128 2400168 78990936    0    0 391728 339484 293327 1574008 44 32 22  2  0  0
procs -----------memory---------- ---swap-- -----io---- -system-- -------cpu-------
 r  b   swpd   free   buff  cache   si   so    bi    bo   in   cs us sy id wa st gu
24  1  62064 84664972 2400168 78990948    0    0 301264 219572 288566 1556203 42 34 23  1  0  0
19  1  62064 84657056 2400168 78990960    0    0 264288 197012 274244 1523710 40 35 24  1  0  0
72  9  62064 84648008 2400168 78990984    0    0 268096 201284 268758 1525589 41 34 24  1  0  0
29  4  62064 84636416 2400172 78991000    0    0 305824 220400 287533 1550031 41 35 22  1  0  0
37  1  62064 84628980 2400172 78991028    0    0 275120 206104 282586 1544671 41 35 23  1  0  0
96  2  62064 84633196 2400172 78991044    0    0 258320 193608 275307 1535794 41 34 24  1  0  0
32 11  62064 84656364 2400172 78991064    0    0 295376 224584 278712 1532361 41 35 22  1  0  0
112  1  62064 84647620 2400172 78991080    0    0 327792 297732 286198 1548493 42 34 22  1  0  0
94  5  62064 84658424 2400172 78991100    0    0 303616 224788 288184 1560856 42 34 23  1  0  0
71  1  62064 84648176 2400172 78991116    0    0 287488 215748 277441 1539107 41 34 24  1  0  0
76  5  62064 84648340 2400172 78991132    0    0 284368 212792 276268 1528318 41 36 23  1  0  0
37  1  62064 84644248 2400172 78991152    0    0 283552 206444 276271 1525810 41 35 23  1  0  0
33  6  62064 84638364 2400172 78991172    0    0 265904 202100 271219 1514121 40 35 23  1  0  0
33  1  62064 84623752 2400172 78991196    0    0 260560 210508 270050 1527884 41 34 24  1  0  0
57  6  62064 84643632 2400172 78991216    0    0 400688 345448 296653 1582988 44 32 22  2  0  0
34  5  62064 84646952 2400172 78991236    0    0 368192 269512 291034 1575219 43 32 23  2  0  0
85  6  62064 84658304 2400172 78991256    0    0 396080 295096 293896 1589064 44 31 23  2  0  0
67  9  62064 84657512 2400172 78991268    0    0 309536 228628 287339 1555703 42 34 23  1  0  0
115  2  62064 84634428 2400172 78991284    0    0 270000 199180 277200 1540268 42 34 24  1  0  0
97  9  62064 84641164 2400172 78991396    0    0 283600 211688 272900 1528362 41 35 23  1  0  0
20  3  62064 84655076 2400172 78991416    0    0 308208 284012 286550 1551770 42 35 22  1  0  0
procs -----------memory---------- ---swap-- -----io---- -system-- -------cpu-------
 r  b   swpd   free   buff  cache   si   so    bi    bo   in   cs us sy id wa st gu
99  0  62064 84645720 2400172 78991440    0    0 294080 213420 287199 1549368 41 35 22  1  0  0
26  2  62064 84645760 2400172 78991456    0    0 301296 222624 282645 1550857 42 33 23  1  0  0
60  6  62064 84632460 2400172 78991476    0    0 366544 291212 286535 1575672 43 32 23  2  0  0
116  2  62064 84643584 2400172 78991496    0    0 351200 254052 293340 1581336 43 32 23  2  0  0
71  3  62064 84643256 2400172 78991512    0    0 356384 261140 282109 1568618 44 31 24  2  0  0
82  5  62064 84647652 2400172 78991528    0    0 305984 226872 282131 1541193 42 35 22  1  0  0
65  3  62064 84664400 2400172 78991548    0    0 296896 272280 286605 1540845 42 35 22  1  0  0
65  2  62064 84655624 2400172 78991568    0    0 279136 208544 272185 1533781 42 34 23  1  0  0
96  2  62064 84648460 2400172 78991588    0    0 353664 263876 285617 1565374 43 33 23  2  0  0
103  6  62064 84644200 2400172 78991612    0    0 291248 211992 284325 1540594 41 35 23  1  0  0
110  3  62064 84634216 2400172 78991632    0    0 269424 202264 272403 1525950 41 35 23  1  0  0
42  6  62064 84631936 2400172 78991648    0    0 260160 196100 268519 1528069 40 35 24  1  0  0
60  1  62064 84649700 2400172 78991664    0    0 292816 222156 282159 1546708 41 35 23  1  0  0
40 15  62064 84662312 2400172 78991676    0    0 325360 286728 294197 1565270 42 34 23  1  0  0
49  6  62064 84648576 2400172 78991700    0    0 335680 247900 282764 1548214 43 33 23  1  0  0
34  2  62064 84641736 2400172 78991720    0    0 399872 311620 291229 1581644 44 31 23  2  0  0
56  9  62064 84641968 2400172 78991740    0    0 343648 254052 289547 1565589 43 33 23  1  0  0
49  3  62064 84627424 2400172 78991760    0    0 282160 213380 272116 1535397 41 34 23  1  0  0
20  4  62064 84633936 2400172 78991780    0    0 282144 212796 274698 1526736 42 35 23  1  0  0
41  4  62064 84645256 2400172 78991804    0    0 303136 220648 278908 1539328 41 35 23  1  0  0
98 14  62064 84657308 2400172 78991820    0    0 305632 277600 285973 1549027 42 35 22  1  0  0
procs -----------memory---------- ---swap-- -----io---- -system-- -------cpu-------
 r  b   swpd   free   buff  cache   si   so    bi    bo   in   cs us sy id wa st gu
74  6  62064 84654832 2400172 78991828    0    0 292752 215808 277603 1535227 42 34 23  1  0  0
74  4  62064 84632128 2400172 78991844    0    0 295008 214392 273581 1536960 41 35 23  1  0  0
71  3  62064 84632880 2400176 78991856    0    0 266320 197944 276733 1538920 41 34 24  1  0  0
98  3  62064 84611676 2400176 78991888    0    0 316416 231712 282856 1553235 42 34 23  1  0  0
47  0  62064 84625200 2400176 78991912    0    0 299376 225456 275132 1541246 42 34 23  1  0  0
58  1  62064 84636408 2400176 78991928    0    0 341920 261376 280413 1562799 43 32 23  2  0  0
45  5  62064 84634516 2400176 78991952    0    0 373888 344188 293936 1576744 44 33 22  2  0  0
103  0  62064 84646748 2400176 78991976    0    0 293280 213780 278594 1536722 41 35 22  1  0  0
53  4  62064 84663108 2400176 78991988    0    0 275488 198400 278408 1537246 41 35 23  1  0  0
110  5  62064 84655936 2400176 78992008    0    0 265696 198836 272820 1527729 41 34 23  1  0  0
25  8  62064 84650704 2400176 78992028    0    0 288560 217348 271789 1535756 42 34 24  1  0  0
26  4  62064 84649060 2400176 78992044    0    0 307232 232928 283320 1550340 42 34 23  1  0  0
57  1  62064 84631376 2400176 78992064    0    0 279584 212112 280866 1549794 42 34 23  1  0  0
25  3  62064 84637476 2400176 78992084    0    0 259696 196296 268933 1521381 41 35 23  1  0  0
65  7  62064 84645572 2400176 78992108    0    0 286128 245892 278121 1530138 41 35 22  1  0  0
106  4  62064 84649664 2400176 78992128    0    0 296912 233460 283613 1541365 41 35 22  1  0  0
106  5  62064 84663292 2400176 78992144    0    0 313376 228144 288836 1561744 42 34 23  1  0  0
114  3  62064 84660852 2400176 78992156    0    0 403008 302772 293350 1582634 45 31 22  2  0  0
56 13  62064 84647104 2400176 78992180    0    0 324800 236780 286512 1555576 43 33 23  1  0  0
22  7  62064 84646240 2400176 78992196    0    0 306944 282972 285063 1551345 42 33 23  1  0  0
45  1  62064 84944492 2400176 78992224    0    0 319568 251632 406679 1534199 43 34 22  1  0  0
