procs -----------memory---------- ---swap-- -----io---- -system-- -------cpu-------
 r  b   swpd   free   buff  cache   si   so    bi    bo   in   cs us sy id wa st gu
 6  3 346584 108376620 2153272 78648996    4    9 27911 33851 9675    6  3  1 96  0  0  0
103  1 346584 107214272 2153272 78649044    0    0 157040 308552 262331 401406  7 25 66  2  0  0
69 10 346584 107115148 2153272 78649096    0    0 413152 378788 292158 1446870 42 34 22  2  0  0
52  1 346584 107141072 2153272 78649112    0    0 287408 391768 280163 1471105 44 30 24  1  0  0
91  0 346584 107136056 2153272 78649128    0    0 188800 129520 247693 1471785 40 35 25  1  0  0
109  4 346584 107117168 2153272 78649148    0    0 177568 71884 231734 1443188 39 36 24  1  0  0
56  0 346584 107098464 2153272 78649172    0    0 165808 68912 228485 1445393 38 37 25  1  0  0
63  1 346584 107115184 2153272 78649192    0    0 151584 65056 229496 1447136 37 38 24  1  0  0
91  4 346584 107067800 2153272 78649200    0    0 168144 124956 231099 1446962 37 37 25  1  0  0
47  1 346584 107073308 2153272 78649224    0    0 176736 74756 231754 1449240 38 37 25  1  0  0
40  0 346584 107055060 2153272 78649244    0    0 175232 74176 233926 1441234 37 38 24  1  0  0
34  0 346584 106953496 2153272 78649272    0    0 160272 68572 229780 1438038 37 37 25  1  0  0
169  2 346584 106953444 2153272 78649292    0    0 161888 68760 228216 1437022 37 37 26  1  0  0
35  0 346584 106961408 2153272 78649316    0    0 157344 69340 227576 1440307 37 36 26  1  0  0
22  0 346584 106973568 2153276 78649328    0    0 152000 64840 227762 1445912 37 37 25  1  0  0
60  1 346584 106960552 2153276 78649340    0    0 151312 64384 224753 1438562 38 36 25  1  0  0
13  2 346584 106938136 2153276 78649364    0    0 152080 66456 225090 1436939 38 37 25  1  0  0
73  5 346584 106932932 2153276 78649380    0    0 175392 80556 228671 1442219 38 36 25  1  0  0
56  7 346584 106923624 2153276 78649400    0    0 191840 84324 236918 1454058 39 36 25  1  0  0
133  0 346584 106918240 2153276 78649412    0    0 177040 121948 244827 1463232 37 37 25  1  0  0
43  1 346584 106909096 2153276 78649436    0    0 176208 75424 236805 1444208 38 37 24  1  0  0
procs -----------memory---------- ---swap-- -----io---- -system-- -------cpu-------
 r  b   swpd   free   buff  cache   si   so    bi    bo   in   cs us sy id wa st gu
131  0 346584 106928780 2153276 78649460    0    0 165424 76628 235378 1449976 37 38 25  1  0  0
24  0 346584 106896708 2153276 78649468    0    0 163744 70460 233047 1443873 38 36 25  1  0  0
 9  0 346584 106885220 2153276 78649484    0    0 164576 72196 229858 1439822 38 37 24  1  0  0
99  1 346584 106875856 2153276 78649524    0    0 168656 71928 227431 1438437 37 36 26  1  0  0
66  1 346584 106861948 2153276 78649528    0    0 161744 70444 227016 1442006 38 36 26  1  0  0
100  1 346584 106853592 2153276 78649552    0    0 207280 89804 231426 1443997 39 35 26  1  0  0
78  8 346584 106856608 2153276 78649568    0    0 313024 174744 257188 1455402 43 32 24  1  0  0
54  3 346584 106870652 2153276 78649584    0    0 302384 145672 269874 1472246 44 30 25  1  0  0
50  3 346584 106840636 2153276 78649604    0    0 272384 118288 244917 1455770 40 34 24  1  0  0
195  1 346584 106813076 2153276 78649620    0    0 187424 98820 233813 1450668 38 37 24  1  0  0
74  2 346584 106810168 2153276 78649644    0    0 155136 65964 228476 1441586 38 36 25  1  0  0
102  0 346584 106805964 2153276 78649668    0    0 161600 108780 233171 1440733 37 38 25  1  0  0
67  3 346584 106806340 2153276 78649696    0    0 173440 72696 234061 1442840 37 38 25  1  0  0
38  0 346584 106793304 2153276 78649712    0    0 162672 71892 232345 1436673 37 37 25  1  0  0
60  0 346584 106791832 2153276 78649736    0    0 161488 68276 231280 1443635 38 37 25  1  0  0
61  2 346584 106777452 2153276 78649748    0    0 154048 65772 231665 1441326 36 38 25  1  0  0
104  0 346584 106760812 2153276 78649760    0    0 153984 67980 228070 1436231 38 37 25  1  0  0
 9  2 346584 106751980 2153276 78649780    0    0 146320 65220 224305 1435081 37 36 26  1  0  0
72  3 346584 106756272 2153276 78649800    0    0 148832 65436 222994 1435016 37 36 26  1  0  0
74  1 346584 106753888 2153276 78649820    0    0 166208 75988 232097 1440768 37 38 25  1  0  0
56  1 346584 106744112 2153276 78649840    0    0 169712 74784 231895 1443621 38 37 25  1  0  0
procs -----------memory---------- ---swap-- -----io---- -system-- -------cpu-------
 r  b   swpd   free   buff  cache   si   so    bi    bo   in   cs us sy id wa st gu
95  0 346584 106746736 2153276 78649864    0    0 161616 70416 237216 1442899 36 38 25  1  0  0
71  2 346584 106737768 2153276 78649892    0    0 162864 71816 231125 1451671 37 38 25  1  0  0
62  1 346584 106730232 2153280 78649892    0    0 168864 109644 235460 1445849 37 38 25  1  0  0
71  8 346584 106729632 2153280 78649916    0    0 176368 75936 234282 1448383 38 37 24  1  0  0
70  5 346584 106710020 2153280 78649932    0    0 172832 74648 232480 1444929 37 38 24  1  0  0
21  0 346584 106707456 2153280 78649956    0    0 166224 70428 230252 1445335 38 37 25  1  0  0
189  0 346584 106703300 2153280 78649980    0    0 159584 69132 228725 1440539 37 37 25  1  0  0
105  3 346584 106697500 2153280 78650000    0    0 159056 68540 228580 1441084 37 37 25  1  0  0
35  0 346584 106700768 2153280 78650020    0    0 156144 66144 229190 1444819 38 37 25  1  0  0
78  0 346584 106703528 2153280 78650028    0    0 147648 65396 224407 1440296 37 37 26  1  0  0
116  0 346584 106689704 2153280 78650056    0    0 145312 66244 223331 1434914 37 37 25  1  0  0
51  1 346584 106677696 2153280 78650076    0    0 178560 75396 235389 1456547 38 37 24  1  0  0
96  1 346584 106675004 2153280 78650092    0    0 170832 73540 233785 1444679 38 37 24  1  0  0
50  0 346584 106677172 2153280 78650108    0    0 164400 72176 232844 1446111 37 38 24  1  0  0
56  0 346584 106674172 2153280 78650124    0    0 173296 112756 234505 1445503 37 38 25  1  0  0
77  4 346584 106685352 2153280 78650148    0    0 170048 74280 237156 1461821 38 37 25  1  0  0
101  4 346584 106672332 2153280 78650156    0    0 163264 71056 238953 1460551 37 37 25  1  0  0
120  0 346584 106669076 2153280 78650176    0    0 155904 68672 228557 1438282 37 37 25  1  0  0
46  2 346584 106660476 2153280 78650196    0    0 151056 65848 226187 1434368 37 37 25  1  0  0
52  0 346584 106680036 2153280 78650220    0    0 143248 62424 224521 1440419 36 38 26  0  0  0
74  3 346584 106674748 2153280 78650244    0    0 143648 67240 225512 1442528 37 37 25  1  0  0
procs -----------memory---------- ---swap-- -----io---- -system-- -------cpu-------
 r  b   swpd   free   buff  cache   si   so    bi    bo   in   cs us sy id wa st gu
48  0 346584 106664244 2153280 78650260    0    0 182160 78488 236473 1448244 38 37 24  1  0  0
84  0 346584 106671488 2153280 78650280    0    0 178928 75012 236703 1451887 38 37 24  1  0  0
31  0 346584 106657772 2153280 78650292    0    0 173696 76192 233219 1449317 38 37 24  1  0  0
25  0 346584 106647244 2153280 78650320    0    0 163312 68828 231798 1443380 38 37 25  1  0  0
69  3 346584 106643868 2153280 78650352    0    0 158672 68264 227807 1446056 37 36 26  1  0  0
87  0 346584 106644484 2153280 78650372    0    0 171520 111120 235541 1451767 37 38 24  1  0  0
113  3 346584 106655048 2153280 78650380    0    0 173360 73640 233063 1445659 37 37 25  1  0  0
59  1 346584 106638692 2153280 78650408    0    0 165712 72412 228563 1443452 37 37 25  1  0  0
99  6 346584 106645076 2153280 78650416    0    0 168896 70760 232624 1446848 38 36 25  1  0  0
14  0 346584 106634928 2153280 78650432    0    0 158080 69920 228900 1444293 38 37 25  1  0  0
12  0 346584 106620476 2153280 78650448    0    0 149888 66716 225969 1436964 37 37 26  1  0  0
60  1 346584 106629700 2153280 78650464    0    0 148512 64184 223954 1435620 37 37 25  1  0  0
123  0 346584 106629660 2153280 78650488    0    0 150736 70752 222495 1440888 37 36 26  1  0  0
38  7 346584 106619072 2153280 78650508    0    0 187472 82344 237432 1451726 38 37 25  1  0  0
63  7 346584 106623344 2153280 78650524    0    0 176992 76636 234158 1444696 38 37 24  1  0  0
108  4 346584 106632848 2153280 78650556    0    0 164640 73416 231317 1446263 37 37 25  1  0  0
 8  0 346584 106625524 2153280 78650564    0    0 171712 128112 236513 1453736 38 37 24  1  0  0
122  7 346584 106619972 2153280 78650588    0    0 176944 76484 235804 1443160 38 38 24  1  0  0
47  0 346584 106603820 2153280 78650604    0    0 166096 71452 232899 1441170 38 37 24  1  0  0
136  0 346584 106604856 2153280 78650616    0    0 166656 70592 232168 1438900 37 38 25  1  0  0
40  1 346584 106599084 2153280 78650644    0    0 159392 71272 228893 1439243 38 37 25  1  0  0
procs -----------memory---------- ---swap-- -----io---- -system-- -------cpu-------
 r  b   swpd   free   buff  cache   si   so    bi    bo   in   cs us sy id wa st gu
62  1 346584 106612880 2153280 78650664    0    0 149776 63620 226609 1435356 38 37 25  1  0  0
13  3 346584 106614000 2153280 78650680    0    0 147600 63104 223715 1441890 37 36 26  1  0  0
107  7 346584 106611148 2153280 78650696    0    0 143984 61020 225379 1441054 37 36 26  1  0  0
32  0 346584 106612048 2153280 78650712    0    0 172560 78056 234419 1442736 37 38 25  1  0  0
117  3 346584 106601980 2153280 78650728    0    0 169520 72576 235299 1441039 38 38 24  1  0  0
27  1 346584 106597128 2153284 78650748    0    0 168640 71804 234470 1439595 37 37 24  1  0  0
81  9 346584 106597440 2153284 78650768    0    0 163952 80984 231985 1438632 37 37 25  1  0  0
44  1 346584 106601036 2153284 78650792    0    0 175008 110740 242109 1455203 38 37 24  1  0  0
74  0 346584 106611804 2153284 78650820    0    0 170640 74136 246147 1467570 37 38 24  1  0  0
70 10 346584 106607336 2153284 78650828    0    0 170608 75124 243000 1465645 38 37 24  1  0  0
64  0 346584 106605168 2153292 78650840    0    0 165344 71556 237077 1454903 37 38 25  1  0  0
33  1 346584 106592276 2153292 78650868    0    0 164288 73164 228639 1440520 36 38 25  1  0  0
18  0 346584 106572388 2153292 78650884    0    0 158352 69068 227958 1445242 37 37 25  1  0  0
97  1 346584 106583788 2153292 78650908    0    0 157824 67836 226312 1439693 38 36 26  1  0  0
48  0 346584 106578204 2153292 78650932    0    0 150976 65956 225019 1444514 38 36 26  1  0  0
159  0 346584 106581508 2153296 78650952    0    0 152448 70152 224822 1445656 37 37 26  1  0  0
118  0 346584 106592740 2153296 78650972    0    0 183472 76412 238476 1458503 38 37 24  1  0  0
73  1 346584 106588044 2153296 78650988    0    0 170864 73148 232793 1443372 37 38 25  1  0  0
13  0 346584 106582256 2153296 78651008    0    0 179936 118708 236440 1450563 38 37 25  1  0  0
39  5 346584 106582700 2153296 78651028    0    0 179488 74976 234227 1447632 38 37 24  1  0  0
71 12 346584 106596508 2153300 78651048    0    0 185104 79436 231071 1444818 38 36 25  1  0  0
procs -----------memory---------- ---swap-- -----io---- -system-- -------cpu-------
 r  b   swpd   free   buff  cache   si   so    bi    bo   in   cs us sy id wa st gu
77  0 346584 106590108 2153300 78651068    0    0 182480 77960 227521 1439731 38 36 26  1  0  0
43  1 346584 106601540 2153300 78651088    0    0 204560 88736 230437 1452843 39 34 26  1  0  0
51  1 346584 106606796 2153300 78651100    0    0 208448 88556 239033 1463178 39 36 24  1  0  0
 9  0 346584 106598312 2153300 78651116    0    0 186032 82184 240318 1460537 39 35 26  1  0  0
69  1 346584 106578264 2153300 78651136    0    0 156544 69940 229278 1449685 38 36 25  1  0  0
117  1 346584 106574404 2153300 78651152    0    0 153008 111572 229849 1444744 37 37 26  1  0  0
139  4 346584 106575516 2153300 78651172    0    0 187760 82664 238864 1447340 38 37 24  1  0  0
109  0 346584 106578768 2153300 78651192    0    0 171136 75920 233559 1441092 38 37 24  1  0  0
25  0 346584 106585984 2153300 78651212    0    0 166832 72656 231984 1441685 38 37 25  1  0  0
62  6 346584 106598856 2153300 78651232    0    0 162432 69176 232857 1447694 37 37 25  1  0  0
124  0 346584 106600124 2153300 78651244    0    0 155296 68432 227454 1438315 37 37 25  1  0  0
65  5 346584 106578448 2153300 78651268    0    0 148592 63104 226743 1439832 37 37 25  1  0  0
111  0 346584 106574016 2153300 78651292    0    0 147440 62880 225739 1438338 37 37 25  1  0  0
66  1 346584 106578732 2153300 78651316    0    0 144384 62220 221923 1442107 37 37 26  1  0  0
116  0 346584 106565748 2153304 78651340    0    0 166576 75516 230988 1436179 38 37 25  1  0  0
38  1 346584 106564604 2153304 78651360    0    0 164272 68904 232507 1441465 38 37 24  1  0  0
61  0 346584 106582768 2153304 78651380    0    0 176368 135100 238741 1453871 37 37 25  1  0  0
42  6 346584 106589248 2153304 78651392    0    0 168272 72420 235375 1444692 37 37 25  1  0  0
42  5 346584 106579344 2153304 78651404    0    0 170480 75228 234146 1442194 37 38 24  1  0  0
100  0 346584 106567176 2153308 78651424    0    0 158480 71368 239029 1454794 38 37 25  1  0  0
53  0 346584 106572824 2153308 78651452    0    0 163136 70768 240364 1449713 37 37 25  1  0  0
procs -----------memory---------- ---swap-- -----io---- -system-- -------cpu-------
 r  b   swpd   free   buff  cache   si   so    bi    bo   in   cs us sy id wa st gu
92  4 346584 106565728 2153308 78651460    0    0 157152 70676 236313 1449178 37 38 25  1  0  0
18  0 346584 106582720 2153308 78651480    0    0 149232 67132 227607 1442763 37 37 25  1  0  0
31  1 346584 106593656 2153308 78651508    0    0 145904 65948 224852 1445679 37 36 26  1  0  0
67  0 346584 106579560 2153308 78651516    0    0 147664 67648 224595 1444519 37 37 26  1  0  0
68  7 346584 106578420 2153308 78651532    0    0 175056 76848 237654 1452040 37 38 24  1  0  0
29  0 346584 106571104 2153308 78651564    0    0 174256 75376 233852 1443990 38 37 24  1  0  0
192  2 346584 106570688 2153308 78651572    0    0 171488 73076 233785 1441662 38 37 25  1  0  0
65  2 346584 106573136 2153308 78651604    0    0 175216 118908 236042 1443884 38 37 24  1  0  0
142  9 346584 106561672 2153312 78651616    0    0 180960 78672 235333 1447917 37 37 25  1  0  0
25  1 346584 106588404 2153312 78651632    0    0 172480 74860 236553 1451221 38 37 25  1  0  0
105  0 346584 106582244 2153312 78651648    0    0 168112 73608 233919 1446904 39 36 25  1  0  0
71  3 346584 106576272 2153312 78651664    0    0 162464 70080 231758 1440093 37 37 25  1  0  0
164  0 346584 106583896 2153312 78651684    0    0 154816 66972 228343 1438596 37 37 25  1  0  0
10  0 346584 106575112 2153312 78651712    0    0 152880 65440 227051 1439393 37 37 25  1  0  0
124  0 346584 106567208 2153312 78651724    0    0 142272 64208 226697 1440203 37 38 25  0  0  0
83  3 346584 106567648 2153312 78651748    0    0 146640 64036 223304 1437818 37 37 26  1  0  0
150  8 346584 106584260 2153312 78651756    0    0 185024 85036 236702 1452751 38 36 25  1  0  0
17  0 346584 106576120 2153312 78651768    0    0 176480 76556 236024 1446584 38 37 24  1  0  0
88  2 346584 106542720 2153312 78651788    0    0 168512 76652 234647 1444599 38 37 24  1  0  0
97  0 346584 106565236 2153312 78651812    0    0 177472 122036 237169 1447389 38 37 25  1  0  0
99  1 346584 106562584 2153312 78651840    0    0 181456 80692 236924 1447013 38 37 24  1  0  0
procs -----------memory---------- ---swap-- -----io---- -system-- -------cpu-------
 r  b   swpd   free   buff  cache   si   so    bi    bo   in   cs us sy id wa st gu
42  0 346584 106561512 2153312 78651856    0    0 172816 76368 233766 1447096 38 36 25  1  0  0
 8  0 346584 106563172 2153312 78651872    0    0 169024 72512 233002 1436206 37 37 25  1  0  0
91  4 346584 106576488 2153312 78651888    0    0 166256 72188 231671 1437675 37 37 26  1  0  0
103  0 346584 106575592 2153312 78651908    0    0 157440 68624 231280 1439754 37 37 25  1  0  0
52  0 346584 106559704 2153312 78651924    0    0 152224 66368 226000 1435595 37 37 26  1  0  0
77  4 346584 106558724 2153312 78651940    0    0 144592 64896 224882 1438350 37 37 26  1  0  0
56  0 346584 106564684 2153312 78651976    0    0 146064 62320 223653 1439130 37 36 26  1  0  0
61  3 346584 106573680 2153316 78651996    0    0 152944 70496 226718 1440674 37 37 25  1  0  0
99  2 346584 106579052 2153316 78652012    0    0 180224 80576 235584 1448227 38 38 24  1  0  0
91  0 346584 106577448 2153316 78652036    0    0 165808 71232 233754 1448480 37 38 25  1  0  0
110  0 346584 106576556 2153316 78652044    0    0 178288 120876 238421 1458414 37 38 25  1  0  0
 8  0 346584 106564292 2153316 78652064    0    0 173568 74520 234479 1446468 37 38 25  1  0  0
61  2 346584 106562860 2153316 78652088    0    0 164704 72520 231307 1448973 38 37 25  1  0  0
115  2 346584 106558960 2153316 78652104    0    0 162176 73648 229339 1440344 37 37 25  1  0  0
50  1 346584 106566892 2153316 78652124    0    0 160384 70304 232148 1448557 37 37 25  1  0  0
31  8 346584 106565452 2153316 78652148    0    0 152480 69320 234972 1455958 38 36 26  1  0  0
62  0 346584 106572308 2153316 78652176    0    0 148608 65616 230623 1448443 37 37 26  1  0  0
75  3 346584 106585020 2153316 78652188    0    0 146800 66152 252313 1443002 38 36 26  1  0  0
28  6 346584 106557576 2153316 78652196    0    0 168208 77740 234055 1449086 37 37 25  1  0  0
87  6 346584 106550620 2153316 78652220    0    0 170992 76256 235483 1446401 38 37 24  1  0  0
44  2 346584 106544780 2153316 78652252    0    0 163840 87356 231742 1440374 37 38 25  1  0  0
procs -----------memory---------- ---swap-- -----io---- -system-- -------cpu-------
 r  b   swpd   free   buff  cache   si   so    bi    bo   in   cs us sy id wa st gu
97  5 346584 106539960 2153316 78652264    0    0 166864 119580 234300 1448222 38 37 25  1  0  0
56  2 346584 106548784 2153316 78652280    0    0 176912 76388 235212 1448637 37 37 25  1  0  0
35  0 346584 106546252 2153316 78652292    0    0 167664 73648 232726 1442799 37 37 25  1  0  0
58  1 346584 106559108 2153316 78652320    0    0 165712 72440 232688 1448034 38 37 25  1  0  0
11  0 346584 106555472 2153316 78652328    0    0 160320 71500 229826 1437682 37 38 25  1  0  0
104  2 346584 106573908 2153316 78652356    0    0 173968 73832 227174 1436167 38 36 25  1  0  0
27  0 346584 106563820 2153316 78652364    0    0 328592 158324 265402 1467868 43 31 24  1  0  0
109  1 346584 106552660 2153316 78652384    0    0 274416 176532 264559 1483620 42 32 24  1  0  0
56  6 346584 106565620 2153316 78652404    0    0 204608 89336 237126 1453786 39 35 25  1  0  0
78  0 346584 106559436 2153316 78652428    0    0 149040 69472 224075 1441212 37 36 26  1  0  0
59  2 346584 106566384 2153316 78652444    0    0 147168 67340 226398 1451272 36 37 26  1  0  0
54  4 346584 106572828 2153320 78652444    0    0 142416 65092 221261 1444641 37 36 26  1  0  0
28  1 346584 106561752 2153320 78652480    0    0 156240 74132 228471 1442871 37 37 25  1  0  0
42  1 346584 106546200 2153320 78652500    0    0 173808 74756 232464 1447153 37 37 25  1  0  0
53  2 346584 106548036 2153320 78652528    0    0 172112 75112 233311 1447923 37 37 25  1  0  0
32  1 346584 106550836 2153320 78652544    0    0 162416 68472 230072 1444664 38 37 25  1  0  0
115  0 346584 106560200 2153320 78652556    0    0 164320 118384 232002 1448376 38 37 25  1  0  0
51  1 346584 106580300 2153320 78652580    0    0 180368 78136 238625 1454065 37 38 24  1  0  0
33  6 346584 106568692 2153320 78652604    0    0 164592 71536 234075 1449784 37 37 25  1  0  0
128  0 346584 106568652 2153320 78652616    0    0 162032 70476 230138 1437518 38 37 25  1  0  0
27  2 346584 106561308 2153320 78652632    0    0 155248 67296 227906 1439826 38 37 25  1  0  0
procs -----------memory---------- ---swap-- -----io---- -system-- -------cpu-------
 r  b   swpd   free   buff  cache   si   so    bi    bo   in   cs us sy id wa st gu
67  2 346584 106570416 2153324 78652656    0    0 150192 66832 228321 1436358 36 38 26  1  0  0
48  1 346584 106549788 2153324 78652684    0    0 151248 67100 225227 1436316 37 37 26  1  0  0
104  3 346584 106552540 2153324 78652696    0    0 143328 64580 223314 1441296 37 36 26  1  0  0
15  0 346584 106569804 2153324 78652708    0    0 149408 72192 228484 1448558 37 37 25  1  0  0
83  0 346584 106564672 2153324 78652724    0    0 179792 83160 247732 1469642 38 37 24  1  0  0
12  0 346584 106563892 2153328 78652744    0    0 174752 80868 245187 1459458 38 37 24  1  0  0
172  1 346584 106562404 2153328 78652768    0    0 166192 77072 232435 1442005 37 37 25  1  0  0
61  3 346584 106558508 2153328 78652804    0    0 157616 71836 228321 1444546 37 37 25  1  0  0
142  0 346584 106533696 2153328 78652824    0    0 176704 126828 233801 1455033 37 38 25  1  0  0
71  4 346584 106538460 2153328 78652832    0    0 175936 80196 231032 1451527 37 37 25  1  0  0
54  0 346584 106564460 2153328 78652856    0    0 164512 74628 231280 1455582 38 37 24  1  0  0
43  0 346584 106565396 2153328 78652880    0    0 157984 72260 229242 1452086 37 38 25  1  0  0
99  0 346584 106546528 2153328 78652892    0    0 159504 73880 227608 1446171 37 37 25  1  0  0
 7  0 346584 106542508 2153328 78652912    0    0 156208 70712 224949 1446102 37 37 25  1  0  0
24  2 346584 106552644 2153328 78652940    0    0 144736 67192 222144 1450052 37 36 26  1  0  0
69  0 346584 106537820 2153328 78652952    0    0 146384 70024 219133 1450052 36 37 26  1  0  0
26  3 346584 106549656 2153328 78652976    0    0 176288 79404 233747 1452831 38 37 24  1  0  0
39  0 346584 106553088 2153328 78652980    0    0 175440 79120 232992 1452989 38 37 24  1  0  0
79  0 346584 106555948 2153328 78653004    0    0 164240 73488 232641 1453871 38 36 26  1  0  0
98  1 346584 106548172 2153328 78653024    0    0 167232 123096 234200 1449557 37 38 24  1  0  0
88  0 346584 106530824 2153328 78653048    0    0 171424 95004 239052 1448584 37 37 25  1  0  0
procs -----------memory---------- ---swap-- -----io---- -system-- -------cpu-------
 r  b   swpd   free   buff  cache   si   so    bi    bo   in   cs us sy id wa st gu
78  1 346584 106520288 2153328 78653060    0    0 164720 76852 231865 1445775 37 37 25  1  0  0
28  0 346584 106513460 2153328 78653072    0    0 161568 74804 233637 1454360 37 37 25  1  0  0
84  1 346584 106539448 2153328 78653092    0    0 155696 72800 234431 1455226 38 36 26  1  0  0
102  3 346584 106539912 2153328 78653124    0    0 151024 70400 234208 1461701 37 38 25  1  0  0
47  1 346584 106542980 2153328 78653140    0    0 143664 67100 230139 1454429 37 36 26  1  0  0
99  5 346584 106554396 2153328 78653152    0    0 176768 86468 235693 1452366 37 38 25  1  0  0
79  0 346584 106561308 2153328 78653176    0    0 174672 78452 234888 1453637 37 37 25  1  0  0
44  0 346584 106538084 2153328 78653204    0    0 174144 78952 233801 1444693 38 37 25  1  0  0
28  0 346584 106532996 2153328 78653224    0    0 165824 123116 234218 1446670 38 37 25  1  0  0
35  1 346584 106543820 2153328 78653248    0    0 184544 82980 237043 1449855 38 37 25  1  0  0
39  0 346584 106543632 2153328 78653268    0    0 174128 79904 234367 1447822 38 37 25  1  0  0
94  8 346584 106543452 2153328 78653280    0    0 166080 75408 236626 1448006 38 37 24  1  0  0
36  2 346584 106554192 2153328 78653300    0    0 157840 73232 229557 1437031 38 37 25  1  0  0
27  0 346584 106536644 2153328 78653316    0    0 155936 73476 227381 1439929 37 37 26  1  0  0
23  0 346584 106540656 2153328 78653340    0    0 151296 66052 226183 1439092 37 37 26  1  0  0
36  0 346584 106537264 2153328 78653352    0    0 152352 71756 225439 1441240 37 36 26  1  0  0
72  0 346584 106549372 2153328 78653368    0    0 203408 93876 237840 1451986 38 36 25  1  0  0
68  0 346584 106555964 2153328 78653396    0    0 211808 96096 235836 1448565 39 35 25  1  0  0
70  1 346584 106568000 2153328 78653400    0    0 225168 148584 239878 1454899 41 33 25  1  0  0
93  3 346584 106558024 2153328 78653412    0    0 252048 114700 251369 1465198 41 33 25  1  0  0
111  2 346584 106546756 2153328 78653448    0    0 171968 80156 229809 1457065 38 35 26  1  0  0
procs -----------memory---------- ---swap-- -----io---- -system-- -------cpu-------
 r  b   swpd   free   buff  cache   si   so    bi    bo   in   cs us sy id wa st gu
70  3 346584 106540204 2153328 78653456    0    0 158832 75608 223370 1446422 38 36 26  1  0  0
75  7 346584 106548120 2153328 78653504    0    0 176624 85672 232914 1452459 38 37 25  1  0  0
40  3 346584 106545104 2153328 78653520    0    0 172032 82564 233796 1450095 38 37 24  1  0  0
46  8 346584 106543184 2153328 78653528    0    0 161408 72168 231294 1443579 37 38 25  1  0  0
43  1 346584 106564896 2153332 78653548    0    0 159872 72344 231088 1447165 38 37 25  1  0  0
55  1 346584 106542496 2153332 78653564    0    0 149312 69548 226865 1443366 37 37 26  1  0  0
147  0 346584 106535508 2153332 78653596    0    0 148352 74080 224633 1441435 37 37 26  1  0  0
93 11 346584 106539512 2153332 78653604    0    0 178784 119036 238161 1451108 38 37 25  1  0  0
36 12 346584 106556544 2153332 78653616    0    0 167968 76816 232487 1446245 38 37 25  1  0  0
45  1 346584 106560412 2153336 78653660    0    0 159584 73812 231392 1444167 37 38 24  1  0  0
69  0 346584 106549484 2153336 78653676    0    0 160720 73136 228686 1442239 37 37 25  1  0  0
57  1 346584 106568916 2153336 78653688    0    0 154848 71776 228630 1447944 38 37 25  1  0  0
86  3 346584 106566124 2153336 78653704    0    0 149472 68148 226143 1438470 37 37 26  1  0  0
62  2 346584 106551260 2153336 78653732    0    0 141600 65964 222830 1437888 37 37 26  1  0  0
113  0 346584 106540984 2153340 78653748    0    0 170640 81084 236495 1450005 38 37 24  1  0  0
42  0 346584 106564708 2153340 78653768    0    0 166528 77872 234823 1443735 38 38 24  1  0  0
96  1 346584 106561924 2153340 78653792    0    0 166512 77856 230396 1436042 37 37 25  1  0  0
54  4 346584 106561608 2153340 78653804    0    0 156608 73140 234697 1447371 37 37 25  1  0  0
21  0 346584 106566316 2153340 78653832    0    0 169264 123452 237019 1452473 38 38 24  1  0  0
92  4 346584 106554580 2153340 78653836    0    0 167072 78048 237073 1445813 37 38 25  1  0  0
75  0 346584 106552448 2153340 78653852    0    0 159488 92172 234454 1446231 37 37 25  1  0  0
procs -----------memory---------- ---swap-- -----io---- -system-- -------cpu-------
 r  b   swpd   free   buff  cache   si   so    bi    bo   in   cs us sy id wa st gu
59  0 346584 106549288 2153340 78653884    0    0 155296 74060 229126 1436758 37 37 25  1  0  0
57  2 346584 106548852 2153340 78653892    0    0 176400 82220 236169 1451929 38 37 24  1  0  0
155  2 346584 106546448 2153340 78653908    0    0 163744 73432 233787 1439840 37 38 24  1  0  0
40  4 346584 106537588 2153340 78653940    0    0 160592 73948 230575 1442150 37 37 25  1  0  0
37  0 346584 106557276 2153340 78653960    0    0 159136 72116 229155 1445787 37 37 26  1  0  0
113  2 346584 106539944 2153340 78653972    0    0 155184 116660 236803 1447681 37 37 25  1  0  0
29  2 346584 106539152 2153340 78653992    0    0 178240 81972 235833 1444679 37 38 24  1  0  0
126  1 346584 106551404 2153340 78654020    0    0 169056 76288 232987 1446991 38 37 25  1  0  0
11  0 346584 106539012 2153344 78654032    0    0 155520 69500 229268 1443722 37 37 26  1  0  0
 9  0 346584 106530688 2153344 78654048    0    0 150240 68808 226904 1436711 37 37 25  1  0  0
42  3 346584 106524980 2153344 78654060    0    0 142912 67976 224025 1443520 37 37 25  1  0  0
67  0 346584 106541736 2153344 78654096    0    0 161600 77764 235805 1458970 38 37 25  1  0  0
70  1 346584 106541508 2153344 78654112    0    0 171984 79332 245675 1471925 38 37 24  1  0  0
59  7 346584 106540760 2153344 78654128    0    0 169872 79632 241432 1462524 37 37 25  1  0  0
14  0 346584 106543372 2153344 78654152    0    0 166016 77920 237643 1459224 38 37 25  1  0  0
73  2 346584 106537200 2153344 78654168    0    0 164432 76096 227245 1444086 37 37 25  1  0  0
59  1 346584 106562480 2153344 78654196    0    0 205024 140816 239786 1456544 39 36 24  1  0  0
75  7 346584 106563524 2153344 78654208    0    0 208496 94640 235741 1456022 39 36 25  1  0  0
23  0 346584 106567852 2153348 78654224    0    0 225744 100656 235683 1448882 40 34 26  1  0  0
65  2 346584 106563540 2153348 78654244    0    0 204080 95704 233926 1453979 40 34 26  1  0  0
39  1 346584 106533700 2153348 78654252    0    0 187792 85088 229275 1444580 39 34 26  1  0  0
procs -----------memory---------- ---swap-- -----io---- -system-- -------cpu-------
 r  b   swpd   free   buff  cache   si   so    bi    bo   in   cs us sy id wa st gu
46  1 346584 106554552 2153348 78654280    0    0 200400 93692 233190 1451997 38 35 25  1  0  0
112 10 346584 106540780 2153348 78654312    0    0 197152 90352 238119 1447362 39 36 25  1  0  0
151  0 346584 106547336 2153348 78654320    0    0 172464 122316 236057 1439438 39 36 25  1  0  0
64  3 346584 106533344 2153348 78654340    0    0 175904 79976 235806 1448568 38 37 25  1  0  0
25  7 346584 106551256 2153348 78654368    0    0 165888 77152 233510 1443847 38 36 25  1  0  0
77  0 346584 106570920 2153348 78654368    0    0 164352 73800 233507 1450939 38 37 25  1  0  0
171  0 346584 106551672 2153348 78654392    0    0 151392 70516 227886 1440478 37 36 26  1  0  0
56  7 346584 106541068 2153348 78654416    0    0 147072 66212 226216 1439250 37 37 25  1  0  0
138  0 346584 106527068 2153348 78654440    0    0 143488 64640 222721 1441863 36 37 26  1  0  0
54  0 346584 106541800 2153348 78654460    0    0 167328 77844 232136 1447210 38 37 25  1  0  0
132  1 346584 106541920 2153348 78654480    0    0 166592 75620 233521 1444387 37 38 25  1  0  0
153  0 346584 106541072 2153348 78654488    0    0 160384 73440 232622 1442697 36 38 25  1  0  0
90  2 346584 106559936 2153348 78654500    0    0 159296 73924 230518 1447790 37 37 25  1  0  0
39  0 346584 106542452 2153348 78654524    0    0 148928 67344 226725 1442420 37 37 25  1  0  0
45  5 346584 106547040 2153348 78654536    0    0 168816 123376 232239 1451478 38 37 24  1  0  0
117  9 346584 106553156 2153348 78654572    0    0 172928 80784 234225 1449729 38 37 25  1  0  0
135  0 346584 106543544 2153348 78654588    0    0 166288 78216 231998 1443648 37 38 25  1  0  0
162  0 346584 106556592 2153348 78654592    0    0 163952 77256 230004 1440125 37 37 25  1  0  0
38  1 346584 106544640 2153348 78654620    0    0 157760 73332 228396 1441166 37 37 25  1  0  0
38  0 346584 106566760 2153348 78654640    0    0 157840 74216 230852 1445029 38 36 25  1  0  0
33  2 346584 106543680 2153348 78654656    0    0 152880 86912 226511 1438828 37 37 25  1  0  0
procs -----------memory---------- ---swap-- -----io---- -system-- -------cpu-------
 r  b   swpd   free   buff  cache   si   so    bi    bo   in   cs us sy id wa st gu
121  0 346584 106546672 2153348 78654672    0    0 147712 68016 222790 1444228 37 36 26  1  0  0
91  0 346584 106547392 2153352 78654696    0    0 171648 80312 234053 1444316 37 38 25  1  0  0
68  5 346584 106550520 2153352 78654724    0    0 173664 79620 234325 1443397 38 37 25  1  0  0
38  0 346584 106535164 2153352 78654744    0    0 169808 77892 237073 1440368 38 38 24  1  0  0
104  5 346584 106529140 2153352 78654760    0    0 163984 75332 229751 1440700 37 37 25  1  0  0
90  3 346584 106540852 2153352 78654780    0    0 170848 122760 236991 1455139 38 37 25  1  0  0
111  3 346584 106533012 2153352 78654792    0    0 169040 74688 233657 1451316 38 37 25  1  0  0
38  2 346584 106522924 2153352 78654816    0    0 166784 75768 230304 1442885 37 38 25  1  0  0
24  0 346584 106516544 2153352 78654828    0    0 160800 73852 229996 1442641 37 38 25  1  0  0
21  1 346584 106527096 2153352 78654860    0    0 156336 71684 226673 1441110 37 37 25  1  0  0
156  0 346584 106538720 2153352 78654884    0    0 152224 69368 224723 1438836 37 37 26  1  0  0
54  2 346584 106548192 2153352 78654904    0    0 144384 68496 223327 1438989 37 36 26  1  0  0
104  0 346584 106557024 2153352 78654920    0    0 141504 66000 223469 1443172 37 37 26  1  0  0
82  0 346584 106556084 2153352 78654928    0    0 169056 80700 238175 1457048 37 37 25  1  0  0
18  8 346584 106546308 2153352 78654952    0    0 170656 78384 245894 1461535 37 38 25  1  0  0
100  1 346584 106538968 2153352 78654964    0    0 164576 76584 240681 1460522 37 38 25  1  0  0
146  0 346584 106536224 2153352 78654996    0    0 164400 120544 234066 1446242 38 37 25  1  0  0
79 10 346584 106540400 2153352 78655008    0    0 175184 80172 233581 1447773 38 37 25  1  0  0
89  8 346584 106531356 2153352 78655028    0    0 170032 76920 232717 1442636 37 38 24  1  0  0
34  6 346584 106544980 2153352 78655048    0    0 158384 73920 231264 1447901 37 37 25  1  0  0
113  9 346584 106550884 2153356 78655052    0    0 156544 71544 229522 1440658 37 37 25  1  0  0
procs -----------memory---------- ---swap-- -----io---- -system-- -------cpu-------
 r  b   swpd   free   buff  cache   si   so    bi    bo   in   cs us sy id wa st gu
82  0 346584 106550956 2153356 78655084    0    0 153888 69544 225391 1438217 37 36 26  1  0  0
25  1 346584 106535072 2153356 78655092    0    0 142656 64968 223703 1440476 37 37 26  1  0  0
90  6 346584 106537688 2153356 78655120    0    0 166272 79196 231984 1442736 37 37 25  1  0  0
89  4 346584 106533524 2153356 78655144    0    0 172688 77352 233811 1445374 38 37 25  1  0  0
68  0 346584 106558932 2153360 78655160    0    0 157808 71576 231629 1440999 38 37 25  1  0  0
21  4 346584 106558300 2153360 78655180    0    0 155312 69792 229788 1442657 37 37 25  1  0  0
100  0 346584 106550216 2153360 78655192    0    0 148128 66588 228550 1445771 37 37 25  1  0  0
62  2 346584 106551232 2153360 78655204    0    0 163856 120892 234223 1441418 38 37 25  1  0  0
15  0 346584 106530888 2153360 78655232    0    0 175920 80892 234199 1446241 37 39 24  1  0  0
70  3 346584 106548756 2153360 78655256    0    0 167776 79060 231269 1447059 38 37 25  1  0  0
18  0 346584 106537752 2153360 78655268    0    0 163920 75368 232907 1448736 38 37 25  1  0  0
38  0 346584 106543936 2153360 78655292    0    0 157616 73976 235853 1458369 38 36 25  1  0  0
28  0 346584 106535632 2153360 78655312    0    0 149744 70152 236153 1456127 37 37 25  1  0  0
149  0 346584 106533564 2153360 78655320    0    0 147584 71500 236855 1465512 37 37 25  1  0  0
61 10 346584 106553520 2153364 78655344    0    0 179552 83600 238605 1452128 38 37 25  1  0  0
98 10 346584 106529248 2153364 78655364    0    0 170768 76736 236779 1440976 37 38 25  1  0  0
62  6 346584 106541116 2153364 78655376    0    0 160560 73724 229492 1444681 38 37 25  1  0  0
46  1 346584 106523856 2153364 78655404    0    0 152720 72064 225480 1440525 36 38 25  1  0  0
28  4 346584 106539560 2153364 78655416    0    0 151536 77964 226807 1439464 38 36 25  1  0  0
78  2 346584 106524572 2153364 78655444    0    0 181440 118592 236981 1455709 38 37 25  1  0  0
96  7 346584 106517080 2153364 78655456    0    0 170880 78508 235640 1446878 37 37 25  1  0  0
procs -----------memory---------- ---swap-- -----io---- -system-- -------cpu-------
 r  b   swpd   free   buff  cache   si   so    bi    bo   in   cs us sy id wa st gu
38  2 346584 106537724 2153364 78655476    0    0 169840 74748 230733 1443207 36 37 26  1  0  0
118  0 346584 106539948 2153364 78655496    0    0 158048 72252 227116 1437391 38 36 25  1  0  0
49  4 346584 106535244 2153364 78655512    0    0 169472 93440 224873 1444883 38 36 26  1  0  0
35  1 346584 106551844 2153364 78655532    0    0 230512 105984 235602 1452824 40 34 25  1  0  0
56  0 346584 106546456 2153364 78655556    0    0 300640 148864 256842 1455244 43 32 25  1  0  0
153  0 346584 106562344 2153364 78655576    0    0 259728 141168 256572 1482607 41 33 25  1  0  0
138  0 346584 106563980 2153364 78655588    0    0 179344 104620 238169 1459110 38 36 25  1  0  0
51  1 346584 106558940 2153364 78655608    0    0 168720 77400 234011 1451737 38 38 24  1  0  0
66  0 346584 106538584 2153364 78655632    0    0 161568 74928 229825 1440881 37 37 25  1  0  0
21  6 346584 106526456 2153364 78655656    0    0 154880 70436 227967 1449383 38 37 25  1  0  0
23  0 346584 106545900 2153364 78655672    0    0 154048 72784 225681 1441505 37 37 25  1  0  0
48  1 346584 106554644 2153364 78655688    0    0 154272 70040 233247 1453933 37 37 25  1  0  0
29  1 346584 106548212 2153364 78655708    0    0 146128 69116 233282 1457939 37 37 26  1  0  0
179  0 346584 106559904 2153364 78655716    0    0 156656 76148 239580 1471481 38 37 25  0  0  0
144  0 346584 106539824 2153364 78655736    0    0 174640 81420 244838 1466455 37 38 24  1  0  0
162  0 346584 106545040 2153364 78655760    0    0 168352 77644 240205 1463903 38 37 25  1  0  0
93  1 346584 106542288 2153364 78655772    0    0 162816 74144 239776 1454841 38 37 25  1  0  0
31 11 346584 106537508 2153364 78655792    0    0 166464 121348 243719 1461145 37 38 25  1  0  0
102  0 346584 106524524 2153364 78655820    0    0 176464 79948 241537 1453410 38 37 25  1  0  0
38  1 346584 106531376 2153364 78655848    0    0 163840 73760 232633 1445281 38 37 24  1  0  0
54  5 346584 106553868 2153364 78655856    0    0 159248 72340 231500 1452617 38 36 25  1  0  0
procs -----------memory---------- ---swap-- -----io---- -system-- -------cpu-------
 r  b   swpd   free   buff  cache   si   so    bi    bo   in   cs us sy id wa st gu
92  0 346584 106544192 2153364 78655876    0    0 150976 70564 226956 1443770 37 37 26  1  0  0
55  0 346584 106545608 2153364 78655896    0    0 149024 69528 226575 1436016 37 37 26  1  0  0
47  4 346584 106518016 2153364 78655920    0    0 144192 65772 222581 1439483 37 37 26  1  0  0
147  0 346584 106547464 2153364 78655940    0    0 164368 77524 231710 1447422 38 37 25  1  0  0
71  1 346584 106552796 2153364 78655964    0    0 173248 80532 235307 1446376 37 38 24  1  0  0
117  0 346584 106544684 2153364 78655984    0    0 166416 72984 233594 1446583 38 37 25  1  0  0
78  2 346584 106547664 2153364 78656000    0    0 161072 74512 231840 1450838 37 37 25  1  0  0
35  0 346584 106559868 2153364 78656016    0    0 160704 73184 230014 1439846 37 37 25  1  0  0
48  2 346584 106537864 2153364 78656036    0    0 159328 102592 230572 1441345 38 37 25  1  0  0
24  0 346584 106546572 2153364 78656064    0    0 187248 97916 238287 1447584 38 37 24  1  0  0
27  7 346584 106541872 2153364 78656080    0    0 170432 78664 233961 1443287 37 38 24  1  0  0
80  2 346584 106543724 2153364 78656100    0    0 164624 73332 232842 1437108 37 37 25  1  0  0
63  0 346584 106528868 2153364 78656124    0    0 161088 77644 233344 1438498 37 37 25  1  0  0
26  0 346584 106559596 2153364 78656136    0    0 151680 70760 238441 1457053 37 37 25  1  0  0
37  0 346584 106563752 2153364 78656152    0    0 148160 70440 237037 1458369 37 37 26  1  0  0
55  4 346584 106548616 2153364 78656168    0    0 146624 68220 233518 1450202 38 36 26  1  0  0
71  2 346584 106537056 2153364 78656192    0    0 160832 76272 238948 1453116 37 37 25  1  0  0
25  3 346584 106558156 2153364 78656212    0    0 174896 83292 245347 1459806 37 38 24  1  0  0
106  0 346584 106560156 2153364 78656228    0    0 178032 82196 234878 1440786 38 37 25  1  0  0
33  0 346584 106560880 2153364 78656248    0    0 164048 76768 232394 1441063 37 38 25  1  0  0
151  0 346584 106571400 2153364 78656264    0    0 175088 122580 238503 1452250 37 38 25  1  0  0
procs -----------memory---------- ---swap-- -----io---- -system-- -------cpu-------
 r  b   swpd   free   buff  cache   si   so    bi    bo   in   cs us sy id wa st gu
73  0 346584 106557540 2153364 78656284    0    0 170048 79568 237154 1448998 38 37 24  1  0  0
47  0 346584 106544332 2153364 78656300    0    0 164160 77192 232979 1442555 37 37 25  1  0  0
127  1 346584 106528128 2153364 78656320    0    0 154400 70504 229582 1437005 37 37 26  1  0  0
107  9 346584 106521488 2153364 78656340    0    0 155520 72156 228730 1436153 38 37 25  1  0  0
16  1 346584 106530368 2153364 78656364    0    0 153680 86800 230516 1433792 37 36 26  1  0  0
81  0 346584 106531480 2153364 78656380    0    0 153808 72168 222206 1438410 37 36 26  1  0  0
154  3 346584 106533800 2153368 78656396    0    0 191024 86884 236646 1454788 39 36 25  1  0  0
33  0 346584 106530816 2153368 78656408    0    0 215056 99096 239197 1451818 39 35 25  1  0  0
43  1 346584 106544808 2153368 78656428    0    0 258832 157720 243166 1442758 41 34 25  1  0  0
99  2 346584 106546708 2153368 78656452    0    0 311040 159720 274340 1477427 43 31 24  1  0  0
91  0 346584 106544668 2153368 78656468    0    0 183600 88788 233453 1449708 39 35 25  1  0  0
112  0 346584 106525064 2153368 78656488    0    0 146288 72244 225192 1439933 37 37 26  1  0  0
32  0 346584 106546200 2153368 78656504    0    0 179008 85032 236587 1450688 38 37 25  1  0  0
142  1 346584 106559392 2153368 78656536    0    0 174432 82268 235744 1447704 37 37 25  1  0  0
140  0 346584 106558348 2153368 78656548    0    0 166480 77128 235851 1452175 38 37 25  1  0  0
61  0 346584 106542452 2153368 78656568    0    0 159728 71724 230331 1441625 37 38 25  1  0  0
147  7 346584 106535372 2153368 78656592    0    0 171520 123684 233648 1442022 38 37 25  1  0  0
57  0 346584 106526700 2153368 78656616    0    0 171984 78308 235165 1444007 38 37 24  1  0  0
125  0 346584 106533544 2153368 78656640    0    0 165664 75284 232301 1442056 37 38 25  1  0  0
100  0 346584 106553820 2153368 78656660    0    0 160784 74216 230139 1441367 38 37 25  1  0  0
71  0 346584 106539328 2153368 78656672    0    0 153360 68588 228257 1437691 37 37 25  1  0  0
procs -----------memory---------- ---swap-- -----io---- -system-- -------cpu-------
 r  b   swpd   free   buff  cache   si   so    bi    bo   in   cs us sy id wa st gu
11  0 346584 106544212 2153372 78656680    0    0 149936 68856 228700 1447937 37 37 25  1  0  0
32  0 346584 106528480 2153372 78656700    0    0 143920 66844 222121 1439585 37 36 26  1  0  0
59  0 346584 106533536 2153372 78656728    0    0 153056 72684 226382 1443074 37 37 25  1  0  0
105  2 346584 106551016 2153372 78656744    0    0 176160 80780 236328 1443883 37 38 24  1  0  0
119  0 346584 106542092 2153372 78656760    0    0 168032 79492 234196 1443877 39 36 25  1  0  0
160  0 346584 106545012 2153372 78656780    0    0 162816 75040 230726 1433951 37 37 25  1  0  0
23  2 346584 106544804 2153372 78656804    0    0 157072 72600 229326 1436239 37 37 25  1  0  0
55  0 346584 106566440 2153372 78656812    0    0 157344 87056 231179 1450481 37 37 25  1  0  0
32  0 346584 106549680 2153372 78656832    0    0 176608 112328 235607 1451602 38 37 24  1  0  0
62  4 346584 106542744 2153372 78656852    0    0 174608 80080 232143 1443186 37 37 25  1  0  0
92  0 346584 106551156 2153372 78656872    0    0 174160 80572 232677 1446126 38 37 25  1  0  0
68  3 346584 106540960 2153372 78656892    0    0 169696 78672 230131 1443757 38 36 25  1  0  0
11  0 346584 106533600 2153372 78656908    0    0 153104 70228 227575 1440638 38 37 25  1  0  0
24  0 346584 106538480 2153372 78656932    0    0 150368 69064 225530 1440147 37 37 25  1  0  0
135  1 346584 106559168 2153372 78656944    0    0 146672 69448 226037 1449309 37 36 26  1  0  0
68  0 346584 106554232 2153372 78656964    0    0 155088 72464 227572 1447233 38 37 25  1  0  0
27  0 346584 106535632 2153372 78656984    0    0 175152 79808 234044 1449944 37 37 25  1  0  0
66  1 346584 106524424 2153372 78656996    0    0 164736 74172 230535 1441878 38 36 25  1  0  0
101  2 346584 106528916 2153372 78657020    0    0 162512 74276 229935 1439037 37 38 25  1  0  0
124  4 346584 106525736 2153372 78657040    0    0 156416 72352 227916 1443356 37 37 26  1  0  0
101  8 346584 106525488 2153372 78657060    0    0 173168 121992 236108 1444957 38 37 25  1  0  0
procs -----------memory---------- ---swap-- -----io---- -system-- -------cpu-------
 r  b   swpd   free   buff  cache   si   so    bi    bo   in   cs us sy id wa st gu
69  1 346584 106546724 2153372 78657072    0    0 172656 77616 234716 1459402 38 37 24  1  0  0
42  2 346584 106559748 2153372 78657088    0    0 169376 76972 233420 1444972 38 37 24  1  0  0
25  0 346584 106552096 2153372 78657112    0    0 160880 74428 228311 1447426 37 37 25  1  0  0
62  2 346584 106534988 2153372 78657132    0    0 154432 89092 227436 1438378 37 37 25  1  0  0
39  2 346584 106534972 2153372 78657156    0    0 146912 69044 225401 1443071 37 37 25  1  0  0
64  2 346584 106523524 2153372 78657172    0    0 142368 66064 222357 1442808 36 37 26  1  0  0
12  0 346584 106535948 2153372 78657192    0    0 156704 76876 230421 1443915 37 36 26  1  0  0
35  0 346584 106522152 2153372 78657208    0    0 180192 84836 244940 1471144 37 38 24  1  0  0
174  0 346584 106515416 2153372 78657224    0    0 169760 78724 233878 1451645 38 37 25  1  0  0
97  4 346584 106525660 2153372 78657248    0    0 170512 80228 229974 1439362 37 37 25  1  0  0
23  2 346584 106517980 2153372 78657264    0    0 158400 73776 231296 1439598 37 38 25  1  0  0
183  0 346584 106528664 2153372 78657284    0    0 175136 124000 234761 1450753 38 36 25  1  0  0
35  0 346584 106522948 2153372 78657312    0    0 172768 78864 235093 1449814 38 37 25  1  0  0
45  1 346584 106532508 2153372 78657328    0    0 168176 75264 231081 1441833 37 37 25  1  0  0
50  3 346584 106552120 2153372 78657344    0    0 157072 73604 230698 1447232 38 36 25  1  0  0
130  7 346584 106541688 2153372 78657360    0    0 155456 70312 229120 1442520 38 37 25  1  0  0
23  0 346584 106532732 2153372 78657376    0    0 140400 63420 224666 1441989 37 37 25  0  0  0
93  0 346584 106530932 2153372 78657396    0    0 147808 70736 226833 1437426 37 36 26  1  0  0
82  5 346584 106526488 2153372 78657420    0    0 180768 80872 233984 1450444 37 37 25  1  0  0
 9  0 346584 106528548 2153372 78657444    0    0 168016 77112 231263 1450683 38 38 24  1  0  0
82  2 346584 106534152 2153372 78657452    0    0 161728 74816 229421 1446568 37 37 25  1  0  0
procs -----------memory---------- ---swap-- -----io---- -system-- -------cpu-------
 r  b   swpd   free   buff  cache   si   so    bi    bo   in   cs us sy id wa st gu
22  3 346584 106544916 2153372 78657476    0    0 152224 68356 229545 1445557 37 37 25  1  0  0
95  4 346584 106548916 2153372 78657496    0    0 152960 82508 227893 1447310 37 37 26  1  0  0
54  6 346584 106538388 2153372 78657516    0    0 178608 115816 236044 1450931 37 37 25  1  0  0
120  0 346584 106532596 2153372 78657536    0    0 172416 80552 231442 1439595 38 36 25  1  0  0
92  6 346584 106532392 2153376 78657560    0    0 161120 74784 238712 1454836 37 38 25  1  0  0
44  2 346584 106536424 2153376 78657576    0    0 151760 72588 229027 1451398 36 37 26  1  0  0
120  0 346584 106540412 2153376 78657596    0    0 155488 72432 223100 1438886 37 37 25  1  0  0
73  1 346584 106550736 2153376 78657612    0    0 149600 70544 223979 1440468 37 36 26  1  0  0
66  2 346584 106555176 2153376 78657628    0    0 145488 70892 226487 1445272 37 37 25  1  0  0
49  1 346584 106542488 2153376 78657640    0    0 178192 82320 235030 1450394 38 37 25  1  0  0
87  0 346584 106538736 2153376 78657712    0    0 169360 78816 234236 1438659 37 37 25  1  0  0
58  1 346584 106538896 2153376 78657732    0    0 165280 74032 229136 1449579 37 37 25  1  0  0
47  7 346584 106538796 2153376 78657752    0    0 161952 74340 226609 1444197 38 37 25  1  0  0
139  0 346584 106536692 2153376 78657772    0    0 149488 69152 223949 1445459 38 36 26  1  0  0
98  5 346584 106537584 2153376 78657796    0    0 168288 121952 231120 1456626 38 37 25  1  0  0
18  0 346584 106547316 2153376 78657808    0    0 177408 78272 236697 1461841 38 38 24  1  0  0
158  0 346584 106538164 2153376 78657824    0    0 168512 76208 232744 1448989 38 37 25  1  0  0
37  0 346584 106526384 2153376 78657848    0    0 159040 72600 228920 1444035 36 38 26  1  0  0
66  4 346584 106534216 2153376 78657864    0    0 154464 70732 224674 1439301 36 38 25  1  0  0
30  1 346584 106525984 2153376 78657884    0    0 152960 71784 225857 1444095 37 37 25  1  0  0
150  3 346584 106526644 2153376 78657908    0    0 155440 72500 221853 1441547 38 36 26  1  0  0
procs -----------memory---------- ---swap-- -----io---- -system-- -------cpu-------
 r  b   swpd   free   buff  cache   si   so    bi    bo   in   cs us sy id wa st gu
54  0 346584 106530600 2153376 78657928    0    0 166672 82372 226997 1447403 37 37 26  1  0  0
169  0 346584 106550884 2153376 78657940    0    0 192752 87808 241274 1467986 38 37 25  1  0  0
12  0 346584 106542416 2153376 78657956    0    0 183248 86968 232137 1449726 38 37 25  1  0  0
37  1 346584 106539296 2153376 78657980    0    0 174464 97184 230138 1449575 37 37 26  1  0  0
50  4 346584 106533116 2153376 78658000    0    0 175216 125324 234601 1453386 38 37 25  1  0  0
79  5 346584 106542208 2153376 78658012    0    0 173344 80860 237085 1451882 37 38 24  1  0  0
37  1 346584 106540180 2153376 78658032    0    0 173120 77380 234767 1441905 38 37 25  1  0  0
38  2 346584 106535296 2153376 78658056    0    0 166016 76548 231495 1441951 37 37 26  1  0  0
64  2 346584 106560528 2153376 78658068    0    0 159104 74416 232681 1449090 37 37 25  1  0  0
42  3 346584 106550904 2153376 78658088    0    0 146368 65640 225623 1441181 37 37 26  1  0  0
67  0 346584 106540664 2153376 78658108    0    0 143952 65864 224943 1437981 37 37 26  1  0  0
75  4 346584 106521912 2153376 78658128    0    0 142608 64208 222406 1429466 36 36 27  1  0  0
76  1 346584 106533352 2153376 78658152    0    0 171200 83940 233130 1446331 38 37 25  1  0  0
27  0 346584 106513868 2153380 78658172    0    0 168512 75796 233706 1447376 37 38 24  1  0  0
60  4 346584 106508576 2153380 78658188    0    0 161200 73452 232201 1444599 38 37 25  1  0  0
92  3 346584 106523344 2153380 78658204    0    0 153088 70748 232037 1452433 38 37 25  1  0  0
23  0 346584 106523508 2153380 78658216    0    0 167440 120472 234202 1448674 37 37 25  1  0  0
66  2 346584 106520504 2153380 78658240    0    0 163872 74612 232538 1447945 37 38 24  1  0  0
108  0 346584 106519620 2153380 78658260    0    0 165632 78332 232193 1446274 38 37 25  1  0  0
 9  0 346584 106520220 2153380 78658284    0    0 157968 73588 228471 1442802 38 37 25  1  0  0
66  2 346584 106527316 2153380 78658300    0    0 152512 70080 225363 1441134 37 37 26  1  0  0
procs -----------memory---------- ---swap-- -----io---- -system-- -------cpu-------
 r  b   swpd   free   buff  cache   si   so    bi    bo   in   cs us sy id wa st gu
67  6 346584 106520812 2153380 78658316    0    0 142656 65744 224978 1442694 38 36 25  1  0  0
26  0 346584 106526844 2153380 78658344    0    0 144448 72952 224911 1448676 37 36 26  1  0  0
44  0 346584 106524764 2153380 78658352    0    0 179280 82308 239155 1453639 38 38 24  1  0  0
37  0 346584 106533112 2153380 78658372    0    0 171552 79304 235913 1446070 37 37 25  1  0  0
43  1 346584 106533136 2153380 78658388    0    0 167536 76344 232026 1446961 38 37 25  1  0  0
31  0 346584 106533520 2153380 78658412    0    0 164784 75720 228303 1444108 38 36 25  1  0  0
92  9 346584 106540148 2153380 78658436    0    0 152928 70572 225114 1445361 38 36 25  1  0  0
106  5 346584 106532748 2153384 78658456    0    0 174352 122756 236709 1454312 38 37 25  1  0  0
68  2 346584 106550876 2153384 78658472    0    0 172688 79356 236551 1454944 38 37 25  1  0  0
51  0 346584 106552856 2153384 78658480    0    0 172464 77324 235158 1451620 38 37 25  1  0  0
31  0 346584 106526160 2153384 78658508    0    0 166752 78216 232492 1437379 37 38 25  1  0  0
81  0 346584 106524404 2153384 78658536    0    0 156224 71108 229799 1442549 37 37 25  1  0  0
60  0 346584 106524400 2153384 78658552    0    0 150448 69096 227324 1436296 38 37 25  1  0  0
19  0 346584 106524816 2153384 78658572    0    0 150848 69912 226627 1442158 37 37 25  1  0  0
60  6 346584 106530828 2153384 78658592    0    0 149072 68940 223000 1439134 37 36 26  1  0  0
85  6 346584 106552412 2153384 78658608    0    0 164480 81144 243163 1467065 37 38 25  1  0  0
56  1 346584 106549672 2153384 78658624    0    0 171856 79864 244152 1470985 38 36 25  1  0  0
55  0 346584 106549784 2153384 78658640    0    0 162464 77448 241878 1458645 37 37 25  1  0  0
41  1 346584 106538624 2153384 78658660    0    0 162144 73780 238995 1456819 37 37 25  1  0  0
102  7 346584 106540372 2153384 78658680    0    0 176608 125048 240331 1449429 37 37 25  1  0  0
125  6 346584 106529460 2153384 78658696    0    0 175696 82072 233953 1447316 38 37 25  1  0  0
procs -----------memory---------- ---swap-- -----io---- -system-- -------cpu-------
 r  b   swpd   free   buff  cache   si   so    bi    bo   in   cs us sy id wa st gu
75  1 346584 106543640 2153384 78658716    0    0 168544 77968 232013 1445763 37 37 25  1  0  0
25  5 346584 106562788 2153384 78658740    0    0 159296 74552 230633 1443315 37 37 25  1  0  0
75  0 346584 106562944 2153384 78658752    0    0 155008 71312 230863 1443217 37 37 25  1  0  0
102  6 346584 106542776 2153384 78658772    0    0 144976 66524 226648 1442250 37 37 26  1  0  0
104  4 346584 106540644 2153384 78658788    0    0 151680 72644 225850 1438566 38 36 25  1  0  0
41  1 346584 106545532 2153384 78658808    0    0 186832 85468 237160 1452874 38 37 24  1  0  0
 9  0 346584 106540652 2153384 78658836    0    0 185648 85048 233393 1449181 39 36 25  1  0  0
25  0 346584 106551284 2153384 78658856    0    0 189600 108340 230141 1444440 39 35 26  1  0  0
52  7 346584 106554164 2153384 78658872    0    0 224496 137992 240746 1459224 40 34 25  1  0  0
38 10 346584 106558720 2153384 78658884    0    0 223040 100876 240025 1451596 39 35 25  1  0  0
136  0 346584 106540408 2153384 78658908    0    0 173888 79732 229749 1445510 39 35 25  1  0  0
84  2 346584 106515096 2153388 78658928    0    0 145776 69124 223855 1433060 38 36 26  1  0  0
161 14 346584 106535160 2153388 78658948    0    0 159008 75492 231675 1446971 37 37 25  1  0  0
163  0 346584 106530608 2153388 78658968    0    0 169280 78128 236347 1442973 38 38 24  1  0  0
121  0 346584 106504588 2153388 78658984    0    0 161936 76384 233760 1438981 37 38 25  1  0  0
43  1 346584 106480888 2153388 78659000    0    0 159504 74744 232868 1437050 37 37 25  1  0  0
118  0 346584 106474096 2153388 78659020    0    0 150560 68400 232147 1448785 37 37 26  1  0  0
83  5 346584 106458324 2153388 78659040    0    0 166528 119772 236237 1445310 38 37 25  1  0  0
81  5 346584 106453500 2153388 78659056    0    0 174464 82216 237129 1447111 37 37 25  1  0  0
60  1 346584 106434116 2153388 78659076    0    0 169376 76800 233487 1444810 38 37 24  1  0  0
133  9 346584 106443612 2153388 78659092    0    0 159376 74616 232621 1442268 38 36 25  1  0  0
procs -----------memory---------- ---swap-- -----io---- -system-- -------cpu-------
 r  b   swpd   free   buff  cache   si   so    bi    bo   in   cs us sy id wa st gu
49  0 346584 106445904 2153388 78659116    0    0 156352 71888 229939 1442715 37 37 25  1  0  0
65  0 346584 106469784 2153388 78659136    0    0 151136 69772 227725 1433908 37 37 25  1  0  0
35  2 346584 106472016 2153388 78659156    0    0 146736 67936 226233 1447074 37 36 26  1  0  0
37  0 346584 106467080 2153388 78659172    0    0 167424 81104 231717 1448255 38 36 25  1  0  0
54  2 346584 106449548 2153388 78659196    0    0 173744 80856 236329 1447861 38 37 24  1  0  0
62  1 346584 106469072 2153388 78659216    0    0 164432 76184 231841 1447752 38 36 25  1  0  0
134  1 346584 106446444 2153388 78659296    0    0 159728 71864 229002 1428453 37 38 25  1  0  0
105  0 346584 106446468 2153388 78659312    0    0 155248 114388 231988 1439181 37 38 25  1  0  0
108 10 346584 106451716 2153388 78659328    0    0 189216 89516 239119 1452475 38 37 24  1  0  0
101  5 346584 106469956 2153388 78659348    0    0 168496 75156 239352 1454955 37 38 24  0  0  0
105  4 346584 106469572 2153388 78659336    0    0 168992 77500 233022 1448377 37 37 25  1  0  0
54  1 346584 106474856 2153388 78659356    0    0 162448 73596 230663 1436033 37 38 25  1  0  0
148  0 346584 106481652 2153388 78659368    0    0 147936 68644 226134 1440932 37 37 26  1  0  0
104  1 346584 106487324 2153388 78659400    0    0 144512 65988 224709 1437383 37 37 25  1  0  0
108  0 346584 106462176 2153388 78659416    0    0 141264 69656 220832 1439117 37 37 26  1  0  0
63  2 346584 106460760 2153392 78659436    0    0 176400 79940 235999 1444789 38 38 24  1  0  0
10  0 346584 106473352 2153392 78659452    0    0 167760 76468 236045 1444149 37 38 24  1  0  0
54  9 346584 106474120 2153392 78659472    0    0 166096 76944 232893 1442034 37 37 25  1  0  0
61  1 346584 106499656 2153392 78659500    0    0 161008 76044 230055 1435293 38 37 25  1  0  0
 7  0 346584 106483168 2153392 78659508    0    0 165568 119092 234533 1445558 37 37 25  1  0  0
31  0 346584 106483868 2153392 78659544    0    0 177392 82184 236981 1444056 38 38 24  1  0  0
procs -----------memory---------- ---swap-- -----io---- -system-- -------cpu-------
 r  b   swpd   free   buff  cache   si   so    bi    bo   in   cs us sy id wa st gu
133  5 346584 106483672 2153392 78659564    0    0 164448 77484 231927 1441149 38 37 25  1  0  0
77  0 346584 106481568 2153392 78659588    0    0 160256 76816 228961 1441348 37 37 25  1  0  0
137  0 346584 106479084 2153392 78659604    0    0 151296 69360 228550 1444485 37 37 25  1  0  0
23  0 346584 106484720 2153392 78659620    0    0 145472 69264 226731 1444451 38 36 26  1  0  0
86  6 346584 106506924 2153396 78659640    0    0 140368 66056 224519 1437516 36 38 26  1  0  0
121  5 346584 106494440 2153396 78659668    0    0 172848 81028 233045 1447540 38 37 25  1  0  0
37  0 346584 106478456 2153396 78659688    0    0 185264 83868 238148 1445631 38 37 24  1  0  0
116  1 346584 106479932 2153396 78659708    0    0 172640 80564 235283 1437747 37 37 25  1  0  0
66  7 346584 106489544 2153396 78659720    0    0 160624 88996 234255 1441054 37 38 24  1  0  0
54  2 346584 106500832 2153396 78659740    0    0 156672 71344 231077 1440571 38 37 24  1  0  0
56  0 346584 106505728 2153396 78659752    0    0 187584 90728 240956 1458220 38 37 25  1  0  0
66  0 346584 106505668 2153396 78659772    0    0 182672 120912 240065 1448605 38 38 24  1  0  0
74  0 346584 106497228 2153396 78659792    0    0 170064 78892 236485 1444172 38 37 24  1  0  0
83  3 346584 106493296 2153396 78659812    0    0 159792 72412 233243 1442909 37 38 24  1  0  0
124  4 346584 106502904 2153404 78659832    0    0 157024 74168 229045 1440686 38 37 25  1  0  0
113  3 346584 106506520 2153404 78659856    0    0 153376 72696 228214 1434020 37 37 25  1  0  0
76  1 346584 106496988 2153404 78659880    0    0 147840 68280 226349 1438805 38 36 26  1  0  0
111  1 346584 106496840 2153404 78659888    0    0 142128 67160 227200 1446185 37 37 26  1  0  0
81  1 346584 106501420 2153404 78659908    0    0 175136 85216 231337 1445613 37 37 25  1  0  0
49  1 346584 106493020 2153404 78659928    0    0 206080 92868 243863 1455271 39 36 24  1  0  0
34  1 346584 106501856 2153404 78659952    0    0 213008 99536 236749 1443709 38 35 26  1  0  0
procs -----------memory---------- ---swap-- -----io---- -system-- -------cpu-------
 r  b   swpd   free   buff  cache   si   so    bi    bo   in   cs us sy id wa st gu
78  4 346584 106506216 2153404 78659972    0    0 204576 95188 233882 1440214 39 35 26  1  0  0
71  1 346584 106491724 2153404 78659988    0    0 253664 158232 245440 1457368 40 35 24  1  0  0
44  0 346584 106488980 2153404 78660004    0    0 177024 83212 233371 1445102 39 35 25  1  0  0
35  0 346584 106500660 2153408 78660012    0    0 156992 73072 233006 1445057 38 36 25  1  0  0
41  0 346584 106505272 2153408 78660036    0    0 149376 67332 228100 1437829 37 37 25  1  0  0
60  0 346584 106502088 2153408 78660056    0    0 143664 64844 224384 1437324 37 37 26  1  0  0
52  0 346584 106506180 2153408 78660076    0    0 171600 83408 232945 1451201 38 36 25  1  0  0
159  0 346584 106496080 2153408 78660104    0    0 166176 78056 234713 1444586 37 37 25  1  0  0
57  6 346584 106488056 2153408 78660124    0    0 170192 78640 234164 1446416 38 37 25  1  0  0
35  1 346584 106472300 2153408 78660144    0    0 159136 71660 231753 1442131 37 38 25  1  0  0
47  2 346584 106482376 2153408 78660160    0    0 151856 71452 232177 1447819 37 37 26  1  0  0
55  0 346584 106489076 2153408 78660172    0    0 159584 115692 233085 1442641 37 37 25  1  0  0
24  0 346584 106493640 2153408 78660192    0    0 175968 80012 238207 1443192 38 37 24  1  0  0
49  4 346584 106510244 2153408 78660220    0    0 166528 76968 234147 1442726 38 37 24  1  0  0
47  0 346584 106492788 2153408 78660236    0    0 160864 72536 232778 1442896 38 37 25  1  0  0
124  4 346584 106477656 2153408 78660256    0    0 155952 69512 229816 1440118 37 38 25  1  0  0
28  0 346584 106488684 2153408 78660276    0    0 152320 73004 227139 1437850 37 37 26  1  0  0
50  0 346584 106495940 2153408 78660292    0    0 147376 68732 228168 1448353 37 37 26  1  0  0
11  0 346584 106532384 2153408 78660308    0    0 170544 82644 233392 1445997 38 37 25  1  0  0
51  0 346584 106500964 2153408 78660324    0    0 172080 81072 234965 1447178 38 37 24  1  0  0
13  0 346584 106482956 2153408 78660340    0    0 165776 77392 232635 1435991 37 38 25  1  0  0
procs -----------memory---------- ---swap-- -----io---- -system-- -------cpu-------
 r  b   swpd   free   buff  cache   si   so    bi    bo   in   cs us sy id wa st gu
111  0 346584 106481876 2153408 78660364    0    0 163152 76120 232625 1441223 38 36 25  1  0  0
48  1 346584 106490380 2153408 78660388    0    0 156512 73024 231727 1442933 37 37 25  1  0  0
160  0 346584 106505532 2153408 78660408    0    0 154240 72988 227598 1440641 37 37 25  1  0  0
114  0 346584 106520412 2153408 78660424    0    0 172528 120544 239139 1451946 38 37 25  1  0  0
58  6 346584 106517132 2153408 78660436    0    0 176416 85928 239269 1448615 38 37 24  1  0  0
96  4 346584 106499036 2153408 78660468    0    0 167136 74796 235142 1443877 38 37 24  1  0  0
53  0 346584 106485840 2153408 78660488    0    0 156496 87740 230516 1441402 37 38 25  1  0  0
155  0 346584 106494968 2153412 78660504    0    0 156368 71880 228730 1441826 37 37 25  1  0  0
85  1 346584 106494084 2153412 78660528    0    0 142496 67168 224671 1437714 36 37 26  1  0  0
66  4 346584 106498600 2153412 78660552    0    0 148704 67648 224744 1435071 37 37 26  1  0  0
148  2 346584 106502820 2153412 78660572    0    0 163648 78084 231246 1448003 37 38 25  1  0  0
109  6 346584 106506208 2153416 78660580    0    0 182816 83324 237957 1449223 38 37 24  1  0  0
63  4 346584 106495548 2153416 78660604    0    0 177152 82468 233856 1435503 38 37 25  1  0  0
44  4 346584 106490012 2153416 78660620    0    0 165184 74392 231297 1436775 38 37 25  1  0  0
54  1 346584 106496100 2153416 78660644    0    0 160448 116112 234118 1439876 38 37 25  1  0  0
63  1 346584 106495852 2153416 78660664    0    0 175552 82432 234605 1448346 38 38 24  1  0  0
80  0 346584 106498696 2153416 78660684    0    0 167264 77084 233548 1440365 37 37 25  1  0  0
74  0 346584 106511600 2153416 78660708    0    0 167744 77564 242088 1458010 38 37 25  1  0  0
75  5 346584 106522340 2153416 78660712    0    0 157808 72936 240666 1460502 37 37 25  1  0  0
121  0 346584 106495196 2153416 78660736    0    0 150464 70336 235717 1456297 37 37 25  1  0  0
59  3 346584 106486144 2153416 78660756    0    0 143008 64664 232031 1455830 37 37 26  1  0  0
procs -----------memory---------- ---swap-- -----io---- -system-- -------cpu-------
 r  b   swpd   free   buff  cache   si   so    bi    bo   in   cs us sy id wa st gu
124  0 346584 106492864 2153416 78660776    0    0 140832 71184 233574 1462770 37 37 25  1  0  0
62  0 346584 106504712 2153416 78660796    0    0 176624 79768 246109 1465357 37 38 24  1  0  0
145  1 346584 106482876 2153416 78660812    0    0 172304 80428 243407 1461678 37 38 25  1  0  0
60  0 346584 106484132 2153416 78660836    0    0 161520 73588 244113 1458484 37 38 24  1  0  0
102  1 346584 106495860 2153416 78660848    0    0 162304 74012 242264 1461890 38 37 25  1  0  0
58  4 346584 106475432 2153420 78660864    0    0 173904 123540 248092 1464715 38 37 24  1  0  0
61  7 346584 106466572 2153420 78660884    0    0 172976 79368 235653 1448018 38 37 24  1  0  0
121  0 346584 106474384 2153420 78660908    0    0 169920 78360 233613 1445584 38 37 25  1  0  0
153  0 346584 106465744 2153420 78660924    0    0 163488 77464 232918 1439862 37 38 25  1  0  0
157  0 346584 106482660 2153420 78660944    0    0 155008 68844 229684 1437216 37 37 25  1  0  0
89  3 346584 106477240 2153420 78660968    0    0 146576 67792 226797 1438549 37 37 25  1  0  0
103  0 346584 106473100 2153420 78660980    0    0 142048 65464 227179 1446970 36 37 26  1  0  0
77 10 346584 106472564 2153420 78660996    0    0 170784 81084 233928 1445985 38 38 24  1  0  0
19  0 346584 106489816 2153420 78661016    0    0 173024 80140 236424 1447073 37 38 24  1  0  0
33  0 346584 106484088 2153420 78661036    0    0 168304 77496 233448 1443895 38 37 25  1  0  0
114  1 346584 106483188 2153424 78661056    0    0 168304 119796 234342 1443590 38 37 25  1  0  0
45  0 346584 106465720 2153424 78661080    0    0 169600 78132 236244 1440742 37 38 24  1  0  0
80  0 346584 106456672 2153424 78661100    0    0 164544 79448 233466 1440035 38 38 24  1  0  0
 3  0 346584 106471612 2153424 78661104    0    0 159696 73168 234435 1445303 37 38 25  1  0  0
66  0 346584 106480904 2153424 78661136    0    0 152464 71456 230357 1438098 37 37 25  1  0  0
93  1 346584 106481984 2153424 78661148    0    0 141760 65388 226981 1439042 36 38 25  1  0  0
procs -----------memory---------- ---swap-- -----io---- -system-- -------cpu-------
 r  b   swpd   free   buff  cache   si   so    bi    bo   in   cs us sy id wa st gu
106  0 346584 106475596 2153424 78661180    0    0 149280 71348 226703 1441116 37 37 25  1  0  0
91 10 346584 106454328 2153424 78661196    0    0 177168 82320 239044 1445724 38 37 25  1  0  0
92  0 346584 106461200 2153424 78661216    0    0 163120 75904 242243 1457240 37 38 25  1  0  0
57  1 346584 106474036 2153424 78661236    0    0 158736 73512 239612 1453024 37 37 25  1  0  0
61  5 346584 106469812 2153424 78661252    0    0 170080 77876 242342 1461529 38 35 26  1  0  0
14  0 346584 106478460 2153424 78661272    0    0 170096 79408 235926 1454407 38 35 26  1  0  0
68  6 346584 106503548 2153424 78661292    0    0 209600 139224 242367 1465854 39 35 25  1  0  0
92  6 346584 106493100 2153424 78661308    0    0 225040 118668 238956 1449596 41 34 25  1  0  0
87  5 346584 106485640 2153424 78661332    0    0 231824 105580 237314 1438755 40 35 25  1  0  0
94  8 346584 106488908 2153424 78661356    0    0 226960 107628 235442 1445778 40 34 25  1  0  0
16  0 346584 106480080 2153424 78661372    0    0 219520 99832 239594 1457265 39 36 24  1  0  0
10  0 346584 106496796 2153424 78661388    0    0 164608 74700 234013 1450007 38 37 25  1  0  0
43  1 346584 106520836 2153424 78661396    0    0 168944 122420 236437 1447090 37 37 25  1  0  0
50  5 346584 106498028 2153424 78661416    0    0 173808 79480 234605 1444667 37 38 25  1  0  0
46  2 346584 106476032 2153428 78661444    0    0 173104 79424 233625 1441498 37 37 25  1  0  0
100  7 346584 106485148 2153428 78661460    0    0 166208 74928 231867 1440230 38 37 25  1  0  0
67  7 346584 106478212 2153428 78661480    0    0 155712 72120 228677 1441282 36 38 25  1  0  0
58  3 346584 106482840 2153428 78661500    0    0 149168 66712 226321 1440344 38 37 25  1  0  0
61  0 346584 106493748 2153428 78661520    0    0 146240 67876 226304 1445663 37 36 26  1  0  0
72  0 346584 106511024 2153428 78661536    0    0 145728 70360 229024 1445593 37 38 25  0  0  0
19  0 346584 106498516 2153428 78661552    0    0 173040 77932 237063 1452077 37 38 25  1  0  0
procs -----------memory---------- ---swap-- -----io---- -system-- -------cpu-------
 r  b   swpd   free   buff  cache   si   so    bi    bo   in   cs us sy id wa st gu
106  7 346584 106486276 2153428 78661572    0    0 165488 77944 233465 1447676 38 37 25  1  0  0
73  5 346584 106471412 2153428 78661592    0    0 159936 73476 231243 1447250 38 37 25  1  0  0
89  1 346584 106487924 2153428 78661616    0    0 162960 75960 228007 1444734 37 37 26  1  0  0
79  0 346584 106489924 2153428 78661640    0    0 171488 122408 236016 1450216 37 38 25  1  0  0
103  0 346584 106502100 2153428 78661660    0    0 173312 79652 235879 1456879 38 37 25  1  0  0
46  1 346584 106499192 2153428 78661668    0    0 163808 77700 236289 1454121 38 37 25  1  0  0
103  0 346584 106487384 2153428 78661692    0    0 162656 76560 231334 1444232 37 37 25  1  0  0
23  6 346584 106485112 2153432 78661704    0    0 153744 71240 231905 1448265 37 37 26  1  0  0
168  0 346584 106495096 2153432 78661728    0    0 150320 70736 228219 1440919 37 37 25  1  0  0
100  1 346584 106504072 2153432 78661748    0    0 146032 67824 223948 1440822 37 36 26  1  0  0
77  0 346584 106491364 2153432 78661768    0    0 158544 75768 227593 1449924 37 37 25  1  0  0
48  0 346584 106498228 2153432 78661792    0    0 176608 81580 234686 1455717 37 37 25  1  0  0
46  1 346584 106510256 2153432 78661800    0    0 166160 76096 234982 1459765 37 37 25  1  0  0
64  0 346584 106506540 2153432 78661824    0    0 162928 75996 230756 1445831 37 38 25  1  0  0
110  5 346584 106495264 2153432 78661840    0    0 160992 75260 227633 1445627 38 36 25  1  0  0
37  1 346584 106499092 2153432 78661868    0    0 175808 123460 236550 1459050 37 38 24  1  0  0
91  0 346584 106489828 2153432 78661892    0    0 166304 75476 233882 1451010 37 37 25  1  0  0
77  6 346584 106481424 2153432 78661908    0    0 165712 77056 231501 1446369 37 38 25  1  0  0
12  0 346584 106491944 2153432 78661936    0    0 154640 75500 229814 1449055 38 37 25  1  0  0
25  0 346584 106506036 2153432 78661944    0    0 157808 69480 229161 1449397 38 36 26  1  0  0
133  1 346584 106505976 2153432 78661968    0    0 145344 69676 224616 1446311 36 37 26  1  0  0
procs -----------memory---------- ---swap-- -----io---- -system-- -------cpu-------
 r  b   swpd   free   buff  cache   si   so    bi    bo   in   cs us sy id wa st gu
42  6 346584 106494756 2153432 78661988    0    0 168336 85224 235546 1448927 37 38 24  1  0  0
73  7 346584 106507628 2153432 78662008    0    0 174592 79284 235887 1447951 37 38 25  1  0  0
162  0 346584 106493572 2153432 78662024    0    0 163152 74948 232056 1443655 38 37 25  1  0  0
96  9 346584 106485912 2153432 78662040    0    0 162096 77264 231537 1440507 37 38 25  1  0  0
33  0 346584 106482232 2153432 78662064    0    0 157296 72908 228815 1443789 37 37 25  1  0  0
84  5 346584 106501664 2153432 78662076    0    0 173440 123168 242461 1458795 37 38 25  1  0  0
97  1 346584 106508976 2153436 78662092    0    0 169072 77488 235683 1449702 38 38 24  1  0  0
41  0 346584 106510840 2153436 78662112    0    0 159968 74472 234019 1444159 37 38 25  1  0  0
59  1 346584 106493664 2153436 78662132    0    0 164816 75992 230666 1437371 37 37 25  1  0  0
78  6 346584 106483596 2153436 78662156    0    0 151232 71068 226510 1443247 37 37 25  1  0  0
44  4 346584 106464116 2153436 78662176    0    0 147360 85212 226035 1441717 37 37 26  1  0  0
121  0 346584 106466452 2153436 78662192    0    0 156960 75456 229073 1446555 37 37 25  1  0  0
63  1 346584 106485596 2153436 78662208    0    0 193024 89472 240838 1462133 38 37 25  1  0  0
36  9 346584 106509036 2153436 78662228    0    0 194048 89820 236884 1447182 38 36 25  1  0  0
93  4 346584 106499952 2153436 78662248    0    0 188784 87464 232720 1443695 38 35 25  1  0  0
43  4 346584 106479904 2153436 78662264    0    0 208320 138304 234656 1446255 39 35 26  1  0  0
62  4 346584 106501320 2153440 78662284    0    0 259312 118360 243819 1457281 41 34 25  1  0  0
69  1 346584 106483928 2153440 78662304    0    0 197792 92856 234309 1447923 38 36 25  1  0  0
25  2 346584 106498128 2153440 78662332    0    0 168176 78616 229422 1443554 38 36 26  1  0  0
115  0 346584 106507696 2153440 78662348    0    0 147120 68380 225684 1445819 38 36 26  1  0  0
105  0 346584 106490072 2153440 78662356    0    0 142448 71200 224028 1439756 37 37 26  1  0  0
procs -----------memory---------- ---swap-- -----io---- -system-- -------cpu-------
 r  b   swpd   free   buff  cache   si   so    bi    bo   in   cs us sy id wa st gu
22  0 346584 106493668 2153440 78662376    0    0 176224 83640 236742 1453020 38 37 24  1  0  0
45  2 346584 106488160 2153440 78662396    0    0 171568 80152 234588 1449548 37 38 25  1  0  0
144  1 346584 106485272 2153440 78662420    0    0 163936 75916 233481 1445690 37 37 25  1  0  0
44  1 346584 106489512 2153440 78662440    0    0 169392 77768 229746 1445786 38 37 25  1  0  0
42 14 346584 106494540 2153440 78662460    0    0 173168 122900 235759 1450933 38 36 25  1  0  0
66  1 346584 106507980 2153440 78662480    0    0 178848 81112 239646 1456718 37 38 25  1  0  0
154  4 346584 106510228 2153440 78662492    0    0 167856 79084 234418 1452617 37 37 25  1  0  0
53  0 346584 106495940 2153440 78662512    0    0 174432 79172 233384 1446645 37 38 25  1  0  0
108  0 346584 106482900 2153440 78662532    0    0 171584 78524 229213 1447273 38 37 25  1  0  0
163  0 346584 106470708 2153440 78662548    0    0 172944 81992 225695 1445410 38 35 26  1  0  0
110  0 346584 106510720 2153440 78662572    0    0 176176 81216 229679 1446888 37 37 25  1  0  0
45  1 346584 106493960 2153444 78662580    0    0 176640 82128 236129 1448038 38 37 25  1  0  0
99  2 346584 106506388 2153444 78662612    0    0 170640 78024 237586 1450269 37 37 25  1  0  0
109  3 346584 106500760 2153444 78662620    0    0 161200 74860 232857 1450277 38 37 25  1  0  0
107  7 346584 106480332 2153444 78662640    0    0 162496 75568 231766 1440269 37 38 25  1  0  0
49 11 346584 106496156 2153444 78662668    0    0 180608 123484 239587 1450210 38 37 25  1  0  0
102  6 346584 106494352 2153444 78662680    0    0 183728 84276 235560 1447888 36 38 25  1  0  0
132  0 346584 106486564 2153444 78662700    0    0 191920 87548 234009 1443164 38 35 25  1  0  0
142  0 346584 106481020 2153444 78662720    0    0 192800 87396 232814 1446711 39 35 26  1  0  0
56  3 346584 106488136 2153444 78662732    0    0 177200 82384 228968 1446724 38 35 26  1  0  0
40  0 346584 106501616 2153444 78662752    0    0 168064 78772 229809 1453931 38 36 26  1  0  0
procs -----------memory---------- ---swap-- -----io---- -system-- -------cpu-------
 r  b   swpd   free   buff  cache   si   so    bi    bo   in   cs us sy id wa st gu
38  0 346584 106508064 2153444 78662772    0    0 188464 84436 236704 1453525 38 37 25  1  0  0
47  1 346584 106490740 2153444 78662788    0    0 171856 79252 233656 1444854 37 37 25  1  0  0
103  0 346584 106491120 2153444 78662812    0    0 161424 72904 234165 1442525 37 37 25  1  0  0
37  0 346584 106481072 2153444 78662824    0    0 158736 114804 232419 1448186 37 37 25  1  0  0
22  0 346584 106481580 2153444 78662852    0    0 174160 80532 237700 1449730 38 37 25  1  0  0
64  8 346584 106507828 2153448 78662868    0    0 170560 75332 233829 1445876 37 37 25  1  0  0
48  1 346584 106507960 2153448 78662880    0    0 175104 84080 236636 1447919 37 37 25  1  0  0
43  3 346584 106498988 2153448 78662900    0    0 162624 73884 231379 1442251 37 37 25  1  0  0
34  5 346584 106500312 2153448 78662924    0    0 155696 72248 228234 1443331 37 36 26  1  0  0
55  1 346584 106498632 2153448 78662940    0    0 151904 70320 225869 1441023 37 37 25  1  0  0
43  1 346584 106486756 2153448 78662960    0    0 144640 67952 224947 1443297 38 36 26  1  0  0
52  0 346584 106492812 2153448 78662984    0    0 154928 72068 228433 1445847 37 36 26  1  0  0
19  5 346584 106497168 2153448 78663020    0    0 178912 83132 234671 1459048 37 38 24  1  0  0
26  0 346584 106523708 2153448 78663028    0    0 176560 80216 237350 1461780 37 38 25  1  0  0
68  0 346584 106504152 2153448 78663044    0    0 169968 77380 230726 1447819 38 36 25  1  0  0
94  3 346584 106491944 2153448 78663060    0    0 168608 117208 233312 1452856 37 37 25  1  0  0
115  2 346584 106503900 2153448 78663080    0    0 186864 86108 234781 1452114 38 36 25  1  0  0
57  4 346584 106499508 2153448 78663100    0    0 178864 79792 230546 1448550 38 36 26  1  0  0
108  1 346584 106482596 2153448 78663124    0    0 173504 96040 226706 1445718 37 36 26  1  0  0
85  5 346584 106494488 2153448 78663140    0    0 157136 72496 225391 1444760 37 37 26  1  0  0
46  0 346584 106504968 2153448 78663152    0    0 161936 76108 225873 1455802 38 35 26  1  0  0
procs -----------memory---------- ---swap-- -----io---- -system-- -------cpu-------
 r  b   swpd   free   buff  cache   si   so    bi    bo   in   cs us sy id wa st gu
21  1 346584 106487508 2153448 78663172    0    0 196336 90396 237494 1460642 39 36 25  1  0  0
10  0 346584 106511208 2153448 78663192    0    0 190176 85156 234511 1458890 38 36 25  1  0  0
94  0 346584 106479232 2153448 78663212    0    0 184928 85988 232857 1451493 38 37 25  1  0  0
48  2 346584 106480768 2153448 78663236    0    0 175392 88516 229798 1447130 38 36 26  1  0  0
55 11 346584 106472028 2153448 78663252    0    0 186240 118204 238086 1463494 38 37 24  1  0  0
50  8 346584 106489488 2153448 78663272    0    0 167264 76628 232774 1448735 38 37 25  1  0  0
29  0 346584 106507932 2153448 78663288    0    0 172592 80428 236592 1454602 37 38 25  1  0  0
116  5 346584 106508368 2153448 78663304    0    0 162640 74888 230231 1451020 37 37 25  1  0  0
134  5 346584 106503680 2153448 78663320    0    0 156016 72136 227002 1450881 37 36 26  1  0  0
 5  8 346584 106481472 2153452 78663344    0    0 158320 73692 227799 1445721 37 37 26  1  0  0
38  1 346584 106469636 2153452 78663368    0    0 156080 72056 227360 1441893 37 37 26  1  0  0
56  2 346584 106474372 2153452 78663384    0    0 146736 66700 223489 1443099 37 37 26  1  0  0
36  8 346584 106474488 2153452 78663408    0    0 167488 80172 230535 1450809 38 37 25  1  0  0
68  0 346584 106505532 2153452 78663428    0    0 182672 83508 237798 1456406 38 37 24  1  0  0
40  1 346584 106519168 2153452 78663436    0    0 174896 81916 236079 1452288 38 37 25  1  0  0
122  2 346584 106510680 2153452 78663456    0    0 164704 75076 231438 1442966 37 37 25  1  0  0
43  4 346584 106494472 2153452 78663476    0    0 186368 127196 237966 1451700 38 37 25  1  0  0
52  4 346584 106478196 2153452 78663492    0    0 181808 84240 237265 1453512 37 38 24  1  0  0
47  5 346584 106481216 2153452 78663516    0    0 204576 94148 234844 1450938 38 36 25  1  0  0
70  1 346584 106495568 2153452 78663528    0    0 217568 100660 232340 1441838 40 34 26  1  0  0
53  0 346584 106505992 2153452 78663544    0    0 250992 114748 241629 1455745 42 33 25  1  0  0
procs -----------memory---------- ---swap-- -----io---- -system-- -------cpu-------
 r  b   swpd   free   buff  cache   si   so    bi    bo   in   cs us sy id wa st gu
30  1 346584 106502860 2153452 78663564    0    0 228928 103156 239184 1453253 40 34 25  1  0  0
139  0 346584 106487664 2153452 78663592    0    0 161040 80976 227436 1444075 37 36 26  1  0  0
66  7 346584 106484088 2153452 78663616    0    0 173824 115096 238634 1447409 38 38 24  1  0  0
67  9 346584 106489680 2153452 78663632    0    0 170064 82296 233838 1444881 37 38 25  1  0  0
102  0 346584 106492140 2153452 78663652    0    0 154512 73420 229173 1441135 38 36 25  0  0  0
89  9 346584 106481928 2153452 78663668    0    0 150144 66212 227074 1447362 37 37 26  1  0  0
151  1 346584 106494652 2153452 78663692    0    0 143824 67492 226266 1446458 37 37 25  1  0  0
14 11 346584 106511940 2153452 78663704    0    0 174528 80472 233408 1452922 37 37 25  1  0  0
44  2 346584 106497616 2153456 78663724    0    0 177360 83268 235655 1449348 38 37 25  1  0  0
71  1 346584 106502112 2153456 78663740    0    0 173008 78628 234116 1446485 37 37 25  1  0  0
43  1 346584 106476992 2153456 78663760    0    0 166160 76348 233553 1442074 38 37 25  1  0  0
93  1 346584 106484492 2153456 78663784    0    0 153536 70552 228186 1444186 37 37 25  1  0  0
91  1 346584 106487424 2153456 78663808    0    0 164384 83164 228160 1443789 38 36 26  1  0  0
78  5 346584 106512632 2153460 78663824    0    0 218048 134272 239692 1463178 38 36 25  1  0  0
51  7 346584 106506712 2153460 78663836    0    0 204832 93404 238688 1458908 38 35 26  1  0  0
52  2 346584 106502892 2153460 78663852    0    0 169936 79360 229946 1446521 37 36 26  1  0  0
53  6 346584 106500836 2153460 78663876    0    0 154320 71272 226992 1441388 37 37 26  1  0  0
84  4 346584 106472960 2153460 78663896    0    0 151024 69856 225582 1439513 37 37 26  1  0  0
81  1 346584 106481444 2153464 78663916    0    0 165584 78356 231016 1445242 37 38 25  1  0  0
55  0 346584 106492336 2153464 78663940    0    0 170432 80968 234428 1448425 37 38 24  1  0  0
103  0 346584 106491508 2153464 78663960    0    0 163408 73124 232867 1445418 37 37 25  1  0  0
procs -----------memory---------- ---swap-- -----io---- -system-- -------cpu-------
 r  b   swpd   free   buff  cache   si   so    bi    bo   in   cs us sy id wa st gu
53  5 346584 106500592 2153464 78663972    0    0 162832 74928 231361 1449466 38 37 25  1  0  0
82  0 346584 106488904 2153464 78663996    0    0 151424 69568 228413 1440858 37 37 26  1  0  0
45  0 346584 106485156 2153464 78664012    0    0 160144 117908 232534 1444786 37 38 25  1  0  0
68  4 346584 106478060 2153464 78664028    0    0 178288 80100 234490 1450157 38 37 25  1  0  0
32  0 346584 106487504 2153464 78664052    0    0 166928 76664 232639 1444716 37 37 25  1  0  0
12  0 346584 106486072 2153464 78664072    0    0 163152 76620 231775 1442420 37 37 25  1  0  0
50  2 346584 106477368 2153464 78664096    0    0 151792 70352 227116 1441079 37 37 25  1  0  0
17  1 346584 106485400 2153464 78664112    0    0 153056 70548 228819 1450386 37 37 26  1  0  0
39  9 346584 106483240 2153464 78664132    0    0 151264 69152 226329 1439830 37 37 25  1  0  0
33  1 346584 106480756 2153464 78664152    0    0 142928 66280 223352 1447338 37 36 26  1  0  0
53  1 346584 106478732 2153464 78664180    0    0 185152 88888 236015 1452842 38 37 24  1  0  0
116  0 346584 106486008 2153464 78664200    0    0 176112 82712 234251 1450144 38 37 25  1  0  0
114  0 346584 106499176 2153468 78664216    0    0 168464 77232 231158 1451134 37 37 26  1  0  0
12  0 346584 106474300 2153468 78664244    0    0 167968 119000 232687 1450643 37 37 25  1  0  0
67  8 346584 106476164 2153468 78664264    0    0 178480 80508 236664 1471263 38 37 24  1  0  0
97  2 346584 106497788 2153468 78664276    0    0 172112 81704 235123 1457012 38 38 24  1  0  0
28  0 346584 106492856 2153468 78664296    0    0 173264 77208 232088 1457475 37 38 25  1  0  0
47  6 346584 106490548 2153468 78664316    0    0 162864 74904 230464 1447178 38 37 25  1  0  0
28  3 346584 106480328 2153468 78664332    0    0 157024 73564 228867 1450546 37 37 25  1  0  0
58  0 346584 106484828 2153468 78664352    0    0 156208 71812 224748 1450094 37 37 26  1  0  0
46  1 346584 106497252 2153468 78664360    0    0 156320 73028 223630 1447877 37 36 26  1  0  0
procs -----------memory---------- ---swap-- -----io---- -system-- -------cpu-------
 r  b   swpd   free   buff  cache   si   so    bi    bo   in   cs us sy id wa st gu
31  0 346584 106494096 2153468 78664388    0    0 190816 91092 234319 1463526 38 36 25  1  0  0
54  5 346584 106493040 2153468 78664400    0    0 191168 104104 236638 1459254 39 36 24  1  0  0
113  0 346584 106498140 2153468 78664424    0    0 184432 83888 230326 1446447 38 36 25  1  0  0
90  8 346584 106495320 2153468 78664440    0    0 169648 83744 229522 1454949 38 36 26  1  0  0
34  1 346584 106488248 2153468 78664456    0    0 198352 125800 238500 1463507 38 36 25  1  0  0
104  1 346584 106479340 2153468 78664480    0    0 187216 87764 234483 1456266 38 37 25  1  0  0
62  3 346584 106484504 2153468 78664504    0    0 207600 94508 236210 1447693 39 35 25  1  0  0
72  2 346584 106490668 2153468 78664520    0    0 202656 92516 231656 1452192 39 34 26  1  0  0
31  0 346584 106494852 2153468 78664520    0    0 158208 72668 227030 1453391 38 36 26  1  0  0
16  1 346584 106503764 2153468 78664548    0    0 168896 81956 230897 1447554 38 36 25  1  0  0
96  9 346584 106484676 2153468 78664564    0    0 174464 77692 234767 1447053 36 38 25  1  0  0
70  3 346584 106479420 2153468 78664592    0    0 163536 75972 230464 1443680 37 37 25  1  0  0
52  1 346584 106484416 2153468 78664600    0    0 165216 76884 228096 1439968 38 36 26  1  0  0
95  5 346584 106475276 2153468 78664620    0    0 177344 131220 238247 1453736 37 37 25  1  0  0
91  2 346584 106494452 2153468 78664648    0    0 170608 74588 238170 1452670 37 37 25  1  0  0
36  1 346584 106491204 2153468 78664656    0    0 168128 78196 234152 1453849 38 37 25  1  0  0
98  0 346584 106490844 2153472 78664672    0    0 156016 72816 228831 1441381 37 37 26  1  0  0
32  8 346584 106475600 2153472 78664696    0    0 155760 70304 228862 1439807 36 38 25  1  0  0
92  4 346584 106460792 2153472 78664712    0    0 155504 71712 225799 1440725 38 36 26  1  0  0
148  3 346584 106466020 2153472 78664748    0    0 198192 92228 233984 1457950 39 35 25  1  0  0
46  0 346584 106498016 2153472 78664764    0    0 231296 104232 240675 1455410 39 35 25  1  0  0
procs -----------memory---------- ---swap-- -----io---- -system-- -------cpu-------
 r  b   swpd   free   buff  cache   si   so    bi    bo   in   cs us sy id wa st gu
82  2 346584 106506376 2153472 78664784    0    0 232208 105856 238566 1452017 40 35 25  1  0  0
71  5 346584 106520760 2153472 78664796    0    0 279248 168400 249687 1455807 40 34 25  1  0  0
16 10 346584 106498448 2153472 78664812    0    0 195200 89376 230809 1443555 38 35 26  1  0  0
59  0 346584 106472368 2153472 78664836    0    0 164256 75236 228754 1446863 38 36 26  1  0  0
135  0 346584 106483660 2153472 78664864    0    0 145760 68652 225050 1445377 37 37 25  1  0  0
93 11 346584 106483684 2153472 78664888    0    0 173680 83604 235893 1447450 37 38 25  1  0  0
16  0 346584 106477760 2153472 78664908    0    0 172592 79364 236458 1446754 37 38 24  1  0  0
69  1 346584 106485356 2153472 78664928    0    0 173088 77188 234489 1448926 39 36 25  1  0  0
27  1 346584 106507860 2153472 78664940    0    0 165376 74956 236483 1454834 38 37 25  1  0  0
104  5 346584 106491420 2153472 78664956    0    0 154784 71444 228511 1443354 38 37 25  1  0  0
79  0 346584 106491828 2153472 78664980    0    0 164080 116848 233393 1444248 38 36 25  1  0  0
34  0 346584 106479872 2153472 78664996    0    0 172112 81140 237782 1448188 38 37 24  1  0  0
60  2 346584 106480172 2153472 78665028    0    0 166032 73216 234086 1445344 37 38 25  1  0  0
102  0 346584 106490964 2153472 78665044    0    0 159680 75104 230178 1440790 38 36 26  1  0  0
42  1 346584 106472604 2153472 78665064    0    0 157200 72184 229577 1440283 37 37 25  1  0  0
57  2 346584 106482928 2153472 78665080    0    0 154416 70508 229285 1447811 37 37 26  1  0  0
56  1 346584 106480628 2153472 78665096    0    0 147664 69008 225388 1444746 37 37 26  1  0  0
82 12 346584 106486080 2153472 78665116    0    0 147760 70528 224523 1442895 36 37 26  1  0  0
145  0 346584 106502004 2153472 78665136    0    0 170208 78500 236701 1451715 37 38 24  1  0  0
56  4 346584 106501948 2153472 78665156    0    0 168256 76972 235333 1446236 38 37 25  1  0  0
85  4 346584 106505156 2153472 78665172    0    0 167296 76604 234728 1441618 38 37 25  1  0  0
procs -----------memory---------- ---swap-- -----io---- -system-- -------cpu-------
 r  b   swpd   free   buff  cache   si   so    bi    bo   in   cs us sy id wa st gu
117  0 346584 106482000 2153472 78665200    0    0 159792 72116 232524 1439791 37 38 25  1  0  0
10  0 346584 106494508 2153472 78665216    0    0 175952 123844 242525 1453862 37 38 24  1  0  0
16  0 346584 106491356 2153472 78665232    0    0 167440 75572 235243 1449696 37 38 24  1  0  0
49  4 346584 106496608 2153472 78665248    0    0 164992 77208 234199 1440052 37 38 25  1  0  0
105  0 346584 106470892 2153472 78665264    0    0 156896 72468 229768 1436117 37 38 25  1  0  0
39  1 346584 106456284 2153472 78665296    0    0 155056 72892 235393 1449019 36 37 26  1  0  0
48  2 346584 106473696 2153472 78665316    0    0 146224 83236 236890 1452570 37 37 25  1  0  0
10  2 346584 106485760 2153472 78665336    0    0 145568 68032 233969 1455466 37 37 26  1  0  0
36  0 346584 106498124 2153472 78665348    0    0 172928 84224 245569 1470679 37 37 25  1  0  0
74  0 346584 106497532 2153472 78665360    0    0 168544 78116 237814 1452230 37 37 25  1  0  0
94  0 346584 106485576 2153472 78665384    0    0 160064 73260 232609 1445165 37 37 25  1  0  0
41 10 346584 106473068 2153472 78665404    0    0 153072 73512 229683 1443176 37 37 25  1  0  0
77  3 346584 106479348 2153472 78665424    0    0 153664 69344 228129 1442671 37 37 26  1  0  0
130  2 346584 106462132 2153472 78665444    0    0 148672 75516 227100 1440229 37 37 26  1  0  0
57  5 346584 106457040 2153476 78665460    0    0 183056 119108 238917 1450702 38 37 25  1  0  0
70  5 346584 106478512 2153476 78665488    0    0 175712 81700 238204 1456100 37 38 25  1  0  0
73  5 346584 106486092 2153476 78665500    0    0 167360 76684 234188 1450359 37 38 25  1  0  0
27  3 346584 106507888 2153476 78665520    0    0 160480 73572 229539 1442120 37 37 25  1  0  0
62  1 346584 106491568 2153476 78665540    0    0 147680 69296 227382 1443846 37 37 26  1  0  0
27  5 346584 106473000 2153476 78665560    0    0 145520 65380 225050 1439622 37 37 26  1  0  0
55  8 346584 106447788 2153476 78665580    0    0 151552 73360 229490 1445253 37 37 26  1  0  0
procs -----------memory---------- ---swap-- -----io---- -system-- -------cpu-------
 r  b   swpd   free   buff  cache   si   so    bi    bo   in   cs us sy id wa st gu
98  8 346584 106482712 2153476 78665604    0    0 174064 78928 237619 1445707 37 38 24  1  0  0
136  8 346584 106491180 2153476 78665620    0    0 168272 77580 235077 1451141 38 37 25  1  0  0
75  1 346584 106511832 2153476 78665636    0    0 159504 73568 232019 1448511 37 38 25  1  0  0
123  0 346584 106474292 2153476 78665648    0    0 153760 73596 228940 1441074 37 37 25  1  0  0
137  0 346584 106475952 2153480 78665680    0    0 163040 116176 234725 1448898 37 38 24  1  0  0
 8  0 346584 106484372 2153480 78665688    0    0 182128 85188 237864 1446989 38 38 24  1  0  0
63  1 346584 106511084 2153480 78665712    0    0 168048 79296 232705 1443930 38 37 25  1  0  0
72  3 346584 106469956 2153480 78665736    0    0 163200 74312 230466 1441938 37 37 25  1  0  0
57  0 346584 106478836 2153480 78665756    0    0 161520 75748 231972 1437262 36 38 25  1  0  0
39  0 346584 106483404 2153480 78665768    0    0 151008 71044 228823 1450994 37 37 26  1  0  0
30  0 346584 106473116 2153480 78665784    0    0 148256 69660 223883 1443437 37 37 26  1  0  0
58  1 346584 106481128 2153480 78665808    0    0 148928 72516 225469 1442916 37 37 26  1  0  0
48  1 346584 106464996 2153480 78665828    0    0 174096 79276 234519 1457069 37 38 24  1  0  0
38  1 346584 106481480 2153480 78665844    0    0 172992 84296 234444 1453786 38 38 24  1  0  0
70  1 346584 106483100 2153480 78665864    0    0 165840 75504 229522 1441291 37 37 25  1  0  0
123  4 346584 106486552 2153480 78665888    0    0 165408 117244 233574 1451464 37 37 25  1  0  0
29  1 346584 106486048 2153480 78665904    0    0 181328 81852 237654 1456496 38 37 25  1  0  0
50  3 346584 106462600 2153480 78665920    0    0 165696 75856 233189 1448457 37 38 25  1  0  0
75  4 346584 106459048 2153480 78665936    0    0 162368 74152 231907 1445517 37 37 25  1  0  0
112  5 346584 106473200 2153480 78665956    0    0 152928 69612 228471 1443220 36 38 25  1  0  0
41  5 346584 106466072 2153480 78665976    0    0 150544 68052 226459 1440022 38 37 25  1  0  0
procs -----------memory---------- ---swap-- -----io---- -system-- -------cpu-------
 r  b   swpd   free   buff  cache   si   so    bi    bo   in   cs us sy id wa st gu
59  1 346584 106455676 2153480 78665996    0    0 148128 68784 223946 1441328 36 37 26  1  0  0
119  2 346584 106472476 2153480 78666008    0    0 172768 84176 238723 1463497 38 37 25  1  0  0
56  9 346584 106485488 2153480 78666024    0    0 171936 79072 247216 1468984 37 39 24  1  0  0
159  0 346584 106464252 2153480 78666044    0    0 160480 75512 241871 1459211 37 37 25  1  0  0
94  0 346584 106466124 2153480 78666072    0    0 153680 72184 236710 1458645 37 37 26  1  0  0
23  0 346584 106479100 2153480 78666092    0    0 149424 68600 234135 1460042 37 36 26  1  0  0
106  2 346584 106484412 2153480 78666108    0    0 178320 125344 238502 1452035 37 38 24  1  0  0
11  1 346584 106485440 2153484 78666124    0    0 182032 83560 236545 1450892 37 37 25  1  0  0
34  4 346584 106469544 2153484 78666148    0    0 180304 85024 234505 1450950 38 36 25  1  0  0
18 10 346584 106475664 2153484 78666168    0    0 190432 103368 238094 1456712 39 36 25  1  0  0
97  5 346584 106493576 2153484 78666180    0    0 183280 84672 230182 1451592 38 36 26  1  0  0
68  1 346584 106477544 2153484 78666200    0    0 186064 86032 223352 1450220 39 34 27  1  0  0
81  4 346584 106480580 2153484 78666220    0    0 236928 110276 238651 1462495 39 35 25  1  0  0
55  0 346584 106485748 2153484 78666240    0    0 184208 84388 233361 1449285 38 37 25  1  0  0
55  1 346584 106483912 2153484 78666264    0    0 171552 117952 235552 1449496 37 37 25  1  0  0
67  6 346584 106484292 2153484 78666280    0    0 177552 82460 234804 1455956 37 38 25  1  0  0
110  3 346584 106495492 2153484 78666296    0    0 171088 78992 235192 1460535 37 37 25  1  0  0
61  4 346584 106493468 2153488 78666296    0    0 162096 74904 230393 1447137 37 37 25  1  0  0
34  6 346584 106480600 2153488 78666328    0    0 154256 70300 228674 1439094 37 37 25  1  0  0
