procs -----------memory---------- ---swap-- -----io---- -system-- -------cpu-------
 r  b   swpd   free   buff  cache   si   so    bi    bo   in   cs us sy id wa st gu
 7  0  70000 106730468 2242204 41134964   20   24 205775 192313 31919   34 18  3 76  3  0  0
92  3  70000 105704840 2242208 41135048    0    0 27232 422516 383358 639056 14 18 68  0  0  0
154  1  70000 102959000 2242208 41135060    0    0 23568 467952 790812 756550 17 73 10  0  0  0
226  1  70000 101092432 2242284 41135056    0    0 19568 347276 471236 884984 45 51  5  0  0  0
417  0  70000 100676376 2242284 41135124    0    0  7648 343500 348629 1062426 82 17  0  0  0  0
374  0  70000 100375796 2242284 41135204    0    0  3552 607596 270126 1188711 80 19  1  0  0  0
468  0  70000 100082580 2242284 41135224    0    0  3040 603756 288460 1262795 79 20  1  0  0  0
310  0  70000 99848028 2242284 41135236    0    0  4112 601824 311367 1274184 79 20  1  0  0  0
102  0  70000 99648500 2242284 41135248    0    0  3360 603956 235280 1267855 79 20  1  0  0  0
638  0  70000 99501820 2242284 41135292    0    0  4416 606252 228278 1304803 79 20  1  0  0  0
544  0  70000 99386464 2242284 41135304    0    0  3888 606084 247589 1267665 80 20  1  0  0  0
681  0  70000 99284128 2242284 41135324    0    0  5104 531300 320427 1248086 79 20  1  0  0  0
468  0  70000 99225660 2242284 41135336    0    0  3488 530944 242004 1306458 79 19  2  0  0  0
554  0  70000 99198272 2242284 41135348    0    0  4272 543344 206724 1238725 80 19  1  0  0  0
701  0  70000 99195868 2242284 41135360    0    0  3680 520864 231847 1280575 80 19  1  0  0  0
353  0  70000 99172496 2242284 41135368    0    0  3776 534792 241157 1303159 80 19  1  0  0  0
583  0  70000 99169068 2242284 41135388    0    0  7360 550640 221583 1293821 79 20  1  0  0  0
369  0  70000 99147524 2242284 41135400    0    0  2304 528752 229364 1331855 79 19  2  0  0  0
585  2  70000 99144884 2242284 41135416    0    0  2736 545212 227303 1332794 79 19  1  0  0  0
476  0  70000 99143440 2242284 41135420    0    0  3696 534004 201524 1237751 80 19  0  0  0  0
693  1  70000 99136296 2242284 41135432    0    0  4000 554824 214072 1286968 80 19  1  0  0  0
procs -----------memory---------- ---swap-- -----io---- -system-- -------cpu-------
 r  b   swpd   free   buff  cache   si   so    bi    bo   in   cs us sy id wa st gu
477  0  70000 99131272 2242284 41135444    0    0  6592 523972 215718 1398872 80 19  1  0  0  0
579  0  70000 99136568 2242284 41135460    0    0  1488 556424 215984 1302065 80 19  1  0  0  0
269  0  70000 99129580 2242284 41135468    0    0  2992 514484 212015 1293970 80 19  1  0  0  0
627  0  70000 99126108 2242284 41135480    0    0  3936 541016 214784 1300491 79 20  1  0  0  0
361  0  70000 99127628 2242284 41135492    0    0  2736 544204 206642 1248699 80 19  0  0  0  0
351  0  70000 99123440 2242284 41135512    0    0  4272 535872 204827 1251840 80 19  1  0  0  0
712  0  70000 99119852 2242284 41135524    0    0  4288 545788 213201 1271075 79 20  1  0  0  0
531  0  70000 99126140 2242284 41135536    0    0  3648 544360 207956 1255005 80 19  0  0  0  0
450  0  70000 99120688 2242284 41135548    0    0  4368 540396 206411 1240393 80 19  1  0  0  0
579  1  70000 99121940 2242284 41135560    0    0  3904 546448 221966 1286855 79 19  1  0  0  0
151  0  70000 99116140 2242284 41135576    0    0  3392 568088 217938 1288049 79 20  1  0  0  0
275  0  70000 99119704 2242284 41135592    0    0  2896 504024 213435 1318090 80 20  1  0  0  0
327  2  70000 99124756 2242284 41135608    0    0  3584 534772 210890 1278338 80 20  1  0  0  0
756  0  70000 99125108 2242284 41135620    0    0  3312 565492 205174 1242830 81 19  0  0  0  0
649  1  70000 99127728 2242284 41135636    0    0  3808 545584 202759 1227299 81 19  0  0  0  0
620  0  70000 99117292 2242284 41135644    0    0  3792 567716 223354 1282999 80 19  0  0  0  0
463  0  70000 99114912 2242284 41135660    0    0  3312 558192 216529 1280541 80 19  1  0  0  0
534  0  70000 99111020 2242284 41135672    0    0  3696 577472 214218 1284576 80 19  0  0  0  0
634  0  70000 99110592 2242284 41135684    0    0  2720 544336 208514 1268432 80 19  1  0  0  0
759  0  70000 99100708 2242284 41135700    0    0  3904 591172 210659 1253014 81 19  0  0  0  0
560  0  70000 99095200 2242284 41135708    0    0  3824 574056 212953 1270701 80 19  1  0  0  0
procs -----------memory---------- ---swap-- -----io---- -system-- -------cpu-------
 r  b   swpd   free   buff  cache   si   so    bi    bo   in   cs us sy id wa st gu
669  0  70000 99088648 2242288 41135720    0    0  3728 562420 217340 1285587 80 20  1  0  0  0
365  1  70000 99089352 2242288 41135740    0    0  3472 555340 210536 1271759 80 20  0  0  0  0
391  0  70000 99089816 2242288 41135752    0    0  2416 609748 213467 1318960 80 20  1  0  0  0
607  0  70000 99093868 2242288 41135764    0    0  4160 581904 205741 1244594 80 20  0  0  0  0
615  0  70000 99085256 2242288 41135772    0    0  2976 609580 213513 1268161 80 20  0  0  0  0
325  0  70000 99088464 2242288 41135792    0    0  4640 551032 207527 1257565 81 19  1  0  0  0
298  2  70000 99085976 2242288 41135804    0    0  6208 595664 211844 1371795 80 19  1  0  0  0
429  0  70000 99086764 2242288 41135812    0    0  1520 570532 212163 1275011 80 19  0  0  0  0
230  5  70000 99079508 2242288 41135828    0    0  4752 550180 214411 1287654 80 19  1  0  0  0
328  1  70000 99071304 2242288 41135836    0    0  2752 584936 211503 1263404 80 19  1  0  0  0
705  0  70000 99061676 2242292 41135848    0    0  4144 628720 216513 1273708 80 20  0  0  0  0
504  1  70000 99054796 2242292 41135864    0    0  3552 535604 202030 1240039 81 19  0  0  0  0
157  0  70000 99060160 2242292 41135876    0    0  4976 662768 208464 1252156 81 19  0  0  0  0
363  0  70000 99062512 2242292 41135888    0    0  4032 500080 211115 1285112 80 20  1  0  0  0
682  0  70000 99057840 2242292 41135900    0    0  3888 601320 209640 1280973 80 19  1  0  0  0
531  0  70000 99056780 2242296 41135912    0    0  4224 599532 220032 1297938 80 19  1  0  0  0
695  0  70000 99056508 2242296 41135928    0    0  2352 595008 218012 1293636 79 19  1  0  0  0
555  0  70000 99057964 2242296 41135944    0    0  4880 549744 216191 1294008 80 19  1  0  0  0
498  0  70000 99057880 2242296 41135956    0    0  3488 641244 215846 1285036 80 20  1  0  0  0
468  0  70000 99046860 2242296 41135968    0    0  4176 608352 215572 1301156 80 20  0  0  0  0
705  0  70000 99047288 2242296 41135984    0    0  4272 471968 207188 1258797 80 19  0  0  0  0
procs -----------memory---------- ---swap-- -----io---- -system-- -------cpu-------
 r  b   swpd   free   buff  cache   si   so    bi    bo   in   cs us sy id wa st gu
393  0  70000 99047156 2242296 41135992    0    0  4160 595540 210630 1251815 80 20  1  0  0  0
685  1  70000 99037580 2242296 41136008    0    0  4480 651372 210219 1272635 80 20  1  0  0  0
609  0  70000 99035592 2242296 41136092    0    0  3568 567756 208783 1286228 80 19  0  0  0  0
644  0  70000 99039312 2242296 41136104    0    0  3872 625284 214087 1262979 80 19  1  0  0  0
680  0  70000 99041968 2242296 41136124    0    0  4368 523564 211139 1276925 80 20  1  0  0  0
703  0  70000 99035200 2242296 41136132    0    0  6352 601736 214216 1267395 80 19  1  0  0  0
645  0  70000 99038384 2242296 41136152    0    0  2736 602280 216760 1306774 80 20  1  0  0  0
568  0  70000 99034448 2242296 41136164    0    0  2752 580748 206462 1263433 80 19  0  0  0  0
364  0  70000 99024344 2242296 41136172    0    0  3888 637408 212657 1278966 80 19  1  0  0  0
691  0  70000 99019208 2242296 41136180    0    0  2976 568016 208580 1267774 80 19  0  0  0  0
679  0  70000 99030908 2242296 41136200    0    0  3248 571512 209780 1320180 80 19  1  0  0  0
601  0  70000 99026044 2242296 41136208    0    0  3968 600820 217850 1302112 80 19  0  0  0  0
595  2  70000 99029480 2242296 41136220    0    0  3936 587620 207406 1337092 80 19  1  0  0  0
672  0  70000 99035092 2242296 41136232    0    0  5392 574976 223153 1284932 79 20  2  0  0  0
467  3  70000 99040408 2242300 41136240    0    0  5600 634444 214878 1263572 79 20  1  0  0  0
302  4  70000 99031020 2242300 41136260    0    0  3104 691696 215495 1291096 80 19  1  0  0  0
271  0  70000 99028484 2242300 41136276    0    0  3536 542480 210050 1263357 80 19  1  0  0  0
560  1  70000 99034120 2242300 41136292    0    0  5008 540180 227940 1276302 80 20  0  0  0  0
667  0  70000 99029228 2242300 41136304    0    0  3888 646248 210604 1250610 80 19  1  0  0  0
685  0  70000 99028104 2242304 41136308    0    0  4128 634184 216774 1292981 80 20  1  0  0  0
640  0  70000 99018860 2242304 41136328    0    0  3760 504024 212565 1263301 80 20  0  0  0  0
procs -----------memory---------- ---swap-- -----io---- -system-- -------cpu-------
 r  b   swpd   free   buff  cache   si   so    bi    bo   in   cs us sy id wa st gu
227  2  70000 99006788 2242304 41136340    0    0  4048 576816 234519 1297004 79 20  1  0  0  0
609  0  70000 99007728 2242304 41136352    0    0  4496 675440 211117 1237236 80 20  0  0  0  0
568  0  70000 99004256 2242304 41136368    0    0  3920 613380 236915 1320539 80 20  1  0  0  0
500  0  70000 98956680 2242304 41136380    0    0  3808 577076 623334 1232376 79 21  1  0  0  0
643  0  70000 98896992 2242308 41136388    0    0  7184 620908 1282145 1136198 76 24  0  0  0  0
680  0  70000 98863684 2242308 41136400    0    0  7024 533380 982734 1172631 75 24  0  0  0  0
758  0  70000 98809212 2242308 41136416    0    0  1008 636204 1035143 1167448 76 24  0  0  0  0
489  1  70000 98795248 2242308 41136428    0    0  1440 617392 325988 1281309 77 22  0  0  0  0
572  0  70000 98812176 2242308 41136440    0    0  1280 695504 281747 1258704 78 21  0  0  0  0
592  0  70000 98884912 2242308 41136452    0    0  1936 660612 264217 1268671 79 21  0  0  0  0
704  0  70000 98920428 2242308 41136464    0    0  2864 784900 229409 1305989 79 21  0  0  0  0
626  0  70000 98923280 2242308 41136480    0    0  3808 616956 252431 1259434 79 20  0  0  0  0
493  0  70000 98921748 2242308 41136496    0    0  3648 681492 243818 1245960 79 21  0  0  0  0
485  0  70000 98922752 2242308 41136508    0    0  3952 643292 227248 1287122 79 20  1  0  0  0
463  1  70000 98937632 2242308 41136516    0    0  5008 524488 236440 1256146 79 20  0  0  0  0
659  0  70000 98941672 2242308 41136536    0    0  3696 639676 231427 1246274 80 20  0  0  0  0
619  0  70000 98925492 2242308 41136548    0    0  3152 646688 220329 1274671 80 20  1  0  0  0
467  0  70000 98937188 2242308 41136564    0    0  1424 644164 224023 1305843 79 20  1  0  0  0
630  2  70000 98928388 2242308 41136572    0    0  3920 656220 226453 1269130 80 19  0  0  0  0
368  0  70000 98921808 2242308 41136584    0    0  5680 681524 226393 1355648 79 20  1  0  0  0
745  1  70000 98914116 2242308 41136592    0    0  3680 560304 222265 1279562 80 20  0  0  0  0
procs -----------memory---------- ---swap-- -----io---- -system-- -------cpu-------
 r  b   swpd   free   buff  cache   si   so    bi    bo   in   cs us sy id wa st gu
441  0  70000 98899056 2242308 41136612    0    0  3184 660088 217237 1283840 79 20  1  0  0  0
484  2  70000 98917400 2242308 41136616    0    0  4128 696928 230571 1283704 79 20  1  0  0  0
444  1  70000 98917980 2242308 41136636    0    0  7616 652836 222444 1264142 79 20  1  0  0  0
526  0  70000 98924108 2242308 41136648    0    0  2752 532200 218710 1256948 79 20  1  0  0  0
697  0  70000 98926772 2242308 41136664    0    0   880 669080 218325 1328282 79 20  1  0  0  0
607  1  70000 98934352 2242308 41136668    0    0  3616 568772 233408 1228783 80 20  0  0  0  0
675  0  70000 98931056 2242308 41136688    0    0  3520 683260 212367 1240241 80 19  1  0  0  0
590  1  70000 98941480 2242308 41136700    0    0  4688 530592 227799 1252275 79 20  1  0  0  0
625  0  70000 98924620 2242308 41136712    0    0  3760 643836 228369 1236340 80 20  0  0  0  0
510  1  70000 98924396 2242308 41136728    0    0  4576 580756 222874 1256195 80 20  1  0  0  0
579  0  70000 98916984 2242308 41136736    0    0  2608 654956 225394 1267849 80 20  0  0  0  0
509  0  70000 98907832 2242308 41136752    0    0  4592 648080 218232 1280818 79 20  1  0  0  0
638  0  70000 98915464 2242308 41136764    0    0  4544 562012 220999 1266222 80 20  1  0  0  0
534  4  70000 98914072 2242308 41136772    0    0  3104 656332 225465 1259658 79 20  1  0  0  0
669  0  70000 98903548 2242308 41136796    0    0  4592 580428 205870 1235657 80 19  1  0  0  0
664  0  70000 98897360 2242308 41136808    0    0  3280 596216 217795 1261697 80 20  0  0  0  0
365  0  70000 98895116 2242308 41136808    0    0  3344 560344 221998 1262795 80 20  0  0  0  0
303  0  70000 98892472 2242308 41136832    0    0  3984 717496 216043 1274573 80 20  0  0  0  0
712  0  70000 98884716 2242308 41136840    0    0  3776 602540 214369 1313960 80 20  0  0  0  0
482  0  70000 98888444 2242308 41136856    0    0  2784 578432 220953 1270307 79 20  1  0  0  0
665  0  70000 98897756 2242308 41136952    0    0  3616 605664 217149 1245719 80 20  0  0  0  0
procs -----------memory---------- ---swap-- -----io---- -system-- -------cpu-------
 r  b   swpd   free   buff  cache   si   so    bi    bo   in   cs us sy id wa st gu
492  1  70000 98899300 2242308 41137092    0    0  3136 694636 210235 1233639 80 20  0  0  0  0
446  0  70000 98892640 2242308 41137100    0    0  1024 581012 218900 1287026 80 20  0  0  0  0
410  1  70000 98885416 2242308 41137112    0    0  3712 583080 209171 1282989 80 20  0  0  0  0
555  2  70000 98885876 2242308 41137132    0    0  2752 643272 219999 1264165 80 20  0  0  0  0
473  0  70000 98877852 2242308 41137144    0    0  4960 592468 213302 1276361 80 19  0  0  0  0
422  0  70000 98879776 2242308 41137152    0    0  5632 730460 218944 1379314 80 20  0  0  0  0
555  0  70000 98889164 2242308 41137160    0    0  3168 559924 219246 1276594 79 20  1  0  0  0
585  2  70000 98891448 2242308 41137172    0    0  4448 679596 217488 1240174 79 20  1  0  0  0
457  0  70000 98879064 2242308 41137192    0    0  3760 564112 207093 1258137 80 20  0  0  0  0
487  1  70000 98890616 2242308 41137204    0    0  2864 647564 216380 1259766 80 20  0  0  0  0
359  0  70000 98884452 2242308 41137216    0    0  1472 613672 216093 1270202 80 20  0  0  0  0
662  0  70000 98876608 2242308 41137232    0    0  4016 541456 217072 1229032 80 20  0  0  0  0
49  4  70000 98866668 2242312 41137236    0    0  3168 672484 215595 1279047 80 20  1  0  0  0
585  0  70000 98871316 2242312 41137264    0    0  7392 769316 246037 1311575 78 20  2  0  0  0
586  0  70000 98868936 2242312 41137268    0    0  2416 452988 204957 1253583 80 19  0  0  0  0
610  0  70000 98870300 2242312 41137276    0    0  3040 562924 214981 1243306 80 19  0  0  0  0
638  0  70000 98857932 2242312 41137284    0    0  3232 718036 218664 1315658 79 20  1  0  0  0
424  0  70000 98875612 2242312 41137300    0    0  3456 486572 221188 1243747 80 20  0  0  0  0
534  0  70000 98867392 2242312 41137312    0    0  4400 695352 217741 1276444 80 20  1  0  0  0
246  1  70000 98861120 2242312 41137328    0    0  2368 644044 211841 1280908 80 20  1  0  0  0
637  2  70000 98872500 2242312 41137344    0    0  4144 581904 231623 1240455 80 20  0  0  0  0
procs -----------memory---------- ---swap-- -----io---- -system-- -------cpu-------
 r  b   swpd   free   buff  cache   si   so    bi    bo   in   cs us sy id wa st gu
360  2  70000 98871160 2242312 41137364    0    0  4288 696412 231932 1314847 79 20  1  0  0  0
693  1  70000 98861396 2242312 41137372    0    0  4400 560868 205899 1242065 80 19  0  0  0  0
493  0  70000 98866328 2242312 41137384    0    0  3744 624856 214194 1270364 80 20  1  0  0  0
659  1  70000 98874800 2242312 41137400    0    0  4240 639512 218761 1318883 79 20  1  0  0  0
651  0  70000 98873076 2242312 41137408    0    0  5552 521984 216443 1305574 80 19  1  0  0  0
674  0  70000 98885924 2242312 41137420    0    0  2816 751516 222617 1264295 80 20  1  0  0  0
564  0  70000 98881308 2242312 41137432    0    0  3632 552808 207421 1252040 80 20  0  0  0  0
541  0  70000 98881392 2242312 41137448    0    0  1936 624148 211944 1269801 80 20  1  0  0  0
408  0  70000 98881444 2242312 41137464    0    0  4896 704484 219896 1274096 80 20  1  0  0  0
689  1  70000 98875828 2242312 41137480    0    0  3536 491608 204588 1247241 80 19  0  0  0  0
306  0  70000 98883140 2242312 41137492    0    0  3760 618424 215429 1245386 80 19  0  0  0  0
386  0  70000 98876340 2242312 41137496    0    0  7344 752916 201502 1415212 80 19  0  0  0  0
492  0  70000 98871508 2242312 41137508    0    0  4864 526592 214728 1263950 80 19  0  0  0  0
737  0  70000 98870420 2242312 41137524    0    0  3312 613844 224734 1287009 80 20  0  0  0  0
678  0  70000 98861868 2242312 41137536    0    0  3360 641580 223247 1267990 80 20  1  0  0  0
582  0  70000 98860872 2242312 41137548    0    0  3648 536356 214343 1240110 80 20  0  0  0  0
464  2  70000 98855576 2242316 41137556    0    0  5168 630220 215299 1248560 79 20  0  0  0  0
496  0  70000 98848268 2242316 41137572    0    0  2592 683800 223461 1268715 80 20  0  0  0  0
501  2  70000 98843064 2242316 41137588    0    0  3824 511380 221029 1271359 80 20  0  0  0  0
535  0  70000 98844404 2242316 41137600    0    0  4400 766552 230285 1314154 79 20  1  0  0  0
690  1  70000 98826956 2242316 41137612    0    0  3408 581740 216722 1281685 80 20  0  0  0  0
procs -----------memory---------- ---swap-- -----io---- -system-- -------cpu-------
 r  b   swpd   free   buff  cache   si   so    bi    bo   in   cs us sy id wa st gu
527  0  70000 98836200 2242316 41137620    0    0  3712 621416 222160 1256361 80 20  0  0  0  0
685  0  70000 98838284 2242316 41137632    0    0  4768 662716 226157 1281371 79 20  1  0  0  0
680  0  70000 98843304 2242316 41137652    0    0  3200 558004 208776 1249232 80 20  0  0  0  0
546  0  70000 98843448 2242316 41137664    0    0  3056 632992 214540 1245696 79 20  1  0  0  0
503  0  70000 98841440 2242316 41137676    0    0  4176 668268 215726 1254899 80 20  0  0  0  0
372  1  70000 98842168 2242316 41137684    0    0  3280 591748 216653 1252907 80 20  1  0  0  0
646  0  70000 98837388 2242316 41137696    0    0  4272 676348 204058 1213164 80 19  0  0  0  0
613  0  70000 98843848 2242316 41137712    0    0  5824 604592 225031 1272404 79 20  1  0  0  0
637  0  70000 98843800 2242316 41137728    0    0  3600 575060 222807 1256828 79 20  1  0  0  0
577  0  70000 98841136 2242316 41137740    0    0  3728 670280 227736 1274399 78 20  1  0  0  0
457  0  70000 98837300 2242316 41137752    0    0  2928 618232 220468 1282896 79 20  1  0  0  0
512  0  70000 98822968 2242316 41137764    0    0  3776 521716 215099 1287161 80 20  0  0  0  0
497  0  70000 98833828 2242316 41137780    0    0  6048 660540 251164 1284755 79 20  0  0  0  0
699  0  70000 98833700 2242316 41137788    0    0  3680 663704 216923 1277801 79 20  1  0  0  0
644  0  70000 98839168 2242316 41137804    0    0  2176 515068 216812 1293338 80 20  0  0  0  0
587  0  70000 98829748 2242320 41137812    0    0  4448 695940 229560 1277852 79 20  1  0  0  0
671  0  70000 98825456 2242320 41137824    0    0  2816 627212 223230 1278238 80 20  0  0  0  0
698  0  70000 98824416 2242320 41137904    0    0  3744 642488 224281 1247261 80 20  0  0  0  0
387  0  70000 98823880 2242320 41137924    0    0  7040 689788 220581 1265145 79 20  1  0  0  0
311  0  70000 98827988 2242320 41137940    0    0  1360 638924 233420 1295067 80 20  1  0  0  0
537  0  70000 98817684 2242320 41137948    0    0  4128 506464 199803 1291046 80 19  0  0  0  0
procs -----------memory---------- ---swap-- -----io---- -system-- -------cpu-------
 r  b   swpd   free   buff  cache   si   so    bi    bo   in   cs us sy id wa st gu
389  0  70000 98811672 2242320 41137964    0    0  4704 720372 223630 1298219 80 20  1  0  0  0
683  0  70000 98821016 2242320 41137976    0    0  2272 626004 209381 1261427 80 20  0  0  0  0
589  1  70000 98823824 2242320 41137992    0    0  3200 585700 214158 1263947 80 19  0  0  0  0
293  0  70000 98825120 2242320 41138008    0    0  3840 705696 221938 1273225 79 20  1  0  0  0
536  0  70000 98827340 2242320 41138012    0    0  5856 623956 213247 1275821 80 20  1  0  0  0
685  0  70000 98826776 2242320 41138024    0    0  5440 630300 217514 1274654 80 20  1  0  0  0
700  0  70000 98827584 2242320 41138040    0    0  1776 615508 210514 1297363 80 20  1  0  0  0
648  0  70000 98834520 2242320 41138060    0    0  2768 630828 211823 1267738 80 19  1  0  0  0
634  0  70000 98831220 2242320 41138076    0    0  4688 602036 223571 1314508 80 20  1  0  0  0
576  0  70000 98842480 2242320 41138088    0    0  4352 605012 219005 1287411 80 20  1  0  0  0
567  0  70000 98838328 2242320 41138108    0    0  4592 631408 217216 1296647 79 20  1  0  0  0
657  0  70000 98845388 2242320 41138116    0    0  4928 652780 217296 1293492 80 20  1  0  0  0
397  0  70000 98846756 2242320 41138132    0    0  3600 627276 216923 1279479 80 19  1  0  0  0
688  0  70000 98854896 2242320 41138152    0    0  3792 620560 210548 1255651 81 19  0  0  0  0
636  0  70000 98849516 2242320 41138164    0    0  2224 631176 207857 1265120 80 19  1  0  0  0
445  0  70000 98860564 2242320 41138172    0    0  3584 623992 216025 1294899 80 20  1  0  0  0
654  0  70000 98860076 2242320 41138192    0    0  3632 620808 217384 1292831 80 19  1  0  0  0
665  0  70000 98862804 2242320 41138204    0    0  3792 596272 222033 1303028 80 20  1  0  0  0
302  0  70000 98855048 2242320 41138216    0    0  3312 659116 220514 1277648 80 20  1  0  0  0
552  0  70000 98853856 2242320 41138224    0    0  2944 625448 213168 1286430 80 20  1  0  0  0
786  0  70000 98846476 2242320 41138236    0    0  4112 623208 211794 1271581 80 19  0  0  0  0
procs -----------memory---------- ---swap-- -----io---- -system-- -------cpu-------
 r  b   swpd   free   buff  cache   si   so    bi    bo   in   cs us sy id wa st gu
751  0  70000 98846112 2242320 41138252    0    0  4784 624400 205980 1244758 81 19  0  0  0  0
588  0  70000 98853548 2242320 41138264    0    0  3952 625016 207528 1240924 80 19  1  0  0  0
573  0  70000 98852044 2242320 41138276    0    0  2160 623948 225221 1258056 80 20  0  0  0  0
306  0  70000 98855936 2242320 41138288    0    0  4112 635212 208442 1252972 80 19  1  0  0  0
413  0  70000 98845088 2242320 41138300    0    0  5280 632948 204730 1305415 81 19  0  0  0  0
324  0  70000 98846300 2242320 41138308    0    0  6288 629580 200458 1349983 80 19  0  0  0  0
594  0  70000 98831772 2242320 41138324    0    0  3648 627888 226876 1285544 80 20  1  0  0  0
558  0  70000 98828352 2242320 41138336    0    0  3008 632052 207361 1229623 81 19  0  0  0  0
359  0  70000 98827940 2242320 41138356    0    0  4224 630104 213876 1257579 80 19  0  0  0  0
607  0  70000 98838664 2242320 41138364    0    0  3296 630624 213209 1290313 80 19  0  0  0  0
512  0  70000 98833812 2242320 41138376    0    0  3360 630564 212619 1269111 80 20  0  0  0  0
655  0  70000 98838004 2242320 41138388    0    0  3744 630216 223133 1314954 79 20  1  0  0  0
508  0  70000 98837856 2242320 41138412    0    0  4928 628128 215506 1278529 80 20  1  0  0  0
818  0  70000 98828144 2242320 41138412    0    0  2272 618936 213727 1281459 80 19  0  0  0  0
591  0  70000 98829324 2242320 41138432    0    0  3184 640052 216745 1301476 79 20  1  0  0  0
522  0  70000 98837404 2242320 41138444    0    0  4144 628944 211599 1285334 80 19  0  0  0  0
695  0  70000 98833468 2242320 41138460    0    0  4208 630244 211417 1272160 80 19  1  0  0  0
441  0  70000 98843952 2242320 41138472    0    0  4256 627568 210869 1257923 80 19  0  0  0  0
663  0  70000 98835824 2242320 41138484    0    0  3344 631820 212292 1269961 80 20  1  0  0  0
509  0  70000 98833896 2242320 41138492    0    0  3360 629532 210564 1255642 80 19  1  0  0  0
710  0  70000 98830224 2242320 41138508    0    0  3888 633960 236181 1303434 79 20  1  0  0  0
procs -----------memory---------- ---swap-- -----io---- -system-- -------cpu-------
 r  b   swpd   free   buff  cache   si   so    bi    bo   in   cs us sy id wa st gu
443  0  70000 98820296 2242320 41138516    0    0  4736 631464 212363 1259146 80 20  0  0  0  0
444  0  70000 98822336 2242320 41138536    0    0  2096 645412 226378 1288993 79 20  1  0  0  0
640  0  70000 98821552 2242320 41138548    0    0  2928 627648 211653 1265504 80 20  0  0  0  0
628  0  70000 98806812 2242320 41138560    0    0  3264 628688 218161 1262085 79 20  1  0  0  0
457  1  70000 98808800 2242320 41138572    0    0  3328 629288 220054 1255974 80 20  0  0  0  0
644  0  70000 98793572 2242320 41138588    0    0  4800 631408 232079 1311326 79 20  1  0  0  0
469  0  70000 98780400 2242320 41138604    0    0  4064 638252 224774 1304351 79 20  1  0  0  0
486  0  70000 98779908 2242324 41138616    0    0  3152 628140 216057 1286979 79 20  1  0  0  0
553  0  70000 98766684 2242324 41138628    0    0  1456 630276 213762 1282163 80 20  0  0  0  0
666  0  70000 98760968 2242324 41138640    0    0  3248 628932 225741 1333797 79 20  1  0  0  0
237  0  70000 98752416 2242324 41138648    0    0  4032 630760 202504 1227212 80 19  1  0  0  0
717  0  70000 98763304 2242324 41138660    0    0  3968 629204 212779 1338494 79 20  1  0  0  0
606  1  70000 98749324 2242324 41138680    0    0  3040 630512 215376 1278079 80 20  0  0  0  0
725  0  70000 98755556 2242324 41138760    0    0  4224 630560 225649 1277143 79 20  1  0  0  0
571  0  70000 98757500 2242324 41138772    0    0  4448 630492 224670 1278609 80 20  0  0  0  0
544  0  70000 98793552 2242324 41138784    0    0  2608 627392 229298 1311566 79 20  1  0  0  0
372  0  70000 98792896 2242324 41138804    0    0  3744 626304 222909 1271604 79 20  1  0  0  0
541  0  70000 98807756 2242324 41138820    0    0  3648 629920 222281 1283577 80 20  0  0  0  0
668  0  70000 98799152 2242324 41138832    0    0  4016 629736 220981 1321087 79 20  1  0  0  0
661  0  70000 98793604 2242324 41138844    0    0  3088 624868 218211 1288972 80 19  1  0  0  0
638  0  70000 98793120 2242324 41138856    0    0  3472 629640 216439 1245309 80 20  1  0  0  0
procs -----------memory---------- ---swap-- -----io---- -system-- -------cpu-------
 r  b   swpd   free   buff  cache   si   so    bi    bo   in   cs us sy id wa st gu
595  0  70000 98787280 2242324 41138868    0    0  2976 637280 212898 1270819 79 20  1  0  0  0
690  0  70000 98780476 2242328 41138888    0    0  3584 626504 219883 1278099 80 20  0  0  0  0
707  0  70000 98784344 2242328 41138896    0    0  6352 627104 237129 1264720 80 20  0  0  0  0
470  0  70000 98777252 2242328 41138908    0    0  2464 631256 208583 1258184 80 20  0  0  0  0
271  0  70000 98773560 2242328 41138920    0    0  3648 627116 225622 1244264 80 19  0  0  0  0
550  0  70000 98766384 2242328 41138932    0    0  2112 629276 209822 1258018 80 20  0  0  0  0
692  0  70000 98767136 2242328 41138948    0    0  3232 626520 228187 1280243 80 20  0  0  0  0
500  0  70000 98758996 2242328 41138960    0    0  4176 630596 217703 1309282 79 20  1  0  0  0
568  0  70000 98760536 2242328 41138972    0    0  2224 634784 216252 1282481 80 20  0  0  0  0
421  0  70000 98766132 2242328 41138980    0    0  3456 631112 222164 1274914 80 20  0  0  0  0
654  0  70000 98762140 2242328 41138992    0    0  2000 630260 214738 1313429 80 20  1  0  0  0
638  0  70000 98754764 2242328 41139008    0    0  4336 625920 223327 1291131 80 19  1  0  0  0
570  0  70000 98772276 2242328 41139020    0    0  3072 627840 224474 1293803 79 20  1  0  0  0
736  0  70000 98775592 2242328 41139032    0    0  4272 625360 222573 1302030 79 20  1  0  0  0
403  0  70000 98772224 2242328 41139044    0    0  2992 625860 222357 1285759 79 20  0  0  0  0
372  0  70000 98770612 2242328 41139056    0    0  1792 632268 219923 1289170 80 20  0  0  0  0
320  0  70000 98772596 2242328 41139068    0    0  5024 631884 217237 1329807 80 20  0  0  0  0
416  0  70000 98775888 2242328 41139080    0    0  5440 635712 205970 1310405 81 19  0  0  0  0
470  0  70000 98765512 2242328 41139092    0    0  2640 630552 218713 1262352 80 20  0  0  0  0
526  0  70000 98761948 2242328 41139104    0    0  3328 627848 216432 1282375 80 19  0  0  0  0
611  0  70000 98760020 2242328 41139116    0    0  3696 627040 212976 1259619 80 19  1  0  0  0
procs -----------memory---------- ---swap-- -----io---- -system-- -------cpu-------
 r  b   swpd   free   buff  cache   si   so    bi    bo   in   cs us sy id wa st gu
774  1  70000 98748984 2242328 41139132    0    0  4256 625388 218927 1300699 80 20  1  0  0  0
200  0  70000 98744716 2242328 41139144    0    0  2880 626020 207835 1256601 80 19  0  0  0  0
564  1  70000 98757924 2242328 41139160    0    0  5008 623120 216232 1259107 79 20  1  0  0  0
446  0  70000 98754284 2242328 41139172    0    0  2864 632028 217956 1309419 80 20  1  0  0  0
469  0  70000 98767252 2242328 41139184    0    0  3760 642136 213361 1233174 80 19  0  0  0  0
534  0  70000 98760800 2242332 41139196    0    0  4304 641528 214149 1275474 80 20  0  0  0  0
348  0  70000 98768016 2242332 41139220    0    0  3024 618040 216818 1290263 80 19  0  0  0  0
677  0  70000 98768304 2242332 41139228    0    0  3952 648820 220763 1306926 80 20  1  0  0  0
617  0  70000 98779856 2242332 41139240    0    0  3680 638500 221505 1264800 80 20  0  0  0  0
474  0  70000 98770008 2242332 41139252    0    0  4784 637508 216332 1285760 80 20  1  0  0  0
520  0  70000 98768340 2242332 41139264    0    0  2864 638700 213900 1241098 80 20  0  0  0  0
467  0  70000 98770880 2242332 41139280    0    0  2480 634456 216058 1287077 80 20  1  0  0  0
662  0  70000 98778008 2242332 41139296    0    0  2032 639484 207043 1239810 80 20  0  0  0  0
343  0  70000 98771044 2242332 41139308    0    0  4528 635052 211944 1266260 80 19  1  0  0  0
717  0  70000 98787500 2242332 41139316    0    0  3648 636396 213311 1276230 80 20  0  0  0  0
371  0  70000 98778236 2242332 41139328    0    0  4160 634344 211238 1272097 80 19  0  0  0  0
674  0  70000 98782784 2242332 41139344    0    0  2384 633088 212305 1296857 80 20  0  0  0  0
699  0  70000 98782896 2242332 41139360    0    0  3760 630620 211849 1260666 80 19  1  0  0  0
747  0  70000 98781496 2242332 41139368    0    0  3472 629748 213329 1271843 81 19  0  0  0  0
409  1  70000 98786824 2242332 41139380    0    0  3520 638260 223963 1265646 80 20  0  0  0  0
399  0  70000 98776952 2242332 41139396    0    0  2992 622204 214457 1294465 80 20  0  0  0  0
procs -----------memory---------- ---swap-- -----io---- -system-- -------cpu-------
 r  b   swpd   free   buff  cache   si   so    bi    bo   in   cs us sy id wa st gu
346  0  70000 98773500 2242332 41139412    0    0  3888 627512 217341 1287237 80 20  1  0  0  0
309  0  70000 98772760 2242332 41139428    0    0  3456 645192 232998 1298225 80 19  0  0  0  0
512  0  70000 98781916 2242332 41139432    0    0  5248 659236 213722 1303986 81 19  0  0  0  0
566  0  70000 98784100 2242332 41139440    0    0  5888 599824 201385 1354480 80 19  0  0  0  0
674  0  70000 98774512 2242332 41139452    0    0  2992 625004 208742 1273398 80 19  0  0  0  0
509  0  70000 98770244 2242332 41139468    0    0  3488 644668 217292 1300674 80 19  0  0  0  0
680  0  70000 98780544 2242332 41139480    0    0  3872 623576 213335 1273934 80 19  1  0  0  0
471  0  70000 98783360 2242332 41139496    0    0  3648 653332 215465 1289763 80 19  0  0  0  0
692  0  70000 98787540 2242332 41139508    0    0  4288 593760 212504 1273615 80 19  1  0  0  0
274  0  70000 98786212 2242332 41139520    0    0  4336 638136 223113 1301068 80 20  1  0  0  0
277  0  70000 98779196 2242332 41139604    0    0  3184 627516 211932 1263030 80 20  1  0  0  0
556  1  70000 98784276 2242332 41139616    0    0  2912 738456 217630 1315236 80 20  0  0  0  0
405  0  70000 98782168 2242340 41139632    0    0  3776 541868 212872 1281395 80 20  0  0  0  0
745  0  70000 98777764 2242340 41139644    0    0  2816 613164 217196 1287396 80 20  0  0  0  0
355  0  70000 98768220 2242340 41139652    0    0  3424 684652 217323 1317200 80 20  1  0  0  0
633  0  70000 98768436 2242340 41139664    0    0  3856 528832 205161 1265270 80 19  0  0  0  0
338  0  70000 98773948 2242340 41139688    0    0  2928 658204 209797 1260381 81 19  0  0  0  0
689  1  70000 98770208 2242340 41139700    0    0  5232 662224 213862 1268060 80 20  0  0  0  0
638  0  70000 98767332 2242340 41139712    0    0  3552 613440 207686 1249287 80 19  0  0  0  0
596  0  70000 98775100 2242340 41139724    0    0  3280 633732 218262 1318602 80 20  1  0  0  0
677  0  70000 98774804 2242340 41139736    0    0  5104 655124 211793 1261403 80 19  1  0  0  0
procs -----------memory---------- ---swap-- -----io---- -system-- -------cpu-------
 r  b   swpd   free   buff  cache   si   so    bi    bo   in   cs us sy id wa st gu
635  0  70000 98783220 2242340 41139748    0    0  4144 630148 213620 1283492 80 20  0  0  0  0
662  0  70000 98782512 2242340 41139772    0    0  2464 606156 211346 1285114 80 20  1  0  0  0
555  2  70000 98785472 2242340 41139780    0    0  4640 635188 217100 1293612 80 19  1  0  0  0
649  0  70000 98782660 2242340 41139792    0    0  2848 620676 214662 1274830 80 19  0  0  0  0
659  1  70000 98777840 2242340 41139804    0    0  3760 651496 219738 1285452 80 20  1  0  0  0
573  0  70000 98764604 2242340 41139816    0    0  8576 613180 209098 1253803 80 19  0  0  0  0
411  0  70000 98766208 2242340 41139832    0    0  2064 716608 211883 1235341 79 20  1  0  0  0
478  0  70000 98774612 2242340 41139844    0    0  1456 608724 215064 1301966 80 19  1  0  0  0
561  0  70000 98787784 2242340 41139856    0    0  3072 612588 212530 1349342 80 19  1  0  0  0
664  1  70000 98790004 2242340 41139860    0    0  3152 659464 223366 1308323 80 20  1  0  0  0
653  0  70000 98784264 2242340 41139876    0    0  3872 561004 209517 1276174 80 19  0  0  0  0
515  0  70000 98783756 2242344 41139888    0    0  4768 734260 215466 1269501 80 20  0  0  0  0
621  0  70000 98783408 2242344 41139912    0    0  3520 591900 211861 1275849 80 19  1  0  0  0
436  0  70000 98787512 2242344 41139916    0    0  4320 635340 217583 1289562 79 20  1  0  0  0
367  1  70000 98779896 2242344 41139928    0    0  2640 683144 218426 1276417 79 20  1  0  0  0
529  0  70000 98776972 2242344 41139944    0    0  4768 607588 214032 1269136 80 19  1  0  0  0
469  0  70000 98780368 2242344 41139952    0    0  3248 605416 213821 1317661 80 20  1  0  0  0
648  0  70000 98786168 2242344 41139968    0    0  5008 588556 214942 1273247 80 19  1  0  0  0
688  0  70000 98785056 2242344 41139980    0    0  4304 699056 215429 1254086 79 20  1  0  0  0
545  0  70000 98781428 2242344 41139988    0    0  5168 650996 215314 1287587 80 20  1  0  0  0
599  0  70000 98775164 2242344 41140004    0    0  3680 601512 212050 1255812 80 19  1  0  0  0
procs -----------memory---------- ---swap-- -----io---- -system-- -------cpu-------
 r  b   swpd   free   buff  cache   si   so    bi    bo   in   cs us sy id wa st gu
409  0  70000 98767964 2242348 41140016    0    0  2304 592420 205298 1242211 80 20  0  0  0  0
227  0  70000 98772144 2242348 41140040    0    0  3264 657556 219379 1294761 80 20  1  0  0  0
569  1  70000 98773360 2242348 41140044    0    0  3344 667736 210505 1247865 80 20  1  0  0  0
546  0  70000 98766032 2242348 41140064    0    0  3968 616900 210729 1272204 80 19  0  0  0  0
443  1  70000 98762856 2242348 41140076    0    0  4208 645212 210938 1273963 80 19  1  0  0  0
469  0  70000 98754864 2242348 41140084    0    0  3680 645684 217699 1309780 80 20  1  0  0  0
341  1  70000 98772340 2242348 41140100    0    0  5520 610152 219667 1280496 80 20  1  0  0  0
386  2  70000 98767180 2242348 41140116    0    0  3728 637596 218083 1299538 80 19  1  0  0  0
539  0  70000 98760576 2242348 41140128    0    0  3888 681812 216512 1287395 80 19  1  0  0  0
595  0  70000 98759404 2242348 41140140    0    0  4464 578484 210769 1279291 80 19  1  0  0  0
614  0  70000 98760872 2242348 41140156    0    0  2912 665500 213414 1280753 80 20  1  0  0  0
709  0  70000 98757824 2242348 41140172    0    0  4480 621188 217400 1277674 80 19  1  0  0  0
463  1  70000 98759688 2242348 41140184    0    0  3792 660160 211424 1264173 81 19  1  0  0  0
426  0  70000 98759592 2242348 41140192    0    0  4768 731960 215624 1301394 80 19  1  0  0  0
295  0  70000 98766664 2242348 41140200    0    0  7088 523344 199123 1395625 80 19  0  0  0  0
577  0  70000 98769528 2242348 41140212    0    0  4048 578296 212825 1274930 80 19  0  0  0  0
639  0  70000 98767540 2242348 41140224    0    0  2560 706028 217314 1330026 80 20  0  0  0  0
353  2  70000 98767600 2242348 41140236    0    0  2928 617500 220062 1296517 80 20  1  0  0  0
743  0  70000 98766732 2242348 41140252    0    0  4176 653424 222710 1285079 79 20  1  0  0  0
688  0  70000 98778628 2242348 41140268    0    0  3824 646296 212847 1260396 80 19  1  0  0  0
695  0  70000 98776232 2242348 41140284    0    0  3696 589836 208752 1260439 80 19  0  0  0  0
procs -----------memory---------- ---swap-- -----io---- -system-- -------cpu-------
 r  b   swpd   free   buff  cache   si   so    bi    bo   in   cs us sy id wa st gu
700  0  70000 98774748 2242348 41140292    0    0  3184 789140 218197 1294878 80 19  0  0  0  0
729  1  70000 98782320 2242348 41140308    0    0  4448 527816 212119 1272562 80 20  1  0  0  0
553  0  70000 98785160 2242348 41140320    0    0  3968 661940 217450 1272072 80 19  1  0  0  0
521  0  70000 98782052 2242348 41140332    0    0  4416 628924 214287 1296484 80 20  0  0  0  0
442  0  70000 98770868 2242348 41140348    0    0  3920 689608 211246 1277834 80 19  0  0  0  0
536  0  70000 98772680 2242348 41140360    0    0  1888 667584 211877 1252346 80 19  0  0  0  0
654  0  70000 98776712 2242348 41140368    0    0  3904 574332 207220 1266705 80 19  0  0  0  0
697  1  70000 98782088 2242348 41140452    0    0  4576 633780 208841 1255470 80 19  0  0  0  0
697  1  70000 98787864 2242348 41140464    0    0  2976 601248 212819 1271034 80 19  0  0  0  0
369  0  70000 98784692 2242348 41140476    0    0  4512 633092 204951 1240489 80 19  1  0  0  0
583  2  70000 98781900 2242348 41140488    0    0  4512 666548 216483 1265334 80 20  1  0  0  0
504  0  70000 98783840 2242348 41140496    0    0  4800 624592 222208 1308783 79 20  1  0  0  0
639  0  70000 98775568 2242348 41140512    0    0  4512 614732 215228 1254907 79 20  1  0  0  0
340  0  70000 98775960 2242348 41140524    0    0  2832 668184 198943 1197886 81 19  0  0  0  0
631  0  70000 98790804 2242348 41140540    0    0  4208 722508 217459 1284980 79 20  1  0  0  0
416  0  70000 98784056 2242348 41140552    0    0  4528 535912 214475 1278669 80 20  1  0  0  0
605  0  70000 98776112 2242348 41140564    0    0  2864 803400 224729 1310158 79 20  1  0  0  0
669  0  70000 98778736 2242348 41140576    0    0  4448 584188 212499 1300373 80 20  0  0  0  0
669  0  70000 98774968 2242348 41140592    0    0  3888 544772 213004 1236084 80 19  0  0  0  0
337  0  70000 98771572 2242352 41140600    0    0  4176 651908 215835 1265233 80 20  1  0  0  0
630  0  70000 98762036 2242352 41140620    0    0  3584 739752 227299 1299349 80 20  1  0  0  0
procs -----------memory---------- ---swap-- -----io---- -system-- -------cpu-------
 r  b   swpd   free   buff  cache   si   so    bi    bo   in   cs us sy id wa st gu
678  1  70000 98756480 2242352 41140628    0    0  4752 678324 221046 1336522 79 20  1  0  0  0
382  0  70000 98753068 2242352 41140640    0    0  4608 536056 210735 1252413 80 20  0  0  0  0
617  0  70000 98743272 2242352 41140660    0    0  4112 683312 208109 1242822 80 19  0  0  0  0
332  0  70000 98735620 2242352 41140660    0    0  2352 633952 212697 1255246 80 19  0  0  0  0
587  0  70000 98727744 2242352 41140680    0    0  3472 697380 212861 1258311 80 19  0  0  0  0
642  0  70000 98711272 2242352 41140700    0    0  3552 532100 215411 1256497 80 19  0  0  0  0
683  1  70000 98703680 2242352 41140704    0    0  4544 700316 219962 1276119 79 19  1  0  0  0
603  0  70000 98694264 2242352 41140724    0    0  3696 597056 214878 1244699 80 20  0  0  0  0
704  0  70000 98690660 2242352 41140728    0    0  2368 649592 220819 1276199 79 20  1  0  0  0
592  0  70000 98686988 2242352 41140748    0    0  3920 677520 213956 1271735 80 19  1  0  0  0
519  0  70000 98676684 2242352 41140764    0    0  2848 643252 211732 1253001 80 19  1  0  0  0
436  0  70000 98679400 2242352 41140776    0    0  4656 555436 213279 1270633 80 20  0  0  0  0
653  0  70000 98669328 2242352 41140784    0    0  2896 661908 209327 1256892 80 20  0  0  0  0
622  0  70000 98668468 2242356 41140804    0    0  3344 628056 216775 1239423 80 19  0  0  0  0
347  0  70000 98659596 2242356 41140820    0    0  4432 763488 220123 1303417 79 20  1  0  0  0
618  0  70000 98692884 2242356 41140836    0    0  5296 661216 224202 1283510 79 20  1  0  0  0
588  0  70000 98702688 2242356 41140856    0    0  3888 521224 214923 1283767 80 20  1  0  0  0
542  0  70000 98700188 2242356 41140864    0    0  3696 727904 218224 1285848 80 19  0  0  0  0
358  0  70000 98700500 2242356 41140880    0    0  3616 623552 205706 1272326 80 19  0  0  0  0
415  0  70000 98703148 2242356 41140892    0    0  3728 570564 216705 1262434 80 19  1  0  0  0
601  0  70000 98699496 2242356 41140896    0    0  2592 613068 216404 1277435 80 20  0  0  0  0
procs -----------memory---------- ---swap-- -----io---- -system-- -------cpu-------
 r  b   swpd   free   buff  cache   si   so    bi    bo   in   cs us sy id wa st gu
547  0  70000 98706204 2242356 41140908    0    0  2576 653480 211712 1251726 80 19  0  0  0  0
495  0  70000 98720100 2242356 41140916    0    0  4688 707896 222232 1310140 79 20  1  0  0  0
531  1  70000 98716700 2242360 41140936    0    0  3696 506312 205195 1240996 80 19  1  0  0  0
504  0  70000 98713816 2242360 41140948    0    0  5376 772844 234394 1318798 79 20  1  0  0  0
712  1  70000 98717256 2242360 41140964    0    0  3184 538704 226161 1255261 80 20  0  0  0  0
477  1  70000 98722684 2242360 41140980    0    0  4160 635544 215360 1277570 80 19  0  0  0  0
422  0  70000 98726956 2242360 41140984    0    0  2992 714292 213267 1320442 80 20  0  0  0  0
675  0  70000 98731060 2242360 41141000    0    0  5472 584484 200780 1391985 80 19  0  0  0  0
580  0  70000 98717712 2242360 41141016    0    0  4944 577060 213658 1274647 80 20  0  0  0  0
493  0  70000 98707304 2242360 41141028    0    0  3680 579584 214998 1260065 80 19  1  0  0  0
458  1  70000 98706904 2242360 41141040    0    0  3552 675604 206907 1259072 80 20  0  0  0  0
634  1  70000 98700156 2242360 41141056    0    0  3984 743448 211305 1264618 80 19  0  0  0  0
474  0  70000 98691436 2242360 41141068    0    0  4064 499984 223390 1252183 80 20  0  0  0  0
448  0  70000 98687036 2242360 41141080    0    0  3680 704556 205908 1246728 80 20  0  0  0  0
508  0  70000 98687820 2242360 41141092    0    0  2256 683012 212570 1245823 80 19  1  0  0  0
681  0  70000 98696612 2242360 41141104    0    0  4784 596296 214419 1269871 80 19  0  0  0  0
307  2  70000 98693880 2242360 41141120    0    0  2960 612008 214602 1279640 80 19  0  0  0  0
272  0  70000 98696960 2242360 41141132    0    0  3088 681724 220388 1265808 80 20  1  0  0  0
537  0  70000 98695832 2242360 41141144    0    0  5136 630584 211723 1272532 80 20  1  0  0  0
351  0  70000 98714596 2242360 41141160    0    0  4048 600464 215460 1259005 80 20  0  0  0  0
519  0  70000 98704980 2242360 41141172    0    0  3808 652488 212133 1274883 80 20  0  0  0  0
procs -----------memory---------- ---swap-- -----io---- -system-- -------cpu-------
 r  b   swpd   free   buff  cache   si   so    bi    bo   in   cs us sy id wa st gu
336  1  70000 98700584 2242360 41141184    0    0  4432 606824 217528 1272709 79 20  1  0  0  0
389  0  70000 98698052 2242360 41141196    0    0  3472 656912 221388 1284125 79 20  1  0  0  0
722  0  70000 98693232 2242360 41141220    0    0  3952 497856 208238 1255481 80 20  0  0  0  0
367  2  70000 98693784 2242360 41141320    0    0  4848 744772 216925 1275371 80 20  0  0  0  0
405  0  70000 98700028 2242360 41141332    0    0  3536 629220 215950 1300086 80 20  1  0  0  0
696  0  70000 98701892 2242360 41141344    0    0  3072 576284 215501 1285128 80 19  0  0  0  0
503  0  70000 98703772 2242360 41141360    0    0  3584 704460 221882 1275855 79 20  1  0  0  0
653  0  70000 98711072 2242360 41141372    0    0  5312 556412 209520 1257910 80 19  0  0  0  0
556  0  70000 98707600 2242360 41141384    0    0  3312 711672 218100 1283110 79 20  1  0  0  0
476  0  70000 98722096 2242360 41141396    0    0  4640 631228 213656 1272780 79 20  1  0  0  0
176  0  70000 98715040 2242360 41141412    0    0  2592 633624 218953 1290306 80 20  1  0  0  0
380  0  70000 98721668 2242360 41141424    0    0  5968 592596 216074 1293177 79 20  1  0  0  0
435  0  70000 98720928 2242360 41141436    0    0  3696 668008 215703 1311128 81 19  0  0  0  0
669  1  70000 98718820 2242360 41141456    0    0  3664 639172 210378 1323328 80 19  0  0  0  0
437  0  70000 98723248 2242360 41141464    0    0  3936 631976 214373 1273211 80 19  1  0  0  0
350  0  70000 98725360 2242360 41141476    0    0  4608 633700 211005 1266391 80 20  0  0  0  0
698  0  70000 98721040 2242360 41141492    0    0  3152 616052 209628 1271978 80 19  0  0  0  0
618  0  70000 98741292 2242360 41141504    0    0  3360 647624 215388 1273279 79 20  1  0  0  0
578  0  70000 98739256 2242360 41141520    0    0  2544 635052 213912 1277859 80 19  1  0  0  0
604  0  70000 98738892 2242360 41141528    0    0  2896 619888 213551 1275043 80 19  0  0  0  0
556  0  70000 98745036 2242360 41141544    0    0  4912 639004 215005 1270651 80 20  1  0  0  0
procs -----------memory---------- ---swap-- -----io---- -system-- -------cpu-------
 r  b   swpd   free   buff  cache   si   so    bi    bo   in   cs us sy id wa st gu
611  2  70000 98746924 2242360 41141556    0    0  3408 635836 210796 1267428 80 19  1  0  0  0
671  0  70000 98747548 2242360 41141572    0    0  4784 630188 214239 1261130 80 20  1  0  0  0
483  0  70000 98752420 2242360 41141588    0    0  4816 615388 213734 1274604 80 19  0  0  0  0
556  0  70000 98756336 2242360 41141600    0    0  3232 643912 223941 1286672 79 20  1  0  0  0
639  0  70000 98756320 2242360 41141612    0    0  3584 610444 214170 1287229 80 20  1  0  0  0
600  0  70000 98757292 2242360 41141624    0    0  3216 651520 213028 1270201 80 19  1  0  0  0
635  0  70000 98746644 2242360 41141636    0    0  2992 632776 210149 1257912 80 20  1  0  0  0
495  0  70000 98747712 2242360 41141648    0    0  3760 631488 212317 1279645 80 20  1  0  0  0
417  0  70000 98741368 2242372 41141700    0    0  4256 633088 211910 1262177 80 20  1  0  0  0
598  0  70000 98745128 2242372 41141720    0    0  2736 652064 206463 1248150 80 19  0  0  0  0
296  0  70000 98752012 2242372 41141732    0    0  4544 640608 210420 1261820 80 19  1  0  0  0
179  1  70000 98756916 2242372 41141744    0    0  4816 629832 213824 1275147 80 20  0  0  0  0
667  0  70000 98758076 2242372 41141760    0    0  4896 633712 217254 1292389 79 20  1  0  0  0
603  0  70000 98761552 2242372 41141776    0    0  2528 632888 211325 1277957 80 19  0  0  0  0
554  0  70000 98768164 2242372 41141784    0    0  4336 629908 220619 1292027 79 20  1  0  0  0
271  0  70000 98762328 2242372 41141796    0    0  2400 633676 216118 1282145 80 20  1  0  0  0
356  1  70000 98759916 2242372 41141812    0    0  7712 632344 219078 1281561 80 19  1  0  0  0
593  0  70000 98761544 2242372 41141820    0    0  2288 641780 213152 1291662 80 19  0  0  0  0
658  0  70000 98764640 2242372 41141832    0    0  4576 638428 199181 1360361 81 19  0  0  0  0
479  0  70000 98753648 2242372 41141844    0    0  3536 618116 210470 1271799 80 19  0  0  0  0
391  0  70000 98751800 2242372 41141856    0    0  3296 634836 210687 1271166 80 19  0  0  0  0
procs -----------memory---------- ---swap-- -----io---- -system-- -------cpu-------
 r  b   swpd   free   buff  cache   si   so    bi    bo   in   cs us sy id wa st gu
447  0  70000 98753912 2242372 41141872    0    0  5360 632012 226661 1291306 79 19  1  0  0  0
598  0  70000 98757336 2242372 41141888    0    0  3520 643196 199319 1222867 81 19  0  0  0  0
604  0  70000 98753012 2242372 41141904    0    0  3232 634344 213665 1271068 80 20  1  0  0  0
654  0  70000 98750976 2242372 41141916    0    0  3680 632764 204352 1224601 80 19  1  0  0  0
497  0  70000 98748564 2242372 41141928    0    0  3808 635120 211308 1257166 80 19  0  0  0  0
610  0  70000 98757972 2242372 41141940    0    0  4736 634612 219913 1287924 79 20  1  0  0  0
389  0  70000 98755764 2242372 41141948    0    0  4896 635224 224614 1299493 80 20  1  0  0  0
445  0  70000 98755208 2242372 41141964    0    0  4832 636700 214342 1273623 80 20  0  0  0  0
661  0  70000 98752204 2242372 41141976    0    0  2992 634120 213718 1281948 80 20  1  0  0  0
467  0  70000 98745448 2242372 41141988    0    0  3456 637712 210967 1272874 80 19  0  0  0  0
239  0  70000 98748204 2242372 41142004    0    0  3040 636104 216413 1269217 79 20  1  0  0  0
691  0  70000 98740280 2242372 41142016    0    0  4080 639284 209628 1257064 80 19  0  0  0  0
465  0  70000 98740700 2242372 41142036    0    0  3648 636684 210656 1257359 80 19  0  0  0  0
636  0  70000 98742624 2242372 41142048    0    0  3280 637924 213314 1278115 80 20  0  0  0  0
598  0  70000 98746408 2242372 41142060    0    0  4048 642084 211574 1285408 80 20  0  0  0  0
633  0  70000 98734828 2242372 41142072    0    0  3184 637276 213020 1288971 80 20  1  0  0  0
642  0  70000 98744256 2242372 41142084    0    0  4688 635112 229571 1311340 79 20  1  0  0  0
598  0  70000 98733496 2242372 41142096    0    0  4128 635312 215882 1310439 80 19  1  0  0  0
492  1  70000 98742420 2242372 41142104    0    0  3776 635576 213144 1278171 80 19  0  0  0  0
463  0  70000 98733072 2242372 41142124    0    0  1792 636680 211433 1254967 80 19  0  0  0  0
490  0  70000 98743908 2242372 41142136    0    0  4864 636444 219698 1286529 78 19  2  0  0  0
procs -----------memory---------- ---swap-- -----io---- -system-- -------cpu-------
 r  b   swpd   free   buff  cache   si   so    bi    bo   in   cs us sy id wa st gu
603  0  70000 98742280 2242372 41142220    0    0  3968 633652 227419 1313220 80 20  1  0  0  0
572  1  70000 98744068 2242372 41142232    0    0  4496 634484 223292 1319090 80 19  1  0  0  0
565  0  70000 98740052 2242372 41142236    0    0  6112 639540 208718 1348784 80 19  0  0  0  0
397  0  70000 98740504 2242372 41142248    0    0  3280 635012 208780 1240684 80 19  1  0  0  0
484  0  70000 98739932 2242372 41142264    0    0  3648 634172 216853 1285060 79 20  1  0  0  0
572  0  70000 98734188 2242372 41142276    0    0  2720 634588 212712 1285816 80 20  1  0  0  0
277  0  70000 98732796 2242372 41142288    0    0  3824 639904 203906 1228592 80 19  0  0  0  0
547  0  70000 98731676 2242372 41142304    0    0  5104 643508 224110 1303865 79 20  1  0  0  0
586  0  70000 98731456 2242372 41142316    0    0  3328 634984 201618 1225778 81 19  0  0  0  0
689  0  70000 98730164 2242372 41142328    0    0  3824 637608 210250 1277259 80 19  0  0  0  0
667  0  70000 98725520 2242372 41142340    0    0  3520 633704 206455 1244515 81 19  0  0  0  0
629  0  70000 98729516 2242372 41142356    0    0  4544 632436 209357 1254180 79 20  1  0  0  0
593  0  70000 98728912 2242372 41142372    0    0  4096 656172 216564 1331790 80 19  1  0  0  0
680  0  70000 98728920 2242372 41142392    0    0  2752 635400 212127 1340226 80 19  1  0  0  0
368  0  70000 98720876 2242372 41142404    0    0  3776 632764 201095 1224275 81 19  0  0  0  0
666  0  70000 98720428 2242372 41142408    0    0  2496 631832 212940 1275520 80 19  1  0  0  0
640  0  70000 98712568 2242372 41142420    0    0  3728 638520 206185 1244598 80 19  0  0  0  0
747  0  70000 98718196 2242372 41142444    0    0  3392 635940 211899 1296789 81 19  0  0  0  0
383  0  70000 98721704 2242372 41142448    0    0  3792 629684 217066 1274878 80 19  1  0  0  0
717  0  70000 98729132 2242372 41142464    0    0  4848 633816 215107 1324199 79 20  1  0  0  0
351  0  70000 98730728 2242372 41142476    0    0  4688 628920 217664 1287945 80 20  1  0  0  0
procs -----------memory---------- ---swap-- -----io---- -system-- -------cpu-------
 r  b   swpd   free   buff  cache   si   so    bi    bo   in   cs us sy id wa st gu
543  0  70000 98736440 2242372 41142484    0    0  3360 630240 214369 1289761 80 19  0  0  0  0
602  0  70000 98741940 2242372 41142500    0    0  2800 630156 220551 1305399 79 20  1  0  0  0
612  0  70000 98740932 2242372 41142512    0    0  3360 630336 209915 1293580 80 19  0  0  0  0
636  0  70000 98745404 2242372 41142524    0    0  2704 632264 211528 1254098 80 19  1  0  0  0
620  0  70000 98748632 2242372 41142536    0    0  7280 634200 205253 1256202 80 20  0  0  0  0
513  0  70000 98740828 2242372 41142544    0    0  2992 628440 215818 1276074 80 19  1  0  0  0
571  0  70000 98739404 2242372 41142564    0    0  2784 631700 205900 1253862 80 19  0  0  0  0
664  0  70000 98744888 2242376 41142576    0    0  2864 631552 211002 1291932 80 19  0  0  0  0
332  0  70000 98737376 2242376 41142588    0    0  5520 634548 203680 1349833 80 19  0  0  0  0
672  0  70000 98747172 2242376 41142596    0    0  3664 630264 213064 1295486 80 19  0  0  0  0
604  0  70000 98738828 2242376 41142608    0    0  4528 630964 217454 1256804 80 19  1  0  0  0
129  1  70000 98732392 2242376 41142624    0    0  2528 648460 220784 1289026 79 20  1  0  0  0
343  0  70000 98731480 2242376 41142640    0    0  5360 612504 228102 1293680 79 20  1  0  0  0
374  0  70000 98714144 2242376 41142652    0    0  4176 629960 224870 1295307 79 20  1  0  0  0
531  0  70000 98711556 2242376 41142664    0    0  3712 632752 215152 1284811 80 19  0  0  0  0
629  0  70000 98710776 2242376 41142676    0    0  3200 633460 214953 1262448 80 20  0  0  0  0
678  1  70000 98711672 2242376 41142692    0    0  5280 645916 221551 1313207 79 20  1  0  0  0
648  0  70000 98700188 2242376 41142708    0    0  3440 628088 204868 1238303 80 20  0  0  0  0
271  1  70000 98694504 2242376 41142720    0    0  3648 636296 218690 1288775 79 20  1  0  0  0
635  0  70000 98681936 2242376 41142736    0    0  2944 633872 206696 1267131 80 20  0  0  0  0
477  2  70000 98688192 2242376 41142748    0    0  3984 624720 213464 1260026 80 19  0  0  0  0
procs -----------memory---------- ---swap-- -----io---- -system-- -------cpu-------
 r  b   swpd   free   buff  cache   si   so    bi    bo   in   cs us sy id wa st gu
240  0  70000 98679304 2242376 41142760    0    0  3952 622556 218629 1261294 80 20  0  0  0  0
478  1  70000 98679272 2242376 41142776    0    0  3920 662028 219794 1274899 79 20  1  0  0  0
567  0  70000 98677180 2242376 41142788    0    0  5136 632816 213133 1259838 80 19  0  0  0  0
701  0  70000 98680016 2242376 41142800    0    0  4608 646140 220599 1305605 80 20  1  0  0  0
392  0  70000 98671080 2242376 41142808    0    0  2736 615356 208851 1217816 80 19  0  0  0  0
316  1  70000 98667576 2242376 41142820    0    0  4304 672856 209890 1267321 80 19  0  0  0  0
332  3  70000 98662284 2242376 41142840    0    0  3216 611928 218305 1277804 80 20  1  0  0  0
554  0  70000 98661296 2242376 41142852    0    0  2064 651036 204130 1224995 80 19  0  0  0  0
685  0  70000 98663056 2242376 41142860    0    0  3504 629720 209024 1269543 80 20  1  0  0  0
433  0  70000 98650552 2242376 41142872    0    0  4928 612472 209658 1247252 80 20  1  0  0  0
319  0  70000 98661404 2242376 41142884    0    0  4400 630308 218762 1274478 79 20  1  0  0  0
533  0  70000 98663904 2242376 41142900    0    0  4160 677784 210672 1285261 80 19  0  0  0  0
606  0  70000 98663204 2242376 41142916    0    0  3888 647156 220430 1309191 80 20  1  0  0  0
667  0  70000 98676300 2242376 41142928    0    0  3920 653204 213046 1282784 80 20  0  0  0  0
324  0  70000 98679168 2242376 41142936    0    0  4240 638876 215955 1292322 80 19  1  0  0  0
235  1  70000 98680084 2242376 41142944    0    0  3888 677032 201417 1389239 80 19  1  0  0  0
562  1  70000 98684480 2242380 41142948    0    0  5216 613728 215253 1286945 80 20  0  0  0  0
497  0  70000 98678732 2242380 41142972    0    0  2976 610236 208959 1276307 80 19  0  0  0  0
552  0  70000 98681436 2242380 41143052    0    0  3344 638740 210970 1256775 80 20  1  0  0  0
590  0  70000 98688408 2242380 41143064    0    0  3552 627076 207492 1265454 80 19  0  0  0  0
468  0  70000 98684756 2242380 41143076    0    0  3328 643188 200145 1209085 81 19  0  0  0  0
procs -----------memory---------- ---swap-- -----io---- -system-- -------cpu-------
 r  b   swpd   free   buff  cache   si   so    bi    bo   in   cs us sy id wa st gu
522  0  70000 98678708 2242380 41143088    0    0  4912 616108 216793 1284826 79 20  1  0  0  0
144  1  70000 98681772 2242380 41143108    0    0  2832 711664 222575 1321831 79 20  1  0  0  0
455  0  70000 98683736 2242380 41143120    0    0  4176 575452 208052 1267508 80 20  0  0  0  0
438  0  70000 98676256 2242380 41143132    0    0  1408 649836 214953 1273835 79 20  1  0  0  0
483  0  70000 98669484 2242380 41143144    0    0  3456 623860 215069 1299841 80 20  0  0  0  0
344  0  70000 98663568 2242380 41143156    0    0  2896 699972 221473 1308498 80 20  0  0  0  0
738  0  70000 98664320 2242380 41143172    0    0  4896 574580 212034 1264434 80 19  0  0  0  0
594  0  70000 98669120 2242380 41143188    0    0  3920 606976 216127 1312232 80 20  0  0  0  0
674  0  70000 98666132 2242380 41143204    0    0  4160 672164 212433 1259535 80 19  0  0  0  0
437  0  70000 98665684 2242380 41143216    0    0  3920 627464 210569 1257763 81 19  0  0  0  0
416  2  70000 98665308 2242380 41143224    0    0  3440 668536 216744 1277572 79 20  1  0  0  0
562  0  70000 98660880 2242380 41143240    0    0  3312 579108 208554 1251518 80 19  0  0  0  0
678  0  70000 98656284 2242380 41143256    0    0  3008 661192 222351 1284266 79 20  1  0  0  0
576  0  70000 98654992 2242380 41143268    0    0  8864 621400 218768 1282230 79 20  1  0  0  0
693  0  70000 98667380 2242380 41143280    0    0  2080 648048 216504 1283853 79 20  1  0  0  0
544  0  70000 98672644 2242380 41143292    0    0  3680 640076 208582 1244793 79 20  1  0  0  0
615  1  70000 98673376 2242380 41143308    0    0  2608 640620 213205 1276489 80 19  1  0  0  0
204  4  70000 98680036 2242380 41143324    0    0  3984 625268 216134 1266737 80 20  1  0  0  0
689  0  70000 98683980 2242380 41143332    0    0  4736 641364 220274 1283615 79 20  1  0  0  0
500  0  70000 98692344 2242380 41143344    0    0  3856 653236 207932 1247116 80 19  0  0  0  0
466  0  70000 98697320 2242380 41143356    0    0  2448 621980 219589 1320146 80 20  1  0  0  0
procs -----------memory---------- ---swap-- -----io---- -system-- -------cpu-------
 r  b   swpd   free   buff  cache   si   so    bi    bo   in   cs us sy id wa st gu
445  1  70000 98697056 2242380 41143364    0    0  5872 686084 220506 1290869 80 20  1  0  0  0
762  0  70000 98701672 2242380 41143380    0    0  6816 698632 205878 1391500 80 20  1  0  0  0
155  4  70000 98689068 2242380 41143392    0    0  3584 606648 212927 1268140 80 19  1  0  0  0
341  0  70000 98685052 2242380 41143404    0    0  5776 607624 212693 1250025 80 20  1  0  0  0
556  0  70000 98684204 2242380 41143416    0    0  2784 616400 220007 1285209 79 20  1  0  0  0
549  0  70000 98679344 2242380 41143432    0    0  3216 610544 210096 1263571 80 20  0  0  0  0
286  0  70000 98688120 2242380 41143444    0    0  3760 688624 221050 1308537 80 20  1  0  0  0
351  2  70000 98680552 2242380 41143456    0    0  4160 647340 214425 1270774 80 20  0  0  0  0
286  2  70000 98669932 2242380 41143468    0    0  2432 656512 214991 1261839 80 19  0  0  0  0
676  1  70000 98666156 2242380 41143476    0    0  3968 578240 210617 1253958 80 19  1  0  0  0
655  0  70000 98667400 2242380 41143488    0    0  4112 621220 219067 1295370 80 20  1  0  0  0
428  0  70000 98653172 2242380 41143508    0    0  3680 643572 214894 1274194 79 20  1  0  0  0
583  0  70000 98668180 2242380 41143520    0    0  3152 700264 215665 1279193 80 20  1  0  0  0
446  0  70000 98664476 2242380 41143532    0    0  2608 571832 214948 1288592 80 20  1  0  0  0
526  0  70000 98672800 2242380 41143544    0    0  2640 746796 210544 1263166 80 19  0  0  0  0
541  0  70000 98663732 2242380 41143556    0    0  3856 552416 213332 1280083 80 20  1  0  0  0
545  0  70000 98655260 2242380 41143572    0    0  2576 696392 217845 1297084 80 20  1  0  0  0
599  0  70000 98655788 2242380 41143584    0    0  2816 583348 206775 1260751 80 19  0  0  0  0
407  2  70000 98665208 2242380 41143600    0    0  3440 656284 222042 1281679 80 19  1  0  0  0
684  0  70000 98668916 2242380 41143616    0    0  4288 632564 214481 1276824 80 20  1  0  0  0
588  0  70000 98675648 2242380 41143624    0    0  4400 600656 204948 1254773 80 20  1  0  0  0
procs -----------memory---------- ---swap-- -----io---- -system-- -------cpu-------
 r  b   swpd   free   buff  cache   si   so    bi    bo   in   cs us sy id wa st gu
543  0  70000 98668400 2242380 41143640    0    0  3408 700072 215200 1259180 80 19  0  0  0  0
703  0  70000 98666232 2242380 41143664    0    0  4192 633668 210928 1250882 80 19  0  0  0  0
634  2  70000 98660692 2242380 41143680    0    0  3664 645832 201659 1219293 81 19  0  0  0  0
243  0  70000 98681404 2242380 41143692    0    0  4336 624172 212452 1263932 80 19  1  0  0  0
542  3  70000 98674096 2242380 41143704    0    0  2208 712324 221677 1300887 79 20  1  0  0  0
302  0  70000 98679024 2242380 41143724    0    0  7008 561100 214587 1279751 80 19  1  0  0  0
322  0  70000 98685996 2242380 41143732    0    0  2880 666640 237193 1333618 79 19  2  0  0  0
564  1  70000 98692536 2242380 41143732    0    0  5584 651336 215090 1374091 79 20  1  0  0  0
586  0  70000 98687488 2242380 41143744    0    0  5408 579384 210047 1266139 80 19  1  0  0  0
516  0  70000 98688644 2242380 41143756    0    0  3296 669836 217768 1282652 80 20  1  0  0  0
725  0  70000 98690292 2242380 41143776    0    0  3840 650152 214782 1258507 80 19  1  0  0  0
 4  5  70000 98689484 2242380 41143796    0    0  4144 668204 210693 1233120 79 20  1  0  0  0
14  2  70000 98697268 2242380 41143812    0    0  3408 587300 211653 1262574 80 20  1  0  0  0
633  0  70000 98705972 2242380 41143820    0    0  5472 675632 219096 1266721 79 20  1  0  0  0
387  0  70000 98713180 2242380 41143832    0    0  2544 615928 206596 1249931 80 20  0  0  0  0
464  3  70000 98708672 2242380 41143900    0    0  3440 637916 213250 1282008 80 19  1  0  0  0
309  0  70000 98711788 2242384 41143924    0    0  3120 526072 236109 1277568 80 20  0  0  0  0
517  0  70000 98707528 2242384 41143944    0    0  5520 731404 213726 1275349 79 20  1  0  0  0
391  0  70000 98700588 2242384 41143944    0    0  5072 592896 214438 1295761 80 20  0  0  0  0
245  1  70000 98704204 2242384 41143960    0    0  2288 677280 212837 1269915 80 19  0  0  0  0
198  1  70000 98704580 2242384 41143976    0    0  3072 617548 209412 1261733 80 20  1  0  0  0
procs -----------memory---------- ---swap-- -----io---- -system-- -------cpu-------
 r  b   swpd   free   buff  cache   si   so    bi    bo   in   cs us sy id wa st gu
623  1  70000 98704040 2242384 41143980    0    0  5088 623508 215397 1273675 80 20  1  0  0  0
294  1  70000 98699672 2242384 41143996    0    0  4336 581084 207779 1235789 80 20  1  0  0  0
232  1  70000 98715248 2242384 41144008    0    0  3984 698480 217592 1311021 80 20  1  0  0  0
625  0  70000 98717080 2242384 41144016    0    0  2352 611356 211199 1274582 80 19  0  0  0  0
548  1  70000 98713080 2242384 41144036    0    0  3968 641636 204987 1234085 81 19  0  0  0  0
580  1  70000 98704952 2242388 41144048    0    0  3696 645364 210226 1265979 80 20  1  0  0  0
 9  2  70000 98705240 2242388 41144072    0    0  4416 710192 215309 1255719 79 20  1  0  0  0
665  0  70000 98699884 2242388 41144076    0    0  5328 588336 218579 1279188 79 20  1  0  0  0
353  0  70000 98705872 2242388 41144088    0    0  5424 605796 217922 1278505 79 20  1  0  0  0
498  0  70000 98709912 2242388 41144096    0    0  3312 593096 213695 1255263 79 20  1  0  0  0
630  0  70000 98705440 2242388 41144116    0    0  3968 643424 209982 1238776 80 20  1  0  0  0
185  3  70000 98700628 2242388 41144128    0    0  3680 670688 216119 1262877 80 19  1  0  0  0
597  1  70000 98695712 2242388 41144140    0    0  3312 626772 215799 1309655 80 19  1  0  0  0
496  0  70000 98697572 2242388 41144148    0    0  5472 690532 215718 1375584 80 19  1  0  0  0
580  0  70000 98703388 2242388 41144168    0    0  4144 615152 214989 1303398 80 19  0  0  0  0
531  0  70000 98698544 2242392 41144176    0    0  3264 624196 213209 1280556 80 20  1  0  0  0
505  0  70000 98707000 2242392 41144188    0    0  2960 609332 213904 1257475 80 19  1  0  0  0
592  0  70000 98703232 2242392 41144200    0    0  4208 612432 208518 1256746 80 19  1  0  0  0
605  2  70000 98694116 2242392 41144216    0    0  3648 715364 233694 1303168 80 19  0  0  0  0
692  0  70000 98691832 2242392 41144228    0    0  4768 650580 219837 1289801 80 20  1  0  0  0
640  1  70000 98692180 2242396 41144236    0    0  4416 586012 216467 1261134 80 19  1  0  0  0
procs -----------memory---------- ---swap-- -----io---- -system-- -------cpu-------
 r  b   swpd   free   buff  cache   si   so    bi    bo   in   cs us sy id wa st gu
444  1  70000 98674484 2242396 41144256    0    0  5440 607912 220880 1282428 79 20  1  0  0  0
640  0  70000 98679928 2242396 41144272    0    0  3888 665412 216576 1286418 80 20  1  0  0  0
721  1  70000 98692264 2242396 41144280    0    0  3536 636724 216319 1261806 80 20  1  0  0  0
593  1  70000 98690212 2242396 41144292    0    0  2960 657820 221682 1304044 79 20  1  0  0  0
486  0  70000 98697088 2242396 41144320    0    0  3616 560412 216486 1301537 80 20  1  0  0  0
376  0  70000 98689112 2242396 41144324    0    0  4304 712680 221451 1309203 80 20  0  0  0  0
707  0  70000 98678800 2242396 41144344    0    0  4048 663060 208405 1252347 80 20  0  0  0  0
520  0  70000 98682708 2242396 41144356    0    0  5264 580648 211484 1264766 80 19  0  0  0  0
714  2  70000 98680240 2242396 41144356    0    0  4000 707020 214424 1271179 80 20  0  0  0  0
620  0  70000 98681544 2242396 41144384    0    0  3328 620656 213172 1270895 80 19  1  0  0  0
449  1  70000 98688884 2242396 41144396    0    0  2672 630852 213267 1262997 80 19  0  0  0  0
630  0  70000 98694944 2242396 41144408    0    0  2224 589028 205355 1246666 80 19  0  0  0  0
708  0  70000 98701524 2242396 41144416    0    0  2976 709004 214408 1285320 80 19  0  0  0  0
469  0  70000 98701156 2242396 41144424    0    0  3568 674324 219409 1275995 80 19  1  0  0  0
723  0  70000 98693440 2242396 41144440    0    0  4576 577964 209020 1261020 80 19  0  0  0  0
473  2  70000 98691812 2242396 41144460    0    0  4384 662752 212244 1277388 80 20  1  0  0  0
658  2  70000 98693272 2242396 41144472    0    0  3888 619328 218320 1290918 80 20  1  0  0  0
643  1  70000 98696240 2242396 41144484    0    0  3760 625440 212042 1248884 80 19  1  0  0  0
584  0  70000 98692768 2242396 41144492    0    0  3936 676984 218183 1288466 80 19  1  0  0  0
443  2  70000 98689020 2242396 41144500    0    0  4944 783272 215978 1364353 79 19  1  0  0  0
410  0  70000 98693556 2242396 41144520    0    0  3024 423284 199622 1253707 80 19  0  0  0  0
procs -----------memory---------- ---swap-- -----io---- -system-- -------cpu-------
 r  b   swpd   free   buff  cache   si   so    bi    bo   in   cs us sy id wa st gu
471  0  70000 98704352 2242396 41144528    0    0  4352 818336 221038 1288542 79 20  1  0  0  0
652  1  70000 98717096 2242396 41144540    0    0  2800 612152 215838 1303230 80 19  1  0  0  0
629  1  70000 98708884 2242396 41144556    0    0  4176 572200 206776 1249566 80 19  0  0  0  0
575  0  70000 98716248 2242400 41144560    0    0  6064 660236 216185 1274569 79 19  1  0  0  0
518  0  70000 98724132 2242400 41144580    0    0  3936 671636 209559 1257756 80 19  0  0  0  0
440  0  70000 98728304 2242400 41144596    0    0  2960 577120 208967 1275153 80 19  1  0  0  0
597  0  70000 98715792 2242400 41144608    0    0  4064 701208 216539 1302225 80 19  1  0  0  0
479  0  70000 98728828 2242400 41144624    0    0  3648 661944 222061 1283915 79 19  1  0  0  0
560  1  70000 98721316 2242400 41144636    0    0  3792 595408 204439 1238407 80 20  0  0  0  0
442  1  70000 98733116 2242400 41144648    0    0  3440 651112 216403 1298760 79 20  1  0  0  0
387  2  70000 98715568 2242400 41144664    0    0  3472 675980 221714 1287113 79 20  1  0  0  0
617  0  70000 98716060 2242400 41144740    0    0  4224 625164 217598 1268063 79 19  1  0  0  0
359  3  70000 98712848 2242400 41144752    0    0  3504 628928 212151 1263652 80 20  1  0  0  0
421  0  70000 98713452 2242400 41144764    0    0  4496 585624 223367 1298547 79 20  1  0  0  0
593  0  70000 98721152 2242400 41144780    0    0  4272 621220 220000 1319187 79 20  1  0  0  0
395  2  70000 98713836 2242400 41144796    0    0  4112 590168 212752 1277243 80 20  1  0  0  0
617  0  70000 98722248 2242400 41144808    0    0  4288 595428 221109 1296195 80 20  1  0  0  0
679  1  70000 98724564 2242400 41144820    0    0  3840 741708 216353 1279310 79 20  1  0  0  0
659  1  70000 98726768 2242400 41144832    0    0  4160 722896 220961 1281573 79 20  1  0  0  0
426  2  70000 98722212 2242400 41144852    0    0  4832 489284 213981 1263490 80 20  1  0  0  0
182  1  70000 98717336 2242400 41144868    0    0  4848 609184 220633 1301637 80 20  1  0  0  0
procs -----------memory---------- ---swap-- -----io---- -system-- -------cpu-------
 r  b   swpd   free   buff  cache   si   so    bi    bo   in   cs us sy id wa st gu
541  0  70000 98714584 2242400 41144880    0    0  3264 750852 222556 1287204 80 20  1  0  0  0
698  0  70000 98714836 2242400 41144892    0    0  4512 635116 212974 1285882 80 19  0  0  0  0
483  1  70000 98712156 2242400 41144900    0    0  3376 596044 214927 1319016 80 19  0  0  0  0
400  0  70000 98709216 2242400 41144912    0    0  4544 733708 216802 1326438 80 19  1  0  0  0
486  0  70000 98717384 2242400 41144924    0    0  4976 582180 204166 1339940 80 19  1  0  0  0
623  0  70000 98715440 2242400 41144936    0    0  3328 716316 214495 1291979 80 20  1  0  0  0
414  1  70000 98714204 2242400 41144948    0    0  4672 578216 210070 1268116 81 19  0  0  0  0
521  0  70000 98714624 2242400 41144960    0    0  3968 598956 213131 1286530 81 19  0  0  0  0
392  0  70000 98715884 2242400 41144976    0    0  4512 704296 214237 1257044 80 20  1  0  0  0
629  0  70000 98723564 2242400 41144992    0    0  3824 645884 215537 1273166 80 20  1  0  0  0
279  1  70000 98724784 2242400 41145004    0    0  3184 611780 215816 1286236 80 19  0  0  0  0
719  0  70000 98737808 2242400 41145016    0    0  2208 662924 216733 1286269 80 20  1  0  0  0
305  0  70000 98727432 2242400 41145028    0    0  4368 654652 213048 1291186 80 19  0  0  0  0
601  0  70000 98729756 2242400 41145040    0    0  3728 638500 221323 1301830 80 20  1  0  0  0
714  1  70000 98731668 2242400 41145060    0    0  3760 638592 211299 1277507 80 19  1  0  0  0
299  0  70000 98726872 2242400 41145076    0    0  3680 634380 208340 1248996 80 19  1  0  0  0
305  0  70000 98721368 2242400 41145084    0    0  4096 635468 214466 1289008 80 19  1  0  0  0
347  0  70000 98717368 2242400 41145096    0    0  3760 639200 201656 1229851 80 19  0  0  0  0
458  0  70000 98733360 2242400 41145108    0    0  4752 643968 212232 1237693 76 19  6  0  0  0
559  0  70000 98731524 2242400 41145124    0    0  4032 631368 213324 1294073 80 20  0  0  0  0
451  0  70000 98728860 2242400 41145140    0    0  1424 639528 214027 1296134 80 20  0  0  0  0
procs -----------memory---------- ---swap-- -----io---- -system-- -------cpu-------
 r  b   swpd   free   buff  cache   si   so    bi    bo   in   cs us sy id wa st gu
372  0  70000 98728840 2242400 41145156    0    0  2544 567572 207071 1249370 81 19  0  0  0  0
448  0  70000 98726944 2242404 41145164    0    0  4816 699212 227222 1307160 79 20  1  0  0  0
271  0  70000 98711652 2242404 41145176    0    0  3152 621312 213971 1281431 80 20  1  0  0  0
477  0  70000 98713944 2242404 41145192    0    0  4688 649028 198392 1210134 80 19  1  0  0  0
514  0  70000 98708600 2242404 41145200    0    0  3328 639432 210939 1265663 80 20  1  0  0  0
713  0  70000 98704572 2242404 41145216    0    0  3536 638164 212126 1297420 80 19  0  0  0  0
664  0  70000 98715464 2242408 41145228    0    0  4272 634656 207623 1262023 80 19  1  0  0  0
600  0  70000 98723564 2242408 41145240    0    0  4480 636728 214591 1283753 80 19  1  0  0  0
536  0  70000 98721220 2242408 41145252    0    0  1104 622060 217972 1306316 80 19  0  0  0  0
650  0  70000 98713508 2242408 41145260    0    0  4528 645164 214252 1361608 80 19  1  0  0  0
691  0  70000 98718436 2242408 41145276    0    0  5440 633724 218196 1287115 80 19  1  0  0  0
699  0  70000 98714512 2242408 41145288    0    0  3008 639832 203381 1223599 81 19  0  0  0  0
443  0  70000 98721720 2242408 41145300    0    0  4464 631360 207874 1237251 80 19  0  0  0  0
590  0  70000 98711664 2242408 41145316    0    0  3120 639036 211807 1265026 80 19  0  0  0  0
434  0  70000 98719768 2242408 41145332    0    0  4128 633332 223284 1311997 80 20  1  0  0  0
675  0  70000 98710796 2242408 41145348    0    0  4736 630912 220574 1290516 79 20  1  0  0  0
636  0  70000 98705800 2242408 41145364    0    0  2576 632560 214590 1266312 80 19  1  0  0  0
624  0  70000 98699596 2242408 41145376    0    0  3824 580008 214282 1284857 80 19  0  0  0  0
253  0  70000 98710708 2242408 41145388    0    0  3152 683136 215134 1291654 80 20  1  0  0  0
706  0  70000 98703572 2242408 41145396    0    0  5936 635740 220653 1289637 80 20  1  0  0  0
296  0  70000 98711136 2242408 41145412    0    0  5168 634108 214631 1282543 80 19  1  0  0  0
procs -----------memory---------- ---swap-- -----io---- -system-- -------cpu-------
 r  b   swpd   free   buff  cache   si   so    bi    bo   in   cs us sy id wa st gu
644  0  70000 98705600 2242408 41145424    0    0  2320 637280 220402 1314587 79 20  1  0  0  0
510  0  70000 98707956 2242408 41145436    0    0  3056 634248 225388 1287536 79 20  1  0  0  0
534  0  70000 98709480 2242408 41145448    0    0  4880 630316 214039 1272294 80 19  0  0  0  0
294  0  70000 98704100 2242408 41145464    0    0  3312 631772 211119 1269472 80 19  0  0  0  0
328  0  70000 98696360 2242408 41145480    0    0  4992 632588 225702 1316306 79 20  1  0  0  0
618  0  70000 98699096 2242408 41145492    0    0  2736 630996 217777 1267649 79 20  1  0  0  0
506  0  70000 98697232 2242408 41145504    0    0  3312 616236 233276 1271625 80 20  0  0  0  0
356  0  70000 98689720 2242408 41145544    0    0  4400 652420 209589 1257413 79 20  1  0  0  0
379  0  70000 98687012 2242408 41145616    0    0  3472 633908 220856 1290305 79 20  1  0  0  0
306  0  70000 98684032 2242408 41145632    0    0  3952 635980 218702 1307648 79 20  1  0  0  0
573  0  70000 98687344 2242408 41145644    0    0  4736 630132 212202 1263915 80 19  1  0  0  0
404  0  70000 98690496 2242408 41145652    0    0  3760 631036 218994 1288409 79 20  1  0  0  0
542  0  70000 98698140 2242408 41145668    0    0  3344 652624 213868 1315317 80 20  1  0  0  0
408  0  70000 98695016 2242408 41145684    0    0  5184 614536 214214 1282809 80 19  1  0  0  0
740  0  70000 98690560 2242408 41145696    0    0  6512 652848 203973 1345361 81 19  0  0  0  0
553  0  70000 98704312 2242408 41145700    0    0  4336 639048 212969 1286242 80 19  0  0  0  0
547  0  70000 98685620 2242408 41145712    0    0  4480 629760 227884 1237389 79 20  1  0  0  0
615  0  70000 98685016 2242408 41145724    0    0  3232 618172 216730 1279523 79 20  1  0  0  0
355  0  70000 98685576 2242408 41145740    0    0  3616 629908 226401 1293379 80 20  1  0  0  0
359  0  70000 98671276 2242408 41145752    0    0  4560 633164 226217 1290400 79 20  1  0  0  0
564  0  70000 98650208 2242408 41145768    0    0  2192 633184 218103 1257304 80 20  0  0  0  0
procs -----------memory---------- ---swap-- -----io---- -system-- -------cpu-------
 r  b   swpd   free   buff  cache   si   so    bi    bo   in   cs us sy id wa st gu
505  0  70000 98644924 2242408 41145784    0    0  3792 633060 217199 1262580 80 19  0  0  0  0
752  0  70000 98635580 2242408 41145796    0    0  3584 632988 210489 1255316 80 20  0  0  0  0
663  0  70000 98628076 2242408 41145812    0    0  3552 630912 218165 1290474 80 20  1  0  0  0
526  0  70000 98632848 2242408 41145828    0    0  5680 635340 223452 1321892 79 20  1  0  0  0
693  0  70000 98629968 2242408 41145844    0    0  2336 633716 222901 1353939 79 20  1  0  0  0
635  0  70000 98632844 2242408 41145856    0    0  3344 632648 212103 1248286 80 20  0  0  0  0
719  0  70000 98629396 2242408 41145864    0    0  3936 642112 204408 1246783 80 19  0  0  0  0
665  0  70000 98621108 2242408 41145880    0    0  4464 635976 227094 1289469 80 20  1  0  0  0
583  0  70000 98627156 2242408 41145892    0    0  3072 636108 222975 1315297 80 20  1  0  0  0
505  0  70000 98622088 2242408 41145908    0    0  4032 633768 217930 1261980 80 20  1  0  0  0
277  0  70000 98614944 2242408 41145920    0    0  3728 633352 220835 1265974 79 20  1  0  0  0
652  1  70000 98623332 2242408 41145928    0    0  3936 635696 216326 1295909 80 20  1  0  0  0
456  0  70000 98624436 2242408 41145940    0    0  3360 635024 223058 1238610 80 20  0  0  0  0
383  0  70000 98624064 2242408 41145956    0    0  4720 635216 229107 1293918 79 20  1  0  0  0
622  0  70000 98624492 2242408 41145972    0    0  3728 635256 216427 1283778 80 20  1  0  0  0
534  0  70000 98614808 2242408 41145976    0    0  4688 636944 214955 1276245 80 20  1  0  0  0
676  0  70000 98629980 2242408 41145988    0    0  3104 642380 232575 1343127 80 20  1  0  0  0
401  0  70000 98629952 2242408 41146000    0    0  4192 634024 211126 1251064 80 20  0  0  0  0
654  0  70000 98646000 2242408 41146024    0    0  3200 638708 225827 1291495 80 20  0  0  0  0
447  0  70000 98652280 2242408 41146032    0    0  6304 635204 213159 1295026 80 19  1  0  0  0
313  0  70000 98650168 2242408 41146044    0    0  4592 638800 213613 1342047 80 20  0  0  0  0
procs -----------memory---------- ---swap-- -----io---- -system-- -------cpu-------
 r  b   swpd   free   buff  cache   si   so    bi    bo   in   cs us sy id wa st gu
495  1  70000 98637440 2242408 41146056    0    0  2512 640780 201481 1190121 81 19  0  0  0  0
487  0  70000 98645524 2242408 41146064    0    0  4048 636976 213250 1282622 80 20  1  0  0  0
616  1  70000 98644092 2242408 41146080    0    0  4992 639284 221769 1276649 79 20  1  0  0  0
546  0  70000 98640700 2242408 41146092    0    0  2240 636944 210385 1240873 80 20  0  0  0  0
675  0  70000 98628564 2242408 41146108    0    0  3408 636384 212654 1287435 80 19  0  0  0  0
547  0  70000 98626384 2242408 41146116    0    0  3936 635668 218948 1287649 80 20  1  0  0  0
550  0  70000 98634420 2242408 41146136    0    0  3328 636824 217583 1289369 80 20  1  0  0  0
612  0  70000 98633492 2242408 41146148    0    0  5952 636036 214439 1255841 80 20  1  0  0  0
658  0  70000 98640396 2242408 41146152    0    0  3152 635924 223171 1251471 79 20  1  0  0  0
501  0  70000 98630880 2242408 41146172    0    0  3600 634920 212616 1274370 80 19  0  0  0  0
669  0  70000 98635492 2242408 41146176    0    0  4976 634200 210192 1244844 80 19  0  0  0  0
515  0  70000 98628512 2242408 41146188    0    0  4384 634376 212989 1280566 80 19  0  0  0  0
317  0  70000 98633564 2242408 41146204    0    0  4336 634508 222032 1307617 79 20  1  0  0  0
531  0  70000 98638100 2242408 41146220    0    0  2832 636196 209215 1258635 79 20  1  0  0  0
497  0  70000 98638248 2242408 41146236    0    0  2960 635816 208863 1258336 80 20  0  0  0  0
591  0  70000 98626100 2242408 41146248    0    0  3968 651188 215061 1272564 80 19  0  0  0  0
629  0  70000 98625556 2242408 41146256    0    0  3248 641668 219388 1345046 79 20  1  0  0  0
255  0  70000 98625280 2242408 41146268    0    0  3568 654612 208712 1259045 80 19  0  0  0  0
657  0  70000 98624780 2242408 41146292    0    0  3152 618192 212118 1299188 80 20  1  0  0  0
557  0  70000 98631552 2242408 41146304    0    0  4112 651644 213295 1268220 80 20  1  0  0  0
623  0  70000 98639788 2242408 41146320    0    0  2944 634008 210249 1265167 80 20  0  0  0  0
procs -----------memory---------- ---swap-- -----io---- -system-- -------cpu-------
 r  b   swpd   free   buff  cache   si   so    bi    bo   in   cs us sy id wa st gu
531  0  70000 98634528 2242408 41146324    0    0  3040 636128 212269 1276414 80 19  1  0  0  0
693  0  70000 98635044 2242408 41146336    0    0  4256 674992 217027 1285190 79 20  1  0  0  0
516  1  70000 98635836 2242408 41146348    0    0  4448 605936 214256 1275279 80 20  0  0  0  0
586  0  70000 98628424 2242408 41146372    0    0  4176 641512 218245 1301791 79 20  1  0  0  0
705  0  70000 98627084 2242408 41146380    0    0  3968 654672 215219 1290772 80 19  1  0  0  0
368  0  70000 98623776 2242408 41146448    0    0  4528 666932 210224 1312290 81 19  0  0  0  0
588  0  70000 98639648 2242408 41146464    0    0  7248 603120 206056 1363479 80 20  0  0  0  0
641  1  70000 98636576 2242408 41146480    0    0  2352 651816 212538 1264041 80 20  1  0  0  0
512  0  70000 98636004 2242408 41146488    0    0  4768 604808 226625 1278255 79 20  1  0  0  0
599  0  70000 98632840 2242408 41146512    0    0  4704 663096 218206 1288713 80 20  1  0  0  0
697  0  70000 98636100 2242408 41146520    0    0  3072 684492 220740 1308728 79 20  1  0  0  0
613  0  70000 98637980 2242408 41146528    0    0  4496 598028 212206 1313645 80 19  0  0  0  0
16  2  70000 98635372 2242416 41146540    0    0  3584 660220 218569 1272749 80 19  1  0  0  0
565  0  70000 98636168 2242416 41146556    0    0  2928 616528 209937 1254329 80 20  0  0  0  0
680  0  70000 98633136 2242416 41146572    0    0  3600 632328 231120 1268146 80 20  1  0  0  0
435  0  70000 98627928 2242416 41146596    0    0  3600 625432 214855 1289914 80 20  1  0  0  0
518  1  70000 98633896 2242416 41146600    0    0  4016 678808 206764 1224179 80 19  0  0  0  0
572  0  70000 98641336 2242420 41146604    0    0  2992 627072 211673 1268717 80 19  0  0  0  0
641  0  70000 98650352 2242420 41146624    0    0  6048 598212 218628 1329483 79 20  1  0  0  0
675  1  70000 98655888 2242420 41146648    0    0  5024 684160 212989 1260122 80 19  0  0  0  0
307  0  70000 98646036 2242420 41146648    0    0  3872 625456 219601 1307866 79 20  1  0  0  0
procs -----------memory---------- ---swap-- -----io---- -system-- -------cpu-------
 r  b   swpd   free   buff  cache   si   so    bi    bo   in   cs us sy id wa st gu
714  1  70000 98653768 2242420 41146664    0    0  4032 669176 215953 1274550 80 20  0  0  0  0
178  1  70000 98653008 2242420 41146684    0    0  3856 629900 220586 1289193 79 20  1  0  0  0
481  0  70000 98647472 2242420 41146696    0    0  4720 615784 221087 1338432 79 20  1  0  0  0
525  0  70000 98650064 2242420 41146716    0    0  4000 634764 209231 1262224 80 19  1  0  0  0
586  0  70000 98650496 2242420 41146720    0    0  2928 628956 212376 1293300 80 19  0  0  0  0
601  1  70000 98659056 2242420 41146728    0    0  4016 720116 221677 1308687 79 20  1  0  0  0
446  0  70000 98662108 2242420 41146740    0    0  4848 630400 209306 1250641 81 19  0  0  0  0
603  0  70000 98668016 2242420 41146760    0    0  5056 648584 215833 1288454 80 19  0  0  0  0
495  0  70000 98660484 2242420 41146772    0    0  2592 554560 201279 1232528 80 19  0  0  0  0
287  2  70000 98654752 2242420 41146784    0    0  5152 718876 217426 1260316 80 20  1  0  0  0
566  0  70000 98657888 2242420 41146796    0    0  3664 664160 220401 1303095 79 19  1  0  0  0
435  0  70000 98663324 2242420 41146808    0    0  4240 712276 218178 1285330 80 19  1  0  0  0
385  0  70000 98663916 2242420 41146820    0    0  6864 538144 207329 1324093 81 19  0  0  0  0
531  1  70000 98670040 2242420 41146832    0    0  2688 553792 209641 1247659 80 19  0  0  0  0
228  1  70000 98671304 2242420 41146848    0    0  2992 692892 214201 1266363 80 20  0  0  0  0
574  0  70000 98665696 2242420 41146860    0    0  4224 631568 216014 1271445 80 20  0  0  0  0
470  0  70000 98664172 2242420 41146872    0    0  4800 750380 218905 1297362 80 19  0  0  0  0
357  0  70000 98671868 2242420 41146884    0    0  2976 587856 209153 1266768 80 19  0  0  0  0
62  2  70000 98679080 2242420 41146896    0    0  5824 686948 219580 1307030 79 20  1  0  0  0
683  0  70000 98680048 2242420 41146916    0    0  1904 558268 218690 1290594 77 19  3  0  0  0
380  1  70000 98675328 2242420 41146928    0    0  3408 726288 221547 1294366 79 20  1  0  0  0
procs -----------memory---------- ---swap-- -----io---- -system-- -------cpu-------
 r  b   swpd   free   buff  cache   si   so    bi    bo   in   cs us sy id wa st gu
366  0  70000 98679828 2242420 41146940    0    0  4400 546168 211499 1257636 80 19  1  0  0  0
185  2  70000 98681164 2242420 41146956    0    0  2608 706196 214727 1268861 80 19  0  0  0  0
584  0  70000 98683024 2242420 41146964    0    0  3872 616808 213824 1281638 80 19  1  0  0  0
652  0  70000 98678744 2242420 41146984    0    0  4240 637472 216226 1291256 80 20  0  0  0  0
592  0  70000 98673380 2242420 41146996    0    0  2848 652128 216721 1280213 80 19  1  0  0  0
590  1  70000 98668980 2242420 41147008    0    0  3808 662876 215160 1286033 80 19  0  0  0  0
721  0  70000 98677760 2242420 41147016    0    0  5424 514256 211287 1279190 80 20  1  0  0  0
479  0  70000 98667340 2242420 41147032    0    0  1216 715936 210168 1261641 80 19  0  0  0  0
250  0  70000 98662772 2242420 41147048    0    0  3264 616528 211893 1266918 80 19  1  0  0  0
472  0  70000 98658252 2242420 41147064    0    0  3152 703584 213866 1270896 80 20  1  0  0  0
454  2  70000 98648140 2242420 41147080    0    0  3248 605600 216051 1267392 80 20  1  0  0  0
634  0  70000 98647328 2242420 41147092    0    0  8704 597660 216279 1288734 80 20  1  0  0  0
588  0  70000 98643220 2242420 41147108    0    0  2848 676352 217672 1300693 80 19  1  0  0  0
546  0  70000 98640672 2242420 41147120    0    0  2464 620316 216045 1266378 80 19  1  0  0  0
608  0  70000 98636884 2242420 41147136    0    0  4608 708792 218691 1290398 79 20  1  0  0  0
580  0  70000 98630648 2242420 41147148    0    0  2592 500860 201189 1230621 80 19  0  0  0  0
567  0  70000 98632844 2242420 41147164    0    0  4704 639252 221070 1313036 79 20  1  0  0  0
472  0  70000 98632184 2242420 41147172    0    0  3968 738732 216019 1277693 80 19  1  0  0  0
649  0  70000 98628032 2242420 41147184    0    0  5280 646708 212530 1367165 80 19  1  0  0  0
621  0  70000 98628928 2242420 41147196    0    0  3856 516212 209402 1254833 81 19  0  0  0  0
625  0  70000 98623348 2242420 41147208    0    0  4032 709492 211481 1279475 80 20  1  0  0  0
procs -----------memory---------- ---swap-- -----io---- -system-- -------cpu-------
 r  b   swpd   free   buff  cache   si   so    bi    bo   in   cs us sy id wa st gu
733  3  70000 98620120 2242420 41147220    0    0  5008 616264 208246 1245606 80 20  1  0  0  0
293  1  70000 98627212 2242420 41147300    0    0  4912 885364 221509 1326661 79 20  1  0  0  0
704  0  70000 98627072 2242420 41147312    0    0  1568 466628 205683 1259305 81 19  0  0  0  0
578  0  70000 98618392 2242420 41147328    0    0  3824 595956 212458 1271120 80 19  1  0  0  0
493  0  70000 98617520 2242420 41147340    0    0  4000 631916 210125 1267148 80 19  0  0  0  0
702  1  70000 98610100 2242420 41147356    0    0  3248 677408 202082 1211159 81 19  0  0  0  0
573  1  70000 98611664 2242420 41147368    0    0  3504 603080 205815 1258158 80 19  0  0  0  0
685  1  70000 98615492 2242420 41147384    0    0  3088 591464 202720 1229438 81 19  0  0  0  0
417  0  70000 98611724 2242420 41147396    0    0  3872 762212 215426 1282903 80 20  0  0  0  0
644  0  70000 98612396 2242420 41147404    0    0  3664 627296 218604 1299107 80 19  0  0  0  0
562  0  70000 98614336 2242420 41147412    0    0  3488 504588 208275 1262812 80 19  0  0  0  0
590  0  70000 98620916 2242420 41147428    0    0  2720 662572 214332 1269767 80 19  1  0  0  0
316  0  70000 98618064 2242420 41147440    0    0  3392 623660 210421 1249396 80 19  0  0  0  0
477  0  70000 98624356 2242420 41147456    0    0  4624 616488 211361 1266135 80 19  1  0  0  0
710  0  70000 98629812 2242420 41147468    0    0  4336 739080 221578 1301479 79 20  1  0  0  0
652  2  70000 98638096 2242420 41147476    0    0  3552 637036 220763 1295518 80 19  1  0  0  0
267  1  70000 98644080 2242420 41147492    0    0  4560 541700 207451 1248088 80 19  0  0  0  0
549  0  70000 98636196 2242420 41147504    0    0  4160 816904 223941 1311797 80 20  1  0  0  0
713  0  70000 98645352 2242420 41147520    0    0  4336 583436 215440 1286239 80 20  1  0  0  0
368  1  70000 98643824 2242420 41147532    0    0  4528 571084 216898 1284150 80 19  1  0  0  0
617  0  70000 98652316 2242424 41147548    0    0  2416 638044 216792 1275687 80 20  1  0  0  0
procs -----------memory---------- ---swap-- -----io---- -system-- -------cpu-------
 r  b   swpd   free   buff  cache   si   so    bi    bo   in   cs us sy id wa st gu
247 10  70000 98657584 2242424 41147564    0    0  3904 811020 230581 1303269 79 20  1  0  0  0
717  0  70000 98657184 2242424 41147580    0    0  4288 578992 210475 1273905 80 20  1  0  0  0
613  0  70000 98656048 2242424 41147588    0    0  3216 663688 202222 1235912 81 18  1  0  0  0
584  1  70000 98663880 2242424 41147596    0    0  6976 566348 204590 1336341 81 19  0  0  0  0
585  0  70000 98660464 2242424 41147608    0    0  2448 682756 216445 1338989 80 20  1  0  0  0
345  0  70000 98657192 2242424 41147632    0    0  2976 547012 210734 1253051 80 19  1  0  0  0
342  2  70000 98652480 2242424 41147640    0    0  4208 723108 211397 1250565 80 19  1  0  0  0
731  0  70000 98663980 2242424 41147656    0    0  3840 687324 222690 1296282 79 20  1  0  0  0
239  1  70000 98658144 2242424 41147668    0    0  3568 653488 215609 1286029 80 19  0  0  0  0
408  0  70000 98665500 2242424 41147676    0    0  4032 621552 221406 1303019 80 19  0  0  0  0
666  0  70000 98654132 2242424 41147692    0    0  3856 579280 212271 1264609 80 19  1  0  0  0
514  0  70000 98653932 2242424 41147704    0    0  4816 679632 220042 1288263 80 20  1  0  0  0
258  3  70000 98659328 2242424 41147720    0    0  3888 564940 213390 1257068 80 20  1  0  0  0
627  0  70000 98669552 2242424 41147732    0    0  5120 757216 222642 1296226 80 19  1  0  0  0
713  0  70000 98671708 2242424 41147744    0    0  5520 574652 209242 1251634 80 19  0  0  0  0
488  0  70000 98664112 2242424 41147756    0    0  2048 632924 213048 1262807 80 20  1  0  0  0
481  1  70000 98679228 2242424 41147768    0    0  4128 758576 226313 1287405 79 20  1  0  0  0
626  0  70000 98683156 2242424 41147780    0    0  4624 549920 212533 1271823 80 19  1  0  0  0
97  1  70000 98668784 2242428 41147792    0    0  3456 573028 216475 1274460 80 20  1  0  0  0
712  1  70000 98665852 2242428 41147808    0    0  4000 762080 220954 1283719 79 20  1  0  0  0
433  0  70000 98669836 2242428 41147824    0    0  3920 515984 209181 1252161 80 20  1  0  0  0
procs -----------memory---------- ---swap-- -----io---- -system-- -------cpu-------
 r  b   swpd   free   buff  cache   si   so    bi    bo   in   cs us sy id wa st gu
510  0  70000 98663372 2242428 41147840    0    0  3280 726908 205553 1246150 81 19  0  0  0  0
636  0  70000 98669220 2242428 41147848    0    0  7440 700436 213556 1257140 80 19  1  0  0  0
246  1  70000 98675744 2242428 41147860    0    0  2496 568876 208975 1280888 80 19  0  0  0  0
546  0  70000 98678368 2242428 41147872    0    0  2592 704488 214990 1304838 80 19  1  0  0  0
154  0  70000 98678732 2242428 41147884    0    0  3504 577780 212853 1268535 80 19  1  0  0  0
719  0  70000 98671828 2242428 41147900    0    0  5760 565732 226472 1296230 79 20  2  0  0  0
747  0  70000 98671784 2242428 41147912    0    0  3904 728244 208441 1250383 80 20  0  0  0  0
460  1  70000 98671276 2242428 41147928    0    0  3280 619264 211981 1255897 80 20  0  0  0  0
451  2  70000 98672784 2242428 41147936    0    0  3392 677668 215500 1294102 80 19  1  0  0  0
379  1  70000 98670252 2242428 41147948    0    0  6768 697192 213887 1378722 80 19  1  0  0  0
531  0  70000 98667508 2242428 41147964    0    0  3072 539832 213323 1331568 80 20  0  0  0  0
601  0  70000 98675692 2242428 41147976    0    0  3696 725520 216693 1282393 79 20  1  0  0  0
524  0  70000 98678540 2242428 41147992    0    0  3504 556656 210322 1274975 80 20  0  0  0  0
587  0  70000 98672204 2242428 41148004    0    0  4064 616348 212549 1273704 80 19  1  0  0  0
248  0  70000 98665704 2242428 41148016    0    0  2848 627488 208746 1259641 80 19  0  0  0  0
473  0  70000 98668696 2242428 41148032    0    0  3856 624112 216265 1277786 80 20  1  0  0  0
583  0  70000 98667052 2242428 41148044    0    0  4256 779364 221717 1286786 79 20  1  0  0  0
106  0  70000 100216324 2242428 41147924    0    0  9056 715984 678474 1255833 49 25 25  1  0  0
