procs -----------memory---------- ---swap-- -----io---- -system-- -------cpu-------
 r  b   swpd   free   buff  cache   si   so    bi    bo   in   cs us sy id wa st gu
 7  0  63344 109228308 2321688 43587136   19   22 193496 190450 37938   35 18  3 76  3  0  0
209  0  63344 108566380 2321688 43587212    0    0 27152 331024 284936 517152 28 13 59  0  0  0
180  0  63344 108405880 2321688 43587240    0    0 12448 354560 204855 1488722 83 16  0  0  0  0
177  1  63344 108394096 2321688 43587260    0    0 13120 668004 233140 1783916 76 20  4  0  0  0
179  0  63344 108386684 2321688 43587280    0    0 13296 664888 214652 1834236 78 21  1  0  0  0
168  0  63344 108377312 2321688 43587296    0    0 14640 660648 225826 1830837 77 20  2  0  0  0
170  0  63344 108386764 2321688 43587308    0    0 12640 663600 223205 1841362 78 21  2  0  0  0
196  0  63344 108387196 2321688 43587332    0    0 13856 662756 224068 1832689 77 20  2  0  0  0
194  0  63344 108386184 2321688 43587348    0    0 13840 660356 222583 1851090 78 21  1  0  0  0
135  0  63344 108399120 2321688 43587360    0    0 11040 663020 222238 1845753 77 21  2  0  0  0
185  1  63344 108397172 2321688 43587372    0    0 14208 666324 220859 1874597 79 20  1  0  0  0
190  0  63344 108389776 2321688 43587392    0    0 12832 606104 219926 1851237 78 20  2  0  0  0
170  0  63344 108398996 2321688 43587400    0    0 11808 607100 223585 1846696 77 21  2  0  0  0
190  1  63344 108400008 2321688 43587420    0    0 14096 606992 222479 1846235 78 21  2  0  0  0
194  0  63344 108333244 2321688 43587432    0    0 11040 607516 264079 1855017 77 21  1  0  0  0
191  0  63344 108288780 2321688 43587452    0    0 13024 606984 320245 1833208 77 21  1  0  0  0
203  0  63344 108287508 2321688 43587488    0    0 13920 605632 217067 1803467 78 21  1  0  0  0
201  0  63344 108300184 2321688 43587492    0    0 14208 607800 217439 1807445 78 21  1  0  0  0
187  0  63344 108316028 2321688 43587512    0    0 14192 610344 222660 1812356 77 21  2  0  0  0
161  0  63344 108319108 2321688 43587528    0    0 11808 614952 219475 1819769 78 21  1  0  0  0
194  0  63344 108323432 2321688 43587540    0    0 13472 610004 221715 1812694 77 21  2  0  0  0
procs -----------memory---------- ---swap-- -----io---- -system-- -------cpu-------
 r  b   swpd   free   buff  cache   si   so    bi    bo   in   cs us sy id wa st gu
182  0  63344 108350792 2321688 43587564    0    0 14816 609684 321715 1811002 78 21  2  0  0  0
186  0  63344 108291416 2321688 43587572    0    0 13408 614996 248676 1782095 78 21  2  0  0  0
71  0  63344 108283080 2321688 43587576    0    0 14128 611992 233885 1775173 78 21  1  0  0  0
197  0  63344 108288100 2321688 43587604    0    0 11520 614096 229521 1775269 77 21  2  0  0  0
195  1  63344 108295592 2321688 43587624    0    0 13280 608520 227642 1792051 77 21  2  0  0  0
174  0  63344 108304364 2321688 43587640    0    0 12336 613840 227351 1809214 77 21  2  0  0  0
191  1  63344 108309124 2321688 43587656    0    0 11872 613192 221881 1793374 78 21  1  0  0  0
200  0  63344 108318908 2321688 43587672    0    0 12912 613368 225305 1801376 77 21  2  0  0  0
182  0  63344 108327644 2321688 43587684    0    0 10192 619696 224681 1795274 77 21  2  0  0  0
181  0  63344 108321168 2321688 43587708    0    0 12112 612688 227886 1805071 77 21  2  0  0  0
166  1  63344 108319420 2321688 43587736    0    0 11952 621452 216325 1809178 78 21  1  0  0  0
191  0  63344 108324592 2321688 43587744    0    0 11392 617284 218171 1823546 78 20  1  0  0  0
166  0  63344 108318204 2321688 43587756    0    0 12848 613472 220914 1800132 78 20  2  0  0  0
152  0  63344 108317628 2321688 43587776    0    0 12096 617416 219592 1811998 78 21  1  0  0  0
167  0  63344 108320592 2321688 43587784    0    0 11392 619704 223814 1805161 77 21  2  0  0  0
192  0  63344 108318676 2321688 43587808    0    0 11568 618240 224944 1819235 77 21  2  0  0  0
164  0  63344 108327052 2321688 43587828    0    0 12496 616868 216539 1803077 78 21  2  0  0  0
127  0  63344 108332184 2321688 43587836    0    0 11232 619680 218454 1799934 78 21  2  0  0  0
153  1  63344 108342480 2321688 43587864    0    0 15472 621696 222707 1794079 77 21  2  0  0  0
188  0  63344 108344432 2321688 43587872    0    0 12464 617284 214888 1787701 78 21  1  0  0  0
188  0  63344 108358172 2321688 43587888    0    0 13712 638620 218547 1805513 77 21  1  0  0  0
procs -----------memory---------- ---swap-- -----io---- -system-- -------cpu-------
 r  b   swpd   free   buff  cache   si   so    bi    bo   in   cs us sy id wa st gu
189  0  63344 108348892 2321688 43587916    0    0 13024 639092 217735 1804568 77 21  2  0  0  0
169  0  63344 108345332 2321688 43587920    0    0 11456 640568 217290 1836192 78 20  1  0  0  0
146  0  63344 108339948 2321688 43587932    0    0 14480 639732 220961 1797759 78 20  2  0  0  0
177  1  63344 108346248 2321688 43588024    0    0 12672 639080 223379 1800029 77 21  2  0  0  0
163  0  63344 108349100 2321688 43588028    0    0 12784 640008 222178 1803813 77 21  2  0  0  0
194  1  63344 108345600 2321688 43588064    0    0 12624 633392 214058 1793922 78 21  1  0  0  0
196  0  63344 108349812 2321688 43588080    0    0 11808 642908 225475 1800998 77 21  2  0  0  0
176  0  63344 108353360 2321688 43588092    0    0 13824 640284 220565 1798903 77 21  2  0  0  0
130  0  63344 108347740 2321688 43588108    0    0 10832 642536 219050 1798798 77 21  2  0  0  0
190  0  63344 108360468 2321688 43588124    0    0 14608 640080 215716 1787628 78 21  1  0  0  0
174  0  63344 108357704 2321688 43588144    0    0 13760 640888 217574 1796233 78 21  1  0  0  0
147  0  63344 108351840 2321688 43588164    0    0 11936 646692 219861 1803770 78 21  2  0  0  0
197  0  63344 108342588 2321688 43588168    0    0 10896 646768 221699 1817880 78 20  2  0  0  0
169  0  63344 108352804 2321688 43588176    0    0 11152 647116 221378 1813768 78 21  2  0  0  0
155  1  63344 108353416 2321688 43588196    0    0 10944 648212 217490 1810162 78 21  1  0  0  0
179  0  63344 108374356 2321688 43588220    0    0 13568 646448 218197 1806124 78 21  1  0  0  0
119  0  63344 108369168 2321688 43588232    0    0 10800 648524 223738 1799149 77 21  2  0  0  0
195  0  63344 108362504 2321688 43588256    0    0 11728 645496 220052 1815676 78 21  2  0  0  0
185  0  63344 108365180 2321688 43588264    0    0 14048 646568 219839 1811512 78 21  2  0  0  0
199  0  63344 108373320 2321688 43588284    0    0 11488 647860 221817 1805319 77 21  2  0  0  0
162  0  63344 108378408 2321688 43588312    0    0 11440 644344 229097 1766763 76 21  4  0  0  0
procs -----------memory---------- ---swap-- -----io---- -system-- -------cpu-------
 r  b   swpd   free   buff  cache   si   so    bi    bo   in   cs us sy id wa st gu
190  0  63344 108379036 2321688 43588324    0    0 12368 644536 223177 1805140 77 21  2  0  0  0
188  1  63344 108392488 2321688 43588344    0    0 11936 646800 221908 1821608 77 21  2  0  0  0
195  1  63344 108382992 2321688 43588352    0    0 12016 648380 228803 1820711 77 20  3  0  0  0
182  0  63344 108380588 2321692 43588372    0    0 12592 649292 220138 1812271 78 21  2  0  0  0
188  1  63344 108374980 2321692 43588392    0    0 10896 648288 220645 1798303 77 21  2  0  0  0
174  0  63344 108369976 2321692 43588404    0    0 12416 648780 217764 1794981 78 21  1  0  0  0
181  0  63344 108363800 2321692 43588420    0    0 11712 649244 219689 1799744 77 21  2  0  0  0
178  0  63344 108365052 2321692 43588436    0    0 11968 649516 219511 1813814 78 21  2  0  0  0
180  0  63344 108375308 2321692 43588452    0    0 14288 661312 217695 1805966 78 21  1  0  0  0
178  0  63344 108375300 2321692 43588472    0    0 11488 665428 218619 1804496 77 21  2  0  0  0
166  0  63344 108371568 2321692 43588484    0    0 15552 654512 218084 1808699 78 21  2  0  0  0
189  0  63344 108370176 2321692 43588500    0    0 10864 661952 214950 1807287 78 21  1  0  0  0
186  1  63344 108365308 2321692 43588520    0    0 12864 662000 214171 1803346 78 21  1  0  0  0
185  0  63344 108355708 2321692 43588528    0    0 13424 661332 217477 1817277 78 20  1  0  0  0
122  1  63344 108360712 2321692 43588540    0    0 13120 660180 211712 1802209 79 20  1  0  0  0
181  1  63344 108364796 2321692 43588564    0    0 11808 662944 215521 1805497 78 21  1  0  0  0
181  0  63344 108369708 2321692 43588580    0    0 12080 660604 220413 1797398 77 21  2  0  0  0
198  0  63344 108372952 2321692 43588596    0    0 13104 661524 212635 1807741 78 21  2  0  0  0
189  0  63344 108373756 2321692 43588616    0    0 14736 660300 218144 1801127 78 21  2  0  0  0
196  0  63344 108376164 2321692 43588628    0    0 13952 692400 219874 1803838 77 21  2  0  0  0
161  0  63344 108380080 2321692 43588648    0    0 11456 698380 217374 1808593 78 21  1  0  0  0
procs -----------memory---------- ---swap-- -----io---- -system-- -------cpu-------
 r  b   swpd   free   buff  cache   si   so    bi    bo   in   cs us sy id wa st gu
179  0  63344 108377776 2321692 43588664    0    0 11904 698172 215323 1808786 78 21  1  0  0  0
195  0  63344 108372620 2321692 43588680    0    0 10192 697464 220332 1801786 77 21  1  0  0  0
161  0  63344 108374264 2321692 43588700    0    0 13744 694056 215777 1810837 78 21  1  0  0  0
173  0  63344 108365568 2321692 43588708    0    0 11200 698440 219527 1844012 79 20  1  0  0  0
196  0  63344 108365668 2321692 43588716    0    0 13248 691092 217152 1822176 79 20  1  0  0  0
180  0  63344 108360184 2321692 43588732    0    0 12960 695856 220146 1799253 78 21  2  0  0  0
123  0  63344 108348580 2321692 43588796    0    0 13184 693580 222001 1764221 76 22  2  0  0  0
208  0  63344 108363408 2321696 43588768    0    0 12448 692220 217415 1796503 77 21  2  0  0  0
191  0  63344 108367400 2321696 43588792    0    0 12624 698356 218552 1809869 78 21  1  0  0  0
180  0  63344 108361840 2321696 43588820    0    0 11584 692328 218845 1782796 77 21  2  0  0  0
156  0  63344 108368892 2321696 43588836    0    0 12800 687532 219439 1815352 78 21  1  0  0  0
182  0  63344 108369400 2321696 43588852    0    0 13248 685896 220874 1800087 77 21  2  0  0  0
189  0  63344 108368936 2321696 43588868    0    0 11424 686348 219892 1801352 78 21  1  0  0  0
160  0  63344 108375788 2321696 43588888    0    0 11104 683180 220808 1810380 77 21  2  0  0  0
170  0  63344 108367632 2321696 43588900    0    0 11856 687476 220639 1820291 78 20  1  0  0  0
156  0  63344 108368368 2321696 43588916    0    0 12000 681228 224380 1800698 77 21  2  0  0  0
127  0  63344 108356348 2321696 43588932    0    0 13088 678816 214381 1789079 78 21  1  0  0  0
160  1  63344 108362652 2321696 43588948    0    0 12352 693164 217809 1786948 78 21  1  0  0  0
196  1  63344 108365200 2321696 43588964    0    0 13024 687220 219041 1788177 77 21  2  0  0  0
193  0  63344 108376280 2321696 43588984    0    0 11792 694408 218769 1802638 78 21  1  0  0  0
192  0  63344 108369344 2321696 43589000    0    0 11232 691640 217012 1794924 78 21  1  0  0  0
procs -----------memory---------- ---swap-- -----io---- -system-- -------cpu-------
 r  b   swpd   free   buff  cache   si   so    bi    bo   in   cs us sy id wa st gu
201  0  63344 108367992 2321696 43589108    0    0 13632 689212 221651 1792671 77 21  2  0  0  0
141  0  63344 108370884 2321696 43589120    0    0 11744 687492 219862 1796901 78 20  2  0  0  0
183  0  63344 108370840 2321696 43589132    0    0 11648 686064 224188 1793651 77 21  2  0  0  0
205  0  63344 108374120 2321696 43589152    0    0 13056 688040 223181 1793861 77 21  2  0  0  0
193  0  63344 108359452 2321696 43589168    0    0 10944 692388 224415 1830530 78 20  2  0  0  0
184  0  63344 108363584 2321696 43589180    0    0 11312 682384 221542 1805635 78 20  2  0  0  0
171  0  63344 108367944 2321696 43589192    0    0 11232 685384 223038 1802611 77 21  2  0  0  0
173  1  63344 108368928 2321696 43589212    0    0 10464 682984 223059 1803264 77 21  2  0  0  0
190  1  63344 108369836 2321696 43589228    0    0 12880 677252 223696 1791464 77 21  2  0  0  0
206  0  63344 108373644 2321696 43589248    0    0 13184 676988 220365 1798786 78 21  2  0  0  0
188  1  63344 108383320 2321696 43589268    0    0 11184 675464 222303 1797452 77 21  2  0  0  0
161  1  63344 108383448 2321696 43589284    0    0 11856 679256 222928 1805857 77 21  2  0  0  0
167  0  63344 108380768 2321696 43589304    0    0 10608 676684 222150 1792561 77 21  2  0  0  0
166  0  63344 108387924 2321696 43589324    0    0 11776 676520 221081 1810978 78 21  2  0  0  0
183  1  63344 108386832 2321696 43589340    0    0 12768 674680 226068 1795355 77 21  2  0  0  0
171  0  63344 108381620 2321696 43589352    0    0 12384 675316 227124 1812351 78 20  2  0  0  0
181  1  63344 108386588 2321696 43589368    0    0 12416 673252 220599 1797258 78 21  2  0  0  0
152  0  63344 108375528 2321696 43589388    0    0 12144 676184 223441 1812934 77 21  2  0  0  0
194  0  63344 108378880 2321696 43589396    0    0 11488 675736 224046 1802985 77 21  2  0  0  0
176  0  63344 108376568 2321696 43589424    0    0 11776 673808 221862 1810097 77 21  2  0  0  0
179  0  63344 108373268 2321696 43589440    0    0 10800 677428 221905 1808978 77 21  2  0  0  0
procs -----------memory---------- ---swap-- -----io---- -system-- -------cpu-------
 r  b   swpd   free   buff  cache   si   so    bi    bo   in   cs us sy id wa st gu
186  0  63344 108376468 2321696 43589456    0    0 11888 671584 220626 1816213 78 21  2  0  0  0
199  0  63344 108367872 2321696 43589472    0    0 13536 672728 222780 1796130 78 21  2  0  0  0
182  0  63344 108365328 2321696 43589492    0    0 10528 672816 222570 1815779 77 21  2  0  0  0
190  1  63344 108366380 2321696 43589508    0    0 13120 670144 221881 1816228 77 21  2  0  0  0
186  0  63344 108357044 2321696 43589524    0    0 11920 670596 214848 1816902 79 21  1  0  0  0
199  0  63344 108348860 2321696 43589536    0    0 12096 677056 238456 1776059 76 20  4  0  0  0
189  0  63344 108358992 2321696 43589556    0    0 12064 677212 226763 1788711 77 21  2  0  0  0
174  0  63344 108358048 2321696 43589568    0    0 11968 682612 218459 1792027 78 21  1  0  0  0
175  0  63344 108360380 2321696 43589588    0    0 13440 680596 231915 1777864 76 21  3  0  0  0
195  0  63344 108364472 2321696 43589604    0    0 14592 674916 227987 1787476 77 21  3  0  0  0
179  0  63344 108365308 2321696 43589620    0    0 13136 678664 219759 1804220 78 21  1  0  0  0
114  0  63344 108358372 2321696 43589636    0    0 12608 678956 222412 1789367 77 21  3  0  0  0
185  1  63344 108357836 2321696 43589656    0    0 11536 678688 220623 1803793 77 21  2  0  0  0
205  0  63344 108352852 2321696 43589676    0    0 10832 682980 219451 1807950 78 21  1  0  0  0
195  0  63344 108351552 2321696 43589688    0    0 12784 675440 220126 1803820 77 21  2  0  0  0
182  0  63344 108345224 2321696 43589704    0    0 11392 678516 223585 1807602 77 21  2  0  0  0
211  0  63344 108337080 2321696 43589712    0    0 11968 676072 226514 1816159 78 20  2  0  0  0
188  1  63344 108340868 2321696 43589728    0    0 12352 671264 220122 1801383 78 21  2  0  0  0
167  0  63344 108359320 2321696 43589744    0    0 12848 671908 218416 1806479 78 21  1  0  0  0
178  0  63344 108359908 2321696 43589764    0    0 12224 670860 227210 1804947 77 21  2  0  0  0
188  0  63344 108358796 2321696 43589788    0    0 14752 670024 217726 1800678 78 21  1  0  0  0
procs -----------memory---------- ---swap-- -----io---- -system-- -------cpu-------
 r  b   swpd   free   buff  cache   si   so    bi    bo   in   cs us sy id wa st gu
170  0  63344 108353060 2321696 43589800    0    0 10688 675504 220332 1807288 77 21  2  0  0  0
194  0  63344 108356652 2321696 43589816    0    0 12528 672212 230933 1790232 76 21  3  0  0  0
187  0  63344 108354496 2321696 43589832    0    0 10384 678972 218893 1823494 78 21  1  0  0  0
184  0  63344 108364880 2321696 43589856    0    0 11376 680840 223452 1780988 76 21  3  0  0  0
133  0  63344 108369956 2321696 43589872    0    0 12752 672704 220013 1789985 78 21  2  0  0  0
181  0  63344 108366536 2321696 43589888    0    0 13680 673912 221357 1804443 78 20  2  0  0  0
121  0  63344 108362304 2321696 43589896    0    0 13472 672584 218063 1829067 79 20  1  0  0  0
184  0  63344 108357272 2321696 43589912    0    0 12464 669904 216406 1812957 78 21  1  0  0  0
162  0  63344 108356124 2321696 43589940    0    0 13424 673772 219140 1797407 78 21  2  0  0  0
196  0  63344 108366000 2321696 43589960    0    0 15280 667468 220838 1791505 77 21  2  0  0  0
177  1  63344 108357408 2321696 43589972    0    0 12064 673676 216580 1800062 78 21  1  0  0  0
113  0  63344 108357664 2321696 43589988    0    0 13072 667380 228656 1783370 76 21  3  0  0  0
172  1  63344 108359040 2321696 43590008    0    0 11584 674772 222392 1818767 77 21  1  0  0  0
198  1  63344 108354772 2321696 43590024    0    0 12144 679484 216401 1812505 78 21  1  0  0  0
183  0  63344 108366764 2321696 43590040    0    0 12176 674208 226174 1799219 77 21  2  0  0  0
189  0  63344 108363140 2321696 43590056    0    0 12096 674816 227653 1808112 77 21  2  0  0  0
61  0  63344 108353960 2321696 43590072    0    0 12976 674624 220557 1799122 78 20  2  0  0  0
73  0  63344 108349904 2321696 43590080    0    0 12368 675500 222068 1810178 78 20  2  0  0  0
176  0  63344 108352936 2321696 43590164    0    0 10816 677512 214647 1811414 78 21  1  0  0  0
166  0  63344 108351036 2321696 43590180    0    0 12496 674496 220388 1820706 78 21  2  0  0  0
164  0  63344 108355600 2321696 43590196    0    0 13024 680520 220161 1804755 77 21  2  0  0  0
procs -----------memory---------- ---swap-- -----io---- -system-- -------cpu-------
 r  b   swpd   free   buff  cache   si   so    bi    bo   in   cs us sy id wa st gu
182  0  63344 108367584 2321696 43590212    0    0 10432 685276 224396 1799683 77 21  2  0  0  0
176  0  63344 108360976 2321696 43590232    0    0 12240 692484 220803 1811742 78 21  1  0  0  0
146  0  63344 108360488 2321696 43590248    0    0 11040 703440 219862 1803977 78 21  1  0  0  0
178  0  63344 108371460 2321696 43590264    0    0 11472 692232 224659 1794404 77 21  2  0  0  0
135  0  63344 108381104 2321696 43590284    0    0 12176 687516 224321 1807038 78 20  2  0  0  0
183  0  63344 108383120 2321696 43590296    0    0 10896 682548 222517 1800685 77 21  2  0  0  0
198  0  63344 108367864 2321696 43590316    0    0 11840 682260 221393 1817627 78 20  2  0  0  0
180  0  63344 108371740 2321696 43590320    0    0 11936 675040 234272 1800192 77 20  3  0  0  0
179  0  63344 108380816 2321696 43590340    0    0 10400 678540 218389 1816765 78 21  1  0  0  0
185  0  63344 108382060 2321696 43590356    0    0 12608 668400 220555 1814567 77 21  2  0  0  0
184  0  63344 108392024 2321696 43590372    0    0 11824 676264 221166 1808916 77 21  1  0  0  0
107  0  63344 108392972 2321696 43590388    0    0  9984 674196 218389 1790383 78 21  1  0  0  0
196  0  63344 108390296 2321696 43590404    0    0 13824 682728 218409 1795390 77 21  2  0  0  0
105  0  63344 108383192 2321696 43590424    0    0 13328 661412 222577 1803458 78 21  1  0  0  0
142  3  63344 108389416 2321696 43590440    0    0 10816 685216 220920 1804906 77 21  2  0  0  0
187  0  63344 108388556 2321696 43590456    0    0 13296 661920 215703 1786476 78 21  1  0  0  0
181  1  63344 108378424 2321696 43590476    0    0 11888 682848 218872 1811233 78 21  1  0  0  0
84  1  63344 108370416 2321700 43590492    0    0 11968 674788 217281 1825490 78 21  1  0  0  0
146  1  63344 108362256 2321700 43590512    0    0 12832 655224 228598 1796159 77 20  3  0  0  0
138  0  63344 108384832 2321700 43590524    0    0 10656 694264 227316 1813477 77 21  2  0  0  0
191  0  63344 108370796 2321700 43590544    0    0 12736 667080 219318 1803690 78 21  1  0  0  0
procs -----------memory---------- ---swap-- -----io---- -system-- -------cpu-------
 r  b   swpd   free   buff  cache   si   so    bi    bo   in   cs us sy id wa st gu
206  2  63344 108372984 2321700 43590560    0    0 12080 689280 226023 1786862 77 21  3  0  0  0
185  1  63344 108385172 2321700 43590576    0    0 10848 653712 220548 1802668 78 21  2  0  0  0
146  0  63344 108382332 2321700 43590600    0    0 12176 703124 220539 1796309 77 21  2  0  0  0
162  0  63344 108380752 2321700 43590608    0    0 11728 673440 222602 1805272 77 21  2  0  0  0
181  2  63344 108382984 2321700 43590628    0    0 12416 658544 220889 1784954 77 21  2  0  0  0
203  0  63344 108384920 2321700 43590648    0    0 12432 691292 223338 1802269 77 21  2  0  0  0
169  0  63344 108393044 2321700 43590668    0    0 12000 677808 220026 1801325 77 21  2  0  0  0
204  0  63344 108388228 2321700 43590684    0    0 12096 668648 223795 1817208 78 20  2  0  0  0
202  0  63344 108380712 2321700 43590696    0    0 14080 678620 218542 1816164 78 20  2  0  0  0
204  1  63344 108378768 2321700 43590712    0    0 12992 677824 215979 1810780 78 20  1  0  0  0
204  1  63344 108378704 2321700 43590728    0    0 13456 704288 220252 1813068 78 21  2  0  0  0
168  0  63344 108387076 2321700 43590744    0    0 11344 651800 222083 1788188 77 21  2  0  0  0
180  2  63344 108390408 2321700 43590760    0    0 12608 703560 218739 1794355 78 21  1  0  0  0
181  2  63344 108390724 2321700 43590780    0    0 12560 673516 219620 1794820 77 21  2  0  0  0
184  1  63344 108381092 2321700 43590796    0    0 11072 694768 227542 1785236 76 21  3  0  0  0
199  0  63344 108382536 2321700 43590816    0    0 12320 655476 221862 1816918 77 21  2  0  0  0
201  0  63344 108377060 2321700 43590828    0    0 14032 683404 217074 1793771 78 21  1  0  0  0
167  1  63344 108371112 2321700 43590852    0    0 13008 672416 217512 1802223 77 21  2  0  0  0
190  0  63344 108366504 2321700 43590868    0    0 12096 692492 223038 1820778 78 20  2  0  0  0
184  1  63344 108367928 2321700 43590876    0    0 10512 715168 223727 1829957 78 20  2  0  0  0
210  3  63344 108364572 2321700 43590888    0    0 14160 634084 221257 1792769 77 21  2  0  0  0
procs -----------memory---------- ---swap-- -----io---- -system-- -------cpu-------
 r  b   swpd   free   buff  cache   si   so    bi    bo   in   cs us sy id wa st gu
170  0  63344 108357996 2321700 43590904    0    0 10944 688128 220341 1795509 77 21  2  0  0  0
149  0  63344 108354944 2321700 43590924    0    0 10320 698664 220649 1819376 78 21  1  0  0  0
190  1  63344 108359584 2321700 43590940    0    0 12832 697496 217246 1808906 78 21  1  0  0  0
194  2  63344 108355816 2321700 43590956    0    0 12816 671108 223328 1806477 77 21  2  0  0  0
194  1  63344 108344360 2321700 43590972    0    0 10896 689520 227690 1813614 77 21  2  0  0  0
201  2  63344 108356396 2321700 43590992    0    0 12512 669252 223392 1802798 77 21  2  0  0  0
181  1  63344 108350496 2321700 43591008    0    0 11456 699340 226064 1788346 77 21  2  0  0  0
196  2  63344 108366884 2321700 43591028    0    0 12016 712844 227886 1789699 77 21  2  0  0  0
160  2  63344 108356008 2321700 43591044    0    0 12080 691192 219595 1835469 78 20  1  0  0  0
205  1  63344 108359004 2321700 43591052    0    0 11600 682732 221881 1810809 78 20  2  0  0  0
203  0  63344 108358168 2321700 43591068    0    0 13040 658832 221659 1802235 77 21  2  0  0  0
180  4  63344 108356104 2321700 43591088    0    0 12240 737644 222808 1810114 77 21  1  0  0  0
140  5  63344 108350208 2321700 43591108    0    0 12016 670612 222533 1822707 77 21  2  0  0  0
199  0  63344 108354072 2321700 43591124    0    0 14480 670552 226486 1797252 77 21  2  0  0  0
198  1  63344 108356980 2321700 43591136    0    0 10352 666560 221229 1802451 77 21  2  0  0  0
162  3  63344 108343968 2321700 43591220    0    0 12592 717108 223927 1799784 77 21  2  0  0  0
157  0  63344 108346208 2321700 43591240    0    0 11968 651972 220084 1795075 77 21  2  0  0  0
187  1  63344 108355720 2321700 43591260    0    0 10304 726684 223483 1805092 78 21  2  0  0  0
117  0  63344 108367416 2321700 43591276    0    0 14752 648968 221887 1795499 77 21  2  0  0  0
201  0  63344 108369468 2321700 43591288    0    0  9840 676664 223919 1833254 78 20  2  0  0  0
173  1  63344 108371252 2321700 43591300    0    0 10624 670744 228875 1801721 77 20  3  0  0  0
procs -----------memory---------- ---swap-- -----io---- -system-- -------cpu-------
 r  b   swpd   free   buff  cache   si   so    bi    bo   in   cs us sy id wa st gu
178  2  63344 108370776 2321700 43591316    0    0 14160 676196 219888 1801306 78 21  1  0  0  0
131  2  63344 108378168 2321700 43591336    0    0 13552 728680 219652 1799936 77 21  2  0  0  0
180  0  63344 108384636 2321700 43591356    0    0 11968 641528 215396 1818410 78 21  1  0  0  0
196  0  63344 108373496 2321700 43591368    0    0 12624 726392 216807 1804829 78 21  1  0  0  0
185  1  63344 108374784 2321700 43591388    0    0 12048 722416 218703 1813148 78 20  1  0  0  0
124  2  63344 108378536 2321700 43591408    0    0 11824 713568 225751 1782281 77 21  3  0  0  0
198  0  63344 108370960 2321700 43591432    0    0 12544 620656 220447 1793841 78 21  2  0  0  0
124  2  63344 108378204 2321700 43591444    0    0 12128 724860 222110 1811753 78 21  2  0  0  0
209  1  63344 108396756 2321700 43591464    0    0 12528 647960 221399 1808646 78 21  2  0  0  0
66  2  63344 108391904 2321700 43591480    0    0 12752 733972 226881 1829714 77 21  2  0  0  0
206  1  63344 108388144 2321700 43591488    0    0 12656 663888 229775 1799225 77 20  3  0  0  0
190  3  63344 108385460 2321700 43591500    0    0 11520 629520 222264 1814422 77 21  2  0  0  0
107  1  63344 108378176 2321700 43591520    0    0 12368 761332 223124 1794237 77 21  2  0  0  0
164  2  63344 108381432 2321700 43591532    0    0 12448 633096 217291 1789420 78 21  1  0  0  0
198  1  63344 108374992 2321700 43591556    0    0 13520 706756 219061 1801511 78 21  1  0  0  0
197  1  63344 108372692 2321700 43591572    0    0 10512 711456 225791 1810489 77 21  2  0  0  0
140  0  63344 108362740 2321700 43591592    0    0 13344 590520 215662 1796653 77 21  2  0  0  0
185  1  63344 108356680 2321700 43591608    0    0 11872 689496 217120 1805337 78 21  1  0  0  0
143  2  63344 108360060 2321700 43591632    0    0 14304 713940 223962 1799389 77 21  2  0  0  0
135  2  63344 108358312 2321700 43591652    0    0 10912 752732 229535 1796472 77 21  2  0  0  0
76  4  63344 108352916 2321700 43591664    0    0 10784 695520 225715 1835808 77 20  2  0  0  0
procs -----------memory---------- ---swap-- -----io---- -system-- -------cpu-------
 r  b   swpd   free   buff  cache   si   so    bi    bo   in   cs us sy id wa st gu
170  2  63344 108349992 2321700 43591672    0    0 12048 653416 223072 1835385 78 20  2  0  0  0
96  2  63344 108359788 2321700 43591692    0    0 11408 704688 224731 1809635 77 21  2  0  0  0
190  2  63344 108366768 2321700 43591712    0    0 12336 638472 222624 1799577 77 21  2  0  0  0
203  0  63344 108363104 2321700 43591728    0    0 13456 680700 219426 1802680 78 21  1  0  0  0
190  1  63344 108358980 2321700 43591748    0    0 12080 734620 223333 1800555 77 21  2  0  0  0
112  3  63344 108361452 2321700 43591760    0    0 12608 668968 229442 1790695 76 21  3  0  0  0
195  2  63344 108354240 2321700 43591784    0    0 11808 682804 218825 1807095 77 21  2  0  0  0
199  2  63344 108363616 2321700 43591800    0    0 10848 742128 225015 1822483 77 21  2  0  0  0
92  1  63344 108367132 2321700 43591812    0    0 11760 679100 223344 1811786 77 21  2  0  0  0
94  2  63344 108361092 2321700 43591828    0    0 12160 681460 222084 1797256 78 21  2  0  0  0
122  2  63344 108360752 2321700 43591840    0    0 11264 741944 227576 1813402 77 20  3  0  0  0
187  3  63344 108357560 2321700 43591860    0    0 12000 661108 226795 1825284 77 20  2  0  0  0
76  4  63344 108366416 2321700 43591876    0    0 11536 693584 221460 1814330 78 21  2  0  0  0
172  2  63344 108362396 2321700 43591892    0    0 10016 711840 225880 1813178 77 21  2  0  0  0
148  1  63344 108357796 2321700 43591908    0    0 12784 661436 237623 1802618 77 21  2  0  0  0
117  3  63344 108365340 2321700 43591924    0    0 15296 665144 221494 1791839 77 21  2  0  0  0
106  1  63344 108369784 2321700 43591944    0    0 12464 628308 217775 1813148 78 21  1  0  0  0
198  1  63344 108357148 2321700 43591960    0    0 11312 691312 223649 1810025 78 21  1  0  0  0
150  1  63344 108362512 2321700 43592100    0    0 13472 739544 225531 1780718 76 21  2  0  0  0
196  1  63344 108357484 2321700 43592116    0    0 13616 661364 215617 1802253 78 21  1  0  0  0
134  2  63344 108353392 2321700 43592132    0    0 13680 715004 223446 1807498 78 21  2  0  0  0
procs -----------memory---------- ---swap-- -----io---- -system-- -------cpu-------
 r  b   swpd   free   buff  cache   si   so    bi    bo   in   cs us sy id wa st gu
168  3  63344 108351036 2321700 43592152    0    0 13440 712204 225575 1814086 78 21  2  0  0  0
137  0  63344 108357704 2321700 43592164    0    0 13664 645120 223463 1807365 78 20  2  0  0  0
165  2  63344 108358776 2321700 43592180    0    0 11808 684064 221802 1793487 77 20  2  0  0  0
207  0  63344 108358988 2321700 43592196    0    0 13808 668212 223016 1805390 77 21  2  0  0  0
75  3  63344 108357604 2321700 43592220    0    0 13168 675892 221175 1806520 77 21  2  0  0  0
159  4  63344 108358780 2321700 43592232    0    0 13120 641072 224960 1806175 78 21  2  0  0  0
119  4  63344 108364692 2321700 43592248    0    0 11200 729404 225901 1803925 77 21  2  0  0  0
166  4  63344 108362596 2321700 43592284    0    0 11744 621168 225548 1774821 77 21  2  0  0  0
112  3  63344 108379988 2321700 43592308    0    0 12864 720936 229506 1787260 76 21  3  0  0  0
194  0  63344 108375068 2321700 43592324    0    0 12912 616336 219718 1815468 77 21  2  0  0  0
34  4  63344 108376908 2321700 43592340    0    0 10832 749404 223155 1808537 77 21  2  0  0  0
160  0  63344 108369372 2321700 43592356    0    0 12448 646208 227418 1818709 77 20  2  0  0  0
150  2  63344 108381088 2321700 43592432    0    0 13360 750304 220416 1823858 78 20  2  0  0  0
199  1  63344 108380336 2321700 43592452    0    0 11488 636204 219581 1818387 77 21  2  0  0  0
195  0  63344 108376728 2321700 43592468    0    0 11936 610692 217766 1812447 78 21  1  0  0  0
163  3  63344 108373456 2321700 43592484    0    0 10224 655264 214878 1803570 77 21  2  0  0  0
74  3  63344 108372588 2321700 43592504    0    0 12480 785904 227430 1811695 77 21  2  0  0  0
137  2  63344 108373084 2321704 43592512    0    0 13408 634872 221407 1794540 77 21  2  0  0  0
188  1  63344 108373432 2321704 43592536    0    0 10928 723256 223625 1815875 77 21  2  0  0  0
186  2  63344 108384132 2321704 43592556    0    0 12336 643088 220126 1803713 78 21  2  0  0  0
118  1  63344 108376292 2321704 43592572    0    0 12816 658184 219251 1806438 77 21  2  0  0  0
procs -----------memory---------- ---swap-- -----io---- -system-- -------cpu-------
 r  b   swpd   free   buff  cache   si   so    bi    bo   in   cs us sy id wa st gu
142  4  63344 108372716 2321704 43592596    0    0  9680 688284 221430 1829393 78 21  2  0  0  0
196  1  63344 108358544 2321704 43592612    0    0 12816 592772 213900 1829420 79 20  1  0  0  0
170  0  63344 108359228 2321704 43592616    0    0 12384 691168 219967 1809826 78 20  1  0  0  0
109  1  63344 108353536 2321704 43592632    0    0 11840 782408 225047 1813270 77 21  2  0  0  0
131  4  63344 108358044 2321704 43592648    0    0 10912 670796 221831 1812038 77 21  2  0  0  0
192  4  63344 108351908 2321704 43592668    0    0 10912 690152 220338 1809383 77 21  2  0  0  0
144  1  63344 108353860 2321704 43592684    0    0 11840 729656 223535 1821311 77 21  2  0  0  0
196  3  63344 108363680 2321704 43592704    0    0 12176 631704 218989 1817216 77 21  2  0  0  0
129  4  63344 108364544 2321704 43592720    0    0 11808 645764 221179 1812165 77 21  2  0  0  0
118  2  63344 108363412 2321704 43592736    0    0 11536 731956 222480 1814594 77 21  2  0  0  0
209  1  63344 108369412 2321704 43592752    0    0 12768 668328 221593 1826502 78 21  1  0  0  0
165  4  63344 108365812 2321704 43592776    0    0  9760 664628 217669 1800866 77 21  2  0  0  0
133  1  63344 108362628 2321704 43592788    0    0 12032 681844 220121 1838244 78 20  1  0  0  0
179  1  63344 108359300 2321704 43592804    0    0 12064 692696 221131 1823005 78 21  2  0  0  0
121  2  63344 108365140 2321704 43592816    0    0 10688 680560 219801 1814071 78 21  2  0  0  0
104  2  63344 108377960 2321704 43592832    0    0 12144 660916 222945 1822366 77 21  2  0  0  0
132  2  63344 108374348 2321704 43592856    0    0 12288 703920 221454 1795889 77 21  2  0  0  0
154  2  63344 108387612 2321704 43592876    0    0 11264 624352 218765 1814154 77 21  1  0  0  0
211  0  63344 108385536 2321704 43592892    0    0 13824 712820 218673 1819692 78 21  2  0  0  0
168  2  63344 108387868 2321704 43592904    0    0 10752 730580 217851 1806791 78 21  1  0  0  0
158  2  63344 108380608 2321704 43592928    0    0 12096 724124 221441 1817714 77 21  2  0  0  0
procs -----------memory---------- ---swap-- -----io---- -system-- -------cpu-------
 r  b   swpd   free   buff  cache   si   so    bi    bo   in   cs us sy id wa st gu
77  3  63344 108382540 2321704 43592944    0    0 12144 645028 224602 1799472 77 21  2  0  0  0
110  2  63344 108383396 2321704 43592964    0    0 10512 649356 221565 1805809 77 21  2  0  0  0
112  4  63344 108373164 2321704 43592976    0    0 12672 723652 225482 1836535 78 20  2  0  0  0
179  0  63344 108372728 2321704 43592984    0    0 12448 613176 218299 1813202 78 20  2  0  0  0
88  1  63344 108376840 2321704 43593004    0    0 10160 788564 226898 1816311 77 21  2  0  0  0
140  3  63344 108374288 2321704 43593024    0    0 12528 624548 217914 1806901 78 21  2  0  0  0
204  0  63344 108372140 2321704 43593040    0    0 12448 629448 217918 1815925 78 21  2  0  0  0
156  1  63344 108377200 2321704 43593088    0    0 11136 728816 220997 1811961 78 21  1  0  0  0
50  4  63344 108374632 2321704 43593104    0    0 13680 689828 223996 1791522 77 21  2  0  0  0
125  1  63344 108371992 2321704 43593120    0    0 10752 653796 222567 1810034 77 21  2  0  0  0
126  5  63344 108368032 2321704 43593140    0    0 11392 708044 223930 1808705 77 21  2  0  0  0
139  2  63344 108376568 2321704 43593156    0    0 13408 720196 222766 1815561 77 21  2  0  0  0
173  4  63344 108372712 2321704 43593172    0    0 10736 653216 219097 1796880 77 21  2  0  0  0
155  2  63344 108370020 2321704 43593184    0    0 12528 687480 221038 1836334 78 20  2  0  0  0
115  2  63344 108372336 2321704 43593196    0    0 12416 646204 221367 1806405 78 20  2  0  0  0
86  4  63344 108380784 2321704 43593212    0    0 10624 770448 228097 1812022 77 21  2  0  0  0
134  1  63344 108367940 2321704 43593232    0    0 12352 574964 214127 1807499 78 21  2  0  0  0
134  2  63344 108357388 2321704 43593248    0    0 11648 710384 218517 1804517 78 21  1  0  0  0
197  2  63344 108362552 2321704 43593264    0    0 11440 640456 218630 1815220 78 21  1  0  0  0
200  2  63344 108365464 2321704 43593280    0    0 11712 684496 218290 1823439 78 21  1  0  0  0
41  4  63344 108361200 2321704 43593300    0    0 11920 780764 219976 1813213 78 21  1  0  0  0
procs -----------memory---------- ---swap-- -----io---- -system-- -------cpu-------
 r  b   swpd   free   buff  cache   si   so    bi    bo   in   cs us sy id wa st gu
162  3  63344 108358456 2321704 43593320    0    0 12128 576428 215467 1793746 78 21  1  0  0  0
177  2  63344 108371300 2321704 43593332    0    0 12752 794088 227316 1812249 77 21  2  0  0  0
174  2  63344 108368100 2321704 43593356    0    0 12096 603652 215170 1806440 78 21  1  0  0  0
71  4  63344 108360820 2321704 43593372    0    0 12832 729844 231993 1826764 77 20  3  0  0  0
174  2  63344 108362216 2321704 43593384    0    0 11888 670364 217758 1812523 78 20  1  0  0  0
47  2  63344 108375160 2321704 43593396    0    0 11712 695836 223035 1798533 77 21  2  0  0  0
157  2  63344 108375640 2321704 43593424    0    0 12608 695128 221053 1795843 77 21  2  0  0  0
170  3  63344 108366972 2321704 43593444    0    0 11360 698668 222828 1803016 77 21  2  0  0  0
115  2  63344 108377952 2321704 43593460    0    0 12144 741260 224734 1812874 77 21  2  0  0  0
163  2  63344 108377504 2321704 43593544    0    0 12544 656160 219200 1804409 77 21  2  0  0  0
181  2  63344 108377528 2321704 43593564    0    0  9504 577520 213745 1834267 78 21  1  0  0  0
153  1  63344 108377216 2321704 43593588    0    0 11584 779752 219520 1829055 78 21  1  0  0  0
184  0  63344 108372112 2321704 43593596    0    0 13104 749708 222635 1822039 78 21  2  0  0  0
128  0  63344 108368408 2321704 43593616    0    0 11232 560700 210353 1805907 78 21  1  0  0  0
196  2  63344 108364740 2321704 43593628    0    0 11984 763508 222795 1827886 78 20  1  0  0  0
136  3  63344 108356380 2321704 43593644    0    0 13152 732432 221660 1822603 78 21  1  0  0  0
96  5  63344 108365688 2321704 43593664    0    0  9920 661332 224340 1815735 77 21  2  0  0  0
137  5  63344 108356516 2321704 43593680    0    0 12608 614048 221260 1806614 78 21  2  0  0  0
172  2  63344 108350444 2321704 43593696    0    0 13424 628696 215014 1800777 78 21  1  0  0  0
161  2  63344 108357300 2321704 43593708    0    0 12688 775056 223418 1826472 78 21  1  0  0  0
156  3  63344 108361684 2321704 43593728    0    0 10816 768072 227222 1803420 77 21  2  0  0  0
procs -----------memory---------- ---swap-- -----io---- -system-- -------cpu-------
 r  b   swpd   free   buff  cache   si   so    bi    bo   in   cs us sy id wa st gu
205  0  63344 108349380 2321704 43593748    0    0 10928 578116 213648 1819818 78 21  1  0  0  0
196  2  63344 108344476 2321704 43593764    0    0 12144 715724 217619 1825163 78 21  1  0  0  0
104  3  63344 108349908 2321704 43593780    0    0 13696 687308 215860 1829488 78 21  1  0  0  0
197  0  63344 108354608 2321708 43593792    0    0  9568 745676 224062 1827341 78 21  2  0  0  0
180  4  63344 108345808 2321708 43593816    0    0 12128 652160 219689 1831725 78 20  1  0  0  0
195  1  63344 108337816 2321708 43593824    0    0 11584 537872 212303 1812856 79 20  1  0  0  0
69  2  63344 108340524 2321708 43593836    0    0 11680 773900 225391 1804529 77 21  2  0  0  0
147  1  63344 108343196 2321708 43593852    0    0 11616 564260 215977 1793618 78 21  1  0  0  0
151  3  63344 108334736 2321708 43593864    0    0 12112 806220 220162 1815154 78 21  1  0  0  0
150  3  63344 108327100 2321708 43593892    0    0 10560 678976 216503 1805152 78 21  1  0  0  0
64  5  63344 108332316 2321708 43593908    0    0 12560 657452 224002 1807108 77 21  2  0  0  0
98  5  63344 108339392 2321708 43593932    0    0 12736 764688 226771 1816472 77 21  2  0  0  0
172  3  63344 108339820 2321708 43593948    0    0 11248 586708 216976 1804043 78 21  1  0  0  0
142  3  63344 108331452 2321708 43593964    0    0 13152 705840 223746 1811890 77 21  2  0  0  0
184  2  63344 108339476 2321708 43593984    0    0 12320 708000 225877 1805837 77 21  2  0  0  0
120  1  63344 108330412 2321708 43594000    0    0 14112 704808 221284 1825250 77 21  2  0  0  0
131  2  63344 108335936 2321708 43594012    0    0 13472 693368 223271 1814605 78 20  2  0  0  0
168  2  63344 108327472 2321708 43594024    0    0 12640 671244 218053 1817932 78 21  2  0  0  0
141  4  63344 108335688 2321708 43594044    0    0 13712 669664 221161 1803455 77 21  2  0  0  0
108  3  63344 108333720 2321708 43594064    0    0 11840 730140 221019 1813241 78 21  2  0  0  0
68  6  63344 108336156 2321708 43594080    0    0 13248 549924 214633 1803667 78 20  2  0  0  0
procs -----------memory---------- ---swap-- -----io---- -system-- -------cpu-------
 r  b   swpd   free   buff  cache   si   so    bi    bo   in   cs us sy id wa st gu
179  4  63344 108330048 2321708 43594100    0    0 13392 714764 223809 1809038 77 21  2  0  0  0
162  1  63344 108332856 2321708 43594116    0    0 14128 707592 219749 1813371 78 21  2  0  0  0
82  3  63344 108333088 2321708 43594136    0    0 15184 637488 226278 1771809 76 21  3  0  0  0
183  0  63344 108340040 2321708 43594152    0    0 11728 733404 229165 1800695 76 21  2  0  0  0
169  4  63344 108353644 2321708 43594168    0    0 12080 673872 222071 1819886 78 21  2  0  0  0
107  2  63344 108344284 2321708 43594184    0    0 12592 715072 229289 1829388 77 20  2  0  0  0
101  3  63344 108346744 2321708 43594192    0    0 13776 648588 229422 1809279 77 20  3  0  0  0
173  3  63344 108343264 2321708 43594208    0    0 14704 630608 216247 1811910 78 21  1  0  0  0
199  1  63344 108336696 2321708 43594224    0    0 13008 607940 214289 1811352 78 21  1  0  0  0
119  3  63344 108347072 2321708 43594244    0    0 11648 810724 220485 1814394 78 21  1  0  0  0
144  1  63344 108352604 2321708 43594260    0    0 12336 718376 222810 1811870 77 21  2  0  0  0
144  1  63344 108358872 2321708 43594276    0    0 13552 671036 221974 1803232 77 21  2  0  0  0
180  2  63344 108352532 2321708 43594308    0    0 13632 677112 219880 1805256 78 20  2  0  0  0
47  2  63344 108349028 2321708 43594324    0    0 12528 594824 217082 1800254 77 21  2  0  0  0
134  3  63344 108347404 2321708 43594344    0    0 13776 737528 222911 1788190 77 21  2  0  0  0
170  2  63344 108352896 2321708 43594364    0    0 13008 708012 226719 1794070 77 21  2  0  0  0
114  6  63344 108346444 2321708 43594384    0    0 14992 604056 223164 1806877 77 20  2  0  0  0
117  2  63344 108334576 2321708 43594392    0    0 13984 796472 232530 1823710 78 20  2  0  0  0
156  2  63344 108337592 2321708 43594404    0    0 13248 665112 221900 1798259 77 21  2  0  0  0
166  1  63344 108345216 2321708 43594428    0    0 12704 654532 223022 1800856 77 21  2  0  0  0
200  0  63344 108340212 2321708 43594448    0    0 10016 654004 220855 1819844 78 21  1  0  0  0
procs -----------memory---------- ---swap-- -----io---- -system-- -------cpu-------
 r  b   swpd   free   buff  cache   si   so    bi    bo   in   cs us sy id wa st gu
181  3  63344 108342220 2321708 43594464    0    0 12352 679308 220427 1810264 78 21  2  0  0  0
178  5  63344 108343996 2321708 43594476    0    0 14768 711680 220631 1791482 77 21  2  0  0  0
209  1  63344 108342504 2321708 43594492    0    0 13104 710204 220503 1798991 77 21  2  0  0  0
167  1  63344 108339140 2321708 43594512    0    0 14512 672268 217519 1795162 78 21  1  0  0  0
176  0  63344 108338180 2321708 43594528    0    0 11584 479072 209990 1803762 78 21  1  0  0  0
184  0  63344 108348804 2321708 43594548    0    0 12272 821612 223181 1812788 78 21  1  0  0  0
179  2  63344 108343204 2321712 43594652    0    0 13888 677404 219898 1800234 78 20  2  0  0  0
176  2  63344 108337188 2321712 43594664    0    0 11616 637160 217825 1813090 78 20  2  0  0  0
41  2  63344 108344080 2321712 43594680    0    0 11328 790888 228104 1801724 77 21  2  0  0  0
194  2  63344 108342508 2321712 43594696    0    0 12464 649744 225444 1800751 77 21  2  0  0  0
199  0  63344 108348876 2321712 43594712    0    0 11504 714492 224134 1807039 77 21  2  0  0  0
171  0  63344 108347156 2321712 43594728    0    0 12928 615348 215851 1796543 78 21  2  0  0  0
136  2  63344 108340580 2321712 43594744    0    0 10800 748060 220415 1812465 77 21  2  0  0  0
179  4  63344 108342472 2321712 43594764    0    0 11632 640204 216267 1816354 78 21  1  0  0  0
136  4  63344 108354060 2321712 43594788    0    0 12240 677824 221255 1806137 77 21  2  0  0  0
175  2  63344 108361972 2321712 43594800    0    0 11392 700680 226528 1767271 75 21  4  0  0  0
181  5  63344 108370048 2321712 43594820    0    0 12480 722284 225974 1802993 77 21  2  0  0  0
153  3  63344 108369152 2321712 43594836    0    0 12368 603956 217667 1819729 78 20  1  0  0  0
163  1  63344 108363164 2321712 43594844    0    0 10976 732936 224292 1839491 78 20  2  0  0  0
190  4  63344 108359644 2321712 43594860    0    0 13504 547024 209664 1802838 78 21  1  0  0  0
190  0  63344 108362192 2321712 43594876    0    0 13232 740740 225121 1799331 77 21  2  0  0  0
procs -----------memory---------- ---swap-- -----io---- -system-- -------cpu-------
 r  b   swpd   free   buff  cache   si   so    bi    bo   in   cs us sy id wa st gu
195  1  63344 108349352 2321712 43594892    0    0 11696 573756 210637 1805017 79 21  1  0  0  0
160  2  63344 108357700 2321712 43594908    0    0 12928 851332 232914 1809417 76 21  3  0  0  0
155  2  63344 108355980 2321712 43594932    0    0  9264 690516 219086 1815578 78 21  1  0  0  0
185  4  63344 108364568 2321712 43594952    0    0 12336 734484 227535 1823549 77 21  2  0  0  0
101  3  63344 108372796 2321712 43594964    0    0 11664 708580 224693 1816285 77 21  2  0  0  0
185  1  63344 108375804 2321712 43594980    0    0 12464 691376 223888 1799871 77 21  2  0  0  0
160  1  63344 108372904 2321712 43595000    0    0 12080 643160 221363 1803235 77 21  2  0  0  0
178  4  63344 108359784 2321712 43595012    0    0 13312 664280 218812 1814567 78 20  2  0  0  0
182  1  63344 108352888 2321712 43595028    0    0 10112 606380 216632 1817860 79 20  1  0  0  0
78  1  63344 108360112 2321712 43595048    0    0 11248 853136 228631 1815075 78 20  2  0  0  0
206  2  63344 108362980 2321712 43595064    0    0 11472 617216 218111 1803933 77 21  2  0  0  0
164  1  63344 108353684 2321712 43595088    0    0 10528 709924 220565 1828940 78 21  2  0  0  0
172  1  63344 108350148 2321712 43595104    0    0 11792 645336 214445 1803418 78 21  1  0  0  0
175  2  63344 108358184 2321712 43595128    0    0 10896 716688 223439 1823308 77 21  2  0  0  0
132  3  63344 108364712 2321712 43595140    0    0 11664 674592 219799 1798464 77 21  2  0  0  0
77  5  63344 108365632 2321712 43595160    0    0 12064 657532 224831 1810859 77 21  2  0  0  0
161  2  63344 108359604 2321712 43595180    0    0 10784 713200 222440 1802127 77 21  2  0  0  0
188  1  63344 108357172 2321712 43595192    0    0 11840 540916 211570 1802159 78 21  1  0  0  0
116  4  63344 108351708 2321712 43595216    0    0 11744 862352 226979 1817607 78 21  2  0  0  0
184  2  63344 108332476 2321712 43595228    0    0 11168 709696 225427 1850162 78 20  2  0  0  0
180  1  63344 108329152 2321712 43595240    0    0 11984 508292 209914 1792940 78 20  2  0  0  0
procs -----------memory---------- ---swap-- -----io---- -system-- -------cpu-------
 r  b   swpd   free   buff  cache   si   so    bi    bo   in   cs us sy id wa st gu
212  1  63344 108331424 2321712 43595260    0    0 11680 746088 225488 1795356 77 21  2  0  0  0
149  0  63344 108330268 2321712 43595280    0    0 10624 711924 218183 1814791 78 21  1  0  0  0
200  0  63344 108331660 2321712 43595304    0    0 12016 646620 214197 1809738 78 21  1  0  0  0
210  0  63344 108333528 2321712 43595324    0    0 13344 651144 214538 1804844 78 21  1  0  0  0
166  3  63344 108329344 2321712 43595344    0    0 12384 758348 218896 1803930 78 21  2  0  0  0
184  3  63344 108324720 2321712 43595360    0    0 14144 722456 224762 1804958 77 21  2  0  0  0
139  1  63344 108329084 2321712 43595376    0    0  9968 676280 219073 1813262 78 21  1  0  0  0
179  3  63344 108328576 2321712 43595392    0    0 10496 545620 210196 1811909 79 20  1  0  0  0
175  0  63344 108331608 2321712 43595412    0    0 13072 732140 227251 1790063 77 21  2  0  0  0
29  4  63344 108330896 2321716 43595424    0    0 11312 775892 230034 1821669 77 20  2  0  0  0
185  4  63344 108346132 2321716 43595476    0    0 11616 695580 225542 1785287 77 21  2  0  0  0
165  3  63344 108348580 2321716 43595492    0    0 13472 651808 222593 1806488 77 21  2  0  0  0
148  3  63344 108353628 2321716 43595508    0    0 10800 634568 218194 1801844 78 21  2  0  0  0
113  3  63344 108355352 2321716 43595528    0    0 11968 734964 224006 1798635 77 21  2  0  0  0
119  3  63344 108354588 2321716 43595548    0    0 12208 642952 220686 1802996 77 21  2  0  0  0
171  1  63344 108357456 2321716 43595560    0    0 10672 729580 223181 1808436 77 21  2  0  0  0
157  1  63344 108363988 2321716 43595576    0    0 11712 680664 220880 1817763 78 21  2  0  0  0
183  1  63344 108370456 2321716 43595592    0    0 12160 678596 222595 1803731 77 21  2  0  0  0
159  2  63344 108362384 2321716 43595612    0    0 10576 581508 211900 1801674 78 21  1  0  0  0
84  1  63344 108367836 2321716 43595628    0    0 13264 660180 218663 1791670 77 21  2  0  0  0
146  3  63344 108363208 2321716 43595648    0    0 10896 751168 225859 1844699 78 20  1  0  0  0
procs -----------memory---------- ---swap-- -----io---- -system-- -------cpu-------
 r  b   swpd   free   buff  cache   si   so    bi    bo   in   cs us sy id wa st gu
166  0  63344 108366204 2321716 43595656    0    0 13280 722508 231755 1788033 77 20  3  0  0  0
200  0  63344 108360324 2321716 43595676    0    0 13424 606868 221230 1789925 77 21  2  0  0  0
145  1  63344 108359568 2321716 43595700    0    0 12240 760540 224531 1805258 77 21  2  0  0  0
154  3  63344 108364460 2321716 43595780    0    0 14528 666668 224683 1804245 77 21  2  0  0  0
132  2  63344 108367720 2321716 43595800    0    0 11840 609900 215591 1813385 78 21  1  0  0  0
127  3  63344 108368240 2321716 43595812    0    0 14608 722676 221617 1797208 77 21  2  0  0  0
184  2  63344 108364688 2321716 43595828    0    0 13440 591568 213880 1785343 78 21  1  0  0  0
163  3  63344 108370520 2321716 43595852    0    0 13008 768884 229186 1790774 77 21  2  0  0  0
181  2  63344 108372300 2321716 43595868    0    0 14816 720640 227021 1796018 77 21  2  0  0  0
210  1  63344 108360880 2321716 43595888    0    0 11952 623048 216112 1806267 78 21  1  0  0  0
187  1  63344 108359452 2321716 43595900    0    0 14256 734084 224092 1826664 78 20  2  0  0  0
182  0  63344 108363876 2321716 43595912    0    0 14560 673224 218249 1808336 78 20  2  0  0  0
193  4  63344 108368636 2321716 43595936    0    0 11008 651928 221830 1797616 77 21  2  0  0  0
114  1  63344 108372384 2321716 43595952    0    0 14848 695724 226661 1790634 77 21  2  0  0  0
92  2  63344 108374048 2321716 43595968    0    0 12912 656628 229177 1780280 76 21  3  0  0  0
163  2  63344 108368164 2321716 43595980    0    0 13120 545788 212028 1815821 78 21  1  0  0  0
188  3  63344 108369252 2321716 43596000    0    0 13648 787136 228483 1793680 77 21  2  0  0  0
139  0  63344 108374272 2321716 43596020    0    0 11184 703048 225269 1799124 77 21  2  0  0  0
198  0  63344 108384536 2321716 43596040    0    0 13136 726176 226709 1818945 77 21  2  0  0  0
178  4  63344 108380476 2321716 43596052    0    0 12288 581552 215771 1804331 78 21  1  0  0  0
189  0  63344 108382024 2321716 43596072    0    0 11552 687168 221509 1821733 78 21  2  0  0  0
procs -----------memory---------- ---swap-- -----io---- -system-- -------cpu-------
 r  b   swpd   free   buff  cache   si   so    bi    bo   in   cs us sy id wa st gu
181  3  63344 108370608 2321716 43596088    0    0 12480 688604 214218 1844087 79 20  1  0  0  0
144  4  63344 108365964 2321716 43596096    0    0 14224 684144 216680 1802540 78 21  1  0  0  0
199  0  63344 108374716 2321716 43596112    0    0 13152 764728 228115 1804110 77 21  2  0  0  0
175  0  63344 108378164 2321716 43596124    0    0 10656 680048 221671 1807391 78 21  2  0  0  0
190  1  63344 108379472 2321716 43596140    0    0 11792 679648 220578 1791748 77 21  2  0  0  0
151  4  63344 108366736 2321716 43596164    0    0 13600 679272 227603 1790995 76 21  3  0  0  0
196  0  63344 108376872 2321716 43596180    0    0 12688 683984 223438 1825202 78 21  2  0  0  0
173  4  63344 108373264 2321716 43596200    0    0 12544 641788 233278 1771382 76 21  3  0  0  0
145  3  63344 108377300 2321716 43596216    0    0 12240 697908 220816 1826493 78 21  2  0  0  0
190  1  63344 108371848 2321716 43596240    0    0 11648 617620 214783 1800135 78 21  1  0  0  0
189  0  63344 108365732 2321716 43596256    0    0 13120 779576 223087 1804499 78 21  1  0  0  0
182  0  63344 108357188 2321716 43596268    0    0 14064 689212 226806 1840987 78 20  2  0  0  0
179  1  63344 108362336 2321716 43596280    0    0 12176 634124 216742 1810605 78 20  1  0  0  0
72  5  63344 108354156 2321716 43596300    0    0 12800 697172 219889 1816434 78 21  1  0  0  0
173  0  63344 108375776 2321716 43596324    0    0 12000 716612 222114 1811968 77 21  2  0  0  0
176  0  63344 108375188 2321716 43596340    0    0 13824 677676 219589 1819417 78 21  2  0  0  0
159  1  63344 108376116 2321716 43596356    0    0 13952 685900 220716 1792940 77 21  1  0  0  0
106  0  63344 108369300 2321716 43596372    0    0 13120 679888 219575 1810469 78 21  1  0  0  0
188  0  63344 108370788 2321716 43596392    0    0 15008 681568 224588 1797627 77 21  2  0  0  0
147  1  63344 108373896 2321716 43596408    0    0 12784 666864 221779 1799954 77 21  2  0  0  0
149  3  63344 108370512 2321716 43596420    0    0 12352 661180 223841 1795826 77 21  2  0  0  0
procs -----------memory---------- ---swap-- -----io---- -system-- -------cpu-------
 r  b   swpd   free   buff  cache   si   so    bi    bo   in   cs us sy id wa st gu
165  3  63344 108370064 2321716 43596436    0    0 11184 669424 216049 1813695 78 21  1  0  0  0
191  0  63344 108359300 2321716 43596456    0    0 12736 726984 230552 1845413 78 20  2  0  0  0
180  0  63344 108372432 2321716 43596468    0    0 14528 677744 222030 1804717 77 20  2  0  0  0
181  1  63344 108371948 2321716 43596488    0    0 12272 648836 213677 1811437 78 21  1  0  0  0
188  0  63344 108372108 2321716 43596504    0    0 13312 728324 221918 1813900 77 21  2  0  0  0
192  0  63344 108372692 2321716 43596520    0    0 14064 688012 225363 1810190 77 21  2  0  0  0
173  0  63344 108367340 2321716 43596540    0    0 12016 684948 226613 1795524 77 21  2  0  0  0
166  2  63344 108362752 2321716 43596560    0    0 12240 649736 218925 1812355 78 21  1  0  0  0
191  0  63344 108363472 2321716 43596576    0    0 10880 674848 216976 1798202 78 21  1  0  0  0
191  1  63344 108375632 2321716 43596592    0    0 13104 734636 218990 1815857 78 20  1  0  0  0
148  3  63344 108370292 2321716 43596608    0    0 11888 663896 218993 1792029 77 21  2  0  0  0
174  0  63344 108370592 2321720 43596616    0    0 11552 710452 222994 1812366 77 21  2  0  0  0
166  1  63344 108361292 2321720 43596648    0    0 12528 689536 227381 1835336 78 20  2  0  0  0
170  1  63344 108359408 2321720 43596656    0    0 11024 680604 231837 1795171 76 20  4  0  0  0
188  0  63344 108364764 2321720 43596672    0    0 10144 700352 227765 1802126 76 21  3  0  0  0
192  0  63344 108374860 2321720 43596692    0    0 12080 683624 222976 1812325 77 21  2  0  0  0
161  1  63344 108366716 2321720 43596708    0    0 12432 689376 224204 1811962 77 21  2  0  0  0
194  0  63344 108364888 2321720 43596724    0    0 10560 686964 218490 1799083 78 21  1  0  0  0
169  1  63344 108360824 2321720 43596744    0    0 12288 687972 220955 1807271 78 21  2  0  0  0
193  0  63344 108364620 2321720 43596760    0    0 11872 684764 223512 1794676 77 21  2  0  0  0
187  0  63344 108367844 2321720 43596776    0    0 11232 682136 221450 1818764 77 21  2  0  0  0
procs -----------memory---------- ---swap-- -----io---- -system-- -------cpu-------
 r  b   swpd   free   buff  cache   si   so    bi    bo   in   cs us sy id wa st gu
199  1  63344 108363008 2321720 43596860    0    0 13152 635536 211101 1801614 79 21  1  0  0  0
195  0  63344 108375776 2321720 43596880    0    0 10896 733408 224431 1805196 77 21  2  0  0  0
177  0  63344 108370924 2321720 43596896    0    0 12304 684904 228459 1816234 77 20  2  0  0  0
198  0  63344 108369580 2321720 43596908    0    0 10752 682440 223000 1833694 78 21  1  0  0  0
181  0  63344 108364956 2321720 43596924    0    0  9808 679916 225758 1818975 77 21  2  0  0  0
194  0  63344 108365428 2321720 43596940    0    0 12768 674460 227221 1782982 76 21  3  0  0  0
171  0  63344 108371228 2321720 43596960    0    0 12208 686740 231104 1807149 77 21  2  0  0  0
185  0  63344 108382400 2321720 43596976    0    0 10448 682788 226599 1819118 77 21  2  0  0  0
199  0  63344 108387960 2321720 43596992    0    0 11296 683052 223545 1803706 77 21  2  0  0  0
182  1  63344 108383228 2321720 43597012    0    0 12416 678876 220407 1807918 78 21  2  0  0  0
191  0  63344 108376508 2321720 43597028    0    0  9840 688568 223161 1809264 77 21  2  0  0  0
191  0  63344 108375872 2321720 43597048    0    0 12304 681128 228862 1804354 77 21  2  0  0  0
158  0  63344 108372436 2321720 43597068    0    0 12688 680004 226499 1800872 77 21  2  0  0  0
208  0  63344 108362520 2321720 43597080    0    0 11312 678016 231172 1843459 77 20  2  0  0  0
166  0  63344 108374124 2321720 43597088    0    0 11792 680836 219896 1805487 77 21  2  0  0  0
166  0  63344 108379628 2321720 43597104    0    0 10656 679512 220872 1789787 77 21  2  0  0  0
183  0  63344 108382816 2321720 43597128    0    0 13312 676256 222761 1805141 77 21  2  0  0  0
196  0  63344 108374508 2321720 43597144    0    0 11376 680468 221450 1819386 77 21  2  0  0  0
191  0  63344 108392276 2321720 43597156    0    0 10864 683416 222036 1791258 77 21  2  0  0  0
185  0  63344 108387624 2321720 43597176    0    0 12480 678264 226591 1810178 77 21  2  0  0  0
194  0  63344 108376908 2321720 43597192    0    0 11616 680380 223944 1806517 77 21  2  0  0  0
procs -----------memory---------- ---swap-- -----io---- -system-- -------cpu-------
 r  b   swpd   free   buff  cache   si   so    bi    bo   in   cs us sy id wa st gu
178  1  63344 108379400 2321720 43597208    0    0 11760 679752 222875 1815041 77 21  2  0  0  0
189  1  63344 108375924 2321720 43597232    0    0 12512 681664 223104 1803368 77 21  2  0  0  0
167  0  63344 108379208 2321720 43597248    0    0 12448 684324 220407 1829203 78 21  2  0  0  0
199  1  63344 108375036 2321720 43597264    0    0 13392 676448 219256 1834191 78 20  1  0  0  0
186  0  63344 108373636 2321720 43597272    0    0 14240 681280 218672 1805924 78 21  1  0  0  0
192  0  63344 108373588 2321720 43597288    0    0 11936 679488 217224 1813973 77 21  2  0  0  0
178  0  63344 108376740 2321720 43597304    0    0 12352 676820 211236 1817256 78 21  1  0  0  0
170  0  63344 108385504 2321720 43597328    0    0 11568 681172 220181 1818995 78 21  2  0  0  0
176  0  63344 108389776 2321720 43597348    0    0 10704 678556 222274 1800252 77 21  2  0  0  0
192  0  63344 108388924 2321720 43597360    0    0 12112 679492 221488 1793911 77 21  2  0  0  0
175  0  63344 108378748 2321720 43597376    0    0 11776 677076 222783 1807804 77 21  2  0  0  0
182  0  63344 108380292 2321720 43597400    0    0 11200 676720 225722 1790698 77 21  2  0  0  0
189  1  63344 108380108 2321720 43597412    0    0 12736 676432 233812 1779615 76 21  3  0  0  0
196  2  63344 108378316 2321720 43597440    0    0 11376 687120 218852 1813604 78 21  1  0  0  0
183  0  63344 108370156 2321720 43597452    0    0 13792 680156 221399 1839069 78 20  2  0  0  0
190  0  63344 108376392 2321720 43597460    0    0 11232 677556 218527 1797519 78 20  1  0  0  0
147  0  63344 108382824 2321720 43597484    0    0 11072 678484 225081 1805148 77 21  2  0  0  0
163  0  63344 108381216 2321720 43597500    0    0 13584 679104 225211 1794417 77 21  2  0  0  0
160  0  63344 108381112 2321720 43597512    0    0 12368 680120 217832 1798775 78 21  1  0  0  0
188  0  63344 108381888 2321720 43597528    0    0 11840 684236 219360 1807213 78 21  1  0  0  0
195  1  63344 108382420 2321720 43597548    0    0 12592 681352 221681 1807885 77 21  2  0  0  0
procs -----------memory---------- ---swap-- -----io---- -system-- -------cpu-------
 r  b   swpd   free   buff  cache   si   so    bi    bo   in   cs us sy id wa st gu
154  0  63344 108384632 2321720 43597568    0    0 10864 687272 225581 1793842 77 21  2  0  0  0
179  1  63344 108377972 2321720 43597584    0    0 12320 682516 220154 1810135 78 21  2  0  0  0
188  0  63344 108384048 2321720 43597600    0    0 11824 680852 223675 1810163 77 21  2  0  0  0
173  0  63344 108384536 2321720 43597616    0    0 11648 678076 222206 1823403 77 21  2  0  0  0
131  0  63344 108368704 2321720 43597628    0    0 12064 675580 227819 1809373 77 20  3  0  0  0
192  1  63344 108372880 2321720 43597640    0    0 11712 680556 224955 1819805 78 20  2  0  0  0
157  0  63344 108375956 2321720 43597656    0    0 10224 683588 221031 1825100 78 21  1  0  0  0
161  0  63344 108378800 2321720 43597676    0    0 12224 680912 223866 1808568 77 21  2  0  0  0
189  0  63344 108379252 2321720 43597692    0    0 12304 682356 222434 1798552 77 21  2  0  0  0
161  0  63344 108378536 2321720 43597708    0    0  9920 679752 220083 1808810 77 21  2  0  0  0
174  0  63344 108383984 2321720 43597728    0    0 12848 678516 224473 1820735 77 21  2  0  0  0
175  0  63344 108372920 2321720 43597744    0    0 12224 679648 224449 1804244 77 21  2  0  0  0
182  0  63344 108369632 2321720 43597760    0    0 11408 684256 218888 1818127 78 21  1  0  0  0
202  1  63344 108371992 2321720 43597772    0    0 12592 680084 224956 1803821 77 21  2  0  0  0
191  0  63344 108370184 2321720 43597796    0    0 11936 681164 220346 1824738 78 21  2  0  0  0
177  0  63344 108370876 2321720 43597808    0    0 11504 682096 223751 1837004 78 20  2  0  0  0
175  0  63344 108374176 2321720 43597824    0    0 11552 682024 224010 1813188 77 21  2  0  0  0
194  0  63344 108381604 2321720 43597840    0    0 10336 682396 222879 1810502 77 21  2  0  0  0
172  0  63344 108378748 2321720 43597928    0    0 12592 681788 226239 1800436 77 21  2  0  0  0
190  0  63344 108383060 2321720 43597944    0    0 12048 682916 218701 1813270 78 21  1  0  0  0
194  0  63344 108385832 2321720 43597960    0    0 13344 687028 222015 1796882 77 21  2  0  0  0
procs -----------memory---------- ---swap-- -----io---- -system-- -------cpu-------
 r  b   swpd   free   buff  cache   si   so    bi    bo   in   cs us sy id wa st gu
165  0  63344 108387544 2321720 43597980    0    0 12688 685876 216103 1802936 78 21  1  0  0  0
197  0  63344 108395128 2321720 43597996    0    0 12288 683736 222209 1815776 78 21  1  0  0  0
203  0  63344 108401664 2321720 43598016    0    0 12672 682160 222263 1805039 77 21  2  0  0  0
179  0  63344 108400656 2321720 43598036    0    0 10544 682812 225437 1827910 77 21  2  0  0  0
162  0  63344 108389068 2321720 43598052    0    0 12064 679636 221616 1812208 78 21  2  0  0  0
187  0  63344 108378452 2321720 43598072    0    0 12496 683376 223545 1833443 78 20  2  0  0  0
195  0  63344 108371220 2321720 43598080    0    0 11040 684244 219186 1816181 78 21  1  0  0  0
188  0  63344 108385540 2321720 43598100    0    0 10864 685496 219764 1821771 77 21  2  0  0  0
191  0  63344 108389520 2321720 43598116    0    0 12336 688832 217807 1823973 78 21  1  0  0  0
176  0  63344 108392016 2321720 43598128    0    0 13664 687164 216605 1822891 78 21  1  0  0  0
202  0  63344 108380880 2321720 43598148    0    0 11888 690612 214854 1808865 78 21  1  0  0  0
166  0  63344 108387476 2321720 43598164    0    0 12416 684320 221670 1810275 78 21  1  0  0  0
169  0  63344 108382928 2321720 43598184    0    0 11088 687312 222418 1803514 77 21  2  0  0  0
168  0  63344 108384324 2321720 43598200    0    0 14032 691080 223857 1795039 77 21  2  0  0  0
186  0  63344 108384028 2321720 43598212    0    0  9488 687300 219278 1810697 78 21  1  0  0  0
195  1  63344 108383164 2321720 43598232    0    0 11888 684584 219928 1812366 78 21  2  0  0  0
194  0  63344 108380628 2321720 43598248    0    0 13936 683432 222287 1836024 78 20  2  0  0  0
180  0  63344 108374672 2321720 43598260    0    0 11952 687588 220138 1810888 78 20  2  0  0  0
189  0  63344 108381620 2321720 43598276    0    0 10688 689652 218307 1809649 78 21  2  0  0  0
193  0  63344 108381276 2321720 43598284    0    0 12512 688900 214927 1814732 78 21  1  0  0  0
168  1  63344 108380696 2321720 43598304    0    0 11472 684368 212758 1815513 78 21  1  0  0  0
procs -----------memory---------- ---swap-- -----io---- -system-- -------cpu-------
 r  b   swpd   free   buff  cache   si   so    bi    bo   in   cs us sy id wa st gu
175  0  63344 108380612 2321720 43598332    0    0 11840 687424 217179 1811377 78 21  1  0  0  0
186  0  63344 108382396 2321720 43598340    0    0 15152 679856 215795 1804143 78 21  2  0  0  0
196  0  63344 108377060 2321720 43598360    0    0 10112 688520 219869 1822860 78 21  1  0  0  0
171  1  63344 108382088 2321720 43598372    0    0 12656 685164 231706 1810877 76 21  3  0  0  0
199  1  63344 108386008 2321720 43598384    0    0 12256 683540 224430 1807460 77 21  2  0  0  0
188  0  63344 108374144 2321720 43598408    0    0 11488 686948 216846 1794810 78 21  1  0  0  0
185  0  63344 108366064 2321720 43598428    0    0 13440 688000 218042 1827447 79 20  1  0  0  0
189  0  63344 108366188 2321720 43598436    0    0 11632 685100 219441 1826658 78 20  2  0  0  0
191  1  63344 108372272 2321720 43598448    0    0 11328 684424 218647 1819827 78 20  2  0  0  0
197  0  63344 108372180 2321720 43598468    0    0 11584 688468 219223 1802327 78 21  1  0  0  0
155  0  63344 108367244 2321720 43598488    0    0 10720 685760 216882 1818939 78 21  1  0  0  0
184  0  63344 108366876 2321720 43598504    0    0 12688 688196 217475 1818511 78 21  1  0  0  0
186  0  63344 108360112 2321720 43598520    0    0 11184 690440 212631 1811050 78 21  1  0  0  0
163  0  63344 108361228 2321720 43598540    0    0 11232 690992 218343 1815383 78 21  1  0  0  0
183  0  63344 108370168 2321720 43598560    0    0 11840 683368 220930 1820974 77 21  2  0  0  0
186  1  63344 108363296 2321720 43598576    0    0 13040 687092 214133 1805897 78 21  1  0  0  0
145  0  63344 108365336 2321720 43598588    0    0 10592 685432 217961 1820830 78 21  1  0  0  0
138  0  63344 108355576 2321720 43598604    0    0 13488 679540 222469 1827816 77 21  2  0  0  0
142  0  63344 108353404 2321720 43598616    0    0 13136 682144 220999 1802280 78 20  2  0  0  0
185  0  63344 108348896 2321720 43598628    0    0 10608 689088 220786 1807380 78 21  2  0  0  0
100  1  63344 108343492 2321720 43598656    0    0 12768 683844 221763 1822945 78 21  1  0  0  0
procs -----------memory---------- ---swap-- -----io---- -system-- -------cpu-------
 r  b   swpd   free   buff  cache   si   so    bi    bo   in   cs us sy id wa st gu
171  0  63344 108342936 2321720 43598664    0    0 11424 686624 220336 1819402 77 21  2  0  0  0
199  0  63344 108326532 2321724 43598680    0    0 12816 685684 220513 1799355 78 21  2  0  0  0
201  0  63344 108329368 2321724 43598696    0    0 12320 680264 220005 1798139 77 21  2  0  0  0
199  0  63344 108332264 2321724 43598720    0    0 10544 686148 219269 1809399 78 21  1  0  0  0
177  1  63344 108333032 2321724 43598756    0    0 11968 680044 217186 1824232 78 21  1  0  0  0
152  1  63344 108332904 2321724 43598760    0    0 11568 681220 218437 1822751 78 21  1  0  0  0
183  0  63344 108344028 2321724 43598780    0    0 11792 684336 220427 1815300 77 21  2  0  0  0
135  0  63344 108336428 2321724 43598796    0    0 14416 688328 222086 1824573 78 20  1  0  0  0
159  1  63344 108328656 2321724 43598812    0    0 11056 687384 218608 1825456 79 20  1  0  0  0
182  0  63344 108332648 2321724 43598824    0    0 12816 678168 226230 1802577 77 21  2  0  0  0
178  0  63344 108336460 2321724 43598848    0    0 12032 684848 223773 1803083 77 21  2  0  0  0
200  0  63344 108354088 2321724 43598868    0    0 11856 682552 224026 1830366 77 21  2  0  0  0
187  0  63344 108344664 2321724 43598888    0    0 13584 680176 218471 1806373 78 21  2  0  0  0
202  0  63344 108360128 2321724 43598904    0    0 12256 682264 219574 1815631 78 20  2  0  0  0
173  1  63344 108360380 2321724 43598928    0    0 10576 684492 217757 1817725 78 21  1  0  0  0
195  0  63344 108359568 2321724 43599004    0    0 12688 680336 217738 1822680 77 21  2  0  0  0
193  0  63344 108359380 2321724 43599032    0    0 12880 681812 217195 1805346 78 21  1  0  0  0
159  0  63344 108362856 2321724 43599040    0    0 11904 685936 217611 1814024 78 21  1  0  0  0
196  0  63344 108360992 2321724 43599052    0    0 11632 686244 217068 1828295 78 21  1  0  0  0
166  0  63344 108351460 2321724 43599068    0    0 12864 685120 220629 1838887 78 20  2  0  0  0
178  0  63344 108361912 2321724 43599092    0    0 13792 679264 220390 1814144 78 21  2  0  0  0
procs -----------memory---------- ---swap-- -----io---- -system-- -------cpu-------
 r  b   swpd   free   buff  cache   si   so    bi    bo   in   cs us sy id wa st gu
188  0  63344 108358936 2321724 43599100    0    0 11792 680128 218575 1808618 78 21  1  0  0  0
197  0  63344 108359352 2321724 43599128    0    0 11920 688440 214617 1814949 79 20  1  0  0  0
174  0  63344 108366556 2321724 43599144    0    0 13696 677208 231863 1787443 76 21  3  0  0  0
196  1  63344 108370896 2321724 43599156    0    0 10288 685784 224391 1810520 77 21  2  0  0  0
161  0  63344 108373880 2321724 43599180    0    0 11904 682296 224285 1815079 77 21  2  0  0  0
197  0  63344 108366640 2321724 43599192    0    0 11008 682748 222928 1812448 77 21  2  0  0  0
116  0  63344 108373472 2321724 43599208    0    0 10320 683340 218406 1812485 77 21  2  0  0  0
177  1  63344 108378088 2321724 43599224    0    0 12192 684848 219636 1807915 78 21  1  0  0  0
142  0  63344 108372520 2321724 43599228    0    0 11424 678896 219411 1823981 77 21  2  0  0  0
155  0  63344 108361484 2321724 43599244    0    0 11904 684168 223041 1843194 78 20  2  0  0  0
190  0  63344 108370960 2321728 43599256    0    0 13088 685912 216518 1823997 78 21  1  0  0  0
158  0  63344 108375088 2321728 43599280    0    0 12256 685360 215513 1814545 78 21  2  0  0  0
183  0  63344 108369980 2321728 43599292    0    0  9680 685832 215306 1810041 78 21  1  0  0  0
174  0  63344 108370676 2321728 43599312    0    0 12464 681812 218534 1801534 78 21  1  0  0  0
173  0  63344 108360460 2321728 43599336    0    0 12416 681816 220829 1819417 78 21  2  0  0  0
93  2  63344 108362768 2321728 43599356    0    0 11888 689764 215817 1800279 78 21  1  0  0  0
186  0  63344 108367708 2321728 43599380    0    0 12800 682332 232854 1791168 76 21  3  0  0  0
167  0  63344 108370524 2321728 43599396    0    0 10384 685964 220411 1808943 77 21  2  0  0  0
150  0  63344 108367284 2321728 43599404    0    0 11712 680096 221148 1796417 77 21  2  0  0  0
161  0  63344 108368532 2321728 43599432    0    0 11680 686996 216582 1817427 78 20  1  0  0  0
196  0  63344 108356156 2321728 43599440    0    0 11904 686552 215794 1840426 79 20  1  0  0  0
procs -----------memory---------- ---swap-- -----io---- -system-- -------cpu-------
 r  b   swpd   free   buff  cache   si   so    bi    bo   in   cs us sy id wa st gu
191  0  63344 108352248 2321728 43599452    0    0 12128 685180 216950 1821340 78 20  1  0  0  0
189  1  63344 108359552 2321728 43599468    0    0 11744 683672 223634 1818197 78 21  2  0  0  0
123  0  63344 108359876 2321728 43599492    0    0  9952 687372 217070 1805705 78 21  1  0  0  0
201  0  63344 108364980 2321728 43599508    0    0 13168 682444 216174 1816881 78 21  1  0  0  0
195  0  63344 108350916 2321732 43599524    0    0 13360 684308 215729 1809505 78 21  1  0  0  0
185  0  63344 108361208 2321732 43599544    0    0 11360 682568 219422 1806357 78 21  2  0  0  0
191  0  63344 108357148 2321732 43599548    0    0 12256 683328 216976 1805384 78 21  1  0  0  0
185  0  63344 108364980 2321732 43599572    0    0 11360 693908 220520 1805751 77 21  2  0  0  0
183  0  63344 108361516 2321732 43599588    0    0 14032 685348 222242 1813146 78 21  2  0  0  0
187  0  63344 108364520 2321732 43599604    0    0 12208 687208 228397 1794006 76 21  3  0  0  0
188  0  63344 108357072 2321732 43599628    0    0 10688 690752 222914 1828700 78 20  2  0  0  0
182  0  63344 108361780 2321732 43599640    0    0 13264 689600 221505 1811673 78 20  2  0  0  0
182  0  63344 108358612 2321732 43599660    0    0 12432 689520 219226 1809847 78 21  1  0  0  0
129  0  63344 108357652 2321732 43599676    0    0 10704 694000 218510 1802033 78 21  1  0  0  0
182  0  63344 108345324 2321736 43599684    0    0 12960 687204 217602 1801900 78 21  1  0  0  0
191  0  63344 108355352 2321736 43599700    0    0 11200 683268 224145 1799863 77 21  2  0  0  0
173  0  63344 108350028 2321736 43599724    0    0 11616 684740 222946 1810871 77 21  2  0  0  0
176  0  63344 108355180 2321736 43599744    0    0 12480 688932 214412 1805635 78 21  1  0  0  0
161  0  63344 108362880 2321736 43599772    0    0 12080 688588 216147 1813083 78 21  1  0  0  0
198  0  63344 108351016 2321740 43599772    0    0 13872 691172 212728 1820173 78 21  1  0  0  0
187  0  63344 108352684 2321740 43599796    0    0 12560 686952 214573 1811130 78 21  1  0  0  0
procs -----------memory---------- ---swap-- -----io---- -system-- -------cpu-------
 r  b   swpd   free   buff  cache   si   so    bi    bo   in   cs us sy id wa st gu
188  0  63344 108349108 2321740 43599812    0    0 10720 687936 224137 1825971 78 20  2  0  0  0
201  0  63344 108343324 2321740 43599820    0    0 12528 683744 224357 1814174 78 20  2  0  0  0
178  0  63344 108347932 2321740 43599848    0    0 11632 684952 223137 1807192 77 21  2  0  0  0
174  1  63344 108349800 2321740 43599856    0    0 11392 682660 223530 1803710 77 21  2  0  0  0
131  0  63344 108356556 2321740 43599868    0    0 12864 685920 219952 1809107 78 21  1  0  0  0
168  1  63344 108354620 2321740 43599896    0    0 11152 685872 218583 1831149 78 21  1  0  0  0
190  0  63344 108351800 2321740 43599912    0    0 12464 685668 223184 1813577 77 21  2  0  0  0
185  0  63344 108356228 2321740 43599932    0    0 13152 684440 216981 1807767 78 21  1  0  0  0
182  0  63344 108347444 2321740 43599940    0    0 12032 687096 221575 1819009 78 21  2  0  0  0
101  0  63344 108357060 2321740 43599972    0    0 13392 683480 215923 1795317 78 21  1  0  0  0
161  0  63344 108352604 2321740 43599992    0    0 12336 684016 215081 1800925 78 21  1  0  0  0
169  0  63344 108353544 2321740 43600088    0    0 12944 685060 219066 1811518 78 21  1  0  0  0
185  0  63344 108352464 2321740 43600092    0    0 12304 683412 222254 1821719 77 20  2  0  0  0
154  0  63344 108357652 2321740 43600124    0    0 11696 682420 223449 1788742 77 21  2  0  0  0
185  0  63344 108352012 2321740 43600148    0    0 12320 685528 215817 1803676 78 21  1  0  0  0
194  0  63344 108361576 2321740 43600164    0    0 12016 685532 224505 1810306 77 21  2  0  0  0
177  0  63344 108359492 2321740 43600168    0    0 12448 684140 224531 1826959 77 21  2  0  0  0
104  2  63344 108360872 2321740 43600196    0    0 11760 683176 221628 1815470 77 21  2  0  0  0
195  0  63344 108361476 2321740 43600220    0    0 12784 686832 220091 1811277 78 21  1  0  0  0
168  1  63344 108364708 2321740 43600236    0    0 11376 685164 217998 1817695 78 21  2  0  0  0
196  0  63344 108360592 2321740 43600256    0    0 13232 685692 221355 1821465 78 21  1  0  0  0
procs -----------memory---------- ---swap-- -----io---- -system-- -------cpu-------
 r  b   swpd   free   buff  cache   si   so    bi    bo   in   cs us sy id wa st gu
183  0  63344 108367280 2321740 43600264    0    0 11984 676680 220346 1802006 77 21  2  0  0  0
188  0  63344 108363120 2321740 43600280    0    0 12192 683820 219108 1839547 78 20  2  0  0  0
192  0  63344 108358140 2321744 43600300    0    0 13648 685144 221232 1819281 78 20  2  0  0  0
186  0  63344 108359216 2321744 43600308    0    0  8448 690624 217648 1818693 78 21  1  0  0  0
179  0  63344 108354640 2321744 43600328    0    0 12736 689152 215045 1808679 78 21  1  0  0  0
130  0  63344 108356416 2321744 43600344    0    0 12000 685912 219870 1812729 78 21  1  0  0  0
206  0  63344 108365716 2321744 43600364    0    0 10192 683640 221357 1808973 77 21  1  0  0  0
187  0  63344 108376644 2321744 43600384    0    0 11856 679320 226905 1812422 77 21  2  0  0  0
190  0  63344 108376220 2321744 43600396    0    0 13360 681352 225417 1796847 77 21  2  0  0  0
166  0  63344 108376388 2321744 43600412    0    0 12176 687720 220713 1796858 77 21  2  0  0  0
199  0  63344 108366436 2321744 43600428    0    0 13616 686376 215592 1802431 78 21  1  0  0  0
195  0  63344 108367860 2321744 43600440    0    0 11680 688996 213495 1823691 78 21  1  0  0  0
186  0  63344 108365716 2321744 43600460    0    0 11136 682812 220076 1818091 78 21  2  0  0  0
189  0  63344 108357256 2321744 43600468    0    0 12064 679592 223071 1816829 78 20  2  0  0  0
189  1  63344 108351624 2321744 43600480    0    0  9872 687968 221502 1824253 78 21  2  0  0  0
205  1  63344 108362348 2321744 43600504    0    0 11872 686440 221862 1808414 77 21  2  0  0  0
192  0  63344 108355624 2321744 43600524    0    0 13232 684680 220120 1804941 78 21  1  0  0  0
162  0  63344 108360620 2321748 43600540    0    0 12976 685652 217886 1819603 77 21  2  0  0  0
194  0  63344 108362580 2321748 43600556    0    0 14080 685184 220419 1803692 77 21  2  0  0  0
198  0  63344 108351248 2321748 43600572    0    0 10016 687176 214427 1818202 78 21  1  0  0  0
194  0  63344 108353952 2321748 43600588    0    0 12704 682436 221690 1795022 77 21  2  0  0  0
procs -----------memory---------- ---swap-- -----io---- -system-- -------cpu-------
 r  b   swpd   free   buff  cache   si   so    bi    bo   in   cs us sy id wa st gu
183  0  63344 108352552 2321748 43600608    0    0 13088 679964 226366 1805442 77 21  2  0  0  0
166  0  63344 108354728 2321748 43600632    0    0 11008 685276 219438 1804336 78 21  1  0  0  0
164  0  63344 108354072 2321748 43600652    0    0 12368 682996 219569 1820678 77 21  2  0  0  0
142  0  63344 108349296 2321748 43600660    0    0 15104 684748 221931 1827412 78 20  2  0  0  0
155  1  63344 108354884 2321748 43600680    0    0 12704 685596 219534 1807027 78 20  2  0  0  0
169  1  63344 108356048 2321748 43600692    0    0 13984 684352 214255 1817610 78 21  1  0  0  0
197  0  63344 108356708 2321748 43600716    0    0 10880 687140 215166 1802036 78 21  1  0  0  0
113  0  63344 108350272 2321748 43600732    0    0 13168 686956 218233 1802067 77 21  1  0  0  0
174  0  63344 108349576 2321748 43600748    0    0 11392 686244 219821 1825756 78 21  2  0  0  0
184  0  63344 108345124 2321748 43600768    0    0 11568 684388 220790 1808108 77 21  2  0  0  0
187  0  63344 108354764 2321748 43600788    0    0 11648 683280 222459 1820024 77 21  2  0  0  0
180  0  63344 108353520 2321748 43600804    0    0 12096 682416 221623 1817269 77 21  2  0  0  0
166  0  63344 108351540 2321748 43600820    0    0 12496 685912 222613 1810697 77 21  2  0  0  0
165  2  63344 108347696 2321748 43600840    0    0 12192 680320 226219 1803651 77 20  2  0  0  0
169  0  63344 108341564 2321748 43600852    0    0 11968 682692 237801 1807181 76 20  4  0  0  0
188  1  63344 108354188 2321748 43600860    0    0 12304 684320 222390 1802100 77 21  2  0  0  0
180  0  63344 108358012 2321748 43600876    0    0 11456 681896 222959 1810555 77 21  2  0  0  0
167  1  63344 108366480 2321748 43600896    0    0 10800 681532 222587 1802941 77 21  2  0  0  0
176  1  63344 108369644 2321748 43600916    0    0 13264 680224 218477 1796322 77 21  2  0  0  0
179  0  63344 108363284 2321748 43600936    0    0 13712 677980 217150 1822068 78 20  1  0  0  0
178  0  63344 108366172 2321748 43600952    0    0 12176 686360 217613 1815671 78 21  2  0  0  0
procs -----------memory---------- ---swap-- -----io---- -system-- -------cpu-------
 r  b   swpd   free   buff  cache   si   so    bi    bo   in   cs us sy id wa st gu
180  0  63344 108356996 2321748 43600968    0    0 10400 683784 220099 1815222 77 21  2  0  0  0
185  0  63344 108360532 2321748 43600984    0    0 11184 687352 221032 1828952 77 21  2  0  0  0
199  2  63344 108367752 2321748 43601004    0    0 12128 683760 218272 1809214 78 21  2  0  0  0
194  0  63344 108373936 2321748 43601020    0    0 11840 684824 223030 1801030 77 21  2  0  0  0
171  0  63344 108367936 2321748 43601032    0    0 10368 684276 219394 1831156 78 20  2  0  0  0
179  0  63344 108368884 2321748 43601036    0    0 13280 680896 223527 1805705 77 21  2  0  0  0
127  0  63344 108368400 2321748 43601056    0    0 13488 683084 223615 1798759 77 21  2  0  0  0
190  0  63344 108365304 2321748 43601076    0    0 13168 683820 217886 1797425 78 21  1  0  0  0
171  0  63344 108370384 2321748 43601160    0    0 14400 686360 217884 1803413 78 21  1  0  0  0
186  0  63344 108361124 2321748 43601176    0    0  9664 687648 222808 1816964 77 21  2  0  0  0
173  0  63344 108361572 2321748 43601192    0    0 13392 686684 218227 1808442 78 21  1  0  0  0
171  1  63344 108364744 2321748 43601216    0    0 12752 687448 216053 1813555 78 21  1  0  0  0
164  0  63344 108358644 2321748 43601232    0    0 14304 687504 219780 1810211 78 20  2  0  0  0
196  1  63344 108360336 2321748 43601248    0    0 10704 687076 220243 1805550 78 21  1  0  0  0
159  0  63344 108360660 2321748 43601264    0    0 12480 683920 219772 1816277 77 20  2  0  0  0
181  0  63344 108343760 2321748 43601276    0    0 13328 684812 222121 1830831 78 20  2  0  0  0
174  0  63344 108348212 2321748 43601292    0    0 12720 686252 221740 1820327 78 20  2  0  0  0
198  0  63344 108349580 2321748 43601308    0    0  9856 688912 219042 1823343 78 21  1  0  0  0
185  0  63344 108351952 2321748 43601324    0    0 11936 682320 221993 1805791 77 21  2  0  0  0
181  1  63344 108353224 2321748 43601344    0    0 12224 682360 218869 1812214 78 21  1  0  0  0
169  1  63344 108353804 2321748 43601356    0    0 10000 684800 226703 1811504 77 21  2  0  0  0
procs -----------memory---------- ---swap-- -----io---- -system-- -------cpu-------
 r  b   swpd   free   buff  cache   si   so    bi    bo   in   cs us sy id wa st gu
193  0  63344 108352860 2321748 43601380    0    0 12320 686828 216185 1803363 78 21  1  0  0  0
188  0  63344 108349256 2321748 43601396    0    0 11056 689044 219422 1827268 78 21  1  0  0  0
163  1  63344 108356420 2321748 43601408    0    0 12640 686752 219484 1803350 77 21  2  0  0  0
197  0  63344 108353312 2321748 43601428    0    0 12128 684504 216657 1816212 78 21  1  0  0  0
186  0  63344 108349660 2321748 43601444    0    0 12112 685380 213783 1804900 78 21  1  0  0  0
176  0  63344 108333864 2321748 43601460    0    0 13552 688880 219374 1828131 78 21  1  0  0  0
179  0  63344 108332044 2321748 43601472    0    0 12016 687376 224565 1826974 78 20  2  0  0  0
142  0  63344 108330164 2321748 43601492    0    0 12064 692424 216459 1818268 77 21  1  0  0  0
182  0  63344 108333012 2321748 43601508    0    0 11488 689000 220516 1821629 78 21  2  0  0  0
177  0  63344 108329396 2321748 43601528    0    0 14784 687548 219363 1807986 78 21  1  0  0  0
189  0  63344 108335756 2321748 43601544    0    0 11840 685960 217100 1805253 78 21  1  0  0  0
171  0  63344 108337808 2321748 43601564    0    0 16672 681980 217260 1790425 78 21  1  0  0  0
188  0  63344 108341488 2321748 43601580    0    0  8128 684520 224816 1812530 77 21  2  0  0  0
135  1  63344 108348060 2321748 43601592    0    0 12112 686204 215246 1814152 78 21  1  0  0  0
186  0  63344 108343592 2321748 43601612    0    0 12880 690556 217842 1803372 78 21  1  0  0  0
185  1  63344 108341956 2321748 43601628    0    0 12064 686404 216525 1819669 78 21  1  0  0  0
105  1  63344 108335676 2321748 43601648    0    0 12032 683872 217109 1828991 78 21  1  0  0  0
189  0  63344 108331020 2321748 43601660    0    0 12960 683992 222039 1829138 78 20  2  0  0  0
170  0  63344 108340716 2321748 43601676    0    0 12544 685576 216245 1821794 78 21  1  0  0  0
176  0  63344 108336300 2321748 43601688    0    0 11936 686364 219804 1811959 77 21  2  0  0  0
196  1  63344 108342344 2321748 43601708    0    0 11696 693428 218338 1809702 78 21  1  0  0  0
procs -----------memory---------- ---swap-- -----io---- -system-- -------cpu-------
 r  b   swpd   free   buff  cache   si   so    bi    bo   in   cs us sy id wa st gu
201  1  63344 108343756 2321748 43601732    0    0 11088 691724 218630 1807330 78 21  1  0  0  0
190  0  63344 108344184 2321748 43601748    0    0 11216 679004 217067 1817745 78 21  1  0  0  0
182  0  63344 108336972 2321748 43601764    0    0 11472 681700 221854 1812307 78 21  2  0  0  0
168  0  63344 108338708 2321748 43601780    0    0 12688 678880 221387 1828171 78 21  2  0  0  0
153  0  63344 108327020 2321748 43601796    0    0 11344 684228 223551 1804718 77 21  2  0  0  0
178  0  63344 108334612 2321748 43601816    0    0 13168 685252 219616 1811457 77 21  1  0  0  0
47  0  63344 108330700 2321748 43601832    0    0 11744 685176 228684 1791528 77 21  2  0  0  0
131  0  63344 108319252 2321748 43601844    0    0 12304 683044 227017 1838003 78 20  2  0  0  0
166  0  63344 108329116 2321748 43601860    0    0 11536 684652 224279 1818425 78 20  2  0  0  0
185  1  63344 108329260 2321748 43601876    0    0 12192 687536 220501 1815784 78 21  1  0  0  0
186  0  63344 108331424 2321748 43601896    0    0 11520 683472 239345 1818203 78 21  1  0  0  0
198  1  63344 108328080 2321748 43601912    0    0 11424 687848 216669 1802552 78 21  1  0  0  0
200  0  63344 108335116 2321748 43601928    0    0 13696 684512 232450 1791724 77 21  1  0  0  0
189  0  63344 108329348 2321748 43601944    0    0  9744 686460 217711 1812336 78 21  1  0  0  0
196  0  63344 108318708 2321748 43601964    0    0 13584 686680 220849 1821298 78 21  1  0  0  0
114  1  63344 108316860 2321752 43601984    0    0 14544 683260 220490 1798307 77 21  2  0  0  0
192  0  63344 108321452 2321752 43602004    0    0 11968 685900 225125 1800250 77 21  2  0  0  0
191  0  63344 108317788 2321752 43602016    0    0 15712 682536 219638 1797864 78 21  1  0  0  0
206  0  63344 108307116 2321752 43602028    0    0 13264 679692 230102 1807752 77 20  2  0  0  0
180  0  63344 108306876 2321752 43602036    0    0 12976 676800 236649 1803685 77 20  3  0  0  0
184  0  63344 108298712 2321752 43602052    0    0 13568 678592 224889 1801676 77 21  2  0  0  0
procs -----------memory---------- ---swap-- -----io---- -system-- -------cpu-------
 r  b   swpd   free   buff  cache   si   so    bi    bo   in   cs us sy id wa st gu
189  1  63344 108299000 2321752 43602080    0    0 13104 684864 218702 1816780 78 21  1  0  0  0
181  0  63344 108299788 2321752 43602096    0    0 12544 679652 220494 1790271 78 21  2  0  0  0
170  0  63344 108297204 2321752 43602112    0    0 11776 686744 217122 1815598 78 21  1  0  0  0
197  0  63344 108294508 2321752 43602128    0    0 14160 686156 221842 1810114 77 21  2  0  0  0
192  0  63344 108296988 2321752 43602148    0    0 12368 680040 220170 1813139 78 21  2  0  0  0
188  0  63344 108294136 2321752 43602236    0    0 12400 686108 222016 1798247 78 21  2  0  0  0
175  1  63344 108290812 2321752 43602248    0    0 12416 684312 216511 1795877 78 21  1  0  0  0
184  1  63344 108304132 2321752 43602264    0    0 13392 684380 222554 1778528 77 21  2  0  0  0
191  0  63344 108289272 2321752 43602276    0    0 12176 684552 223748 1823167 78 20  2  0  0  0
193  0  63344 108286252 2321752 43602292    0    0 11008 682300 224911 1811240 78 20  2  0  0  0
185  0  63344 108313228 2321752 43602312    0    0 11232 681620 226053 1790673 77 21  2  0  0  0
 8  0  63344 108325960 2321752 43602324    0    0 11696 679464 231703 1768137 76 21  3  0  0  0
198  0  63344 108320356 2321752 43602340    0    0 12512 680776 226629 1794739 77 21  2  0  0  0
189  0  63344 108323656 2321752 43602360    0    0 11072 687880 222297 1808093 78 21  2  0  0  0
188  0  63344 108321096 2321752 43602376    0    0 13440 685948 216993 1810221 77 21  2  0  0  0
143  0  63344 108318604 2321752 43602396    0    0 11600 685904 214019 1804244 78 21  1  0  0  0
177  0  63344 108343184 2321752 43602408    0    0 14272 688120 217516 1798175 78 21  2  0  0  0
189  1  63344 108332956 2321752 43602428    0    0 12192 685688 220730 1815137 77 21  2  0  0  0
158  1  63344 108334904 2321752 43602448    0    0 11040 681800 222632 1818388 77 21  2  0  0  0
160  1  63344 108328280 2321752 43602468    0    0 14912 686988 218408 1829394 78 20  1  0  0  0
196  0  63344 108312500 2321752 43602480    0    0 12560 686800 214367 1814520 79 20  1  0  0  0
procs -----------memory---------- ---swap-- -----io---- -system-- -------cpu-------
 r  b   swpd   free   buff  cache   si   so    bi    bo   in   cs us sy id wa st gu
159  1  63344 108320976 2321752 43602492    0    0 10672 684248 216823 1812639 78 21  1  0  0  0
193  1  63344 108323384 2321752 43602508    0    0 13248 683872 224428 1805097 77 21  2  0  0  0
145  0  63344 108326892 2321752 43602528    0    0  9536 684220 216531 1792630 78 21  1  0  0  0
152  0  63344 108327872 2321752 43602548    0    0 13232 685300 226099 1792177 77 21  2  0  0  0
163  0  63344 108332424 2321752 43602564    0    0 11728 684872 231221 1788485 76 21  3  0  0  0
189  0  63344 108329792 2321752 43602580    0    0 10816 688700 221835 1801390 78 21  2  0  0  0
182  0  63344 108336452 2321752 43602596    0    0 13328 687180 222856 1811606 77 21  2  0  0  0
188  1  63344 108329276 2321752 43602616    0    0 11888 684988 219599 1818871 78 21  1  0  0  0
187  0  63344 108328616 2321756 43602628    0    0 11760 686928 217707 1794404 78 21  2  0  0  0
179  0  63344 108335804 2321756 43602644    0    0 11776 686156 218965 1807361 78 21  1  0  0  0
216  0  63344 108328344 2321756 43602656    0    0 12576 687456 223889 1830814 78 20  2  0  0  0
158  0  63344 108335616 2321756 43602668    0    0 10640 686940 219123 1815610 78 21  2  0  0  0
105  0  63344 108335144 2321756 43602688    0    0 11888 684580 220864 1804114 77 21  2  0  0  0
162  0  63344 108338488 2321756 43602700    0    0 11648 687904 222705 1799475 77 21  2  0  0  0
193  0  63344 108337888 2321756 43602720    0    0 10896 686232 221186 1812221 77 21  2  0  0  0
205  0  63344 108341492 2321756 43602736    0    0 11840 687332 225128 1797163 77 21  2  0  0  0
127  0  63344 108342616 2321756 43602756    0    0 10736 682456 220386 1786826 77 21  2  0  0  0
198  0  63344 108343432 2321756 43602776    0    0 12880 684216 232839 1798268 76 21  3  0  0  0
183  0  63344 108358228 2321756 43602792    0    0 12752 683852 226652 1794552 77 21  2  0  0  0
173  0  63344 108354236 2321756 43602812    0    0 12464 682004 224617 1800078 77 21  2  0  0  0
179  0  63344 108347612 2321756 43602836    0    0 11872 686636 216663 1805903 78 21  1  0  0  0
procs -----------memory---------- ---swap-- -----io---- -system-- -------cpu-------
 r  b   swpd   free   buff  cache   si   so    bi    bo   in   cs us sy id wa st gu
175  0  63344 108335320 2321756 43602852    0    0 12576 686020 224060 1833902 78 20  2  0  0  0
185  0  63344 108337528 2321756 43602864    0    0  9776 689056 217713 1822872 79 20  1  0  0  0
167  0  63344 108346336 2321756 43602876    0    0 15184 686052 218467 1804261 77 21  2  0  0  0
181  0  63344 108351868 2321756 43602896    0    0 10416 687300 220317 1814800 77 21  2  0  0  0
175  0  63344 108347780 2321756 43602908    0    0 15152 684944 222999 1796456 77 21  2  0  0  0
177  0  63344 108353784 2321756 43602928    0    0  9024 685704 221219 1817822 78 21  2  0  0  0
193  0  63344 108354940 2321756 43602944    0    0 12272 689000 223364 1801575 77 21  2  0  0  0
195  0  63344 108350496 2321756 43602964    0    0 12608 681096 224892 1824842 77 21  2  0  0  0
164  1  63344 108354856 2321756 43602980    0    0 11168 681476 221250 1806163 77 21  2  0  0  0
178  0  63344 108353764 2321756 43603004    0    0 10720 682580 227736 1800641 76 21  3  0  0  0
164  1  63344 108350392 2321756 43603020    0    0 13424 677832 233096 1783481 76 21  3  0  0  0
183  0  63344 108348196 2321756 43603032    0    0 11440 682604 225253 1830204 78 20  2  0  0  0
169  0  63344 108336164 2321756 43603044    0    0 10512 687088 219240 1821001 78 20  1  0  0  0
190  0  63344 108338148 2321756 43603056    0    0 16352 685964 217333 1797720 77 21  2  0  0  0
143  0  63344 108335944 2321756 43603080    0    0  7856 688924 215045 1807591 78 21  1  0  0  0
190  0  63344 108341888 2321756 43603096    0    0 12896 686216 222849 1797248 77 21  2  0  0  0
177  0  63344 108344388 2321756 43603116    0    0 13008 680584 220025 1795464 77 21  2  0  0  0
201  0  63344 108337928 2321756 43603132    0    0 11296 685268 222537 1791421 77 21  2  0  0  0
87  0  63344 108353040 2321756 43603152    0    0 13616 683108 218211 1810201 78 21  1  0  0  0
175  0  63344 108350748 2321756 43603172    0    0 11392 684308 221310 1805334 78 21  2  0  0  0
175  0  63344 108345524 2321756 43603184    0    0 10640 686564 215052 1807340 78 21  1  0  0  0
procs -----------memory---------- ---swap-- -----io---- -system-- -------cpu-------
 r  b   swpd   free   buff  cache   si   so    bi    bo   in   cs us sy id wa st gu
189  0  63344 108345596 2321756 43603196    0    0 12640 683416 223651 1799927 77 21  2  0  0  0
120  0  63344 108336044 2321756 43603208    0    0 14640 680704 220451 1816016 78 21  2  0  0  0
93  0  63344 108333408 2321756 43603284    0    0  9376 684820 226158 1784168 77 20  3  0  0  0
188  1  63344 108338828 2321756 43603312    0    0 11872 678720 227813 1795435 77 21  2  0  0  0
177  0  63344 108346428 2321756 43603332    0    0 11760 683040 223841 1814364 77 21  2  0  0  0
193  0  63344 108348256 2321756 43603348    0    0 12144 684144 219292 1797066 78 21  2  0  0  0
178  0  63344 108345284 2321756 43603364    0    0 12320 680900 218302 1808789 78 21  1  0  0  0
171  0  63344 108343036 2321756 43603388    0    0 11792 683780 216040 1806920 78 21  1  0  0  0
187  0  63344 108338780 2321756 43603400    0    0 12336 681360 215906 1798525 78 21  1  0  0  0
200  0  63344 108339976 2321756 43603424    0    0 12160 682404 219984 1805125 77 21  2  0  0  0
199  1  63344 108344472 2321756 43603436    0    0 10736 685832 220856 1799185 77 21  2  0  0  0
194  0  63344 108349756 2321756 43603452    0    0 12352 684856 220192 1819964 78 21  1  0  0  0
194  0  63344 108340420 2321756 43603468    0    0 11984 688124 226854 1824019 77 20  2  0  0  0
191  1  63344 108341332 2321756 43603476    0    0 10608 685872 224072 1815650 78 20  2  0  0  0
196  0  63344 108347416 2321756 43603496    0    0 12688 679868 221012 1804796 78 21  2  0  0  0
172  0  63344 108351788 2321756 43603512    0    0  9952 683424 221689 1800733 77 21  2  0  0  0
144  0  63344 108345068 2321756 43603536    0    0 12496 677984 225047 1788174 77 21  2  0  0  0
199  1  63344 108358184 2321756 43603556    0    0 12224 677008 229299 1776711 76 21  3  0  0  0
