procs -----------memory---------- ---swap-- -----io---- -system-- -------cpu-------
 r  b   swpd   free   buff  cache   si   so    bi    bo   in   cs us sy id wa st gu
 5  2 346328 97395436 2187208 80414524    4    9 28621 34306 10209    6  3  1 95  0  0  0
35  3 346328 96761768 2187212 80414576    0    0 195808 237032 362716 706671 11 13 74  2  0  0
38  1 346328 94127888 2187212 80414612    0    0 171680 203680 670522 1293780 20 35 44  1  0  0
90  1 346328 90943680 2187212 80414636    0    0 129584 186528 447384 865193 19 65 16  1  0  0
103  0 346328 88053440 2187212 80414956    0    0 74832 115580 667531 696333 18 77  5  0  0  0
432  0 346328 86446548 2187212 80415012    0    0 59408 92492 296584 1054161 23 62 16  0  0  0
10  0 346328 86471488 2187212 80415064    0    0 25760 44596 221940 1357330 28 55 17  0  0  0
874  0 346328 86498140 2187212 80415084    0    0 24624  9056 220662 1361669 28 54 17  0  0  0
 6  0 346328 86533916 2187212 80415096    0    0 31216    76 220809 1358730 29 54 18  0  0  0
456  0 346328 86571772 2187212 80415172    0    0 25632   220 218999 1354430 28 54 18  0  0  0
318  0 346328 86594808 2187212 80415188    0    0 25840     4 218410 1360232 29 54 17  0  0  0
12  0 346328 86605780 2187212 80415212    0    0 25088    36 219664 1358972 28 54 17  0  0  0
372  0 346328 86601956 2187212 80415232    0    0 25888    40 219402 1362184 28 54 17  0  0  0
13  0 346328 86600856 2187212 80415276    0    0 28176    28 219344 1362185 28 54 17  0  0  0
 7  0 346328 86625284 2187216 80415296    0    0 26800   128 218520 1357672 28 54 17  0  0  0
74  0 346328 86608036 2187216 80415344    0    0 29712     0 217639 1358697 28 54 18  0  0  0
 8  0 346328 86605232 2187216 80415364    0    0 25632    36 220663 1366765 28 55 17  0  0  0
958  0 346328 86618568 2187216 80415376    0    0 26624    68 219161 1365377 28 54 17  0  0  0
26  0 346328 86598648 2187216 80415392    0    0 25216   168 218478 1354656 28 54 18  0  0  0
492  0 346328 86597164 2187216 80415404    0    0 25456   224 218946 1357957 28 54 18  0  0  0
14  0 346328 86597984 2187216 80415428    0    0 26512   136 217172 1348513 28 54 18  0  0  0
procs -----------memory---------- ---swap-- -----io---- -system-- -------cpu-------
 r  b   swpd   free   buff  cache   si   so    bi    bo   in   cs us sy id wa st gu
 7  0 346328 86594916 2187216 80415448    0    0 24944   736 217523 1356628 28 54 18  0  0  0
703  0 346328 86578724 2187216 80415464    0    0 24416   612 218331 1348697 28 54 18  0  0  0
205  0 346328 86575868 2187216 80415484    0    0 29056  1348 219782 1370529 30 53 18  0  0  0
 8  0 346328 86554204 2187216 80415524    0    0 23808  2012 219564 1354040 29 54 18  0  0  0
321  0 346328 86520220 2187216 80415540    0    0 25952   284 220362 1350300 28 54 18  0  0  0
153  0 346328 86488460 2187216 80415564    0    0 23552   368 220917 1361576 28 54 17  0  0  0
756  0 346328 86441708 2187216 80415580    0    0 24816   480 221500 1360946 29 54 17  0  0  0
 9  0 346328 86426300 2187216 80415628    0    0 23488   500 219688 1348967 27 55 18  0  0  0
322  0 346328 86416180 2187216 80415644    0    0 27856   656 219387 1358160 28 54 18  0  0  0
29  0 346328 86391472 2187216 80415664    0    0 30576   832 220136 1366065 29 54 17  0  0  0
421  0 346328 86369216 2187216 80415692    0    0 26064   836 219498 1366011 28 54 18  0  0  0
222  0 346328 86341144 2187216 80415700    0    0 30496  1316 221370 1365153 28 55 18  0  0  0
104  0 346328 86337064 2187216 80415716    0    0 33888  2636 217637 1354251 28 53 19  0  0  0
95  0 346328 86317180 2187216 80415732    0    0 34112  5576 220353 1378740 29 51 20  0  0  0
151  0 346328 86292888 2187216 80415756    0    0 52496  6772 223712 1403151 29 50 20  0  0  0
316  0 346328 86300424 2187216 80415792    0    0 57168  7308 224088 1415851 31 48 21  0  0  0
41  3 346328 86302476 2187216 80415820    0    0 58736  7940 223841 1406621 31 48 21  0  0  0
48  0 346328 86316256 2187216 80415864    0    0 72240  6588 225101 1427248 32 47 21  0  0  0
10  0 346328 86275792 2187220 80415900    0    0 80400  5996 224130 1442147 32 47 22  0  0  0
73  1 346328 86248484 2187220 80415940    0    0 91504  4904 225466 1455168 33 46 21  0  0  0
96  0 346328 86226304 2187220 80415952    0    0 76800 11584 218295 1440814 32 46 22  0  0  0
procs -----------memory---------- ---swap-- -----io---- -system-- -------cpu-------
 r  b   swpd   free   buff  cache   si   so    bi    bo   in   cs us sy id wa st gu
112  2 346328 86238340 2187220 80415992    0    0 77856 25992 216136 1438800 32 44 23  0  0  0
45  0 346328 86223784 2187220 80416036    0    0 76624 44220 209186 1439762 31 44 24  0  0  0
141  0 346328 86214972 2187220 80416076    0    0 78160 47676 207740 1453745 33 41 25  0  0  0
112  2 346328 86221696 2187220 80416100    0    0 92496 42140 205702 1458681 33 41 26  0  0  0
98  0 346328 86198836 2187220 80416116    0    0 107280 24032 204244 1460860 34 38 27  0  0  0
41  0 346328 86189940 2187220 80416168    0    0 106896 70460 196910 1470589 34 38 28  0  0  0
42  0 346328 86174696 2187220 80416200    0    0 106096 66672 189627 1467467 35 35 30  0  0  0
110  1 346328 86156256 2187224 80416208    0    0 114992 51272 188520 1481073 35 35 30  0  0  0
32  2 346328 86123768 2187224 80416236    0    0 117632 79380 190675 1479721 36 33 30  1  0  0
67  1 346328 86112356 2187224 80416256    0    0 116240 71748 191112 1473731 35 34 30  0  0  0
66  0 346328 86111204 2187224 80416284    0    0 106176 61852 190771 1494957 35 35 29  0  0  0
57  0 346328 86098928 2187224 80416296    0    0 105040 65348 188325 1478525 35 35 30  0  0  0
118  0 346328 86100432 2187228 80416304    0    0 104160 67584 188087 1472235 35 34 30  0  0  0
43  0 346328 86075356 2187228 80416332    0    0 98512 65764 187765 1484916 35 34 30  0  0  0
47  0 346328 86058740 2187228 80416364    0    0 96592 63852 187962 1489013 35 35 30  0  0  0
107  4 346328 86063708 2187228 80416380    0    0 90000 62484 187285 1491788 35 35 30  0  0  0
63  2 346328 86027132 2187228 80416404    0    0 91424 60292 187883 1486140 34 36 30  0  0  0
54  0 346328 86028688 2187236 80416420    0    0 93504 62432 191266 1492374 35 35 29  0  0  0
67  1 346328 86041048 2187236 80416440    0    0 80864 49644 188945 1490609 35 35 30  0  0  0
63  0 346328 86026316 2187236 80416460    0    0 71408 41092 190842 1488070 34 38 28  0  0  0
120  2 346328 85996760 2187236 80416484    0    0 73232 43716 189497 1488240 34 37 29  0  0  0
procs -----------memory---------- ---swap-- -----io---- -system-- -------cpu-------
 r  b   swpd   free   buff  cache   si   so    bi    bo   in   cs us sy id wa st gu
122  0 346328 85984948 2187236 80416504    0    0 70496 43672 191499 1490741 35 36 29  0  0  0
39  1 346328 85983920 2187240 80416528    0    0 63632 39308 191451 1479898 34 38 28  0  0  0
114  0 346328 85972560 2187240 80416544    0    0 62912 37960 189318 1486398 34 36 29  0  0  0
122  0 346328 85973988 2187240 80416568    0    0 61408 35692 193512 1486911 33 39 28  0  0  0
23  1 346328 85980220 2187240 80416584    0    0 63984 44052 191279 1481219 34 38 28  0  0  0
42  1 346328 85982040 2187240 80416600    0    0 67360 48952 191120 1475193 34 37 29  0  0  0
115  0 346328 85964208 2187240 80416624    0    0 65024 39088 193434 1470189 34 37 28  0  0  0
54  0 346328 85965168 2187240 80416644    0    0 65504 37372 190519 1476310 34 38 28  0  0  0
39  2 346328 85953456 2187240 80416656    0    0 67984 35480 192014 1482118 34 37 29  0  0  0
68  2 346328 85949444 2187240 80416684    0    0 69376 41108 189686 1480819 35 36 29  0  0  0
84  0 346328 85972796 2187240 80416708    0    0 67648 42268 192618 1484147 34 36 29  0  0  0
75  5 346328 85962092 2187240 80416724    0    0 65152 41652 193040 1480428 35 36 29  0  0  0
66  6 346328 85930948 2187240 80416748    0    0 64208 36908 192464 1481641 34 37 28  0  0  0
30  0 346328 85914276 2187240 80416764    0    0 58496 34540 194326 1470727 33 38 28  0  0  0
22  0 346328 85892084 2187240 80416784    0    0 62144 34560 194572 1469314 35 37 28  0  0  0
22  2 346328 85895620 2187240 80416812    0    0 62544 33328 192841 1472370 34 37 28  0  0  0
38  0 346328 85893840 2187240 80416828    0    0 58592 33748 193502 1471781 34 37 28  0  0  0
72  1 346328 85911204 2187240 80416848    0    0 57904 39048 197134 1480374 35 37 28  0  0  0
133  0 346328 85915228 2187240 80416864    0    0 58064 30168 193605 1466874 34 37 29  0  0  0
149  0 346328 85883772 2187240 80416888    0    0 63008 46128 193645 1467691 35 36 29  0  0  0
27  4 346328 85868824 2187240 80416908    0    0 59936 35776 193974 1467583 34 37 29  0  0  0
procs -----------memory---------- ---swap-- -----io---- -system-- -------cpu-------
 r  b   swpd   free   buff  cache   si   so    bi    bo   in   cs us sy id wa st gu
74  0 346328 85860448 2187240 80416924    0    0 61792 37668 195065 1468542 34 37 28  0  0  0
97  2 346328 85866900 2187240 80416952    0    0 65376 41024 191897 1469744 35 35 29  0  0  0
24  3 346328 85877636 2187240 80416976    0    0 65088 37776 192890 1476042 35 36 29  0  0  0
70  0 346328 85884352 2187268 80416968    0    0 64976 40652 196480 1482596 35 36 28  0  0  0
103  0 346328 85862496 2187308 80416988    0    0 62944 38264 193337 1474680 34 37 29  0  0  0
61  3 346328 85839744 2187340 80416988    0    0 53616 28728 197816 1461960 34 38 28  0  0  0
69  1 346328 85818624 2187356 80417032    0    0 54480 34112 198171 1461990 34 39 27  0  0  0
119  1 346328 85826796 2187376 80417048    0    0 52432 26236 198071 1459491 34 38 28  0  0  0
27  0 346328 85826212 2187384 80417084    0    0 50208 27604 199176 1451010 33 39 27  0  0  0
87  0 346328 85807984 2187384 80417104    0    0 46944 25172 199235 1453150 33 40 27  0  0  0
250  0 346328 85824256 2187388 80417128    0    0 48192 29076 201488 1456291 34 39 27  0  0  0
48  1 346328 85815088 2187400 80417116    0    0 52816 26920 196100 1451615 34 38 28  0  0  0
152  0 346328 85801140 2187416 80417148    0    0 49024 29648 197548 1454413 33 39 28  0  0  0
25  2 346328 85777892 2187416 80417184    0    0 49120 30000 198769 1458252 34 38 28  0  0  0
 2  0 346328 85760188 2187420 80417200    0    0 50624 27936 196422 1461526 34 38 28  0  0  0
166  0 346328 85773184 2187436 80417212    0    0 52448 31264 196644 1465727 34 39 27  0  0  0
120  0 346328 85770268 2187468 80417220    0    0 57504 31484 195234 1460390 34 37 29  0  0  0
42  0 346328 85791388 2187468 80417248    0    0 58096 28956 197003 1467028 34 37 29  0  0  0
67  0 346328 85768080 2187468 80417264    0    0 62176 33180 193129 1472777 35 36 29  0  0  0
80  3 346328 85743896 2187468 80417300    0    0 60608 28032 194227 1467328 34 36 29  0  0  0
88  0 346328 85737292 2187468 80417324    0    0 59824 33924 196761 1471669 34 37 28  0  0  0
procs -----------memory---------- ---swap-- -----io---- -system-- -------cpu-------
 r  b   swpd   free   buff  cache   si   so    bi    bo   in   cs us sy id wa st gu
63  1 346328 85740496 2187468 80417344    0    0 55968 24256 195794 1462462 34 38 28  0  0  0
11  0 346328 85739164 2187468 80417348    0    0 53952 27588 197631 1461239 34 38 28  0  0  0
64  0 346328 85727324 2187468 80417372    0    0 49504 23836 198945 1454751 33 39 28  0  0  0
53  0 346328 85720852 2187468 80417400    0    0 45984 24612 201624 1452484 34 38 28  0  0  0
59  0 346328 85699772 2187468 80417400    0    0 46656 23984 199241 1451685 33 40 27  0  0  0
47  2 346328 85710112 2187468 80417420    0    0 46128 20772 198693 1449038 33 40 27  0  0  0
111  0 346328 85698944 2187476 80417436    0    0 47888 25976 197902 1446403 33 39 27  0  0  0
72  0 346328 85694248 2187476 80417456    0    0 47552 25856 196919 1450754 34 39 27  0  0  0
40  4 346328 85670984 2187476 80417484    0    0 52560 27312 197669 1459655 34 37 28  0  0  0
118  0 346328 85712668 2187476 80417508    0    0 54976 30816 198201 1451293 34 38 28  0  0  0
42  1 346328 85727764 2187476 80417520    0    0 57984 28856 197780 1460795 33 38 29  0  0  0
105  1 346328 85695952 2187480 80417532    0    0 57136 30248 198562 1458158 35 36 28  0  0  0
30  0 346328 85679020 2187480 80417556    0    0 60096 31396 196780 1464681 34 37 28  0  0  0
24  0 346328 85666208 2187480 80417580    0    0 61792 33476 197013 1467977 34 37 29  0  0  0
107  0 346328 85645412 2187480 80417600    0    0 59216 27640 199823 1468746 35 36 28  0  0  0
46  2 346328 85646112 2187480 80417628    0    0 52720 30212 200039 1464951 34 38 28  0  0  0
64  5 346328 85632380 2187484 80417640    0    0 46000 21316 202615 1451992 33 41 26  0  0  0
214  0 346328 85634520 2187484 80417656    0    0 45296 22680 202958 1452239 32 41 27  0  0  0
103  0 346328 85659784 2187484 80417672    0    0 42720 21448 201907 1447092 33 40 27  0  0  0
101  0 346328 85646512 2187484 80417700    0    0 41600 20096 202519 1435386 32 42 26  0  0  0
55  3 346328 85626340 2187484 80417712    0    0 38912 20380 202237 1439664 32 41 26  0  0  0
procs -----------memory---------- ---swap-- -----io---- -system-- -------cpu-------
 r  b   swpd   free   buff  cache   si   so    bi    bo   in   cs us sy id wa st gu
37  0 346328 85624604 2187488 80417720    0    0 38432 20468 202512 1437568 33 41 26  0  0  0
178  0 346328 85624884 2187488 80417748    0    0 38304 20700 203599 1433401 32 42 26  0  0  0
216  0 346328 85618424 2187488 80417776    0    0 40048 22128 201967 1449699 32 42 26  0  0  0
89  0 346328 85615928 2187488 80417800    0    0 39568 19372 202239 1456868 32 42 26  0  0  0
36  1 346328 85600216 2187488 80417808    0    0 39712 21204 201217 1452834 31 42 26  0  0  0
167  0 346328 85591980 2187488 80417824    0    0 39440 19388 200035 1446977 32 41 27  0  0  0
137  0 346328 85586808 2187488 80417848    0    0 38112 20232 200808 1449724 33 42 26  0  0  0
49  1 346328 85588724 2187488 80417868    0    0 37216 19672 203257 1445386 32 41 26  0  0  0
168  0 346328 85578080 2187488 80417880    0    0 39632 20884 197289 1443923 32 42 26  0  0  0
 5  0 346328 85563852 2187488 80417908    0    0 39584 18724 199951 1447533 32 41 26  0  0  0
51  0 346328 85569792 2187488 80417924    0    0 41504 22684 200896 1459458 33 41 26  0  0  0
74  1 346328 85568500 2187488 80417944    0    0 39200 22144 199222 1450694 32 41 26  0  0  0
83  1 346328 85573560 2187488 80417956    0    0 39280 22080 201115 1461142 32 41 26  0  0  0
41  1 346328 85551248 2187488 80417980    0    0 40480 19880 200751 1445502 33 41 26  0  0  0
148  0 346328 85548788 2187488 80417992    0    0 37312 16396 200564 1447630 32 41 26  0  0  0
84  0 346328 85541836 2187488 80418024    0    0 37072 14744 201082 1449338 32 42 26  0  0  0
265  0 346328 85563432 2187488 80418032    0    0 39680 22932 201026 1451519 32 42 26  0  0  0
94  0 346328 85557280 2187488 80418048    0    0 43008 29648 211567 1457611 32 41 27  0  0  0
80  0 346328 85541348 2187488 80418072    0    0 40976 20048 199118 1441947 32 41 27  0  0  0
54  2 346328 85538424 2187488 80418084    0    0 42064 19876 198631 1449051 32 41 26  0  0  0
151  0 346328 85527756 2187492 80418116    0    0 44000 21576 198028 1454693 32 41 27  0  0  0
procs -----------memory---------- ---swap-- -----io---- -system-- -------cpu-------
 r  b   swpd   free   buff  cache   si   so    bi    bo   in   cs us sy id wa st gu
169  0 346328 85511756 2187492 80418136    0    0 44384 25372 197520 1457852 33 40 26  0  0  0
 7  0 346328 85512680 2187492 80418156    0    0 45840 23524 197146 1452095 32 40 27  0  0  0
58  2 346328 85525624 2187492 80418180    0    0 48000 23984 196799 1451758 32 40 27  0  0  0
68  0 346328 85531180 2187492 80418196    0    0 48128 26528 199906 1463923 33 40 27  0  0  0
43  0 346328 85519492 2187496 80418216    0    0 45936 20300 198558 1453239 33 40 27  0  0  0
10  0 346328 85508524 2187496 80418224    0    0 47120 23068 200552 1465351 33 41 26  0  0  0
27  1 346328 85522796 2187496 80418248    0    0 49456 26976 197187 1450933 33 39 28  0  0  0
63  0 346328 85500760 2187496 80418268    0    0 50704 28588 218642 1456901 33 40 27  0  0  0
52  0 346328 85487036 2187496 80418296    0    0 51520 26596 212730 1458116 34 39 27  0  0  0
93  2 346328 85489924 2187500 80418300    0    0 53984 25076 195326 1459135 34 38 28  0  0  0
26  0 346328 85486676 2187500 80418316    0    0 56272 26268 197323 1471926 34 38 28  0  0  0
54  0 346328 85494272 2187500 80418340    0    0 54976 27100 197324 1460961 35 37 27  0  0  0
39  0 346328 85481756 2187500 80418356    0    0 55120 28876 198503 1464083 34 38 27  0  0  0
61  0 346328 85480728 2187500 80418392    0    0 53680 28172 197321 1457894 33 39 28  0  0  0
67  0 346328 85480052 2187500 80418400    0    0 56080 30052 205867 1458772 33 39 28  0  0  0
71  0 346328 85447652 2187500 80418416    0    0 58896 35808 198923 1464866 34 38 28  0  0  0
86  1 346328 85459636 2187500 80418444    0    0 62288 28760 195600 1460862 34 37 28  0  0  0
71  0 346328 85467936 2187500 80418456    0    0 64336 32768 198761 1492380 35 36 29  0  0  0
51  1 346328 85438004 2187500 80418484    0    0 58752 32712 197827 1477657 34 37 29  0  0  0
74  0 346328 85432012 2187500 80418496    0    0 60832 32472 198200 1478766 34 37 29  0  0  0
89  0 346328 85440588 2187500 80418516    0    0 60512 30340 198396 1476966 35 36 29  0  0  0
procs -----------memory---------- ---swap-- -----io---- -system-- -------cpu-------
 r  b   swpd   free   buff  cache   si   so    bi    bo   in   cs us sy id wa st gu
34  1 346328 85431980 2187500 80418540    0    0 60272 34752 198423 1471955 34 36 29  0  0  0
146  0 346328 85406052 2187500 80418572    0    0 58768 33828 201561 1492018 34 37 28  0  0  0
39  1 346328 85396304 2187500 80418584    0    0 55920 29772 202203 1487820 35 37 28  0  0  0
103  0 346328 85406652 2187504 80418600    0    0 50000 25924 204588 1475601 34 39 27  0  0  0
69  0 346328 85405768 2187504 80418616    0    0 49904 26908 201755 1464503 33 39 27  0  0  0
82  1 346328 85409384 2187504 80418640    0    0 50160 23576 199231 1467254 33 39 28  0  0  0
16  0 346328 85381668 2187504 80418652    0    0 49120 26964 201172 1469609 33 39 27  0  0  0
117  0 346328 85389660 2187504 80418676    0    0 48240 25692 201956 1478575 33 40 28  0  0  0
14  1 346328 85380688 2187504 80418696    0    0 51440 27856 200507 1470869 33 39 27  0  0  0
85  0 346328 85376840 2187504 80418712    0    0 48560 22580 197634 1452008 32 40 27  0  0  0
 8  0 346328 85379488 2187504 80418732    0    0 46208 23784 203667 1476086 33 40 27  0  0  0
48  1 346328 85381100 2187504 80418744    0    0 45696 25252 202509 1469648 33 40 27  0  0  0
11  0 346328 85377332 2187504 80418768    0    0 45584 24616 200754 1462957 33 40 27  0  0  0
99  0 346328 85376052 2187504 80418784    0    0 42800 22396 201532 1477492 32 41 27  0  0  0
56  2 346328 85363852 2187504 80418808    0    0 40960 19948 201505 1473669 33 41 27  0  0  0
38  0 346328 85349252 2187504 80418812    0    0 39920 21108 200992 1472017 32 42 26  0  0  0
255  0 346328 85349184 2187504 80418844    0    0 41520 22416 200705 1473278 33 41 26  0  0  0
39  0 346328 85352968 2187504 80418852    0    0 41808 22676 201971 1476479 33 40 26  0  0  0
60  0 346328 85357272 2187504 80418864    0    0 41648 20164 200090 1480111 32 41 27  0  0  0
16  2 346328 85346232 2187504 80418892    0    0 41616 19160 201419 1468377 32 41 26  0  0  0
40  0 346328 85334012 2187504 80418920    0    0 40576 20864 201003 1470146 33 41 27  0  0  0
procs -----------memory---------- ---swap-- -----io---- -system-- -------cpu-------
 r  b   swpd   free   buff  cache   si   so    bi    bo   in   cs us sy id wa st gu
56  3 346328 85319060 2187504 80418936    0    0 44896 20972 195250 1472429 32 40 27  0  0  0
79  0 346328 85309868 2187504 80418960    0    0 43168 22076 198395 1477999 33 39 27  0  0  0
68  0 346328 85325776 2187508 80418968    0    0 43792 24088 198330 1476783 33 40 27  0  0  0
51  0 346328 85323972 2187508 80418988    0    0 47024 23492 200411 1488196 33 40 27  0  0  0
89  0 346328 85342352 2187508 80419000    0    0 46720 22824 198792 1473107 33 39 28  0  0  0
42  0 346328 85314836 2187508 80419032    0    0 47136 24644 199484 1473960 32 40 27  0  0  0
85  0 346328 85319932 2187508 80419048    0    0 50960 24256 197061 1485818 33 39 28  0  0  0
72  2 346328 85318776 2187512 80419076    0    0 48480 19744 196667 1482059 33 38 28  0  0  0
24  1 346328 85305092 2187512 80419096    0    0 48784 26916 197722 1485935 33 39 28  0  0  0
92  0 346328 85293060 2187512 80419112    0    0 50208 24048 198529 1478745 34 38 28  0  0  0
 1  0 346328 85307760 2187512 80419124    0    0 51472 24884 199533 1494710 34 38 28  0  0  0
98  2 346328 85299100 2187512 80419140    0    0 51680 28424 198258 1482767 33 39 27  0  0  0
70  1 346328 85299708 2187512 80419164    0    0 53488 27244 195514 1488271 33 39 28  0  0  0
78  2 346328 85299864 2187512 80419188    0    0 55840 25824 194599 1484584 34 38 28  0  0  0
64  0 346328 85273212 2187512 80419208    0    0 56288 26692 194533 1493750 33 39 28  0  0  0
48  0 346328 85273140 2187512 80419224    0    0 54480 30516 195363 1486902 34 37 29  0  0  0
45  2 346328 85282212 2187512 80419236    0    0 52096 27316 196573 1491036 33 38 28  0  0  0
55  1 346328 85286004 2187512 80419264    0    0 54160 26372 197574 1494075 33 38 28  0  0  0
62  0 346328 85278228 2187512 80419280    0    0 53712 28712 194988 1482154 35 37 28  0  0  0
132  0 346328 85257800 2187512 80419296    0    0 55232 27884 198528 1504796 34 38 28  0  0  0
55  4 346328 85269996 2187512 80419320    0    0 52224 26904 201149 1498266 34 39 27  0  0  0
procs -----------memory---------- ---swap-- -----io---- -system-- -------cpu-------
 r  b   swpd   free   buff  cache   si   so    bi    bo   in   cs us sy id wa st gu
67  4 346328 85236732 2187512 80419340    0    0 49680 27360 198474 1481902 33 40 27  0  0  0
127  0 346328 85226000 2187512 80419364    0    0 45952 23968 200042 1474586 33 40 27  0  0  0
37  0 346328 85250476 2187512 80419388    0    0 46224 23136 198421 1471906 32 41 27  0  0  0
63  1 346328 85248236 2187512 80419388    0    0 42096 21808 203421 1483388 33 40 27  0  0  0
60  1 346328 85237480 2187512 80419420    0    0 42560 22312 201650 1472071 33 40 27  0  0  0
12  0 346328 85231988 2187512 80419428    0    0 42656 23240 199925 1469675 32 40 27  0  0  0
41  0 346328 85220676 2187512 80419444    0    0 43344 23300 199132 1472225 33 40 27  0  0  0
37  0 346328 85222160 2187512 80419468    0    0 43904 22092 200035 1466510 32 41 27  0  0  0
102  0 346328 85203712 2187512 80419488    0    0 42848 23884 201316 1471548 33 41 26  0  0  0
55  0 346328 85191412 2187512 80419512    0    0 40880 22360 205755 1467755 33 41 26  0  0  0
132  0 346328 85203052 2187512 80419528    0    0 42640 18644 202599 1479584 33 40 27  0  0  0
63  0 346328 85208628 2187512 80419548    0    0 40160 18832 202090 1463659 33 41 26  0  0  0
28  0 346328 85205576 2187516 80419564    0    0 44672 48940 221909 1502360 33 41 26  0  0  0
11  0 346328 85196644 2187516 80419584    0    0 43040 22344 220336 1487050 32 41 27  0  0  0
47  1 346328 85186196 2187516 80419608    0    0 43456 23064 202121 1456179 32 42 26  0  0  0
36  0 346328 85178136 2187516 80419624    0    0 42064 24144 206672 1468247 33 41 26  0  0  0
80  1 346328 85180408 2187516 80419648    0    0 42512 20500 205044 1466730 32 41 26  0  0  0
154  0 346328 85182788 2187520 80419656    0    0 42128 21540 206342 1463735 32 41 26  0  0  0
323  0 346328 85181212 2187520 80419684    0    0 40464 16488 205833 1459802 32 42 25  0  0  0
 8  0 346328 85176264 2187520 80419700    0    0 40800 21980 203244 1453529 32 41 27  0  0  0
64  0 346328 85171828 2187520 80419712    0    0 40672 18944 205804 1450245 32 42 26  0  0  0
procs -----------memory---------- ---swap-- -----io---- -system-- -------cpu-------
 r  b   swpd   free   buff  cache   si   so    bi    bo   in   cs us sy id wa st gu
155  0 346328 85162720 2187520 80419732    0    0 40576 18188 204073 1459527 32 42 26  0  0  0
405  0 346328 85160164 2187520 80419752    0    0 40448 20664 202460 1459246 33 41 26  0  0  0
51  0 346328 85164456 2187520 80419776    0    0 37760 22464 206756 1464208 33 42 26  0  0  0
 5  0 346328 85168500 2187520 80419796    0    0 38400 18440 209419 1477035 32 42 26  0  0  0
60  1 346328 85173572 2187520 80419812    0    0 38192 17836 207568 1466819 33 41 26  0  0  0
167  0 346328 85152348 2187520 80419828    0    0 37600 19264 207404 1460433 32 42 26  0  0  0
50  1 346328 85124020 2187520 80419868    0    0 38624 21808 205016 1458144 32 42 25  0  0  0
53  0 346328 85127968 2187520 80419872    0    0 39296 19052 205783 1454285 32 42 25  0  0  0
63  4 346328 85153632 2187520 80419904    0    0 36208 19744 206775 1459244 31 43 25  0  0  0
45  1 346328 85127856 2187520 80419920    0    0 38064 16608 206853 1456017 32 42 26  0  0  0
30  0 346328 85133628 2187520 80419932    0    0 36720 15708 207755 1456910 32 42 26  0  0  0
56  1 346328 85141996 2187520 80419948    0    0 38736 19896 205774 1457259 31 43 26  0  0  0
39  0 346328 85116512 2187520 80419972    0    0 37712 20256 204054 1459228 33 42 25  0  0  0
168  0 346328 85106848 2187520 80419988    0    0 36704 19372 204535 1453389 32 41 26  0  0  0
 8  0 346328 85138316 2187520 80420016    0    0 38256 18796 204014 1457571 32 42 26  0  0  0
56  0 346328 85117624 2187520 80420036    0    0 39936 19760 202358 1459772 32 42 26  0  0  0
50  0 346328 85116656 2187524 80420052    0    0 40864 22028 204768 1461245 32 42 26  0  0  0
26  0 346328 85123252 2187524 80420072    0    0 38656 20820 206052 1473612 33 41 26  0  0  0
10  0 346328 85121028 2187524 80420088    0    0 39728 20248 204392 1469759 32 41 26  0  0  0
86  0 346328 85121212 2187524 80420104    0    0 39872 16368 203662 1457235 32 42 26  0  0  0
 7  0 346328 85117120 2187524 80420136    0    0 41536 17300 202511 1464434 33 40 27  0  0  0
procs -----------memory---------- ---swap-- -----io---- -system-- -------cpu-------
 r  b   swpd   free   buff  cache   si   so    bi    bo   in   cs us sy id wa st gu
190  0 346328 85105164 2187524 80420148    0    0 36704 20472 205525 1463108 32 42 26  0  0  0
211  0 346328 85100292 2187524 80420180    0    0 35280 20488 204619 1461563 32 43 26  0  0  0
113  0 346328 85089060 2187524 80420200    0    0 36640 20164 202071 1466239 32 42 26  0  0  0
65  1 346328 85097356 2187524 80420216    0    0 36384 18600 204373 1473667 32 42 26  0  0  0
179  0 346328 85089572 2187524 80420228    0    0 37040 18596 203222 1468699 32 42 26  0  0  0
94  0 346328 85079372 2187524 80420256    0    0 37856 18872 201615 1468122 33 41 26  0  0  0
16  0 346328 85080732 2187524 80420268    0    0 39152 20704 202579 1467192 32 41 27  0  0  0
63  2 346328 85103612 2187528 80420284    0    0 39680 20704 200843 1469580 32 42 26  0  0  0
11  0 346328 85074048 2187528 80420300    0    0 40320 18320 199247 1470736 32 41 26  0  0  0
 3  0 346328 85064540 2187528 80420320    0    0 41184 15568 199317 1473366 32 42 26  0  0  0
36  0 346328 85077088 2187532 80420336    0    0 45056 22748 195968 1476071 32 41 27  0  0  0
32  0 346328 85080388 2187532 80420344    0    0 43712 24832 199818 1489925 32 41 27  0  0  0
56  3 346328 85063120 2187532 80420372    0    0 44448 24596 197488 1474402 33 40 27  0  0  0
13  0 346328 85070532 2187532 80420400    0    0 44944 24720 197062 1467469 32 41 28  0  0  0
89  0 346328 85044788 2187532 80420416    0    0 45792 22516 197953 1481564 33 40 27  0  0  0
54  0 346328 85045680 2187536 80420432    0    0 50064 25284 195429 1482751 33 39 28  0  0  0
66  0 346328 85045288 2187536 80420460    0    0 49616 28464 197234 1481912 33 38 28  0  0  0
49  2 346328 85060164 2187536 80420468    0    0 52240 25752 198046 1482922 33 39 27  0  0  0
98  2 346328 85066672 2187536 80420492    0    0 53968 27192 200883 1489274 34 38 28  0  0  0
128  0 346328 85047364 2187536 80420512    0    0 57232 28304 196828 1483479 34 38 28  0  0  0
70  0 346328 85033912 2187536 80420524    0    0 58144 26132 193753 1488679 33 38 28  0  0  0
procs -----------memory---------- ---swap-- -----io---- -system-- -------cpu-------
 r  b   swpd   free   buff  cache   si   so    bi    bo   in   cs us sy id wa st gu
89  2 346328 85021316 2187536 80420548    0    0 60960 31892 194033 1495284 34 37 28  0  0  0
86  0 346328 85015980 2187536 80420572    0    0 59056 30040 192691 1500051 34 37 28  0  0  0
128  0 346328 85027348 2187536 80420588    0    0 59216 29464 196008 1505241 34 37 29  0  0  0
94  3 346328 85018280 2187536 80420604    0    0 53936 28352 198099 1494769 34 38 28  0  0  0
77  3 346328 85021440 2187540 80420604    0    0 51632 27988 197311 1487036 33 38 28  0  0  0
116  0 346328 85005928 2187540 80420628    0    0 53776 27768 194279 1488942 34 38 28  0  0  0
15  0 346328 84981760 2187540 80420648    0    0 49536 25828 197415 1492156 34 39 28  0  0  0
77  3 346328 84975796 2187540 80420680    0    0 49712 26104 196861 1482995 33 39 28  0  0  0
61  0 346328 84976692 2187540 80420696    0    0 47488 25972 200798 1482544 33 39 28  0  0  0
86  0 346328 84976296 2187540 80420720    0    0 50144 25516 196641 1474504 32 40 28  0  0  0
66  2 346328 84983212 2187540 80420744    0    0 48912 27352 200531 1491805 34 39 28  0  0  0
84  5 346328 84990320 2187540 80420752    0    0 46016 27864 202305 1502906 33 40 27  0  0  0
106  0 346328 84964776 2187540 80420768    0    0 47872 25080 196374 1481323 32 40 28  0  0  0
85  1 346328 84981288 2187540 80420788    0    0 48176 27076 199106 1495551 32 40 27  0  0  0
49  1 346328 84985272 2187540 80420808    0    0 46672 37196 209647 1507146 33 40 27  0  0  0
46  0 346328 84944424 2187540 80420836    0    0 46368 24796 199347 1476199 32 41 27  0  0  0
164  0 346328 84953912 2187540 80420856    0    0 44352 28352 201753 1493868 33 40 27  0  0  0
 5  0 346328 84966816 2187540 80420872    0    0 41728 29692 204966 1476326 32 41 26  0  0  0
102  2 346328 84970264 2187540 80420880    0    0 40192 23224 206606 1480514 32 42 26  0  0  0
26  0 346328 84962772 2187540 80420904    0    0 38080 22548 205437 1466724 32 42 25  0  0  0
11  0 346328 84947688 2187540 80420932    0    0 38176 17024 205361 1459248 32 42 26  0  0  0
procs -----------memory---------- ---swap-- -----io---- -system-- -------cpu-------
 r  b   swpd   free   buff  cache   si   so    bi    bo   in   cs us sy id wa st gu
163  0 346328 84949408 2187540 80420940    0    0 37696 17172 206524 1468618 33 41 26  0  0  0
34  0 346328 84939552 2187540 80420964    0    0 37680 21480 204041 1458432 32 42 26  0  0  0
 8  0 346328 84939988 2187540 80420972    0    0 39344 21604 206413 1486726 32 43 25  0  0  0
33  0 346328 84935792 2187544 80420996    0    0 35536 28988 208313 1481361 31 45 24  0  0  0
11  0 346328 84935236 2187544 80421020    0    0 35600 22308 208184 1485725 32 42 25  0  0  0
172  0 346328 84924592 2187544 80421036    0    0 36368 20028 205477 1479234 32 43 24  0  0  0
68  2 346328 84919544 2187544 80421064    0    0 37840 18104 203539 1491727 32 43 25  0  0  0
101  5 346328 84917724 2187544 80421088    0    0 38576 19168 202634 1490271 31 44 25  0  0  0
180  0 346328 84933068 2187548 80421100    0    0 36544 22712 204437 1489445 31 44 25  0  0  0
239  0 346328 84905452 2187548 80421120    0    0 38528 22580 202155 1496595 31 43 25  0  0  0
22  0 346328 84908428 2187548 80421144    0    0 38848 18968 202006 1491588 32 42 26  0  0  0
126  0 346328 84920916 2187548 80422308    0    0 40976 25628 199533 1479822 31 42 26  0  0  0
97  0 346328 84915400 2187548 80422324    0    0 42464 25368 199256 1497567 33 41 26  0  0  0
92  0 346328 84909048 2187548 80422344    0    0 40048 20776 201382 1489615 32 42 26  0  0  0
136  0 346328 84897032 2187548 80422372    0    0 44208 21056 198265 1494963 32 43 25  0  0  0
104  0 346328 84902180 2187548 80422392    0    0 44256 24020 197261 1493829 32 42 26  0  0  0
175  0 346328 84901908 2187548 80422404    0    0 45728 22272 198555 1499520 33 41 26  0  0  0
64  0 346328 84871092 2187548 80422432    0    0 47120 23244 198967 1499645 32 41 27  0  0  0
136  0 346328 84883936 2187548 80422436    0    0 47568 25236 199428 1510700 33 40 27  0  0  0
91  1 346328 84899744 2187548 80422460    0    0 47728 26908 195972 1506695 33 40 27  0  0  0
26  0 346328 84878720 2187548 80422480    0    0 50304 29700 195637 1508189 34 39 27  0  0  0
procs -----------memory---------- ---swap-- -----io---- -system-- -------cpu-------
 r  b   swpd   free   buff  cache   si   so    bi    bo   in   cs us sy id wa st gu
137  0 346328 84878892 2187548 80422500    0    0 51136 27420 196184 1508159 34 39 27  0  0  0
165  0 346328 84869360 2187552 80422520    0    0 53776 27356 194973 1508241 33 39 28  0  0  0
 6  0 346328 84854720 2187552 80422540    0    0 52640 27068 195703 1509845 34 39 27  0  0  0
98  0 346328 84878680 2187552 80422564    0    0 55120 33840 195148 1514345 33 39 28  0  0  0
83  0 346328 84889668 2187552 80422580    0    0 53840 30824 198806 1524265 33 40 27  0  0  0
15  1 346328 84872216 2187552 80423476    0    0 51024 26648 195318 1490932 33 38 28  0  0  0
23  1 346328 84862556 2187552 80423844    0    0 47984 29564 197943 1512190 32 41 27  0  0  0
49  1 346328 84848692 2187552 80423860    0    0 49216 27720 197252 1507258 33 40 27  0  0  0
283  0 346328 84836552 2187552 80423884    0    0 45936 24436 197078 1500675 33 40 27  0  0  0
80  0 346328 84846964 2187552 80423900    0    0 48432 24772 197779 1504766 33 40 27  0  0  0
95  1 346328 84841316 2187552 80423928    0    0 46304 26036 199646 1515636 34 39 27  0  0  0
90  2 346328 84849732 2187552 80423940    0    0 45472 26300 199344 1503998 33 40 27  0  0  0
82  0 346328 84835724 2187552 80423948    0    0 44544 24980 198384 1501941 34 40 26  0  0  0
92  0 346328 84820108 2187552 80423976    0    0 43584 23576 198198 1496297 33 41 26  0  0  0
50  1 346328 84837900 2187552 80423992    0    0 42720 24368 198122 1502446 33 41 26  0  0  0
81  1 346328 84839040 2187552 80424004    0    0 41680 24648 199319 1500294 33 41 26  0  0  0
28  0 346328 84839960 2187552 80424040    0    0 40000 25460 199755 1494691 33 41 26  0  0  0
141  0 346328 84818216 2187556 80424048    0    0 43088 25548 199425 1496453 32 42 26  0  0  0
15  0 346328 84819804 2187556 80424072    0    0 40896 22148 201988 1492506 33 42 26  0  0  0
57  0 346328 84811132 2187556 80424088    0    0 41648 21584 202722 1490008 33 42 25  0  0  0
96  4 346328 84821860 2187556 80424640    0    0 43424 25120 196249 1473481 32 41 28  0  0  0
procs -----------memory---------- ---swap-- -----io---- -system-- -------cpu-------
 r  b   swpd   free   buff  cache   si   so    bi    bo   in   cs us sy id wa st gu
74  8 346328 84814540 2187556 80425300    0    0 42608 23228 199275 1491946 33 41 26  0  0  0
55  0 346328 84823812 2187560 80425320    0    0 47024 23808 196629 1495248 33 40 26  0  0  0
89  0 346328 84811244 2187560 80425340    0    0 44528 26880 197855 1496261 33 40 27  0  0  0
150  0 346328 84794160 2187560 80425360    0    0 46208 23760 198414 1496874 33 40 27  0  0  0
63  0 346328 84793364 2187560 80425372    0    0 46544 22056 197885 1510078 34 39 27  0  0  0
42  0 346328 84825060 2187560 80425388    0    0 46976 24104 198436 1515584 33 40 27  0  0  0
32  0 346328 84796460 2187560 80425412    0    0 48960 32632 194672 1516250 34 39 27  0  0  0
84  0 346328 84793504 2187560 80425424    0    0 46064 24860 196392 1511118 33 40 27  0  0  0
69  0 346328 84774832 2187560 80425456    0    0 48064 24516 196836 1510844 33 40 26  0  0  0
23  0 346328 84781856 2187560 80425480    0    0 47568 24564 194785 1510791 33 40 27  0  0  0
71  1 346328 84770756 2187560 80425496    0    0 49712 26532 195153 1509620 33 40 27  0  0  0
45  0 346328 84778096 2187564 80425508    0    0 47360 28444 197005 1506911 33 40 27  0  0  0
39  0 346328 84782960 2187564 80425532    0    0 47392 27112 197481 1514638 33 40 27  0  0  0
67  0 346328 84779256 2187564 80425552    0    0 40704 22148 199154 1495130 33 41 26  0  0  0
60  1 346328 84773252 2187564 80425572    0    0 44192 27188 199065 1505739 32 41 26  0  0  0
81  2 346328 84760248 2187564 80426752    0    0 40512 23076 199917 1476633 33 40 27  0  0  0
43  0 346328 84765548 2187568 80426776    0    0 39888 22944 201006 1490522 32 42 26  0  0  0
63  0 346328 84769592 2187568 80426800    0    0 41760 21056 199412 1491785 33 41 26  0  0  0
13  0 346328 84764288 2187568 80426820    0    0 40944 23668 198862 1494955 33 40 27  0  0  0
271  0 346328 84764468 2187568 80426836    0    0 40640 29532 203114 1502579 33 42 25  0  0  0
234  0 346328 84768436 2187568 80426852    0    0 40192 21144 199663 1498975 32 42 26  0  0  0
procs -----------memory---------- ---swap-- -----io---- -system-- -------cpu-------
 r  b   swpd   free   buff  cache   si   so    bi    bo   in   cs us sy id wa st gu
53  0 346328 84759060 2187568 80426872    0    0 40768 22520 198292 1488637 32 41 27  0  0  0
84  0 346328 84757236 2187568 80426900    0    0 40448 22532 198463 1498070 34 40 27  0  0  0
35  1 346328 84743608 2187568 80426928    0    0 42096 23564 198466 1494027 33 40 26  0  0  0
53  0 346328 84718608 2187568 80426952    0    0 42736 33348 202002 1499608 32 41 26  0  0  0
23  0 346328 84730124 2187568 80426968    0    0 42736 25284 203789 1498593 33 41 25  0  0  0
134  0 346328 84745736 2187568 80426984    0    0 43312 24792 204014 1496631 33 42 26  0  0  0
 7  0 346328 84763736 2187568 80427004    0    0 42992 40780 205410 1498372 33 42 25  0  0  0
83  0 346328 84752012 2187568 80427024    0    0 40144 24284 204273 1494192 32 42 26  0  0  0
84  0 346328 84740160 2187568 80427044    0    0 38128 21372 206533 1496422 31 43 25  0  0  0
61  1 346328 84720480 2187568 80428212    0    0 37776 20204 204750 1475224 31 43 26  0  0  0
114  0 346328 84696744 2187572 80428224    0    0 34592 19272 211263 1486779 32 44 23  0  0  0
 5  0 346328 84693560 2187572 80428252    0    0 34000 18552 210120 1487132 33 43 24  0  0  0
79  2 346328 84690208 2187572 80428280    0    0 35232 20248 211451 1493419 33 43 24  0  0  0
222  0 346328 84705000 2187572 80428288    0    0 31920 22008 211963 1484936 32 45 24  0  0  0
60  0 346328 84712084 2187580 80428316    0    0 31472 18652 212728 1474412 32 44 24  0  0  0
95  0 346328 84721796 2187580 80428336    0    0 31392 17768 211342 1478363 33 43 24  0  0  0
37  0 346328 84694012 2187580 80428348    0    0 28512 15792 216939 1478333 31 46 23  0  0  0
 9  0 346328 84684716 2187580 80428368    0    0 27536 14904 216742 1464265 31 46 23  0  0  0
 7  0 346328 84687356 2187580 80428392    0    0 28272 16092 214296 1464867 31 46 23  0  0  0
195  0 346328 84686812 2187580 80428412    0    0 27728 15728 215378 1461810 31 46 23  0  0  0
326  0 346328 84700828 2187580 80428424    0    0 27920 17716 216436 1468207 31 46 23  0  0  0
procs -----------memory---------- ---swap-- -----io---- -system-- -------cpu-------
 r  b   swpd   free   buff  cache   si   so    bi    bo   in   cs us sy id wa st gu
51  1 346328 84708616 2187580 80428432    0    0 26832 14920 217471 1463179 31 46 22  0  0  0
80  0 346328 84700284 2187580 80428460    0    0 25216 14644 216434 1451390 30 48 22  0  0  0
57  3 346328 84687080 2187580 80428476    0    0 25168 14240 216512 1447569 31 46 23  0  0  0
27  1 346328 84678580 2187580 80429520    0    0 25120 15180 216877 1428694 30 46 23  0  0  0
224  1 346328 84674496 2187580 80429540    0    0 25328 14784 217649 1441178 30 48 22  0  0  0
25  0 346328 84662132 2187580 80429556    0    0 25792 15624 214802 1446177 31 46 23  0  0  0
68  4 346328 84672128 2187580 80429572    0    0 25200 14892 218042 1453266 31 47 22  0  0  0
54  2 346328 84680796 2187580 80429588    0    0 27216 16496 217481 1451790 31 47 22  0  0  0
 9  0 346328 84686740 2187588 80429604    0    0 26048 12856 215474 1441413 31 47 22  0  0  0
72  1 346328 84676416 2187588 80429628    0    0 25840 12952 219113 1441260 31 47 22  0  0  0
383  0 346328 84672392 2187588 80429648    0    0 23024 12868 218422 1422806 30 47 23  0  0  0
101  1 346328 84666456 2187588 80429672    0    0 25712 14056 217077 1445921 30 48 22  0  0  0
 8  0 346328 84683092 2187588 80429692    0    0 24992 12940 216092 1443218 30 48 22  0  0  0
 4  0 346328 84655908 2187592 80429712    0    0 25328 14648 216408 1440480 30 48 22  0  0  0
143  0 346328 84660084 2187592 80429728    0    0 25888 15248 218009 1447418 30 48 22  0  0  0
381  0 346328 84652184 2187592 80429748    0    0 23168 13916 217058 1441749 31 47 22  0  0  0
208  0 346328 84651296 2187592 80429768    0    0 24224 14620 216434 1443255 30 48 22  0  0  0
23  0 346328 84642120 2187592 80429788    0    0 23312 12788 218084 1439023 31 47 22  0  0  0
125  0 346328 84626648 2187592 80430812    0    0 23616 12336 216130 1423951 29 48 23  0  0  0
53  0 346328 84635088 2187592 80430840    0    0 22960 11588 216821 1440713 31 47 22  0  0  0
165  0 346328 84653608 2187592 80430856    0    0 22544 11340 219170 1436814 29 50 21  0  0  0
procs -----------memory---------- ---swap-- -----io---- -system-- -------cpu-------
 r  b   swpd   free   buff  cache   si   so    bi    bo   in   cs us sy id wa st gu
44  1 346328 84664428 2187592 80430872    0    0 25280 12720 217669 1439123 30 48 22  0  0  0
27  0 346328 84660668 2187592 80430892    0    0 23312 12444 217802 1437229 30 48 22  0  0  0
28  1 346328 84670548 2187596 80430912    0    0 24704 15928 215434 1437897 30 48 22  0  0  0
19  0 346328 84662620 2187596 80430932    0    0 23072 14548 216511 1438665 29 49 22  0  0  0
27  0 346328 84639064 2187596 80430956    0    0 23552 14288 216570 1440273 30 49 21  0  0  0
 5  0 346328 84636728 2187596 80430972    0    0 24688 14080 214889 1442249 30 48 22  0  0  0
363  0 346328 84640788 2187596 80430988    0    0 24736 13956 216821 1440325 30 48 22  0  0  0
 8  0 346328 84639644 2187600 80431008    0    0 26352 13484 216090 1447547 31 47 22  0  0  0
152  0 346328 84656812 2187600 80431020    0    0 25424 13876 217205 1445180 31 48 22  0  0  0
123  0 346328 84644748 2187600 80431052    0    0 24352 12768 216853 1432196 30 47 22  0  0  0
34  1 346328 84642472 2187600 80431068    0    0 24128 12204 216301 1445148 31 47 22  0  0  0
11  0 346328 84639692 2187600 80431088    0    0 25744 14608 213858 1442269 30 47 23  0  0  0
313  0 346328 84627376 2187600 80432148    0    0 24656 14152 214178 1426762 30 46 23  0  0  0
 4  0 346328 84642520 2187600 80432172    0    0 27312 14304 214697 1452654 30 47 22  0  0  0
390  0 346328 84634384 2187600 80432196    0    0 26320 13436 215751 1452325 31 46 23  0  0  0
80  0 346328 84643812 2187600 80432204    0    0 27008 15828 217114 1458397 31 46 23  0  0  0
118  0 346328 84652872 2187600 80432224    0    0 27040 15452 210691 1434131 31 45 23  0  0  0
284  0 346328 84649052 2187600 80432236    0    0 28224 16684 215143 1456774 30 47 23  0  0  0
128  0 346328 84640796 2187600 80432260    0    0 28096 16152 212256 1459294 31 46 23  0  0  0
297  0 346328 84634460 2187600 80432284    0    0 27664 13992 213618 1452253 31 46 23  0  0  0
74  1 346328 84618732 2187600 80432304    0    0 27584 13248 215014 1438291 30 47 23  0  0  0
procs -----------memory---------- ---swap-- -----io---- -system-- -------cpu-------
 r  b   swpd   free   buff  cache   si   so    bi    bo   in   cs us sy id wa st gu
57  0 346328 84610960 2187600 80432328    0    0 30528 13944 211841 1459756 31 46 23  0  0  0
117  0 346328 84614228 2187600 80432340    0    0 30816 15320 212947 1470952 32 45 24  0  0  0
29  0 346328 84600360 2187600 80432364    0    0 28800 15960 212923 1466164 32 45 23  0  0  0
179  0 346328 84604712 2187600 80432388    0    0 29312 14860 211879 1465521 32 45 23  0  0  0
113  0 346328 84607232 2187600 80432404    0    0 30368 13724 209633 1463439 32 44 24  0  0  0
41  4 346328 84594372 2187600 80432420    0    0 29136 14208 211634 1464167 32 45 23  0  0  0
435  0 346328 84607352 2187600 80433508    0    0 29456 14616 209580 1441896 30 45 25  0  0  0
77  1 346328 84579228 2187600 80433532    0    0 29616 16088 209992 1462675 32 43 24  0  0  0
51  0 346328 84599340 2187600 80433556    0    0 33296 17176 209767 1474300 32 44 24  0  0  0
59  0 346328 84602912 2187600 80433572    0    0 32608 17168 210081 1476380 33 43 24  0  0  0
35  1 346328 84602744 2187600 80433592    0    0 32480 18480 207619 1467572 32 44 24  0  0  0
100  0 346328 84605444 2187604 80433612    0    0 33136 19000 205783 1473338 32 44 24  0  0  0
40  0 346328 84587456 2187604 80433632    0    0 33552 20668 207802 1474700 32 43 25  0  0  0
128  0 346328 84587392 2187604 80433652    0    0 34720 19584 205914 1470145 32 44 24  0  0  0
52  0 346328 84581388 2187604 80433672    0    0 36192 19776 205492 1472000 33 42 25  0  0  0
 9  0 346328 84579704 2187604 80433688    0    0 35568 21928 206561 1473878 32 43 25  0  0  0
373  0 346328 84587520 2187604 80433700    0    0 36784 20564 205461 1482936 32 43 26  0  0  0
148  0 346328 84599820 2187604 80433720    0    0 36832 20180 202064 1479604 32 43 25  0  0  0
104  5 346328 84590676 2187604 80433740    0    0 36928 21120 201721 1479503 31 43 26  0  0  0
189  0 346328 84568280 2187604 80433760    0    0 37872 21208 202449 1478134 32 43 25  0  0  0
135  0 346328 84588888 2187604 80433780    0    0 38400 22708 202354 1476380 32 43 25  0  0  0
procs -----------memory---------- ---swap-- -----io---- -system-- -------cpu-------
 r  b   swpd   free   buff  cache   si   so    bi    bo   in   cs us sy id wa st gu
200  0 346328 84573768 2187604 80434956    0    0 40304 20888 200286 1463798 32 42 26  0  0  0
85  0 346328 84571600 2187604 80434972    0    0 41552 23576 199393 1482589 33 40 27  0  0  0
47  2 346328 84597652 2187604 80434992    0    0 42752 23476 202404 1489642 33 41 26  0  0  0
 6  0 346328 84601604 2187604 80435008    0    0 43392 24064 199108 1487881 32 41 27  0  0  0
77  0 346328 84580188 2187604 80435032    0    0 43392 23388 199115 1487534 33 40 27  0  0  0
78  2 346328 84568384 2187608 80435044    0    0 46640 23448 197637 1491707 34 39 27  0  0  0
287  0 346328 84562832 2187608 80435068    0    0 46896 27628 197838 1486062 34 39 27  0  0  0
14  0 346328 84558524 2187608 80435088    0    0 49120 29672 199356 1491712 34 39 27  0  0  0
150  0 346328 84570996 2187608 80435112    0    0 52384 33240 198577 1490509 34 39 27  0  0  0
78  0 346328 84561116 2187608 80435120    0    0 56304 30188 197930 1482293 34 37 29  0  0  0
22  0 346328 84545756 2187612 80435184    0    0 59488 31396 198987 1502053 35 38 27  0  0  0
52  0 346328 84545084 2187612 80435204    0    0 63424 36300 197249 1503432 35 36 28  0  0  0
78  3 346328 84546848 2187612 80435216    0    0 62000 30828 196681 1505696 35 36 28  0  0  0
 9  0 346328 84547984 2187612 80435248    0    0 68944 38272 194231 1511097 35 36 29  0  0  0
35  1 346328 84542384 2187612 80435268    0    0 69136 41176 195305 1516906 35 35 29  0  0  0
125  0 346328 84549268 2187616 80436556    0    0 70208 38112 194717 1495477 36 34 30  0  0  0
74  1 346328 84548632 2187616 80436576    0    0 70960 39384 200567 1537253 36 35 28  0  0  0
39  0 346328 84549308 2187616 80436584    0    0 63904 34584 198762 1517018 35 36 28  0  0  0
63  0 346328 84527464 2187616 80436612    0    0 60176 35700 196622 1501039 35 37 28  0  0  0
153  0 346328 84509832 2187616 80436624    0    0 64624 58052 208581 1523497 35 37 28  0  0  0
52  1 346328 84518496 2187616 80436648    0    0 64768 35876 195944 1504707 34 38 28  0  0  0
procs -----------memory---------- ---swap-- -----io---- -system-- -------cpu-------
 r  b   swpd   free   buff  cache   si   so    bi    bo   in   cs us sy id wa st gu
63  2 346328 84520440 2187616 80436672    0    0 63024 34372 196076 1502229 36 36 28  0  0  0
81  0 346328 84512044 2187616 80436684    0    0 63872 34208 198498 1511113 36 35 29  0  0  0
30  1 346328 84512508 2187616 80436720    0    0 63200 35584 196219 1495099 35 35 29  0  0  0
89  2 346328 84522184 2187616 80436732    0    0 60096 31908 202208 1509774 35 37 28  0  0  0
59  0 346328 84509416 2187616 80436748    0    0 61792 35888 197613 1502243 35 37 28  0  0  0
22  0 346328 84506532 2187616 80436760    0    0 58096 35072 200306 1502509 35 37 28  0  0  0
59  0 346328 84499592 2187616 80436784    0    0 50496 27600 201615 1489834 34 39 27  0  0  0
194  0 346328 84486644 2187616 80436804    0    0 48624 30596 201055 1485684 34 39 27  0  0  0
80  0 346328 84468832 2187616 80436824    0    0 48896 29100 200137 1480470 34 39 27  0  0  0
56  1 346328 84468660 2187616 80438052    0    0 48544 21236 197760 1463508 33 38 28  0  0  0
30  0 346328 84480896 2187616 80438068    0    0 49920 26020 200868 1493414 34 39 27  0  0  0
140  0 346328 84489664 2187616 80438092    0    0 48464 29200 199695 1491237 34 38 28  0  0  0
66  1 346328 84496192 2187616 80438116    0    0 51104 29840 199132 1491300 34 39 27  0  0  0
63  0 346328 84473368 2187616 80438132    0    0 52864 22984 199398 1485399 34 39 27  0  0  0
160  0 346328 84480200 2187620 80438152    0    0 54336 31888 200073 1484433 33 39 28  0  0  0
47  0 346328 84464896 2187620 80438172    0    0 54400 32496 196832 1491597 35 37 28  0  0  0
70  1 346328 84477216 2187620 80438196    0    0 57824 29644 198318 1494847 35 37 28  0  0  0
53  3 346328 84463540 2187620 80438216    0    0 59712 34832 200275 1499968 35 36 28  0  0  0
95  3 346328 84467572 2187620 80438224    0    0 60848 34392 201955 1501716 35 37 28  0  0  0
53  2 346328 84452956 2187620 80438248    0    0 65520 36672 196433 1486398 35 36 29  0  0  0
109  0 346328 84457212 2187620 80438284    0    0 65616 33300 196527 1504499 36 35 29  0  0  0
procs -----------memory---------- ---swap-- -----io---- -system-- -------cpu-------
 r  b   swpd   free   buff  cache   si   so    bi    bo   in   cs us sy id wa st gu
124  0 346328 84458364 2187620 80438308    0    0 67120 39292 199555 1516422 35 37 28  0  0  0
78  0 346328 84443976 2187620 80438328    0    0 66320 36072 197278 1515028 35 36 29  0  0  0
99  0 346328 84444840 2187620 80438344    0    0 61440 36212 197130 1497714 35 37 28  0  0  0
172  0 346328 84408584 2187620 80439588    0    0 57104 33328 199649 1488250 34 38 28  0  0  0
112  0 346328 84417724 2187624 80439600    0    0 55216 30824 199788 1500069 34 39 27  0  0  0
113  0 346328 84426884 2187624 80439624    0    0 55808 27788 197323 1501247 34 38 28  0  0  0
37  1 346328 84440664 2187624 80439644    0    0 51728 28820 198189 1496343 35 38 27  0  0  0
73  1 346328 84431476 2187624 80439664    0    0 56512 31748 198123 1493799 34 38 27  0  0  0
79  0 346328 84414220 2187624 80439688    0    0 58064 28568 198420 1506471 35 37 28  0  0  0
32  0 346328 84403476 2187624 80439708    0    0 56736 35160 200865 1499461 35 37 28  0  0  0
41  0 346328 84401936 2187624 80439736    0    0 54144 30080 199279 1494751 34 38 27  0  0  0
60  0 346328 84419480 2187624 80439752    0    0 57808 52304 218830 1530824 34 38 27  0  0  0
16  1 346328 84419376 2187624 80439768    0    0 53792 32432 200879 1494954 34 39 27  0  0  0
113  0 346328 84404788 2187624 80439792    0    0 54032 30656 199352 1490583 34 39 27  0  0  0
70  0 346328 84403532 2187624 80439816    0    0 55136 30948 200048 1493627 34 38 28  0  0  0
54  3 346328 84381344 2187624 80439840    0    0 51616 28964 200222 1493523 33 39 27  0  0  0
24  0 346328 84362328 2187624 80439860    0    0 46752 28004 203435 1483074 33 40 26  0  0  0
211  0 346328 84379800 2187624 80439884    0    0 44064 24672 203167 1466675 33 41 26  0  0  0
160  0 346328 84379832 2187624 80441064    0    0 43712 22344 203372 1461972 33 40 27  0  0  0
262  0 346328 84396412 2187624 80441072    0    0 42064 20248 206921 1474886 33 42 25  0  0  0
32  0 346328 84396872 2187624 80441092    0    0 40688 23556 203976 1473825 33 41 26  0  0  0
procs -----------memory---------- ---swap-- -----io---- -system-- -------cpu-------
 r  b   swpd   free   buff  cache   si   so    bi    bo   in   cs us sy id wa st gu
120  0 346328 84382916 2187624 80441108    0    0 39648 21652 205176 1470006 33 41 26  0  0  0
51  0 346328 84374448 2187624 80441136    0    0 40560 24348 204000 1475753 33 41 26  0  0  0
51  0 346328 84377400 2187624 80441144    0    0 42400 24600 204828 1476371 33 41 26  0  0  0
56  2 346328 84369740 2187624 80441172    0    0 44208 23852 205207 1482006 34 40 26  0  0  0
164  0 346328 84355284 2187624 80441180    0    0 42832 25748 204110 1474806 32 42 26  0  0  0
72  1 346328 84362248 2187624 80441196    0    0 44816 22868 204384 1490647 33 40 27  0  0  0
85  0 346328 84359688 2187624 80441224    0    0 40752 22460 203020 1490223 33 41 26  0  0  0
194  0 346328 84361944 2187624 80441244    0    0 40592 24736 203691 1479870 33 42 25  0  0  0
228  0 346328 84366844 2187628 80441264    0    0 39968 22916 201554 1465254 32 42 26  0  0  0
163  0 346328 84330620 2187628 80441296    0    0 40816 20240 204257 1480158 33 42 25  0  0  0
62  1 346328 84333592 2187628 80441432    0    0 37680 19176 204078 1476449 32 43 25  0  0  0
62  0 346328 84333932 2187628 80441456    0    0 39840 22892 202248 1477188 32 42 26  0  0  0
31  0 346328 84340488 2187628 80442616    0    0 36368 20236 205467 1466543 33 41 26  0  0  0
187  0 346328 84334220 2187628 80442632    0    0 36432 19760 206510 1471442 32 43 25  0  0  0
10  0 346328 84327732 2187628 80442648    0    0 36944 17760 205722 1470279 32 43 24  0  0  0
289  0 346328 84327440 2187628 80442672    0    0 36032 18608 206190 1472725 32 43 25  0  0  0
49  2 346328 84323816 2187628 80442696    0    0 35120 16476 207165 1468543 33 43 24  0  0  0
63  0 346328 84321960 2187628 80442716    0    0 36192 19448 205230 1469497 33 43 25  0  0  0
88  2 346328 84330956 2187628 80442736    0    0 36544 18744 204781 1473459 33 42 25  0  0  0
123  0 346328 84329360 2187628 80442756    0    0 37728 21020 206357 1474651 32 43 25  0  0  0
111  0 346328 84322240 2187628 80442768    0    0 38256 22596 206320 1472272 32 43 25  0  0  0
procs -----------memory---------- ---swap-- -----io---- -system-- -------cpu-------
 r  b   swpd   free   buff  cache   si   so    bi    bo   in   cs us sy id wa st gu
111  0 346328 84321408 2187628 80442780    0    0 37056 24552 204305 1474539 33 42 25  0  0  0
43  1 346328 84341448 2187628 80442808    0    0 37472 22508 204684 1470018 33 41 25  0  0  0
84  0 346328 84325828 2187628 80442824    0    0 37600 19956 204565 1466283 32 42 25  0  0  0
81  2 346328 84306780 2187628 80442856    0    0 39360 17620 202665 1469011 32 42 25  0  0  0
29  0 346328 84286692 2187628 80442876    0    0 40736 21892 201530 1474132 32 42 26  0  0  0
41  1 346328 84271376 2187628 80442892    0    0 40064 23692 202491 1476953 32 42 26  0  0  0
96  2 346328 84281844 2187628 80444080    0    0 42496 21696 202416 1466456 32 40 27  0  0  0
94  4 346328 84293164 2187632 80444100    0    0 41040 23700 203745 1474927 32 42 26  0  0  0
30  0 346328 84311196 2187632 80444124    0    0 46320 20172 202430 1474935 32 41 26  0  0  0
135  0 346328 84295084 2187632 80444140    0    0 46224 22280 202095 1478493 33 40 27  0  0  0
48  0 346328 84260000 2187632 80444160    0    0 46608 26928 201753 1478464 33 40 26  0  0  0
325  0 346328 84276808 2187632 80444172    0    0 47584 25528 202376 1480011 33 40 27  0  0  0
48  1 346328 84309264 2187636 80444196    0    0 50352 25520 200811 1488242 34 39 27  0  0  0
12  0 346328 84308244 2187636 80444216    0    0 48256 25188 200967 1503697 33 40 27  0  0  0
68  2 346328 84258164 2187636 80444228    0    0 48400 27064 198676 1497991 33 41 27  0  0  0
62  0 346328 84260560 2187636 80444248    0    0 47600 26344 198725 1498127 33 40 27  0  0  0
106  0 346328 84264512 2187636 80444276    0    0 49200 27324 199537 1498915 33 40 27  0  0  0
90  0 346328 84253852 2187636 80444296    0    0 45408 24552 200672 1501623 34 40 27  0  0  0
206  0 346328 84234632 2187636 80444320    0    0 49008 28160 199476 1496988 33 40 27  0  0  0
101  1 346328 84249360 2187636 80444356    0    0 46688 27972 203303 1515433 32 41 26  0  0  0
83  0 346328 84239876 2187636 80444372    0    0 42832 23536 202515 1509789 32 42 26  0  0  0
procs -----------memory---------- ---swap-- -----io---- -system-- -------cpu-------
 r  b   swpd   free   buff  cache   si   so    bi    bo   in   cs us sy id wa st gu
14  0 346328 84248236 2187636 80445392    0    0 42288 25140 199042 1481351 32 41 27  0  0  0
131  0 346328 84243064 2187640 80445580    0    0 40896 23764 201945 1492407 32 42 26  0  0  0
53  3 346328 84257508 2187640 80445596    0    0 38816 23092 202149 1487026 32 43 25  0  0  0
32  0 346328 84236264 2187640 80445620    0    0 38640 21260 202534 1483985 32 42 26  0  0  0
37  1 346328 84222740 2187640 80445636    0    0 39872 20060 200598 1484204 31 43 26  0  0  0
93  3 346328 84240728 2187640 80445660    0    0 38608 22204 202233 1484259 32 43 25  0  0  0
61  0 346328 84244176 2187640 80445680    0    0 41488 24720 202356 1491223 33 41 26  0  0  0
40  0 346328 84243080 2187640 80445692    0    0 43776 25960 200259 1496779 32 41 26  0  0  0
50  1 346328 84241152 2187640 80445708    0    0 44656 25788 201018 1496428 33 40 27  0  0  0
23  0 346328 84226408 2187640 80445728    0    0 44544 23468 199772 1494637 33 41 26  0  0  0
103  0 346328 84216324 2187640 80445748    0    0 45744 25308 200656 1495075 33 40 27  0  0  0
139  0 346328 84229420 2187640 80445768    0    0 45696 24460 198969 1493067 33 41 27  0  0  0
75  0 346328 84218892 2187640 80445788    0    0 44912 26228 197547 1490783 33 41 27  0  0  0
56  0 346328 84221416 2187640 80445812    0    0 46400 25900 199089 1492542 33 40 27  0  0  0
72  1 346328 84229208 2187640 80445832    0    0 45984 27120 201153 1502396 33 39 27  0  0  0
22  0 346328 84231472 2187640 80446860    0    0 48288 27264 195638 1477087 32 40 28  0  0  0
59  2 346328 84204420 2187640 80447068    0    0 48752 48332 240922 1560541 34 40 26  0  0  0
34  2 346328 84207228 2187640 80447088    0    0 49872 24456 200392 1492114 33 40 27  0  0  0
153  0 346328 84210764 2187640 80447108    0    0 52704 32524 198553 1494237 34 38 27  0  0  0
79  1 346328 84200900 2187640 80447128    0    0 52496 25956 199257 1497191 34 39 27  0  0  0
65  1 346328 84194480 2187640 80447148    0    0 51728 25976 200132 1495955 34 39 27  0  0  0
procs -----------memory---------- ---swap-- -----io---- -system-- -------cpu-------
 r  b   swpd   free   buff  cache   si   so    bi    bo   in   cs us sy id wa st gu
26  0 346328 84193544 2187640 80447164    0    0 49040 31812 202063 1502187 34 39 27  0  0  0
69  0 346328 84195340 2187640 80447176    0    0 48592 27128 200692 1493987 34 40 26  0  0  0
85  2 346328 84199736 2187640 80447200    0    0 49472 27284 199129 1501047 34 39 27  0  0  0
38  0 346328 84171876 2187640 80447220    0    0 49824 29032 196757 1502345 33 40 27  0  0  0
120  0 346328 84189828 2187640 80447232    0    0 46880 23180 199080 1512356 33 40 27  0  0  0
18  0 346328 84174028 2187644 80447260    0    0 44416 25084 201845 1509930 33 41 26  0  0  0
38  0 346328 84175732 2187644 80447280    0    0 45488 25004 201243 1501917 32 42 25  0  0  0
181  0 346328 84193928 2187644 80447296    0    0 40288 23140 205826 1496587 33 41 26  0  0  0
76  0 346328 84179892 2187644 80447332    0    0 41248 23188 203964 1507869 34 41 25  0  0  0
78  3 346328 84174220 2187644 80448356    0    0 38432 20900 205793 1472810 32 42 26  0  0  0
41  1 346328 84175668 2187644 80448516    0    0 33776 18108 207563 1482455 32 44 24  0  0  0
14  0 346328 84168336 2187644 80448536    0    0 35120 18964 206923 1480391 31 44 25  0  0  0
47  0 346328 84182224 2187644 80448556    0    0 33104 17732 207968 1474031 32 43 25  0  0  0
52  0 346328 84178608 2187644 80448572    0    0 33328 21808 205768 1478439 32 43 25  0  0  0
68  1 346328 84167204 2187644 80448592    0    0 31696 19300 208349 1476939 32 44 24  0  0  0
45  0 346328 84172380 2187644 80448604    0    0 31968 17504 212090 1486514 32 45 24  0  0  0
318  0 346328 84180260 2187644 80448624    0    0 29520 16320 209827 1472421 30 46 24  0  0  0
11  0 346328 84164696 2187644 80448648    0    0 28704 16212 208813 1480030 31 45 24  0  0  0
371  0 346328 84157120 2187644 80448668    0    0 28080 16772 208291 1475483 31 45 24  0  0  0
39  2 346328 84167688 2187644 80448684    0    0 29184 16624 209094 1474532 31 45 24  0  0  0
50  1 346328 84178728 2187644 80448704    0    0 28704 17776 208880 1470603 31 45 24  0  0  0
procs -----------memory---------- ---swap-- -----io---- -system-- -------cpu-------
 r  b   swpd   free   buff  cache   si   so    bi    bo   in   cs us sy id wa st gu
10  0 346328 84160064 2187644 80448724    0    0 28464 16048 209542 1470875 31 45 24  0  0  0
51  0 346328 84160924 2187644 80448740    0    0 29312 14956 210191 1480138 31 45 24  0  0  0
364  0 346328 84166240 2187644 80448756    0    0 27232 14960 211594 1464864 30 46 23  0  0  0
14  0 346328 84153208 2187644 80449780    0    0 28208 16048 210505 1448794 30 45 24  0  0  0
40  4 346328 84148544 2187644 80449828    0    0 26928 14772 208594 1469400 31 45 23  0  0  0
83  0 346328 84153384 2187644 80449856    0    0 27584 15148 213454 1473799 30 46 23  0  0  0
140  0 346328 84144864 2187644 80449880    0    0 28208 14352 209151 1467714 31 45 24  0  0  0
 7  0 346328 84163404 2187644 80449896    0    0 29088 17200 209999 1468137 32 45 24  0  0  0
10  0 346328 84158708 2187644 80449904    0    0 27888 16412 210640 1470713 31 45 24  0  0  0
236  0 346328 84161972 2187644 80449920    0    0 30880 19852 208920 1474351 31 45 24  0  0  0
68  7 346328 84159416 2187644 80449956    0    0 29024 17508 208637 1468272 31 45 24  0  0  0
122  0 346328 84158752 2187644 80449972    0    0 27168 15140 210218 1466165 31 45 23  0  0  0
92  0 346328 84169564 2187644 80449996    0    0 28768 15840 209481 1468326 32 44 24  0  0  0
89  0 346328 84140708 2187644 80450012    0    0 29024 15940 209334 1469576 31 46 24  0  0  0
11  0 346328 84122740 2187644 80450032    0    0 29536 14880 209003 1464202 31 45 24  0  0  0
145  0 346328 84129928 2187644 80450056    0    0 28784 14464 208749 1472316 33 44 24  0  0  0
33  0 346328 84144848 2187644 80450068    0    0 31856 15984 208633 1478434 32 43 24  0  0  0
18  0 346328 84153928 2187644 80450080    0    0 30320 15324 206145 1469339 31 45 24  0  0  0
38  1 346328 84144388 2187644 80450624    0    0 30000 15124 206227 1456188 31 44 25  0  0  0
332  0 346328 84143772 2187648 80451228    0    0 31072 17128 205838 1472874 32 44 24  0  0  0
30  0 346328 84129820 2187648 80451252    0    0 31456 17264 207168 1476985 32 44 24  0  0  0
procs -----------memory---------- ---swap-- -----io---- -system-- -------cpu-------
 r  b   swpd   free   buff  cache   si   so    bi    bo   in   cs us sy id wa st gu
32  0 346328 84140900 2187648 80451272    0    0 32384 17776 205274 1478050 33 43 24  0  0  0
27  0 346328 84130576 2187648 80451288    0    0 31840 19192 206511 1474675 30 45 25  0  0  0
12  0 346328 84142228 2187648 80451308    0    0 32816 17660 207764 1486236 32 44 24  0  0  0
41  1 346328 84126484 2187652 80451316    0    0 33392 17988 205617 1475431 31 44 25  0  0  0
243  0 346328 84120296 2187652 80451344    0    0 30480 16016 209523 1469729 31 45 24  0  0  0
24  0 346328 84122992 2187652 80451360    0    0 31776 18060 207452 1476066 31 44 25  0  0  0
29  0 346328 84117668 2187652 80451376    0    0 33296 19432 205368 1475716 31 45 24  0  0  0
65  0 346328 84114332 2187652 80451400    0    0 31280 16564 206237 1476225 32 44 25  0  0  0
44  0 346328 84095764 2187652 80451416    0    0 31536 16336 205566 1476979 31 44 25  0  0  0
211  0 346328 84105844 2187652 80451444    0    0 31152 17700 206550 1479494 32 43 25  0  0  0
70  1 346328 84128344 2187652 80451452    0    0 32672 16548 206821 1481764 32 43 25  0  0  0
56  2 346328 84120004 2187652 80451472    0    0 32096 17564 205644 1479809 31 44 25  0  0  0
 2  0 346328 84110316 2187652 80451492    0    0 33552 18728 203156 1478427 32 43 25  0  0  0
147  0 346328 84098720 2187656 80452632    0    0 33616 16408 204322 1461563 33 42 25  0  0  0
47  0 346328 84082948 2187656 80452656    0    0 34176 17572 202404 1480261 32 43 25  0  0  0
81  0 346328 84110088 2187656 80452672    0    0 34144 21532 206129 1478406 31 44 25  0  0  0
56  1 346328 84111192 2187656 80452700    0    0 36112 18940 206299 1484652 32 43 25  0  0  0
71  0 346328 84127008 2187656 80452712    0    0 37376 22680 205782 1488905 31 44 25  0  0  0
16  0 346328 84111000 2187656 80452736    0    0 37648 21004 204477 1487882 33 42 25  0  0  0
45  0 346328 84089184 2187656 80452752    0    0 37296 21720 203295 1490356 32 43 25  0  0  0
45  0 346328 84089012 2187656 80452776    0    0 38864 21352 199916 1483351 32 42 26  0  0  0
procs -----------memory---------- ---swap-- -----io---- -system-- -------cpu-------
 r  b   swpd   free   buff  cache   si   so    bi    bo   in   cs us sy id wa st gu
117  0 346328 84084472 2187656 80452796    0    0 38464 21196 201016 1485241 32 43 26  0  0  0
12  0 346328 84085308 2187656 80452816    0    0 40224 21472 197719 1489533 31 44 25  0  0  0
165  0 346328 84081516 2187656 80452832    0    0 39536 38780 198520 1486507 33 41 26  0  0  0
210  0 346328 84083176 2187656 80452852    0    0 40384 21908 198923 1489447 32 42 25  0  0  0
108  0 346328 84079344 2187656 80452872    0    0 40384 24548 198865 1497182 32 42 26  0  0  0
62  0 346328 84089528 2187656 80452892    0    0 43504 23920 195845 1485434 33 41 26  0  0  0
49  0 346328 84096824 2187656 80452900    0    0 42608 20224 195057 1473066 33 40 27  0  0  0
52  0 346328 84087408 2187656 80454132    0    0 43648 20876 195711 1471461 33 40 27  0  0  0
37  0 346328 84072544 2187656 80454160    0    0 45136 24572 196953 1490248 33 40 27  0  0  0
48  0 346328 84062672 2187656 80454184    0    0 43504 26432 188914 1439509 32 42 26  0  0  0
64  2 346328 84077508 2187656 80454204    0    0 46320 25884 187845 1427809 31 42 27  0  0  0
139  0 346328 84079628 2187656 80454208    0    0 42832 23732 188030 1426682 31 42 27  0  0  0
 9  0 346328 84083352 2187656 80454236    0    0 45568 26220 185040 1414751 32 42 27  0  0  0
74  0 346328 84067352 2187656 80454260    0    0 44096 24040 188238 1416608 31 42 26  0  0  0
30  0 346328 84073016 2187656 80454280    0    0 45856 27080 190889 1458048 32 41 27  0  0  0
34  0 346328 84060712 2187656 80454300    0    0 43744 24708 183849 1411220 31 42 27  0  0  0
18  0 346328 84045720 2187656 80454320    0    0 46176 23372 179169 1397593 31 42 27  0  0  0
81  6 346328 84058884 2187656 80454340    0    0 43712 24764 183185 1400222 31 42 27  0  0  0
 9  0 346328 84058928 2187656 80454356    0    0 45792 25524 182928 1406056 31 42 27  0  0  0
 8  0 346328 84056596 2187656 80454376    0    0 48608 28984 182152 1432852 32 40 28  0  0  0
76  4 346328 84054728 2187656 80454388    0    0 51824 28892 178926 1409624 32 41 27  0  0  0
procs -----------memory---------- ---swap-- -----io---- -system-- -------cpu-------
 r  b   swpd   free   buff  cache   si   so    bi    bo   in   cs us sy id wa st gu
 8  0 346328 84045508 2187656 80454420    0    0 49104 28020 179146 1403405 32 40 27  0  0  0
18  1 346328 84045036 2187656 80455668    0    0 52240 29524 181923 1420236 32 39 29  0  0  0
79  1 346328 84023356 2187656 80455696    0    0 54432 31060 191377 1505413 34 37 28  0  0  0
53  2 346328 84011916 2187656 80455712    0    0 53040 41840 191914 1510339 33 39 28  0  0  0
72  0 346328 84043700 2187656 80455732    0    0 56672 42260 206239 1533684 34 39 27  0  0  0
80  0 346328 84039564 2187656 80455736    0    0 54736 30764 197972 1524974 33 39 27  0  0  0
17  0 346328 84016864 2187660 80455760    0    0 54320 27212 192155 1495626 33 39 27  0  0  0
100  5 346328 84037208 2187660 80455788    0    0 55472 30924 191751 1514422 34 38 27  0  0  0
17  1 346328 84010336 2187660 80455804    0    0 60016 34836 192135 1516554 34 38 28  0  0  0
43  0 346328 84001200 2187660 80455828    0    0 62448 34324 191186 1513781 34 37 28  0  0  0
 7  0 346328 84012720 2187660 80455836    0    0 60528 34644 192718 1518843 33 39 28  0  0  0
81  0 346328 84005320 2187660 80455876    0    0 62048 31912 190128 1503122 34 37 28  0  0  0
99  0 346328 84021832 2187660 80455884    0    0 61104 35920 194980 1537348 34 38 28  0  0  0
82  3 346328 84016776 2187660 80455896    0    0 54320 30112 191476 1490752 34 39 27  0  0  0
111  0 346328 84010224 2187660 80455924    0    0 49600 30272 194468 1483274 34 40 26  0  0  0
163  0 346328 84000712 2187660 80455944    0    0 44144 24460 180809 1373343 31 43 26  0  0  0
80  0 346328 83992668 2187660 80455964    0    0 41552 23400 179427 1339245 30 43 27  0  0  0
85  0 346328 83998452 2187660 80456000    0    0 40736 22428 179533 1355108 30 44 26  0  0  0
101  0 346328 83984688 2187660 80456020    0    0 39328 20588 177469 1341630 29 44 27  0  0  0
84  0 346328 83999400 2187660 80456032    0    0 40544 23700 183338 1374403 30 44 26  0  0  0
41  0 346328 84004092 2187660 80456052    0    0 39504 22144 182471 1377960 30 44 25  0  0  0
procs -----------memory---------- ---swap-- -----io---- -system-- -------cpu-------
 r  b   swpd   free   buff  cache   si   so    bi    bo   in   cs us sy id wa st gu
71  0 346328 84000000 2187660 80456072    0    0 39056 20696 180332 1351327 30 44 25  0  0  0
113  0 346328 83972644 2187660 80456096    0    0 39008 21812 180320 1349780 30 45 25  0  0  0
 7  0 346328 83992840 2187664 80456116    0    0 40224 26520 184943 1389329 31 43 26  0  0  0
23  0 346328 83993720 2187664 80456132    0    0 37840 20240 193710 1457605 32 43 26  0  0  0
55  0 346328 83990148 2187668 80456156    0    0 38224 19692 197753 1493010 33 41 25  0  0  0
 7  0 346328 83986744 2187668 80456168    0    0 38464 24184 202162 1508683 32 43 25  0  0  0
44  1 346328 83972816 2187668 80456184    0    0 38480 19456 202146 1498200 33 42 25  0  0  0
49  0 346328 83963792 2187668 80456204    0    0 38176 21792 199833 1497337 33 42 25  0  0  0
 8  0 346328 83982332 2187668 80456232    0    0 35872 21476 199142 1492324 32 42 26  0  0  0
52  0 346328 83963200 2187672 80456252    0    0 34368 19584 200387 1483163 32 43 25  0  0  0
 8  0 346328 83966256 2187672 80457404    0    0 36448 21044 200756 1468901 32 43 26  0  0  0
149  0 346328 83962576 2187672 80457428    0    0 36496 20456 202745 1485432 33 42 25  0  0  0
340  0 346328 83958176 2187672 80457444    0    0 36672 22628 202694 1492925 33 42 25  0  0  0
23  0 346328 83965116 2187672 80457460    0    0 36304 18792 201750 1488094 32 43 25  0  0  0
30  0 346328 83982096 2187672 80457480    0    0 35632 18856 202543 1483462 32 42 25  0  0  0
42  0 346328 83962120 2187672 80457500    0    0 36320 18564 202482 1479420 33 42 25  0  0  0
197  0 346328 83980600 2187672 80457516    0    0 36064 20624 203882 1480594 33 42 25  0  0  0
45  2 346328 83965016 2187672 80457540    0    0 37504 21684 200441 1483059 33 42 25  0  0  0
108  0 346328 83967316 2187672 80457564    0    0 36016 21716 200748 1482380 33 42 25  0  0  0
200  0 346328 83947976 2187672 80457588    0    0 35008 20428 202098 1480754 32 43 25  0  0  0
68  1 346328 83973244 2187672 80457592    0    0 37296 22052 203047 1486170 33 42 25  0  0  0
procs -----------memory---------- ---swap-- -----io---- -system-- -------cpu-------
 r  b   swpd   free   buff  cache   si   so    bi    bo   in   cs us sy id wa st gu
63  3 346328 83977760 2187672 80457612    0    0 35456 18572 202711 1473389 32 43 25  0  0  0
72  0 346328 83953872 2187672 80457632    0    0 34704 18980 202354 1473393 32 43 25  0  0  0
81  0 346328 83936508 2187672 80457656    0    0 35776 18104 202773 1473667 32 43 25  0  0  0
149  0 346328 83956148 2187672 80457676    0    0 33856 17428 203600 1476233 33 42 25  0  0  0
85  3 346328 83943428 2187672 80458832    0    0 32000 19464 203927 1449428 31 43 26  0  0  0
66  0 346328 83949864 2187672 80458848    0    0 35888 17824 204455 1459732 32 43 25  0  0  0
71  1 346328 83960020 2187672 80458868    0    0 35472 18668 204583 1474358 33 42 25  0  0  0
86  3 346328 83932268 2187672 80458888    0    0 36288 18968 202282 1474235 32 43 25  0  0  0
101  0 346328 83937452 2187676 80458904    0    0 35184 20560 202674 1472540 32 43 25  0  0  0
49  0 346328 83949552 2187676 80458932    0    0 34400 18608 200880 1468786 32 43 25  0  0  0
73  1 346328 83945704 2187676 80458940    0    0 38080 21696 201980 1472719 32 42 26  0  0  0
123  0 346328 83956288 2187676 80458968    0    0 37616 20056 201426 1470983 32 42 26  0  0  0
86  0 346328 83940112 2187676 80458992    0    0 36816 19844 204614 1475365 32 42 25  0  0  0
32  0 346328 83927356 2187676 80459020    0    0 35792 18356 204431 1476704 32 42 25  0  0  0
100  1 346328 83945984 2187676 80459028    0    0 38176 22076 205394 1479329 31 43 25  0  0  0
54  0 346328 83930096 2187676 80459052    0    0 40544 23208 202557 1472372 33 42 25  0  0  0
30  0 346328 83923224 2187676 80459060    0    0 39328 21908 201802 1476925 33 42 25  0  0  0
45  0 346328 83935752 2187676 80459084    0    0 37968 19800 204247 1470493 33 42 25  0  0  0
64  0 346328 83923568 2187676 80459104    0    0 39264 20880 202562 1474315 34 41 25  0  0  0
14  0 346328 83914976 2187676 80460288    0    0 39392 22748 200078 1448836 33 41 27  0  0  0
66  0 346328 83901544 2187676 80460316    0    0 40224 22544 199836 1474079 33 41 26  0  0  0
procs -----------memory---------- ---swap-- -----io---- -system-- -------cpu-------
 r  b   swpd   free   buff  cache   si   so    bi    bo   in   cs us sy id wa st gu
51  1 346328 83906588 2187676 80460328    0    0 43008 21852 203112 1492943 33 42 26  0  0  0
10  0 346328 83908788 2187676 80460344    0    0 44784 21224 198591 1480250 32 42 26  0  0  0
43  1 346328 83925208 2187680 80460360    0    0 46624 23944 199590 1476729 32 41 26  0  0  0
83  0 346328 83915592 2187680 80460380    0    0 45424 25808 199321 1477601 33 40 26  0  0  0
91  0 346328 83908300 2187680 80460404    0    0 45376 26188 198203 1479366 33 40 27  0  0  0
160  0 346328 83894132 2187680 80460424    0    0 45936 24708 198677 1485287 33 40 27  0  0  0
83  1 346328 83894600 2187680 80460444    0    0 49280 28992 198887 1484751 33 40 26  0  0  0
25  0 346328 83911084 2187680 80460460    0    0 51200 29856 199879 1494121 34 39 27  0  0  0
138  0 346328 83925464 2187680 80460476    0    0 51440 30004 197248 1483926 34 38 28  0  0  0
67  4 346328 83912616 2187680 80460512    0    0 50960 27436 198737 1491013 33 39 27  0  0  0
 8  0 346328 83905012 2187680 80460528    0    0 51616 27892 197794 1489754 34 38 27  0  0  0
49  1 346328 83890384 2187680 80460544    0    0 53008 29376 198110 1489633 34 39 27  0  0  0
72  0 346328 83893084 2187684 80460568    0    0 52416 30352 198309 1493511 34 38 27  0  0  0
81  5 346328 83886020 2187684 80461820    0    0 53328 31252 197172 1475600 33 38 29  0  0  0
146  0 346328 83871504 2187684 80461840    0    0 48864 29008 201244 1489555 33 40 27  0  0  0
71  4 346328 83878116 2187684 80461848    0    0 45392 26644 201618 1471186 33 40 27  0  0  0
69  1 346328 83872304 2187684 80461876    0    0 41680 46164 225128 1509772 33 41 26  0  0  0
235  0 346328 83870772 2187684 80461896    0    0 40336 22744 205585 1474002 33 41 25  0  0  0
45  0 346328 83867824 2187684 80461920    0    0 41216 22596 203242 1470049 33 41 25  0  0  0
75  2 346328 83873316 2187684 80461940    0    0 41520 19756 202497 1468149 33 41 26  0  0  0
62  1 346328 83878564 2187684 80461960    0    0 38480 22312 204309 1473600 32 43 25  0  0  0
procs -----------memory---------- ---swap-- -----io---- -system-- -------cpu-------
 r  b   swpd   free   buff  cache   si   so    bi    bo   in   cs us sy id wa st gu
52  0 346328 83861304 2187684 80461980    0    0 38496 23112 203294 1474744 32 42 25  0  0  0
62  0 346328 83863792 2187692 80461988    0    0 38192 21520 203861 1479738 33 42 25  0  0  0
14  0 346328 83841756 2187692 80462016    0    0 37408 23232 202600 1466033 32 42 25  0  0  0
 6  0 346328 83866952 2187692 80462036    0    0 37424 22596 202933 1465598 33 42 25  0  0  0
 8  0 346328 83867892 2187692 80462052    0    0 38304 18572 202410 1464883 33 42 25  0  0  0
17  0 346328 83844016 2187692 80462072    0    0 39056 20632 201680 1466836 32 43 26  0  0  0
94  1 346328 83831616 2187696 80462100    0    0 39856 22256 200405 1469368 32 41 26  0  0  0
240  0 346328 83840560 2187696 80463284    0    0 38208 23588 201044 1449410 32 41 27  0  0  0
55  0 346328 83849728 2187696 80463300    0    0 37968 22672 203083 1477248 32 43 25  0  0  0
19  0 346328 83848692 2187696 80463304    0    0 40496 22196 201689 1472110 33 41 26  0  0  0
55  0 346328 83862516 2187696 80463328    0    0 42304 23792 202417 1472506 35 39 26  0  0  0
47  3 346328 83839896 2187696 80463348    0    0 42928 22536 200390 1473614 33 41 26  0  0  0
210  0 346328 83850504 2187696 80463368    0    0 42096 22756 199964 1470293 33 40 27  0  0  0
49  1 346328 83829008 2187696 80463388    0    0 42704 22284 201944 1469636 34 40 26  0  0  0
83  0 346328 83836388 2187696 80463404    0    0 43648 22660 199443 1469523 33 41 26  0  0  0
47  0 346328 83839152 2187696 80463428    0    0 46128 23920 200173 1486913 34 39 26  0  0  0
 9  0 346328 83839644 2187696 80463436    0    0 44560 22884 202195 1483896 33 41 26  0  0  0
334  0 346328 83829644 2187696 80463448    0    0 43488 26016 198203 1500566 33 40 26  0  0  0
29  0 346328 83814328 2187696 80463480    0    0 43888 26072 196583 1492399 34 40 26  0  0  0
141  3 346328 83802012 2187696 80463504    0    0 43168 21972 196722 1486507 32 42 26  0  0  0
42  2 346328 83809536 2187696 80463520    0    0 42720 24788 197779 1493779 33 41 26  0  0  0
procs -----------memory---------- ---swap-- -----io---- -system-- -------cpu-------
 r  b   swpd   free   buff  cache   si   so    bi    bo   in   cs us sy id wa st gu
166  0 346328 83818680 2187696 80463552    0    0 41824 22276 196152 1489669 32 41 26  0  0  0
32  3 346328 83817296 2187696 80464364    0    0 41024 23640 196663 1476003 33 39 27  0  0  0
43  1 346328 83809372 2187696 80464780    0    0 44896 24032 198935 1499310 33 40 27  0  0  0
103  1 346328 83805104 2187696 80464800    0    0 46240 24396 197444 1499115 33 41 26  0  0  0
63  0 346328 83816544 2187696 80464824    0    0 43552 24888 196962 1477774 33 40 27  0  0  0
54  0 346328 83813588 2187696 80464848    0    0 42080 26628 198520 1493712 33 41 26  0  0  0
33  1 346328 83797944 2187696 80464864    0    0 41072 23436 196348 1486005 33 41 26  0  0  0
33  0 346328 83793152 2187696 80464884    0    0 42704 20684 196614 1489332 33 40 26  0  0  0
92  0 346328 83793364 2187696 80464900    0    0 42304 22592 197683 1485095 34 40 27  0  0  0
70  0 346328 83797284 2187696 80464920    0    0 40976 23908 199978 1498719 33 40 27  0  0  0
125  0 346328 83793180 2187700 80464936    0    0 40240 22812 199888 1490130 34 40 26  0  0  0
61  3 346328 83789900 2187700 80464952    0    0 42016 24236 200990 1488632 32 41 26  0  0  0
52  0 346328 83783780 2187700 80464972    0    0 41872 28572 199607 1489126 33 41 26  0  0  0
56  2 346328 83773484 2187700 80465004    0    0 42288 27524 200626 1487064 33 41 26  0  0  0
37  0 346328 83790628 2187700 80465012    0    0 42464 23872 201157 1483693 34 40 26  0  0  0
33  0 346328 83786596 2187700 80465032    0    0 43664 24720 199878 1482029 32 41 26  0  0  0
20  0 346328 83782344 2187700 80465924    0    0 42720 23504 200572 1466210 32 41 27  0  0  0
79  0 346328 83778652 2187700 80466244    0    0 42304 24496 201003 1485882 33 41 26  0  0  0
 7  0 346328 83785704 2187700 80466264    0    0 42288 23864 200598 1481275 33 42 25  0  0  0
36  0 346328 83779864 2187700 80466284    0    0 41680 23684 200909 1477022 33 41 25  0  0  0
23  0 346328 83778404 2187700 80466300    0    0 41520 23740 199617 1481277 32 41 26  0  0  0
procs -----------memory---------- ---swap-- -----io---- -system-- -------cpu-------
 r  b   swpd   free   buff  cache   si   so    bi    bo   in   cs us sy id wa st gu
45  1 346328 83755840 2187700 80466324    0    0 42576 23516 200452 1476387 33 41 26  0  0  0
 9  0 346328 83766320 2187700 80466348    0    0 43824 25760 199672 1477545 33 41 26  0  0  0
63  0 346328 83771392 2187700 80466360    0    0 43920 22896 200151 1484445 33 41 26  0  0  0
89  0 346328 83771060 2187700 80466376    0    0 43648 20472 202178 1487778 34 39 27  0  0  0
188  0 346328 83776992 2187700 80466392    0    0 46528 23724 198704 1483046 33 40 27  0  0  0
61  1 346328 83746492 2187700 80466416    0    0 45984 27768 197966 1492284 33 41 26  0  0  0
58  0 346328 83749428 2187700 80466436    0    0 45168 26408 197915 1493444 33 41 26  0  0  0
 7  0 346328 83758956 2187700 80466456    0    0 40784 21300 200804 1486315 33 42 25  0  0  0
61  4 346328 83745384 2187700 80466476    0    0 43504 43936 201070 1501721 33 41 26  0  0  0
32  0 346328 83733296 2187704 80466492    0    0 40688 24700 200528 1495555 33 41 26  0  0  0
200  0 346328 83749464 2187704 80467332    0    0 39936 24056 201191 1487788 32 42 27  0  0  0
70  1 346328 83768880 2187704 80467692    0    0 37664 20216 202957 1491842 33 41 25  0  0  0
235  0 346328 83762908 2187704 80467716    0    0 38592 18660 202633 1482535 32 43 25  0  0  0
217  0 346328 83754196 2187704 80467736    0    0 36112 24044 203202 1485238 31 44 25  0  0  0
50  0 346328 83729924 2187704 80467756    0    0 35712 21004 201882 1466454 31 43 26  0  0  0
80  0 346328 83737964 2187704 80467780    0    0 35056 20544 203286 1473456 32 43 25  0  0  0
68  0 346328 83743200 2187704 80467800    0    0 35072 20356 203812 1478499 32 43 25  0  0  0
203  0 346328 83752280 2187704 80467824    0    0 35808 17848 204745 1479423 32 43 25  0  0  0
18  0 346328 83748680 2187704 80467828    0    0 36224 18468 204872 1480964 31 43 25  0  0  0
43  0 346328 83729308 2187708 80467856    0    0 33600 21656 204871 1488289 31 45 24  0  0  0
116  0 346328 83738684 2187708 80467876    0    0 31776 17364 207583 1473269 31 45 24  0  0  0
procs -----------memory---------- ---swap-- -----io---- -system-- -------cpu-------
 r  b   swpd   free   buff  cache   si   so    bi    bo   in   cs us sy id wa st gu
11  0 346328 83734276 2187708 80467896    0    0 30752 17512 209629 1470087 31 44 24  0  0  0
58  1 346328 83729192 2187708 80467916    0    0 29504 16796 208822 1453683 31 46 23  0  0  0
190  0 346328 83723328 2187708 80467940    0    0 30944 17620 208782 1464392 31 46 23  0  0  0
 6  0 346328 83715816 2187716 80467952    0    0 28016 15956 210048 1464103 31 45 24  0  0  0
10  0 346328 83724548 2187716 80468980    0    0 29488 17244 211077 1453903 31 45 24  0  0  0
51  1 346328 83736292 2187716 80469040    0    0 29872 17204 208162 1470029 32 45 24  0  0  0
64  0 346328 83728788 2187716 80469060    0    0 28880 16648 208438 1475704 31 46 23  0  0  0
149  0 346328 83719116 2187716 80469084    0    0 28304 16200 208448 1458832 31 46 23  0  0  0
40  1 346328 83728000 2187720 80469096    0    0 28192 13776 207660 1459805 31 45 24  0  0  0
 9  0 346328 83721680 2187720 80469116    0    0 27488 15116 208228 1457358 31 46 24  0  0  0
269  0 346328 83700088 2187720 80469140    0    0 29568 16144 208534 1464990 31 45 23  0  0  0
10  0 346328 83718920 2187720 80469164    0    0 29392 16608 208681 1472037 32 45 23  0  0  0
46  1 346328 83724092 2187720 80469176    0    0 28848 16400 210675 1467522 31 46 23  0  0  0
 8  0 346328 83710716 2187720 80469196    0    0 28336 16504 209201 1463350 32 44 24  0  0  0
226  0 346328 83702272 2187720 80469216    0    0 28160 17296 208884 1465910 31 45 23  0  0  0
163  0 346328 83715404 2187720 80469232    0    0 29008 17060 208341 1467883 31 45 24  0  0  0
158  0 346328 83714488 2187720 80469252    0    0 30000 15688 207661 1467494 32 44 24  0  0  0
232  0 346328 83699588 2187720 80469272    0    0 30352 16724 207211 1471141 32 44 23  0  0  0
20  0 346328 83716820 2187720 80469292    0    0 31552 15108 206865 1469308 32 44 24  0  0  0
32  0 346328 83709908 2187720 80470308    0    0 31024 22460 209284 1456807 32 43 25  0  0  0
101  2 346328 83703120 2187720 80470404    0    0 34384 20216 207524 1468027 32 44 24  0  0  0
procs -----------memory---------- ---swap-- -----io---- -system-- -------cpu-------
 r  b   swpd   free   buff  cache   si   so    bi    bo   in   cs us sy id wa st gu
26  0 346328 83708736 2187720 80470424    0    0 32992 17792 210151 1465106 32 44 24  0  0  0
109  0 346328 83693704 2187720 80470452    0    0 32304 18768 210469 1462501 31 45 23  0  0  0
70  0 346328 83703736 2187720 80470464    0    0 32048 18836 209223 1463155 31 45 24  0  0  0
54  1 346328 83690424 2187720 80470492    0    0 31456 21324 210321 1436264 31 45 24  0  0  0
 9  0 346328 83686324 2187720 80470520    0    0 29968 19480 214576 1461874 32 45 23  0  0  0
420  0 346328 83696364 2187720 80470532    0    0 31776 16176 214590 1465077 31 46 23  0  0  0
107  0 346328 83696728 2187720 80470552    0    0 30544 16212 212293 1457585 32 45 23  0  0  0
53  1 346328 83691748 2187720 80470572    0    0 30528 15124 213613 1454991 32 45 23  0  0  0
18  0 346328 83674980 2187720 80470584    0    0 31568 16484 212973 1455907 32 45 23  0  0  0
243  0 346328 83694184 2187720 80470612    0    0 31376 15068 211939 1451640 32 45 23  0  0  0
 8  0 346328 83691700 2187720 80470632    0    0 29360 15252 212694 1461384 31 46 23  0  0  0
209  0 346328 83673640 2187720 80470648    0    0 31392 17852 209521 1466157 32 44 23  0  0  0
190  0 346328 83670360 2187720 80470668    0    0 29936 16220 211541 1464802 31 46 24  0  0  0
61  0 346328 83669304 2187720 80471684    0    0 30944 17924 209121 1446159 31 45 24  0  0  0
60  0 346328 83674692 2187720 80471784    0    0 29456 16924 210141 1458688 31 45 23  0  0  0
127  0 346328 83675656 2187720 80471804    0    0 30432 16732 210121 1457694 31 46 24  0  0  0
55  0 346328 83679176 2187720 80471824    0    0 31232 18096 211044 1456584 31 46 23  0  0  0
109  0 346328 83679056 2187724 80471836    0    0 31696 20740 210066 1464262 31 46 23  0  0  0
14  0 346328 83647676 2187724 80471860    0    0 32224 18952 211347 1464694 31 45 24  0  0  0
 9  0 346328 83641072 2187724 80471880    0    0 31616 18416 203379 1433416 31 46 24  0  0  0
35  0 346328 83671556 2187724 80471892    0    0 31984 18872 210635 1477971 32 44 24  0  0  0
procs -----------memory---------- ---swap-- -----io---- -system-- -------cpu-------
 r  b   swpd   free   buff  cache   si   so    bi    bo   in   cs us sy id wa st gu
59  0 346328 83677720 2187724 80471920    0    0 35456 19996 206311 1471279 33 43 24  0  0  0
298  0 346328 83660532 2187732 80471936    0    0 34016 18920 207246 1472217 32 44 24  0  0  0
 6  0 346328 83639244 2187732 80471964    0    0 34992 18584 204866 1468889 32 44 24  0  0  0
73  0 346328 83658912 2187732 80471984    0    0 35616 19380 204848 1477403 32 43 24  0  0  0
104  1 346328 83668584 2187732 80472004    0    0 34368 19368 205978 1470110 31 45 24  0  0  0
175  0 346328 83669776 2187732 80472024    0    0 36800 17780 204453 1472284 32 43 25  0  0  0
213  0 346328 83674572 2187732 80472044    0    0 36496 19564 205408 1483270 32 43 25  0  0  0
39  1 346328 83662616 2187732 80473064    0    0 38416 18732 202078 1460062 31 43 26  0  0  0
172  0 346328 83659204 2187732 80473224    0    0 39184 19716 203873 1479502 33 43 25  0  0  0
50  1 346328 83643612 2187732 80473240    0    0 37312 19116 204528 1481410 32 43 25  0  0  0
52  1 346328 83665196 2187732 80473256    0    0 40608 21036 203021 1477239 33 43 24  0  0  0
45  1 346328 83642664 2187732 80473284    0    0 41376 22752 201889 1479363 33 41 25  0  0  0
80  0 346328 83638084 2187732 80473316    0    0 41232 22396 200417 1477564 33 41 26  0  0  0
72  1 346328 83640612 2187732 80473332    0    0 44320 36728 199255 1467085 33 40 27  0  0  0
24  2 346328 83641708 2187732 80473356    0    0 44256 25064 201695 1485669 33 41 26  0  0  0
76  0 346328 83634440 2187732 80473380    0    0 46896 24896 198446 1484151 33 41 26  0  0  0
161  0 346328 83642344 2187732 80473404    0    0 47136 26208 198633 1486390 33 40 26  0  0  0
110  0 346328 83648336 2187732 80473424    0    0 48976 25152 196737 1493106 34 39 27  0  0  0
10  3 346328 83624768 2187732 80473440    0    0 51776 28008 195840 1494948 33 39 27  0  0  0
29  0 346328 83619548 2187732 80473452    0    0 53648 30676 196090 1496953 34 39 27  0  0  0
173  0 346328 83606592 2187732 80473480    0    0 56944 31248 194566 1501270 34 39 27  0  0  0
procs -----------memory---------- ---swap-- -----io---- -system-- -------cpu-------
 r  b   swpd   free   buff  cache   si   so    bi    bo   in   cs us sy id wa st gu
124  0 346328 83613388 2187732 80473504    0    0 59936 33312 194486 1513169 35 37 28  0  0  0
45  0 346328 83633040 2187732 80474516    0    0 62560 36276 191488 1488565 34 37 29  0  0  0
55  1 346328 83623316 2187732 80474792    0    0 64784 34208 192792 1509566 35 37 28  0  0  0
51  0 346328 83622912 2187732 80474808    0    0 70000 36216 190975 1518299 35 36 29  0  0  0
29  0 346328 83598848 2187732 80474828    0    0 73392 41616 192016 1537292 35 35 29  0  0  0
97  0 346328 83603660 2187732 80474848    0    0 77008 41768 190482 1529715 35 35 29  0  0  0
58  0 346328 83605352 2187736 80474868    0    0 78624 46336 190713 1534301 35 36 29  0  0  0
99  0 346328 83616140 2187736 80474884    0    0 80336 44456 192805 1545137 35 36 29  0  0  0
48  0 346328 83609100 2187736 80474892    0    0 75008 42168 191438 1526277 35 36 29  0  0  0
79  0 346328 83595488 2187736 80474920    0    0 70624 38820 191662 1531075 35 36 29  0  0  0
69  2 346328 83595576 2187736 80474940    0    0 68432 37724 191385 1520965 35 36 29  0  0  0
114  0 346328 83596192 2187736 80474960    0    0 68832 37856 190545 1521502 36 36 29  0  0  0
77  5 346328 83586060 2187736 80474980    0    0 74608 39916 189563 1528032 35 36 29  0  0  0
54  0 346328 83590736 2187736 80475000    0    0 74960 40388 190192 1532538 35 35 29  0  0  0
30  0 346328 83577052 2187736 80475020    0    0 72576 39964 189811 1536323 35 36 29  0  0  0
50  0 346328 83590264 2187736 80475032    0    0 65968 37852 191401 1527786 35 36 29  0  0  0
16  0 346328 83563684 2187740 80476060    0    0 56160 30388 191883 1491447 34 37 29  0  0  0
37  0 346328 83592516 2187740 80476296    0    0 54560 32096 194229 1508152 34 38 27  0  0  0
68  0 346328 83572628 2187740 80476324    0    0 56944 34028 194878 1508034 34 38 27  0  0  0
33  0 346328 83576780 2187740 80476344    0    0 52896 35844 203906 1523602 34 39 27  0  0  0
66  2 346328 83556632 2187740 80476364    0    0 48624 31204 198716 1519276 33 41 26  0  0  0
procs -----------memory---------- ---swap-- -----io---- -system-- -------cpu-------
 r  b   swpd   free   buff  cache   si   so    bi    bo   in   cs us sy id wa st gu
29  0 346328 83566292 2187740 80476380    0    0 46544 25600 200674 1525589 33 41 26  0  0  0
 9  0 346328 83569692 2187740 80476388    0    0 42400 24852 201509 1519702 33 40 26  0  0  0
46  0 346328 83560416 2187740 80476408    0    0 40832 21020 201461 1489101 32 41 26  0  0  0
93  0 346328 83561952 2187740 80476448    0    0 38368 22972 205266 1494051 32 43 25  0  0  0
228  0 346328 83567664 2187740 80476472    0    0 38096 21404 204577 1486339 33 42 25  0  0  0
201  0 346328 83556008 2187744 80476504    0    0 35904 21104 205482 1483345 32 43 24  0  0  0
143  0 346328 83545976 2187744 80476520    0    0 33280 18808 207060 1477422 32 44 24  0  0  0
116  0 346328 83535740 2187744 80476544    0    0 33328 18800 208305 1480659 32 44 24  0  0  0
387  0 346328 83548176 2187744 80476556    0    0 32992 21632 208628 1479601 32 44 24  0  0  0
91  0 346328 83538980 2187744 80476568    0    0 32016 17460 209752 1473608 32 44 24  0  0  0
60  1 346328 83533216 2187744 80477092    0    0 31296 19944 207874 1453138 32 43 25  0  0  0
43  0 346328 83574188 2187744 80477700    0    0 30848 14748 210137 1475716 31 45 24  0  0  0
 8  0 346328 83548152 2187744 80477720    0    0 30432 18376 208107 1469446 31 45 24  0  0  0
 7  0 346328 83544176 2187744 80477736    0    0 29104 15044 213444 1461519 32 45 23  0  0  0
35  1 346328 83548024 2187744 80477752    0    0 29872 16300 210946 1463216 31 45 23  0  0  0
57  3 346328 83562556 2187744 80477776    0    0 32320 16844 210503 1464958 31 45 24  0  0  0
188  0 346328 83553684 2187744 80477788    0    0 27648 16380 213392 1464163 31 46 23  0  0  0
58  0 346328 83545628 2187744 80477812    0    0 28272 15176 213667 1455861 32 45 23  0  0  0
118  0 346328 83538504 2187744 80477824    0    0 28176 14692 214160 1455218 30 46 23  0  0  0
64  8 346328 83533460 2187744 80477844    0    0 29376 17040 212526 1454208 31 45 23  0  0  0
202  0 346328 83532716 2187744 80477868    0    0 31392 18924 211993 1456079 32 45 23  0  0  0
procs -----------memory---------- ---swap-- -----io---- -system-- -------cpu-------
 r  b   swpd   free   buff  cache   si   so    bi    bo   in   cs us sy id wa st gu
121  0 346328 83538160 2187744 80477888    0    0 30400 17252 209645 1458933 31 45 24  0  0  0
245  0 346328 83544420 2187744 80477904    0    0 28800 16068 213202 1457060 31 46 23  0  0  0
19  1 346328 83594580 2187744 80477868    0    0 32304 21488 216741 1502311 32 44 23  0  0  0
213  0 346328 83640948 2187744 80477816    0    0 33856 22576 211645 1490645 31 45 24  0  0  0
 3  0 346328 83751204 2187744 80477828    0    0 38656 32352 212048 1547058 33 42 25  0  0  0
76  1 346328 84122420 2187744 80478892    0    0 75552 84972 382178 1907846 37 36 26  0  0  0
