procs -----------memory---------- ---swap-- -----io---- -system-- -------cpu-------
 r  b   swpd   free   buff  cache   si   so    bi    bo   in   cs us sy id wa st gu
 5  2  68208 99701644 2320272 75630232   27   35 220310 229575 53730   41 22  4 72  3  0  0
132 36  68208 99465132 2320272 75630304    0    0 505392 551652 385159 676652 18 17 59  6  0  0
57 13  68208 99492560 2320272 75630336    0    0 606064 328632 321387 1709395 49 27 22  3  0  0
78  2  68208 99457324 2320272 75630344    0    0 661024 510524 333066 1696439 49 28 20  4  0  0
49  9  68208 99425444 2320272 75630360    0    0 570368 319176 315447 1663343 47 30 21  3  0  0
66 10  68208 99391392 2320276 75630384    0    0 608048 730396 338301 1644197 46 27 19  8  0  0
53 10  68208 99370356 2320276 75630412    0    0 576272 589360 336071 1737413 48 28 21  3  0  0
58 11  68208 99365464 2320276 75630432    0    0 650064 747344 342777 1647248 45 25 19 11  0  0
21 10  68208 99328076 2320276 75630444    0    0 565264 320508 325093 1726875 48 27 22  3  0  0
54  4  68208 99329268 2320276 75630524    0    0 677504 499020 335076 1712077 48 26 20  6  0  0
69 12  68208 99333300 2320276 75630552    0    0 615712 365624 321998 1731318 48 27 22  3  0  0
40  8  68208 99322940 2320276 75630572    0    0 725600 529700 342001 1723777 48 26 19  6  0  0
43  6  68208 99322176 2320276 75630588    0    0 611312 355796 322966 1732595 48 28 22  3  0  0
46  2  68208 99316212 2320276 75630608    0    0 685936 518308 332163 1684780 47 26 20  7  0  0
104  6  68208 99311464 2320276 75630624    0    0 586864 355184 316538 1683860 47 29 21  3  0  0
42  1  68208 99314524 2320280 75630636    0    0 649040 487868 333004 1679554 46 28 20  6  0  0
82 10  68208 99300560 2320280 75630660    0    0 557856 350372 315562 1673558 47 29 21  3  0  0
66 20  68208 99311888 2320280 75630680    0    0 606624 476600 326281 1689191 47 29 21  3  0  0
95 16  68208 99315432 2320280 75630692    0    0 554448 338312 314185 1666182 47 30 21  3  0  0
54  7  68208 99312036 2320280 75630716    0    0 571056 398944 316307 1668812 47 29 21  3  0  0
63 12  68208 99305416 2320284 75630724    0    0 763648 495048 341896 1705831 49 27 18  6  0  0
procs -----------memory---------- ---swap-- -----io---- -system-- -------cpu-------
 r  b   swpd   free   buff  cache   si   so    bi    bo   in   cs us sy id wa st gu
63  7  68208 99311608 2320284 75630756    0    0 625456 375856 321996 1695187 48 28 21  3  0  0
109  8  68208 99312796 2320284 75630776    0    0 640864 488088 326826 1700495 47 27 21  5  0  0
86  2  68208 99290380 2320284 75630784    0    0 572896 367368 318143 1732016 47 28 22  3  0  0
46 17  68208 99292768 2320292 75630804    0    0 658608 500704 330512 1743330 48 26 21  4  0  0
21 24  68208 99302748 2320296 75630816    0    0 631376 401944 325137 1742312 49 27 21  3  0  0
59 12  68208 99300816 2320296 75630848    0    0 642128 479948 329188 1680166 47 28 20  5  0  0
78  9  68208 99292752 2320296 75630864    0    0 537600 337836 314186 1660331 46 29 22  3  0  0
75 10  68208 99296112 2320296 75630876    0    0 658768 543548 336337 1720877 49 28 20  4  0  0
41  6  68208 99301564 2320296 75630904    0    0 608880 502740 331375 1700866 48 28 21  3  0  0
80 19  68208 99298744 2320304 75630916    0    0 561184 422492 319585 1682464 47 29 21  3  0  0
61  7  68208 99269088 2320304 75630936    0    0 705664 612320 345451 1727138 48 26 19  7  0  0
86  4  68208 99288176 2320304 75630960    0    0 623744 508788 333894 1751906 48 27 21  3  0  0
34  2  68208 99297620 2320304 75630976    0    0 582096 387728 319490 1728184 48 28 22  3  0  0
79  9  68208 99273332 2320304 75631000    0    0 594432 498132 326397 1733974 48 28 21  3  0  0
53 11  68208 99278964 2320308 75631020    0    0 565936 381648 317914 1715381 47 28 22  3  0  0
39 24  68208 99271668 2320308 75631028    0    0 616992 523648 331846 1735604 48 27 21  3  0  0
80  2  68208 99276552 2320308 75631052    0    0 645008 431176 330734 1749209 49 27 21  3  0  0
35 25  68208 99261484 2320308 75631076    0    0 715104 553888 340154 1714015 48 25 20  7  0  0
92  5  68208 99269852 2320308 75631080    0    0 593824 488836 323460 1679864 47 29 20  4  0  0
36 17  68208 99270524 2320308 75631100    0    0 661424 437616 331903 1722630 49 28 20  3  0  0
55  6  68208 99278084 2320308 75631128    0    0 583760 493800 327053 1686104 47 30 21  3  0  0
procs -----------memory---------- ---swap-- -----io---- -system-- -------cpu-------
 r  b   swpd   free   buff  cache   si   so    bi    bo   in   cs us sy id wa st gu
65  8  68208 99276176 2320308 75631140    0    0 564432 384076 319482 1679908 47 29 21  3  0  0
42  6  68208 99277320 2320308 75631168    0    0 544352 492460 319463 1666287 46 30 22  3  0  0
38  5  68208 99268244 2320308 75631184    0    0 559376 378356 319134 1672696 47 29 21  3  0  0
40 12  68208 99276068 2320308 75631200    0    0 571728 484736 322748 1681667 47 29 21  3  0  0
78  8  68208 99253932 2320308 75631212    0    0 560176 385208 319623 1685168 47 29 21  3  0  0
60  5  68208 99269632 2320308 75631236    0    0 613968 502120 331912 1701707 48 29 21  3  0  0
83 12  68208 99257748 2320308 75631256    0    0 584080 393228 322618 1682361 47 29 21  3  0  0
14  5  68208 99256640 2320308 75631272    0    0 606768 509488 331608 1700697 48 28 21  3  0  0
39  3  68208 99262764 2320308 75631292    0    0 538816 385864 317558 1668033 46 29 22  3  0  0
80  9  68208 99259224 2320308 75631312    0    0 632512 515696 327661 1667755 47 29 19  5  0  0
83  5  68208 99252584 2320308 75631332    0    0 568784 382320 317953 1680790 47 29 21  3  0  0
114  2  68208 99255484 2320308 75631352    0    0 684944 552784 338609 1675442 47 27 19  8  0  0
43 13  68208 99234932 2320308 75631356    0    0 569664 383012 317458 1677410 47 29 21  3  0  0
93  5  68208 99257348 2320308 75631376    0    0 605504 505428 327834 1692051 48 29 19  4  0  0
42  1  68208 99255584 2320308 75631396    0    0 561296 378256 314877 1668535 47 29 21  3  0  0
29  8  68208 99249492 2320308 75631416    0    0 688672 564896 336256 1631222 46 26 19  9  0  0
47  6  68208 99256752 2320308 75631432    0    0 664640 537924 337068 1720922 49 27 19  4  0  0
51 14  68208 99253440 2320308 75631456    0    0 592432 397412 319594 1677312 47 29 20  3  0  0
47 15  68208 99254444 2320312 75631468    0    0 585488 488672 322479 1681246 48 28 20  4  0  0
55 17  68208 99235724 2320312 75631500    0    0 554080 375152 318259 1674890 46 30 21  3  0  0
63 11  68208 99245708 2320312 75631520    0    0 622864 511368 331220 1684557 47 29 20  4  0  0
procs -----------memory---------- ---swap-- -----io---- -system-- -------cpu-------
 r  b   swpd   free   buff  cache   si   so    bi    bo   in   cs us sy id wa st gu
120  6  68208 99241112 2320312 75631540    0    0 560720 390916 321079 1676691 47 30 21  3  0  0
59  6  68208 99246324 2320312 75631556    0    0 583152 506448 325404 1692390 47 29 20  3  0  0
66  6  68208 99244028 2320312 75631576    0    0 611664 427660 327281 1704271 47 29 20  3  0  0
46 12  68208 99239360 2320312 75631596    0    0 651360 532328 330945 1678100 47 28 19  6  0  0
112  3  68208 99242680 2320312 75631620    0    0 590544 405584 323001 1722872 48 27 22  3  0  0
91  8  68208 99243416 2320312 75631636    0    0 656512 539548 332632 1718259 48 27 20  5  0  0
80 10  68208 99225016 2320312 75631716    0    0 548944 382392 315696 1673064 46 30 21  3  0  0
64  6  68208 99231852 2320312 75631728    0    0 618336 512796 329739 1683001 48 28 20  5  0  0
87  2  68208 99229088 2320312 75631744    0    0 567856 412220 318261 1675971 46 30 21  3  0  0
60  8  68208 99230792 2320312 75631768    0    0 592912 502412 328131 1694638 48 29 20  3  0  0
69  1  68208 99238800 2320312 75631788    0    0 572240 397892 318997 1677614 47 29 21  3  0  0
61 16  68208 99231112 2320312 75631804    0    0 608384 513696 329494 1693253 47 29 21  3  0  0
45  4  68208 99203552 2320316 75631820    0    0 550848 387196 319403 1668261 47 29 21  3  0  0
63 17  68208 99138408 2320316 75631840    0    0 661856 542268 354990 1684394 47 28 19  6  0  0
69 16  68208 99123196 2320316 75631848    0    0 615952 447152 331912 1750528 49 27 22  3  0  0
44  6  68208 99174672 2320316 75631876    0    0 599856 507064 342516 1733202 48 28 21  3  0  0
46  7  68208 99176968 2320316 75631896    0    0 570016 404316 321854 1730401 47 28 22  3  0  0
86 14  68208 99228620 2320316 75631920    0    0 636752 525732 329756 1758282 49 27 21  4  0  0
43  5  68208 99223264 2320316 75631936    0    0 565856 400588 316162 1723640 48 27 22  3  0  0
39  8  68208 99227628 2320316 75631952    0    0 654256 537272 334280 1754503 49 27 20  4  0  0
53 33  68208 99225488 2320316 75631976    0    0 676768 546016 328785 1706347 48 26 19  7  0  0
procs -----------memory---------- ---swap-- -----io---- -system-- -------cpu-------
 r  b   swpd   free   buff  cache   si   so    bi    bo   in   cs us sy id wa st gu
95  9  68208 99207016 2320316 75631992    0    0 671744 520484 329651 1665519 46 28 19  7  0  0
71 18  68208 99207028 2320316 75632004    0    0 581888 408592 322099 1690339 47 29 21  3  0  0
68 10  68208 99217032 2320316 75632024    0    0 725872 579608 340251 1653907 47 25 18 10  0  0
46  5  68208 99224644 2320316 75632040    0    0 591744 422416 324016 1738586 48 28 22  3  0  0
52  9  68208 99226616 2320316 75632056    0    0 641504 528152 328490 1699406 47 27 20  6  0  0
49 13  68208 99221124 2320316 75632076    0    0 560672 402040 317134 1679458 47 29 21  3  0  0
68  4  68208 99222268 2320316 75632096    0    0 638528 535892 328619 1657430 46 28 19  6  0  0
36 119  68208 99225664 2320316 75632112    0    0 656208 549608 335080 1731040 48 26 20  6  0  0
68 13  68208 99209664 2320316 75632128    0    0 602192 428756 326755 1704155 47 29 20  3  0  0
35 131  68208 99215684 2320316 75632144    0    0 580720 459292 320852 1675823 47 29 21  3  0  0
57 30  68208 99217892 2320316 75632168    0    0 618496 465580 325377 1710373 47 28 21  5  0  0
71 12  68208 99223404 2320316 75632184    0    0 714816 581284 339955 1731186 48 26 19  7  0  0
69 10  68208 99228204 2320316 75632208    0    0 586560 416896 322061 1688178 47 29 21  3  0  0
54 52  68208 99216552 2320316 75632228    0    0 591728 515076 323845 1656944 46 28 20  5  0  0
46  6  68208 99211684 2320316 75632260    0    0 592176 421616 323436 1733210 48 27 22  3  0  0
72 96  68208 99219304 2320316 75632280    0    0 621424 527096 328581 1718842 48 27 21  5  0  0
101 12  68208 99192732 2320316 75632416    0    0 581088 412916 321829 1700181 47 29 21  3  0  0
30  8  68208 99210132 2320316 75632432    0    0 689184 560960 340876 1709845 49 26 19  6  0  0
41  9  68208 99217476 2320316 75632452    0    0 568544 405692 319723 1724239 47 28 22  3  0  0
52 19  68208 99209680 2320316 75632480    0    0 693680 563328 336867 1689584 47 26 19  8  0  0
56 11  68208 99213160 2320316 75632500    0    0 598624 434936 321547 1691420 48 29 20  3  0  0
procs -----------memory---------- ---swap-- -----io---- -system-- -------cpu-------
 r  b   swpd   free   buff  cache   si   so    bi    bo   in   cs us sy id wa st gu
61  4  68208 99211800 2320320 75632516    0    0 537472 390356 317167 1672065 47 30 21  3  0  0
51 14  68208 99208780 2320320 75632528    0    0 652544 541432 332587 1694985 48 26 20  7  0  0
85  8  68208 99214696 2320320 75632544    0    0 580256 415684 322163 1733555 48 28 22  3  0  0
41  6  68208 99205248 2320320 75632560    0    0 668880 550740 337891 1729046 48 26 19  7  0  0
46 15  68208 99208480 2320320 75632580    0    0 651696 470436 333321 1751681 49 27 21  4  0  0
62  3  68208 99206356 2320324 75632596    0    0 576176 429752 319635 1725722 47 28 22  3  0  0
88 14  68208 99201008 2320324 75632616    0    0 614240 514168 324544 1665952 46 28 20  5  0  0
39  8  68208 99202312 2320324 75632632    0    0 617296 443440 325844 1706987 48 29 20  3  0  0
103 12  68208 99199224 2320324 75632652    0    0 648944 535800 338972 1737675 49 28 19  3  0  0
79 15  68208 99203668 2320324 75632676    0    0 616912 516620 327907 1666425 46 28 20  6  0  0
73 12  68208 99207564 2320328 75632688    0    0 582848 420944 327139 1747861 48 28 22  3  0  0
48 22  68208 99190888 2320328 75632700    0    0 660304 546432 334261 1674539 47 27 19  7  0  0
21  5  68208 99200252 2320328 75632724    0    0 567120 424424 318486 1688351 47 29 20  3  0  0
42  3  68208 99192656 2320328 75632744    0    0 668512 555376 336182 1724561 48 28 19  5  0  0
40  3  68208 99186512 2320328 75632764    0    0 598304 436172 322807 1741761 48 27 21  3  0  0
69  7  68208 99197516 2320332 75632780    0    0 625072 519920 328929 1682409 48 27 20  5  0  0
74  6  68208 99197208 2320332 75632804    0    0 662240 551732 335549 1713596 48 28 20  5  0  0
64  8  68208 99188668 2320332 75632824    0    0 636448 532560 330887 1725362 48 27 20  5  0  0
52 13  68208 99180944 2320332 75632832    0    0 584432 417356 323387 1703406 48 29 21  3  0  0
67 31  68208 99176680 2320332 75632852    0    0 727536 594436 337005 1684780 47 25 18 10  0  0
23 129  68208 99189404 2320332 75632876    0    0 623168 491960 331766 1737603 48 27 21  4  0  0
procs -----------memory---------- ---swap-- -----io---- -system-- -------cpu-------
 r  b   swpd   free   buff  cache   si   so    bi    bo   in   cs us sy id wa st gu
44  8  68208 99175880 2320332 75632908    0    0 580928 446740 323071 1658632 46 29 20  5  0  0
53  6  68208 99189792 2320332 75632920    0    0 576688 418304 321526 1683113 47 29 21  3  0  0
51  1  68208 99183124 2320332 75632940    0    0 730784 586208 344952 1716628 48 25 19  8  0  0
80 10  68208 99189728 2320332 75633056    0    0 583824 421644 322924 1725150 48 27 22  3  0  0
66 11  68208 99189008 2320332 75633072    0    0 615744 502128 333800 1733824 48 28 21  3  0  0
48 22  68208 99176244 2320332 75633088    0    0 614528 478860 323942 1657440 46 29 20  5  0  0
61  5  68208 99176764 2320336 75633104    0    0 618032 448556 333688 1710095 49 28 20  3  0  0
63 11  68208 99178604 2320336 75633124    0    0 635600 533176 333829 1704502 48 27 20  5  0  0
65  4  68208 99181792 2320336 75633144    0    0 658976 544240 340477 1713902 48 28 19  6  0  0
98 55  68208 99191804 2320336 75633168    0    0 615168 517572 326722 1652492 46 28 20  6  0  0
108  8  68208 99181168 2320336 75633188    0    0 595152 429672 327628 1729491 48 28 21  3  0  0
39  3  68208 99175788 2320340 75633208    0    0 702432 584488 336694 1666167 46 26 19 10  0  0
45 11  68208 99167912 2320340 75633224    0    0 605760 438000 326818 1707428 48 29 20  3  0  0
41  7  68208 99175616 2320340 75633240    0    0 605904 509236 331900 1698283 47 29 20  4  0  0
43  9  68208 99174604 2320340 75633256    0    0 558784 399588 320397 1672319 47 29 21  3  0  0
86 13  68208 99178084 2320340 75633272    0    0 666768 552208 336634 1712959 48 28 19  5  0  0
59 11  68208 99177308 2320340 75633292    0    0 702208 506636 343744 1774961 50 26 20  4  0  0
106  7  68208 99180508 2320340 75633308    0    0 622000 538952 330982 1697963 48 26 20  6  0  0
38  9  68208 99169664 2320340 75633328    0    0 633216 434912 328527 1698946 48 29 19  4  0  0
68  1  68208 99174824 2320340 75633352    0    0 597264 437696 325326 1690724 48 29 21  3  0  0
47  5  68208 99167004 2320340 75633372    0    0 646880 532248 331926 1710576 47 27 20  6  0  0
procs -----------memory---------- ---swap-- -----io---- -system-- -------cpu-------
 r  b   swpd   free   buff  cache   si   so    bi    bo   in   cs us sy id wa st gu
49  4  68208 99175108 2320340 75633384    0    0 610912 442860 329431 1745215 48 28 21  3  0  0
110 13  68208 99174456 2320340 75633404    0    0 633104 533932 327616 1670545 48 27 19  6  0  0
48  7  68208 99177484 2320340 75633420    0    0 711568 584496 343399 1738238 49 27 19  6  0  0
119  6  68208 99169652 2320340 75633444    0    0 617312 499800 328026 1723304 48 28 21  4  0  0
41 20  68208 99174568 2320340 75633464    0    0 629280 532672 330404 1730231 48 27 21  4  0  0
109  3  68208 99180844 2320340 75633484    0    0 618224 446768 332432 1745466 48 27 21  3  0  0
49  4  68208 99150368 2320340 75633500    0    0 614752 523164 339095 1745403 48 28 21  3  0  0
70  7  68208 99137128 2320340 75633516    0    0 588480 427428 329196 1750970 48 27 22  3  0  0
62  8  68208 99170828 2320340 75633536    0    0 627408 530124 332952 1755167 49 27 21  3  0  0
97  8  68208 99171976 2320340 75633552    0    0 556848 407660 318854 1720294 47 28 22  3  0  0
63  5  68208 99154268 2320340 75633576    0    0 667216 566088 366128 1715068 48 26 20  6  0  0
119 15  68208 99155724 2320340 75633592    0    0 560288 412280 320891 1723153 47 28 22  3  0  0
89  6  68208 99165164 2320340 75633616    0    0 636464 530200 332922 1751253 48 28 20  4  0  0
84  6  68208 99158552 2320340 75633640    0    0 559056 411936 321518 1726641 48 27 22  3  0  0
57 10  68208 99157532 2320340 75633652    0    0 653936 545496 335170 1759632 49 27 20  4  0  0
30 15  68208 99141628 2320340 75633664    0    0 635744 533212 335351 1758651 49 27 20  4  0  0
49  7  68208 99166536 2320340 75633688    0    0 558144 406048 319245 1716803 47 29 22  3  0  0
36 18  68208 99169380 2320340 75633708    0    0 669584 556040 333567 1707326 48 26 19  7  0  0
78  9  68208 99161532 2320340 75633728    0    0 567536 413300 320617 1729913 48 28 21  3  0  0
55  6  68208 99161140 2320340 75633748    0    0 629776 529328 336436 1753392 49 27 21  3  0  0
133 10  68208 99162784 2320340 75633764    0    0 575632 425280 321321 1728469 47 28 22  3  0  0
procs -----------memory---------- ---swap-- -----io---- -system-- -------cpu-------
 r  b   swpd   free   buff  cache   si   so    bi    bo   in   cs us sy id wa st gu
66  5  68208 99157792 2320340 75633788    0    0 619968 516964 332554 1743079 49 27 21  3  0  0
43 19  68208 99149020 2320340 75633796    0    0 627744 452520 335608 1766711 49 27 21  3  0  0
41 12  68208 99145260 2320344 75633812    0    0 617504 535688 332517 1746749 49 27 21  3  0  0
52  8  68208 99160512 2320344 75633840    0    0 596896 433612 324300 1739251 48 28 21  3  0  0
56  9  68208 99159392 2320344 75633860    0    0 666080 552216 342209 1771196 49 27 20  4  0  0
83 15  68208 99155204 2320344 75633876    0    0 588256 502204 327137 1736434 48 28 22  3  0  0
56  2  68208 99158424 2320344 75633892    0    0 606000 438804 327508 1741323 48 28 21  3  0  0
120 14  68208 99155904 2320348 75633908    0    0 614928 511960 330464 1724618 48 27 21  4  0  0
144 17  68208 99163068 2320348 75633928    0    0 561888 409196 322681 1695257 46 30 21  3  0  0
23  5  68208 99139892 2320348 75633940    0    0 641568 545012 338383 1714638 48 27 20  4  0  0
81 45  68208 99157064 2320348 75633956    0    0 599984 461692 326825 1700211 48 29 20  3  0  0
77 14  68208 99158384 2320348 75633976    0    0 594800 479276 327407 1687416 48 29 20  4  0  0
70  5  68208 99149148 2320352 75634000    0    0 558592 414280 319597 1680159 48 29 21  3  0  0
83  6  68208 99154808 2320352 75634028    0    0 603968 509156 333694 1709349 48 29 20  3  0  0
33 14  68208 99157404 2320352 75634048    0    0 568832 418800 321647 1682475 47 29 21  3  0  0
106  1  68208 99154128 2320352 75634064    0    0 586112 496240 329349 1699240 47 29 20  3  0  0
93 12  68208 99153020 2320352 75634080    0    0 544208 412800 318746 1673897 47 29 21  3  0  0
51  7  68208 99143512 2320356 75634088    0    0 597680 514912 334311 1717805 47 29 20  3  0  0
35 37  68208 99151892 2320356 75634112    0    0 670400 529736 338982 1711436 48 28 19  5  0  0
32 11  68208 99149316 2320356 75634136    0    0 576272 426984 327047 1691477 47 30 21  3  0  0
100 14  68208 99150780 2320356 75634152    0    0 568144 491624 326206 1682016 46 30 21  3  0  0
procs -----------memory---------- ---swap-- -----io---- -system-- -------cpu-------
 r  b   swpd   free   buff  cache   si   so    bi    bo   in   cs us sy id wa st gu
37 11  68208 99147300 2320356 75634236    0    0 581248 425868 323617 1691969 47 29 21  3  0  0
62  8  68208 99148120 2320360 75634248    0    0 627136 523068 334622 1714713 48 29 20  3  0  0
66 14  68208 99139212 2320360 75634276    0    0 681024 558368 341496 1707619 48 27 19  6  0  0
76 27  68208 99128032 2320360 75634288    0    0 728720 578828 345768 1710581 48 25 19  9  0  0
71  4  68208 99136772 2320360 75634304    0    0 592928 427072 326137 1737202 48 27 21  3  0  0
47  2  68208 99142976 2320360 75634320    0    0 663568 552364 336134 1705127 48 27 20  6  0  0
114 14  68208 99153592 2320360 75634340    0    0 575280 415480 326462 1697825 47 29 21  3  0  0
108 21  68208 99144756 2320360 75634376    0    0 596768 506288 329989 1697228 48 29 21  3  0  0
34  2  68208 99148860 2320360 75634392    0    0 577728 431312 322587 1692899 47 29 21  3  0  0
51 12  68208 99147528 2320364 75634404    0    0 648112 534184 334970 1708311 48 27 20  4  0  0
73  3  68208 99145076 2320364 75634428    0    0 620112 441056 331289 1750515 48 27 21  3  0  0
80 14  68208 99130668 2320364 75634440    0    0 688464 561784 336458 1688321 47 26 19  8  0  0
13  6  68208 99150272 2320364 75634460    0    0 584416 425220 324409 1695038 47 30 21  3  0  0
49 12  68208 99130100 2320364 75634480    0    0 652896 534688 334759 1696979 47 27 20  6  0  0
56  9  68208 99123048 2320364 75634496    0    0 659152 537020 341317 1700443 47 27 20  6  0  0
52  1  68208 99144040 2320364 75634516    0    0 552288 418520 318230 1679423 47 29 21  3  0  0
43  3  68208 99137908 2320368 75634532    0    0 637072 532908 335988 1711135 48 27 20  5  0  0
45  7  68208 99130236 2320368 75634564    0    0 574768 411552 323127 1728726 48 28 21  3  0  0
97  5  68208 99127008 2320368 75634572    0    0 670576 550532 337424 1709203 47 27 19  6  0  0
104 10  68208 99122952 2320368 75634580    0    0 544720 394216 319545 1680892 46 30 21  3  0  0
76  5  68208 99142940 2320368 75634596    0    0 625120 519288 333623 1687668 47 28 20  6  0  0
procs -----------memory---------- ---swap-- -----io---- -system-- -------cpu-------
 r  b   swpd   free   buff  cache   si   so    bi    bo   in   cs us sy id wa st gu
55  5  68208 99140108 2320368 75634616    0    0 582576 421096 323950 1732451 48 28 21  3  0  0
52  4  68208 99132080 2320368 75634640    0    0 664448 559184 328702 1669445 47 26 19  7  0  0
79 10  68208 99134960 2320368 75634656    0    0 659088 537908 330457 1673516 46 27 19  8  0  0
38  8  68208 99141100 2320368 75634680    0    0 576592 423644 323294 1737317 48 28 22  3  0  0
52 10  68208 99143388 2320368 75634700    0    0 618944 517300 328045 1738914 48 27 21  4  0  0
107  4  68208 99126756 2320368 75634712    0    0 591632 430372 328146 1749707 48 28 21  3  0  0
73  8  68208 99134928 2320372 75634724    0    0 664208 541572 338017 1737529 49 27 20  5  0  0
149 12  68208 99130456 2320372 75634748    0    0 664752 570836 340540 1766714 49 27 20  4  0  0
46  9  68208 99135980 2320372 75634776    0    0 592384 435548 327553 1743166 48 27 22  3  0  0
27 11  68208 99134984 2320372 75634792    0    0 631568 522956 330246 1692708 47 27 20  6  0  0
33  8  68208 99133284 2320372 75634816    0    0 600224 435956 326503 1741114 48 29 21  3  0  0
41 11  68208 99133472 2320372 75634824    0    0 633312 521520 328947 1713042 47 27 20  5  0  0
50  3  68208 99129760 2320372 75634844    0    0 638672 536876 334842 1722210 47 27 20  5  0  0
71 15  68208 99108624 2320372 75634864    0    0 575280 461772 328032 1709567 47 29 21  3  0  0
52  2  68208 99126552 2320372 75634880    0    0 597712 481556 327217 1703734 47 29 21  3  0  0
89 16  68208 99130596 2320372 75634908    0    0 579440 466196 327658 1700627 47 30 21  3  0  0
47  8  68208 99135080 2320372 75634916    0    0 604624 471208 325895 1690294 47 29 20  4  0  0
27  5  68208 99129584 2320372 75634932    0    0 683760 556064 333463 1688830 48 26 19  8  0  0
86  2  68208 99125960 2320372 75634948    0    0 590048 425792 322853 1734736 48 28 21  3  0  0
100  9  68208 99123592 2320372 75634976    0    0 650464 536564 331691 1718251 48 27 20  5  0  0
53  3  68208 99128816 2320372 75634996    0    0 611120 459528 326246 1706646 48 28 20  3  0  0
procs -----------memory---------- ---swap-- -----io---- -system-- -------cpu-------
 r  b   swpd   free   buff  cache   si   so    bi    bo   in   cs us sy id wa st gu
83 13  68208 99124220 2320372 75635008    0    0 618912 479204 329137 1721056 49 28 20  3  0  0
78  5  68208 99129200 2320372 75635032    0    0 574080 494392 329145 1702487 47 29 21  3  0  0
76 12  68208 99133280 2320372 75635052    0    0 556368 408872 321080 1687074 47 30 21  3  0  0
27  3  68208 99135072 2320372 75635068    0    0 647456 536368 333930 1686153 47 29 19  5  0  0
64 11  68208 99127208 2320372 75635092    0    0 544400 398252 319582 1677681 46 30 21  3  0  0
62  9  68208 99133348 2320372 75635108    0    0 604784 512276 332712 1711048 48 28 21  3  0  0
37  7  68208 99130504 2320372 75635128    0    0 545504 396408 319991 1683150 47 30 21  3  0  0
121  7  68208 99122604 2320372 75635160    0    0 576960 516052 330513 1703856 47 29 21  3  0  0
40  7  68208 99125024 2320372 75635164    0    0 553792 405928 320540 1682431 47 29 22  3  0  0
40 12  68208 99129984 2320372 75635184    0    0 576976 501776 329006 1693080 48 29 20  3  0  0
108 12  68208 99129180 2320372 75635200    0    0 571632 416896 326944 1694837 47 30 21  3  0  0
56 12  68208 99130504 2320372 75635224    0    0 640160 530508 339520 1728638 49 28 20  3  0  0
43  6  68208 99125448 2320372 75635244    0    0 562048 411560 322930 1686284 47 29 21  3  0  0
47  7  68208 99127160 2320372 75635260    0    0 618048 525520 333914 1710507 48 28 20  3  0  0
48  3  68208 99134292 2320372 75635280    0    0 568752 430320 327555 1696609 47 29 21  3  0  0
54  2  68208 99109968 2320372 75635296    0    0 610224 507992 332653 1693577 47 28 20  4  0  0
66  5  68208 99120248 2320372 75635316    0    0 587712 431044 325483 1692008 48 29 21  3  0  0
50  6  68208 99128308 2320372 75635332    0    0 569888 469472 324006 1688999 47 29 21  3  0  0
108  4  68208 99125844 2320372 75635416    0    0 606656 451188 326590 1705021 48 29 20  3  0  0
15  7  68208 99126212 2320372 75635436    0    0 610288 515736 330707 1707780 48 29 20  3  0  0
69  8  68208 99134152 2320372 75635456    0    0 568128 417000 322588 1698875 46 30 21  3  0  0
procs -----------memory---------- ---swap-- -----io---- -system-- -------cpu-------
 r  b   swpd   free   buff  cache   si   so    bi    bo   in   cs us sy id wa st gu
50  9  68208 99122048 2320372 75635472    0    0 578848 472608 326304 1697995 48 29 21  3  0  0
25 16  68208 99115844 2320372 75635496    0    0 578032 456504 326965 1694538 47 29 21  3  0  0
54 10  68208 99122168 2320372 75635504    0    0 559920 413852 323342 1693594 47 29 21  3  0  0
69  8  68208 99118112 2320372 75635520    0    0 645360 539372 337598 1722809 49 28 20  3  0  0
34 11  68208 99115936 2320372 75635548    0    0 589424 504156 331483 1705162 47 29 20  3  0  0
38  3  68208 99123892 2320372 75635564    0    0 594736 435224 327881 1701787 48 29 21  3  0  0
50  6  68208 99117260 2320372 75635584    0    0 571264 493692 327590 1697502 48 29 21  3  0  0
99 13  68208 99119660 2320372 75635604    0    0 549424 418492 321630 1687256 47 29 21  3  0  0
57 10  68208 99121448 2320372 75635624    0    0 611712 512064 333265 1711570 48 29 21  3  0  0
37 11  68208 99110856 2320376 75635628    0    0 583440 423884 330852 1700837 47 29 21  3  0  0
45  1  68208 99126732 2320376 75635656    0    0 601392 514788 334359 1714040 48 28 21  3  0  0
25  4  68208 99124420 2320376 75635668    0    0 537952 393652 318525 1670733 47 30 21  2  0  0
52 23  68208 99124320 2320376 75635684    0    0 558832 437064 324633 1686182 46 30 21  3  0  0
57  6  68208 99118716 2320380 75635704    0    0 571456 465120 325507 1693046 47 29 21  3  0  0
27  7  68208 99118056 2320380 75635724    0    0 555184 421012 322507 1688961 47 30 21  3  0  0
48  5  68208 99121712 2320380 75635744    0    0 572112 489744 325933 1693200 47 29 21  3  0  0
82  8  68208 99116276 2320380 75635772    0    0 566544 423524 325053 1696073 47 29 21  3  0  0
46  7  68208 99098912 2320380 75635772    0    0 612144 515436 334232 1720956 48 29 20  3  0  0
110 10  68208 99119176 2320380 75635792    0    0 563232 416716 321604 1688328 47 30 21  3  0  0
90  5  68208 99113312 2320380 75635812    0    0 623136 522216 334059 1718025 48 29 20  3  0  0
41 18  68208 99114900 2320380 75635828    0    0 565696 414700 324408 1682421 47 29 21  3  0  0
procs -----------memory---------- ---swap-- -----io---- -system-- -------cpu-------
 r  b   swpd   free   buff  cache   si   so    bi    bo   in   cs us sy id wa st gu
76  6  68208 99114880 2320380 75635856    0    0 746192 645324 345969 1695469 48 26 17  9  0  0
79  9  68208 99117848 2320380 75635880    0    0 589056 429916 326131 1700066 48 29 21  3  0  0
91  3  68208 99115880 2320380 75635900    0    0 561344 413084 321449 1690207 47 29 21  3  0  0
134  6  68208 99113220 2320384 75635912    0    0 618768 515244 329783 1711228 48 27 21  5  0  0
88 12  68208 99109928 2320384 75635924    0    0 597792 439776 325930 1741222 49 27 21  3  0  0
56  3  68208 99121000 2320384 75635952    0    0 658048 548944 335142 1702232 47 28 19  6  0  0
64 12  68208 99119220 2320384 75635964    0    0 564192 430456 320109 1686299 47 29 21  3  0  0
55  5  68208 99109272 2320384 75635988    0    0 633792 530968 333168 1709046 48 28 20  5  0  0
49  9  68208 99115064 2320384 75636004    0    0 579840 423640 324745 1731649 47 29 22  3  0  0
118  9  68208 99104820 2320384 75636024    0    0 657456 543996 336362 1727120 48 27 20  5  0  0
86 13  68208 99114988 2320384 75636044    0    0 583536 428540 326389 1700301 47 29 21  3  0  0
57  2  68208 99110556 2320384 75636060    0    0 636384 530604 340361 1740237 48 28 20  4  0  0
82  3  68208 99110832 2320384 75636072    0    0 693872 565596 341013 1726663 48 26 19  7  0  0
73  8  68208 99113476 2320388 75636088    0    0 608448 459296 330112 1714684 48 28 21  4  0  0
63 12  68208 99109920 2320388 75636112    0    0 535584 394628 320814 1676522 46 30 22  3  0  0
73  2  68208 99112524 2320388 75636140    0    0 677184 560452 338371 1689813 48 27 19  6  0  0
62  4  68208 99103920 2320388 75636160    0    0 650112 540272 335704 1686048 47 27 20  6  0  0
72  5  68208 99111760 2320388 75636184    0    0 541760 397808 317621 1676116 47 29 21  3  0  0
105 20  68208 99119456 2320388 75636196    0    0 600896 503604 331565 1727131 48 27 21  4  0  0
38 95  68208 99100012 2320388 75636204    0    0 671952 532340 338329 1730448 48 26 19  6  0  0
51  5  68208 99105160 2320388 75636224    0    0 635040 484612 327752 1679865 47 28 20  6  0  0
procs -----------memory---------- ---swap-- -----io---- -system-- -------cpu-------
 r  b   swpd   free   buff  cache   si   so    bi    bo   in   cs us sy id wa st gu
37 23  68208 99111596 2320388 75636252    0    0 626608 523456 333026 1730961 48 28 20  4  0  0
52 15  68208 99111356 2320388 75636268    0    0 605712 438016 327893 1748795 48 28 21  3  0  0
42  4  68208 99107436 2320388 75636280    0    0 599632 505968 326952 1689266 47 28 20  4  0  0
85 17  68208 99112920 2320388 75636308    0    0 562560 415956 321291 1691317 47 29 21  3  0  0
79  8  68208 99112284 2320388 75636320    0    0 662688 548520 336804 1714871 48 28 19  5  0  0
81 13  68208 99107452 2320388 75636340    0    0 588880 502724 328653 1706852 47 29 20  3  0  0
73  8  68208 99105184 2320388 75636348    0    0 569888 436156 324834 1700738 47 29 21  3  0  0
29  8  68208 99107788 2320388 75636368    0    0 616608 516572 331371 1694491 47 28 20  4  0  0
62 10  68208 99111516 2320388 75636388    0    0 585024 429404 327794 1745136 48 28 21  3  0  0
78  6  68208 99109552 2320388 75636416    0    0 604592 502796 330523 1731948 48 27 21  3  0  0
71  5  68208 99108840 2320388 75636436    0    0 589456 436224 328853 1734250 48 28 22  3  0  0
32  5  68208 99099892 2320388 75636452    0    0 618608 516800 333576 1671871 47 28 20  6  0  0
84 20  68208 99091932 2320392 75636464    0    0 586480 429972 326565 1704939 47 29 21  3  0  0
57  9  68208 99083684 2320392 75636488    0    0 682192 570308 338694 1705765 46 26 19  8  0  0
75 21  68208 99097288 2320392 75636508    0    0 658144 546652 332794 1702948 47 27 20  6  0  0
71  6  68208 99104588 2320392 75636596    0    0 560592 409428 320005 1690064 47 29 21  3  0  0
25 17  68208 99104136 2320392 75636612    0    0 647008 535572 336427 1733286 49 27 20  4  0  0
52  1  68208 99103108 2320392 75636628    0    0 574240 421628 321700 1725393 48 27 22  3  0  0
46  5  68208 99105356 2320392 75636648    0    0 591840 496884 329267 1694511 47 29 20  4  0  0
43 17  68208 99106900 2320392 75636664    0    0 567104 442216 318436 1675761 47 28 21  4  0  0
84  4  68208 99113644 2320392 75636684    0    0 714608 566068 343211 1771740 49 26 19  5  0  0
procs -----------memory---------- ---swap-- -----io---- -system-- -------cpu-------
 r  b   swpd   free   buff  cache   si   so    bi    bo   in   cs us sy id wa st gu
22  6  68208 99098788 2320392 75636700    0    0 587648 425900 324321 1739600 48 27 22  3  0  0
69  3  68208 99102952 2320392 75636716    0    0 642448 537464 335965 1734479 48 27 20  5  0  0
28 15  68208 99105472 2320392 75636736    0    0 599648 505976 324059 1699272 47 28 21  4  0  0
76 31  68208 99112152 2320392 75636752    0    0 618272 489488 330222 1740558 48 28 21  3  0  0
38  8  68208 99097920 2320392 75636776    0    0 600272 463252 324919 1725081 48 27 22  4  0  0
55 11  68208 99106508 2320392 75636796    0    0 610288 463628 326668 1748859 48 28 21  3  0  0
74 12  68208 99103720 2320392 75636816    0    0 615872 513988 333492 1707129 47 29 20  4  0  0
37  1  68208 99102188 2320392 75636836    0    0 586528 503672 330270 1706930 47 29 20  3  0  0
99  5  68208 99088172 2320392 75636844    0    0 593008 427016 332772 1720208 48 28 21  3  0  0
36  1  68208 99103968 2320392 75636872    0    0 638528 528328 330823 1686380 47 28 20  5  0  0
31  7  68208 99099176 2320392 75636888    0    0 611696 447316 328111 1715019 48 28 21  3  0  0
45  4  68208 99100628 2320392 75636904    0    0 621232 514512 332394 1722120 48 27 21  4  0  0
61  6  68208 99100356 2320392 75636924    0    0 566000 433820 320319 1725246 48 28 22  3  0  0
64 11  68208 99094012 2320392 75636944    0    0 692976 563588 338692 1706918 47 26 19  7  0  0
74  4  68208 99093020 2320392 75636960    0    0 563408 414852 321514 1732074 47 28 22  3  0  0
48  7  68208 99090316 2320392 75636976    0    0 663264 541188 335066 1703771 47 27 20  6  0  0
50  5  68208 99098548 2320392 75636988    0    0 574720 418324 324321 1688851 47 29 21  3  0  0
60  2  68208 99100852 2320392 75637012    0    0 637072 527068 334385 1716901 47 27 20  5  0  0
41  6  68208 99104816 2320392 75637028    0    0 581456 427356 323981 1727043 47 28 22  3  0  0
24  9  68208 99098132 2320392 75637052    0    0 654880 545548 330551 1645057 46 26 19  9  0  0
83  5  68208 99105008 2320392 75637076    0    0 630864 523196 334608 1722837 48 27 20  4  0  0
procs -----------memory---------- ---swap-- -----io---- -system-- -------cpu-------
 r  b   swpd   free   buff  cache   si   so    bi    bo   in   cs us sy id wa st gu
27 110  68208 99099348 2320392 75637092    0    0 680288 520396 340800 1746163 49 26 19  5  0  0
59 10  68208 99097312 2320392 75637116    0    0 681648 512500 334703 1679729 47 27 19  7  0  0
55 73  68208 99087212 2320392 75637128    0    0 676864 559712 347414 1742094 49 27 19  4  0  0
58  7  68208 99089996 2320392 75637140    0    0 623728 453148 330623 1749934 49 27 21  3  0  0
110  6  68208 99096920 2320392 75637172    0    0 624512 537312 331823 1725203 48 27 21  4  0  0
91  5  68208 99099116 2320392 75637188    0    0 701504 573072 339847 1731737 48 26 19  7  0  0
136 14  68208 99098380 2320392 75637204    0    0 594352 430756 327646 1742087 48 28 21  3  0  0
42  6  68208 99101708 2320392 75637228    0    0 612944 515092 329905 1731613 48 28 20  4  0  0
47  3  68208 99091728 2320392 75637244    0    0 560464 405252 322037 1692556 47 28 22  3  0  0
61 25  68208 99100748 2320392 75637272    0    0 574496 421156 324645 1697011 47 29 21  3  0  0
78  2  68208 99086632 2320392 75637280    0    0 719872 601528 344941 1779190 50 26 20  5  0  0
47  7  68208 99100456 2320392 75637296    0    0 598192 475504 328151 1739594 48 28 21  3  0  0
31 10  68208 99099156 2320392 75637312    0    0 664720 550324 340018 1736419 48 27 20  5  0  0
104  5  68208 99093224 2320392 75637332    0    0 584080 462112 329587 1701411 47 29 21  3  0  0
40  4  68208 99099140 2320392 75637352    0    0 562992 416616 320999 1681587 47 30 21  3  0  0
99 18  68208 99086404 2320392 75637368    0    0 591552 496492 328068 1703603 48 29 20  3  0  0
89  7  68208 99092520 2320392 75637392    0    0 576048 422352 327660 1693158 48 29 21  3  0  0
43  9  68208 99092864 2320392 75637408    0    0 594128 523676 334454 1716303 48 28 21  3  0  0
75  6  68208 99081708 2320392 75637424    0    0 550112 394480 320204 1678019 47 29 21  3  0  0
55 111  68208 99097528 2320392 75637448    0    0 570464 457652 327559 1695250 47 29 20  3  0  0
129 15  68208 99097788 2320392 75637472    0    0 622912 473644 327735 1704825 47 27 20  5  0  0
procs -----------memory---------- ---swap-- -----io---- -system-- -------cpu-------
 r  b   swpd   free   buff  cache   si   so    bi    bo   in   cs us sy id wa st gu
65  6  68208 99082172 2320392 75637484    0    0 689696 552248 335968 1660254 47 27 18  9  0  0
48  6  68208 99087736 2320392 75637508    0    0 637792 528032 333830 1723509 48 28 20  4  0  0
45  4  68208 99092524 2320392 75637524    0    0 586192 496768 327975 1731614 48 28 21  3  0  0
47  4  68208 99102536 2320392 75637544    0    0 559184 430020 321611 1722179 47 28 22  3  0  0
81  2  68208 99085472 2320392 75637556    0    0 670560 550332 340460 1732066 48 27 20  5  0  0
134  6  68208 99100356 2320392 75637572    0    0 560384 407228 323372 1693078 47 30 21  3  0  0
80 12  68208 99098100 2320392 75637592    0    0 593152 511932 325450 1676233 47 28 20  4  0  0
86  0  68208 99093808 2320392 75637616    0    0 590160 425268 325201 1735956 48 28 21  3  0  0
61  6  68208 99096884 2320392 75637628    0    0 584912 441192 324637 1736907 48 27 22  3  0  0
75  7  68208 99093020 2320396 75637644    0    0 600816 495296 326934 1698011 48 28 20  4  0  0
47  4  68208 99085840 2320396 75637680    0    0 648064 551620 333265 1686980 47 27 20  6  0  0
43  5  68208 99090224 2320396 75637696    0    0 588048 431000 327645 1742617 48 28 21  3  0  0
72  1  68208 99071840 2320396 75637772    0    0 649568 537772 338561 1726144 48 27 20  5  0  0
86  7  68208 99091720 2320396 75637788    0    0 541712 401360 319611 1682775 46 30 21  3  0  0
57  8  68208 99094780 2320396 75637812    0    0 629728 519892 330785 1701909 48 28 20  4  0  0
43  1  68208 99101192 2320396 75637836    0    0 577328 426180 326197 1729820 48 28 22  3  0  0
85 10  68208 99085624 2320396 75637852    0    0 654144 552224 332218 1677816 47 27 19  7  0  0
17  7  68208 99088168 2320396 75637868    0    0 630688 531812 331096 1711775 48 28 20  4  0  0
39  5  68208 99096480 2320396 75637888    0    0 572016 415356 325073 1727603 48 28 22  3  0  0
100  6  68208 99090380 2320396 75637904    0    0 679600 556504 341076 1716272 48 26 19  7  0  0
60 13  68208 99081444 2320400 75637920    0    0 564720 412128 320044 1693278 47 29 21  3  0  0
procs -----------memory---------- ---swap-- -----io---- -system-- -------cpu-------
 r  b   swpd   free   buff  cache   si   so    bi    bo   in   cs us sy id wa st gu
55 15  68208 99096004 2320400 75637936    0    0 631632 522212 326387 1676315 47 28 19  6  0  0
74 14  68208 99094768 2320400 75637956    0    0 555840 403640 316065 1687973 47 29 21  3  0  0
36  5  68208 99090524 2320400 75637972    0    0 691040 577980 338225 1707038 47 27 19  8  0  0
64  9  68208 99091424 2320400 75638000    0    0 679536 556268 338574 1714645 47 26 19  7  0  0
45 13  68208 99089184 2320400 75638016    0    0 614208 445060 326372 1745173 48 28 21  3  0  0
89 13  68208 99086528 2320400 75638032    0    0 606608 510928 326922 1681518 47 28 20  5  0  0
44  0  68208 99075688 2320400 75638048    0    0 558336 410736 322194 1695223 48 29 21  3  0  0
85  4  68208 99083160 2320400 75638064    0    0 629744 529060 330983 1708461 48 27 20  5  0  0
105 16  68208 99089356 2320400 75638092    0    0 601664 440560 327485 1746673 48 27 21  3  0  0
47  6  68208 99083228 2320400 75638112    0    0 671472 565184 335858 1713786 48 27 20  6  0  0
72 15  68208 99092096 2320400 75638128    0    0 572576 409684 321325 1693221 47 29 21  3  0  0
37 18  68208 99097164 2320400 75638144    0    0 641680 534628 336866 1716067 48 28 20  5  0  0
35 130  68208 99089284 2320400 75638160    0    0 701216 554640 343876 1730568 49 25 19  7  0  0
87  9  68208 99092040 2320400 75638188    0    0 681168 505084 338435 1745364 48 27 19  6  0  0
25  1  68208 99083596 2320400 75638196    0    0 573952 424904 325134 1737521 48 28 22  3  0  0
40  6  68208 99082888 2320400 75638216    0    0 635472 545404 333826 1719934 48 28 20  4  0  0
77  5  68208 99088012 2320400 75638236    0    0 538416 394648 316467 1671460 46 30 21  3  0  0
74 11  68208 99089988 2320400 75638264    0    0 628848 530728 336641 1727832 48 27 20  4  0  0
58  4  68208 99089712 2320400 75638280    0    0 586864 427696 325649 1729851 48 28 21  3  0  0
39 21  68208 99090720 2320400 75638304    0    0 624240 520852 328443 1698079 48 27 19  5  0  0
52 12  68208 99083236 2320400 75638320    0    0 534864 388092 314118 1671698 47 29 22  3  0  0
procs -----------memory---------- ---swap-- -----io---- -system-- -------cpu-------
 r  b   swpd   free   buff  cache   si   so    bi    bo   in   cs us sy id wa st gu
89  8  68208 99072160 2320400 75638336    0    0 677344 556536 334902 1662356 46 27 18  8  0  0
83  7  68208 99078932 2320400 75638348    0    0 596704 443884 329104 1706132 48 28 20  3  0  0
55 15  68208 99095772 2320400 75638368    0    0 576224 420608 323167 1688441 47 29 21  3  0  0
56  6  68208 99086640 2320400 75638392    0    0 594720 508524 329020 1689539 47 28 20  4  0  0
89 12  68208 99090704 2320400 75638408    0    0 573552 426676 325334 1695774 47 29 21  3  0  0
77  7  68208 99084632 2320400 75638428    0    0 587248 506540 330235 1694839 47 29 21  3  0  0
50  1  68208 99089456 2320400 75638444    0    0 582416 429204 328537 1696943 47 29 21  3  0  0
30 11  68208 99083836 2320400 75638464    0    0 653264 550788 336733 1712784 47 28 20  5  0  0
61  5  68208 99079272 2320400 75638480    0    0 566544 428976 326589 1745810 48 27 22  3  0  0
45  7  68208 99089020 2320400 75638492    0    0 636720 536396 339022 1742303 48 27 20  4  0  0
53  7  68208 99085436 2320400 75638516    0    0 565888 414324 325206 1725081 48 28 22  3  0  0
45  7  68208 99081940 2320408 75638532    0    0 633504 536672 335037 1730080 48 28 20  4  0  0
53 11  68208 99091944 2320408 75638548    0    0 574224 425488 325319 1693097 47 30 21  3  0  0
33  1  68208 99093416 2320408 75638580    0    0 628640 529216 335993 1697858 48 28 19  4  0  0
55 14  68208 99089336 2320408 75638588    0    0 545456 401132 318826 1682143 47 29 21  3  0  0
84 10  68208 99090560 2320408 75638608    0    0 652432 554672 330665 1659906 46 27 20  8  0  0
78  9  68208 99081088 2320408 75638620    0    0 569200 421484 328152 1745305 48 28 21  3  0  0
43  8  68208 99082984 2320408 75638644    0    0 637120 531180 332611 1716005 47 27 20  6  0  0
70  7  68208 99088628 2320408 75638660    0    0 630192 536620 329974 1712760 47 27 20  5  0  0
60  3  68208 99084272 2320408 75638680    0    0 548704 399284 320399 1687372 47 30 21  3  0  0
27 145  68208 99088892 2320408 75638700    0    0 603088 498324 327984 1659608 46 29 19  6  0  0
procs -----------memory---------- ---swap-- -----io---- -system-- -------cpu-------
 r  b   swpd   free   buff  cache   si   so    bi    bo   in   cs us sy id wa st gu
52  7  68208 99087940 2320408 75638724    0    0 638784 459756 325029 1692032 48 28 19  5  0  0
56  9  68208 99075776 2320408 75638740    0    0 673200 565276 335535 1679511 48 27 19  7  0  0
52  3  68208 99085648 2320408 75638760    0    0 603440 509636 330248 1719471 48 29 20  3  0  0
27  7  68208 99088648 2320408 75638772    0    0 556288 406668 319161 1687909 47 29 21  3  0  0
42  5  68208 99085656 2320408 75638796    0    0 608144 514048 330584 1708745 48 29 20  3  0  0
42  8  68208 99086584 2320408 75638812    0    0 639232 497444 332979 1725340 49 28 20  3  0  0
69  9  68208 99084984 2320408 75638828    0    0 572304 419724 325991 1699794 47 29 21  3  0  0
41  7  68208 99081160 2320408 75638852    0    0 594992 507240 329713 1697951 48 29 20  3  0  0
98 12  68208 99093584 2320408 75638872    0    0 549904 418060 319212 1678876 47 29 21  3  0  0
65 13  68208 99084084 2320408 75638976    0    0 587520 498736 330663 1705807 47 29 21  3  0  0
33  1  68208 99081276 2320408 75638992    0    0 545056 401940 322168 1692954 47 29 21  3  0  0
64 10  68208 99088900 2320408 75639004    0    0 635136 527312 336197 1687902 47 28 20  5  0  0
55 17  68208 99081588 2320408 75639028    0    0 565056 412548 322598 1690349 47 29 21  3  0  0
81 31  68208 99084676 2320408 75639056    0    0 579440 435516 327690 1700828 48 29 21  3  0  0
48 12  68208 99074444 2320408 75639068    0    0 607376 502920 335027 1722604 48 28 20  3  0  0
50 10  68208 99082244 2320408 75639088    0    0 560240 461824 323121 1683060 47 30 21  3  0  0
22  4  68208 99085084 2320408 75639108    0    0 575392 453296 328992 1697411 47 28 21  3  0  0
41  9  68208 99083580 2320408 75639128    0    0 554656 411432 321094 1686492 47 29 21  3  0  0
106  2  68208 99071740 2320408 75639144    0    0 594352 508968 336267 1727632 48 29 21  3  0  0
115 28  68208 99079036 2320408 75639156    0    0 603536 458684 332546 1715731 48 29 20  3  0  0
36 20  68208 99087712 2320408 75639176    0    0 608560 488572 331788 1701450 48 29 20  3  0  0
procs -----------memory---------- ---swap-- -----io---- -system-- -------cpu-------
 r  b   swpd   free   buff  cache   si   so    bi    bo   in   cs us sy id wa st gu
49 116  68208 99086664 2320412 75639196    0    0 595984 453576 329991 1695615 48 29 20  3  0  0
99  5  68208 99085268 2320412 75639220    0    0 637120 518080 333117 1694347 48 27 20  5  0  0
38  5  68208 99080064 2320412 75639240    0    0 553200 407872 320111 1678663 47 29 21  3  0  0
25  0  68208 99080552 2320412 75639260    0    0 557136 483844 327418 1684180 47 29 21  3  0  0
141  7  68208 99081976 2320412 75639276    0    0 664736 551364 344713 1743720 49 28 20  3  0  0
30  6  68208 99074676 2320412 75639284    0    0 561888 409836 325403 1694657 47 30 21  3  0  0
42  6  68208 99087944 2320412 75639308    0    0 598496 507636 332605 1701234 48 29 20  3  0  0
43 12  68208 99081760 2320412 75639332    0    0 570672 420696 325199 1693678 47 29 21  3  0  0
45 11  68208 99084452 2320412 75639348    0    0 575840 512272 326924 1696301 47 29 21  3  0  0
38 15  68208 99075536 2320412 75639364    0    0 559184 412200 324168 1688040 47 30 21  3  0  0
79 12  68208 99081584 2320424 75639432    0    0 603232 511952 336815 1709829 48 28 21  3  0  0
64  8  68208 99080772 2320424 75639448    0    0 555440 406044 321432 1687905 47 29 21  3  0  0
22  4  68208 99076768 2320424 75639468    0    0 569840 415492 324732 1696272 47 29 21  3  0  0
56 12  68208 99078116 2320424 75639480    0    0 582752 499920 328121 1701366 47 29 21  3  0  0
69  4  68208 99083028 2320424 75639504    0    0 540688 403596 320403 1670912 46 30 21  3  0  0
108  7  68208 99079652 2320424 75639528    0    0 673600 610224 344870 1733341 48 28 19  4  0  0
88  4  68208 99079984 2320424 75639552    0    0 553536 409160 323271 1692632 47 29 21  3  0  0
82  4  68208 99084884 2320424 75639564    0    0 681440 556160 337454 1690511 48 27 19  7  0  0
85  6  68208 99085944 2320424 75639580    0    0 572336 414800 325477 1686518 47 29 21  3  0  0
40  8  68208 99084060 2320424 75639604    0    0 570128 421096 322905 1687362 47 29 21  3  0  0
34  8  68208 99063648 2320428 75639608    0    0 746576 602916 349627 1744808 48 26 18  7  0  0
procs -----------memory---------- ---swap-- -----io---- -system-- -------cpu-------
 r  b   swpd   free   buff  cache   si   so    bi    bo   in   cs us sy id wa st gu
117  7  68208 99079268 2320428 75639628    0    0 559504 406868 319780 1725110 47 28 22  3  0  0
48  8  68208 99080260 2320428 75639648    0    0 645152 547252 329343 1725889 48 27 20  6  0  0
66 14  68208 99085436 2320428 75639668    0    0 660816 542128 331285 1704617 47 27 20  7  0  0
56  2  68208 99086672 2320428 75639696    0    0 578832 422880 322367 1702295 47 29 21  3  0  0
88  6  68208 99084232 2320428 75639712    0    0 612592 517732 328985 1675306 47 28 20  5  0  0
116  8  68208 99078864 2320428 75639728    0    0 567856 419036 321335 1723020 47 28 22  3  0  0
22  3  68208 99089784 2320428 75639740    0    0 682336 558720 336476 1732557 48 26 19  6  0  0
56 10  68208 99077764 2320428 75639756    0    0 648592 554964 335893 1721315 48 26 20  6  0  0
63 11  68208 99076032 2320428 75639776    0    0 614304 446764 327816 1714124 48 29 21  3  0  0
52  5  68208 99076224 2320428 75639796    0    0 626016 528932 334513 1718233 48 27 20  4  0  0
109 29  68208 99079120 2320428 75639816    0    0 585504 448652 330390 1742208 48 28 21  3  0  0
97  3  68208 99078596 2320428 75639832    0    0 664896 524480 334951 1750453 49 27 20  4  0  0
97  2  68208 99080740 2320428 75639860    0    0 576912 421744 324119 1730476 48 28 22  3  0  0
37  6  68208 99079968 2320428 75639876    0    0 729488 586976 343100 1714122 48 26 19  7  0  0
44 13  68208 99078700 2320428 75639888    0    0 586240 449404 324126 1705414 48 28 21  3  0  0
35 10  68208 99079996 2320428 75639904    0    0 661824 554852 342047 1744145 49 27 20  4  0  0
38 12  68208 99085204 2320428 75639928    0    0 592080 430424 327627 1738646 48 28 21  3  0  0
39 11  68208 99077252 2320428 75639952    0    0 649232 547556 335015 1709218 47 27 20  6  0  0
63  3  68208 99075488 2320428 75639972    0    0 627712 526720 330686 1702718 47 28 20  4  0  0
56  8  68208 99083420 2320428 75639988    0    0 537728 398440 315559 1679145 47 29 22  3  0  0
57 12  68208 99077136 2320428 75640008    0    0 626576 537216 333704 1702116 48 28 20  4  0  0
procs -----------memory---------- ---swap-- -----io---- -system-- -------cpu-------
 r  b   swpd   free   buff  cache   si   so    bi    bo   in   cs us sy id wa st gu
78  4  68208 99079728 2320428 75640032    0    0 606304 435048 326056 1737703 48 27 21  4  0  0
66 14  68208 99068308 2320428 75640044    0    0 630368 515172 331484 1735461 48 27 20  5  0  0
46 11  68208 99081044 2320428 75640064    0    0 571840 419420 326242 1730988 48 28 21  3  0  0
82 26  68208 99069648 2320428 75640080    0    0 662816 541664 333348 1699810 47 27 19  6  0  0
46  6  68208 99082648 2320428 75640096    0    0 572336 412960 323269 1692002 47 30 21  3  0  0
35  8  68208 99072476 2320428 75640112    0    0 658880 540452 333152 1708321 48 26 20  6  0  0
75  7  68208 99075912 2320428 75640204    0    0 550720 422460 319556 1716703 48 28 22  3  0  0
63 10  68208 99067536 2320428 75640220    0    0 650784 536536 333584 1709332 47 28 20  5  0  0
63 17  68208 99081160 2320428 75640240    0    0 655536 539076 332539 1693037 47 27 20  7  0  0
55 34  68208 99076412 2320428 75640252    0    0 646928 532444 332925 1728293 48 27 20  5  0  0
63 13  68208 99074616 2320428 75640276    0    0 597936 441876 326287 1742976 48 28 21  3  0  0
85  3  68208 99075340 2320428 75640296    0    0 623056 517208 329363 1685382 47 28 20  5  0  0
36 11  68208 99076704 2320428 75640312    0    0 559696 414568 322226 1687267 47 30 21  3  0  0
41  7  68208 99073372 2320432 75640328    0    0 652512 554420 336738 1735551 49 27 20  5  0  0
114 11  68208 99074340 2320432 75640360    0    0 666048 544792 337483 1710278 48 26 20  6  0  0
81 15  68208 99069408 2320432 75640376    0    0 587184 424548 322272 1690082 47 28 21  3  0  0
59  5  68208 99071640 2320432 75640388    0    0 694064 563972 337442 1683417 47 26 19  8  0  0
68 18  68208 99066328 2320432 75640404    0    0 636624 527028 332260 1674842 48 27 20  6  0  0
51 12  68208 99069580 2320432 75640420    0    0 598144 434284 324781 1739420 48 28 21  3  0  0
28 12  68208 99067468 2320432 75640444    0    0 695536 580040 335092 1707029 47 26 19  7  0  0
71 12  68208 99061768 2320432 75640456    0    0 568096 418972 320953 1730117 48 28 22  3  0  0
procs -----------memory---------- ---swap-- -----io---- -system-- -------cpu-------
 r  b   swpd   free   buff  cache   si   so    bi    bo   in   cs us sy id wa st gu
39  5  68208 99067488 2320432 75640476    0    0 564832 407428 321893 1730430 47 28 22  3  0  0
123 12  68208 99073884 2320432 75640496    0    0 723504 573864 338673 1684350 47 26 18  9  0  0
90  9  68208 99068140 2320432 75640512    0    0 592128 418648 325591 1709689 48 29 20  3  0  0
44 17  68208 99052476 2320432 75640528    0    0 686368 559236 336348 1687060 48 26 19  7  0  0
65 24  68208 99068128 2320432 75640544    0    0 598544 437484 325876 1708652 48 29 21  3  0  0
65 13  68208 99071308 2320432 75640568    0    0 763504 626920 348464 1691223 48 25 18  9  0  0
66  3  68208 99069580 2320432 75640584    0    0 655136 545132 331464 1690198 47 27 20  6  0  0
28 122  68208 99073168 2320432 75640612    0    0 620496 513116 324302 1695806 47 27 20  6  0  0
45  6  68208 99071400 2320432 75640632    0    0 581536 427308 319750 1669106 47 28 21  4  0  0
23  1  68208 99065856 2320432 75640652    0    0 634224 528848 329950 1697082 47 29 20  5  0  0
60  8  68208 99075072 2320432 75640668    0    0 608816 514460 329259 1714683 48 28 20  4  0  0
105  9  68208 99059344 2320432 75640688    0    0 585776 441512 324921 1743854 48 27 21  3  0  0
59 11  68208 99066680 2320432 75640708    0    0 642592 529220 333882 1730216 48 27 20  4  0  0
42  6  68208 99069748 2320432 75640728    0    0 567888 419804 319727 1692231 47 29 22  3  0  0
54  8  68208 99069420 2320432 75640744    0    0 643744 533156 330523 1671544 47 27 20  6  0  0
51 13  68208 99075916 2320432 75640764    0    0 671488 550172 336602 1724247 48 27 20  5  0  0
92  4  68208 99067272 2320432 75640788    0    0 563648 415992 319163 1725160 47 28 22  3  0  0
147 11  68208 99069084 2320432 75640804    0    0 669088 553688 334502 1701863 47 27 20  7  0  0
50  7  68208 99071296 2320432 75640820    0    0 624656 534228 328570 1698399 47 28 20  4  0  0
74 13  68208 99070892 2320432 75640832    0    0 675296 486260 336290 1773878 50 27 20  3  0  0
48 14  68208 99074352 2320432 75640856    0    0 570896 412480 321998 1731428 47 28 22  3  0  0
procs -----------memory---------- ---swap-- -----io---- -system-- -------cpu-------
 r  b   swpd   free   buff  cache   si   so    bi    bo   in   cs us sy id wa st gu
67  4  68208 99070288 2320432 75640872    0    0 648720 530668 328649 1693304 47 27 20  7  0  0
48 12  68208 99065344 2320432 75640896    0    0 543120 399256 313636 1673341 46 29 21  3  0  0
22  3  68208 99077632 2320432 75640912    0    0 643536 527620 328010 1682438 46 28 20  6  0  0
39 94  68208 99070260 2320432 75640928    0    0 620736 465308 324168 1736630 48 28 21  4  0  0
21  4  68208 99074176 2320432 75640948    0    0 643248 520684 331270 1684414 47 27 20  6  0  0
55  9  68208 99068084 2320432 75640968    0    0 547168 403668 316382 1689237 46 29 22  3  0  0
43  5  68208 99073816 2320432 75640980    0    0 642720 532960 330393 1703489 48 26 20  6  0  0
87 22  68208 99063836 2320432 75640996    0    0 656080 547048 330754 1682319 47 27 20  7  0  0
69  4  68208 99068828 2320432 75641016    0    0 585744 426696 320867 1698135 47 29 21  3  0  0
62  3  68208 99070260 2320432 75641036    0    0 632320 527128 329760 1734177 48 27 21  4  0  0
75  6  68208 99071812 2320432 75641056    0    0 611504 460136 327279 1744313 48 27 21  3  0  0
40 11  68208 99076756 2320436 75641072    0    0 630048 524244 327991 1692041 47 28 20  5  0  0
17  4  68208 99072324 2320436 75641100    0    0 600608 439464 327079 1709948 47 29 21  3  0  0
39 24  68208 99062108 2320436 75641100    0    0 635392 531636 333426 1739246 48 27 21  5  0  0
82 16  68208 99066200 2320436 75641120    0    0 595760 433384 326660 1743636 48 27 21  3  0  0
33 11  68208 99070376 2320436 75641140    0    0 752672 611120 350968 1763053 49 26 19  7  0  0
43 90  68208 99066888 2320436 75641164    0    0 629664 511852 330030 1709892 47 26 21  6  0  0
88  5  68208 99065172 2320436 75641184    0    0 642656 497644 330451 1697566 47 26 20  7  0  0
48 11  68208 99069292 2320436 75641204    0    0 624272 522892 334586 1699549 47 28 20  5  0  0
112 16  68208 99066332 2320436 75641228    0    0 557728 406900 322406 1686830 47 29 21  3  0  0
60  4  68208 99062420 2320436 75641244    0    0 650768 536504 332241 1675603 47 26 19  8  0  0
procs -----------memory---------- ---swap-- -----io---- -system-- -------cpu-------
 r  b   swpd   free   buff  cache   si   so    bi    bo   in   cs us sy id wa st gu
41 14  68208 99057296 2320436 75641260    0    0 669360 537096 331778 1692484 46 26 19  9  0  0
83  5  68208 99074972 2320436 75641280    0    0 667824 544904 333144 1681749 47 26 19  8  0  0
95  8  68208 99065732 2320436 75641308    0    0 564352 428600 320796 1688484 47 29 21  3  0  0
86  5  68208 99072352 2320436 75641388    0    0 680640 556904 337239 1677265 47 27 19  7  0  0
73 11  68208 99072028 2320436 75641412    0    0 655264 541576 333780 1699331 48 27 20  5  0  0
124  2  68208 99070120 2320436 75641432    0    0 553744 406308 319997 1722876 47 28 22  3  0  0
86 17  68208 99071200 2320436 75641448    0    0 668560 552280 335969 1703556 47 27 19  6  0  0
62  9  68208 99059924 2320436 75641468    0    0 561616 405520 324779 1699036 47 29 21  3  0  0
54  2  68208 99063924 2320436 75641480    0    0 590032 502084 334442 1718657 48 28 21  4  0  0
70 18  68208 99062312 2320436 75641492    0    0 589248 447260 325551 1736242 48 28 21  3  0  0
110  8  68208 99069736 2320436 75641516    0    0 643840 528732 336374 1740440 48 27 21  4  0  0
109  1  68208 99066048 2320436 75641536    0    0 556336 406028 321334 1716722 47 29 22  3  0  0
90 10  68208 99066660 2320436 75641560    0    0 660496 545364 342235 1734046 48 27 20  5  0  0
23  1  68208 99061372 2320436 75641576    0    0 570896 412736 324937 1729850 48 27 22  3  0  0
140  8  68208 99072528 2320436 75641592    0    0 666848 549364 343199 1745368 49 26 20  5  0  0
104 10  68208 99067644 2320436 75641608    0    0 567984 412884 323676 1729797 48 28 22  3  0  0
97 16  68208 99075608 2320436 75641632    0    0 626640 510244 336017 1743114 48 28 21  4  0  0
41  0  68208 99068844 2320436 75641652    0    0 636016 533904 337282 1735250 48 28 20  4  0  0
20  6  68208 99075096 2320436 75641672    0    0 615520 521532 336970 1715232 48 28 20  3  0  0
74  8  68208 99071600 2320436 75641688    0    0 564416 413384 324417 1680043 47 30 20  3  0  0
65  5  68208 99065644 2320436 75641708    0    0 668656 542936 338581 1713154 48 27 19  6  0  0
procs -----------memory---------- ---swap-- -----io---- -system-- -------cpu-------
 r  b   swpd   free   buff  cache   si   so    bi    bo   in   cs us sy id wa st gu
46 14  68208 99068600 2320436 75641732    0    0 658272 535080 335184 1715364 48 27 19  5  0  0
52 20  68208 99073608 2320436 75641748    0    0 662608 526688 335288 1681693 47 27 20  6  0  0
68  7  68208 99070604 2320436 75641756    0    0 558752 440472 321036 1691472 47 29 21  3  0  0
54 42  68208 99072612 2320436 75641772    0    0 565104 435224 322446 1687971 47 29 21  3  0  0
142 15  68208 99072096 2320436 75641792    0    0 565824 457984 324076 1681591 47 29 21  3  0  0
98 17  68208 99071588 2320436 75641812    0    0 574432 431720 323814 1692038 47 29 21  3  0  0
129 10  68208 99067864 2320436 75641832    0    0 622160 511884 332079 1708001 48 29 20  3  0  0
38  2  68208 99073104 2320436 75641848    0    0 569520 454760 326899 1690082 47 30 21  3  0  0
46  9  68208 99075668 2320436 75641872    0    0 583344 475004 328886 1699226 47 29 21  3  0  0
40  5  68208 99060344 2320436 75641892    0    0 570688 414344 327526 1701563 47 29 21  3  0  0
67 10  68208 99067880 2320436 75641904    0    0 599520 507212 330978 1703029 47 29 20  3  0  0
96 11  68208 99068580 2320436 75641924    0    0 560416 407776 322138 1682496 47 30 21  3  0  0
93  3  68208 99068608 2320436 75641944    0    0 624656 520188 332186 1687450 48 28 20  4  0  0
91  6  68208 99065732 2320436 75641968    0    0 543296 403964 319555 1674492 47 30 21  3  0  0
18  8  68208 99062612 2320440 75641976    0    0 594976 503492 331358 1707634 48 29 20  3  0  0
32  7  68208 99059528 2320440 75642004    0    0 709568 595520 344058 1698946 49 27 19  5  0  0
61  9  68208 99069568 2320440 75642020    0    0 554208 407704 323237 1690385 47 29 21  3  0  0
70 11  68208 99064544 2320440 75642032    0    0 575952 459092 331049 1704733 47 29 21  3  0  0
103  7  68208 99073748 2320440 75642048    0    0 562000 443380 326403 1693711 47 29 21  3  0  0
80 15  68208 99074756 2320440 75642068    0    0 554400 405620 321742 1682155 47 29 21  3  0  0
61 10  68208 99070884 2320440 75642092    0    0 589184 491132 326947 1684642 48 28 20  4  0  0
procs -----------memory---------- ---swap-- -----io---- -system-- -------cpu-------
 r  b   swpd   free   buff  cache   si   so    bi    bo   in   cs us sy id wa st gu
68 11  68208 99066552 2320440 75642108    0    0 563184 414832 323578 1680859 47 29 21  3  0  0
72 20  68208 99061356 2320440 75642124    0    0 657648 559772 341106 1717438 49 28 19  4  0  0
35  8  68208 99070920 2320440 75642152    0    0 554448 403516 320089 1673074 47 29 21  3  0  0
65 11  68208 99067896 2320440 75642168    0    0 611504 512480 334639 1704169 48 29 20  3  0  0
43  8  68208 99063720 2320440 75642180    0    0 604848 509660 335169 1717424 48 29 20  3  0  0
75  6  68208 99070216 2320440 75642200    0    0 559200 414260 321500 1680291 47 29 21  3  0  0
99 11  68208 99069212 2320440 75642220    0    0 585152 500320 332488 1702893 48 29 21  3  0  0
76  6  68208 99074892 2320440 75642240    0    0 547776 403812 320055 1676840 47 29 21  3  0  0
43 22  68208 99074400 2320440 75642260    0    0 575968 491756 329662 1690613 47 29 21  3  0  0
54 13  68208 99072120 2320440 75642280    0    0 579264 440548 326246 1686386 47 29 21  3  0  0
36  2  68208 99069128 2320440 75642296    0    0 584704 497908 330990 1696053 48 29 21  3  0  0
76  4  68208 99067776 2320440 75642312    0    0 563136 410852 325494 1692853 47 29 21  3  0  0
52 14  68208 99070720 2320440 75642324    0    0 591456 509300 330995 1691961 48 28 20  3  0  0
47  7  68208 99058548 2320440 75642344    0    0 563872 415704 322558 1683617 47 29 21  3  0  0
72  5  68208 99062476 2320444 75642384    0    0 581856 494168 329701 1699815 47 29 21  3  0  0
84  2  68208 99067220 2320444 75642392    0    0 596192 435912 330232 1699608 48 29 21  3  0  0
77  1  68208 99066936 2320444 75642412    0    0 574320 506592 331444 1700319 48 29 21  3  0  0
34  9  68208 99058076 2320444 75642432    0    0 543344 402560 319996 1679491 46 30 21  3  0  0
37 13  68208 99069468 2320444 75642452    0    0 588448 503444 333257 1712328 48 28 21  3  0  0
55  9  68208 99062356 2320444 75642468    0    0 581104 424100 333084 1715765 47 29 21  3  0  0
116  9  68208 99074936 2320444 75642480    0    0 582384 493500 327433 1703468 47 29 21  3  0  0
procs -----------memory---------- ---swap-- -----io---- -system-- -------cpu-------
 r  b   swpd   free   buff  cache   si   so    bi    bo   in   cs us sy id wa st gu
89  3  68208 99066976 2320444 75642572    0    0 572608 413652 327121 1682370 47 29 21  3  0  0
41  9  68208 99065828 2320444 75642588    0    0 574176 489364 326980 1680980 47 29 21  3  0  0
110  5  68208 99062580 2320444 75642608    0    0 581552 440876 326875 1692944 48 29 20  3  0  0
47  2  68208 99060508 2320444 75642624    0    0 589360 494992 330522 1696261 48 29 20  3  0  0
47  2  68208 99063996 2320444 75642648    0    0 570480 413260 324879 1692156 47 29 21  3  0  0
116 12  68208 99065972 2320444 75642664    0    0 573680 489996 329377 1699127 47 29 21  3  0  0
23  0  68208 99061168 2320444 75642684    0    0 557024 406604 325162 1683236 47 30 21  3  0  0
114 18  68208 99058920 2320444 75642692    0    0 636800 530440 338050 1717128 49 28 20  3  0  0
40 10  68208 99058496 2320448 75642704    0    0 569072 432348 322267 1684154 47 29 21  3  0  0
58  1  68208 99061424 2320448 75642740    0    0 588048 501864 329757 1700692 48 28 21  3  0  0
18  1  68208 99066992 2320448 75642756    0    0 580704 427432 326582 1687869 47 29 21  3  0  0
111  9  68208 99068536 2320448 75642776    0    0 578768 491816 330526 1698362 47 29 21  3  0  0
73  9  68208 99074148 2320448 75642792    0    0 565072 420132 326264 1690373 46 30 21  3  0  0
92 16  68208 99061580 2320448 75642808    0    0 572672 468484 332812 1715345 48 28 21  3  0  0
48 15  68208 99060132 2320448 75642824    0    0 600960 457784 330574 1703918 48 28 21  3  0  0
40  5  68208 99065268 2320448 75642840    0    0 593472 495956 329539 1705479 48 29 21  3  0  0
44 10  68208 99069636 2320448 75642856    0    0 566288 436952 323084 1687282 47 29 21  3  0  0
102 13  68208 99065280 2320448 75642876    0    0 583328 498092 327124 1692526 48 29 21  3  0  0
90  6  68208 99064216 2320448 75642900    0    0 569952 416844 324543 1693510 47 29 21  3  0  0
27  1  68208 99064264 2320448 75642924    0    0 667584 545380 340334 1709983 49 27 19  5  0  0
74  2  68208 99065440 2320448 75642944    0    0 570768 455228 326134 1734018 48 28 22  3  0  0
procs -----------memory---------- ---swap-- -----io---- -system-- -------cpu-------
 r  b   swpd   free   buff  cache   si   so    bi    bo   in   cs us sy id wa st gu
59 20  68208 99058360 2320448 75642956    0    0 595488 433508 328217 1751727 48 27 22  3  0  0
72  5  68208 99050628 2320448 75642972    0    0 665200 537732 336896 1676003 47 27 19  7  0  0
83 10  68208 99060736 2320452 75642992    0    0 562128 424964 321677 1684916 47 29 21  3  0  0
112  5  68208 99057232 2320452 75643016    0    0 646336 519280 326947 1653962 46 27 19  8  0  0
59  7  68208 99062656 2320452 75643032    0    0 609904 511816 324382 1687090 46 29 20  4  0  0
36  4  68208 99055332 2320452 75643052    0    0 619120 444468 328963 1755553 48 28 21  3  0  0
69  4  68208 99054500 2320452 75643072    0    0 605072 504840 322851 1669518 47 28 20  5  0  0
130 20  68208 99062416 2320456 75643088    0    0 578336 431268 322552 1706097 47 29 21  3  0  0
76  3  68208 99051848 2320456 75643104    0    0 651632 550280 332183 1709927 47 27 20  6  0  0
124  8  68208 99057744 2320456 75643128    0    0 657440 543820 337055 1749337 49 27 20  5  0  0
87 19  68208 99051720 2320456 75643148    0    0 667136 548300 332479 1701623 47 27 20  7  0  0
58  5  68208 99062700 2320456 75643160    0    0 563968 413188 317761 1686097 47 29 21  3  0  0
38  7  68208 99065732 2320460 75643180    0    0 658992 540148 335035 1713882 48 28 19  5  0  0
48  7  68208 99056904 2320460 75643204    0    0 584832 425060 323247 1731240 47 28 22  3  0  0
44  7  68208 99054704 2320460 75643224    0    0 642624 535460 330576 1721579 48 27 20  5  0  0
56  3  68208 99052440 2320460 75643244    0    0 595056 446044 327392 1715037 48 28 21  3  0  0
27  8  68208 99046708 2320460 75643256    0    0 573296 421080 322224 1699482 47 29 21  3  0  0
99 14  68208 99057700 2320460 75643276    0    0 640000 531212 331326 1709245 48 28 20  5  0  0
57 12  68208 99064612 2320460 75643296    0    0 676944 560240 336698 1722674 48 26 20  6  0  0
125  4  68208 99049200 2320460 75643316    0    0 565664 413596 318653 1691063 47 29 21  3  0  0
110 21  68208 99054280 2320460 75643336    0    0 618144 512672 324897 1670061 46 28 20  6  0  0
procs -----------memory---------- ---swap-- -----io---- -system-- -------cpu-------
 r  b   swpd   free   buff  cache   si   so    bi    bo   in   cs us sy id wa st gu
51 14  68208 99056000 2320460 75643364    0    0 630816 454536 330191 1750975 48 27 21  3  0  0
46 15  68208 99064716 2320460 75643380    0    0 677616 564724 329425 1664304 47 25 18 10  0  0
61 10  68208 99058528 2320460 75643396    0    0 573792 416492 319586 1697722 47 29 21  3  0  0
29  6  68208 99065076 2320460 75643408    0    0 630144 527628 329791 1701363 48 28 20  5  0  0
44  7  68208 99064852 2320460 75643436    0    0 589504 430448 321929 1727921 48 28 22  3  0  0
44 10  68208 99055004 2320460 75643456    0    0 670704 559400 334471 1704284 48 27 20  6  0  0
31  7  68208 99058780 2320460 75643476    0    0 590608 434116 323238 1695954 47 29 21  3  0  0
69 17  68208 99059444 2320464 75643492    0    0 624224 533400 327733 1709580 47 27 21  5  0  0
55  2  68208 99057516 2320464 75643512    0    0 592080 432612 324283 1739293 48 28 21  3  0  0
58  9  68208 99068452 2320464 75643540    0    0 617600 518492 328243 1671055 46 29 20  6  0  0
76  9  68208 99060168 2320464 75643540    0    0 545728 399052 318273 1684739 47 29 21  3  0  0
64  6  68208 99060148 2320464 75643556    0    0 630528 521460 328880 1686567 47 28 20  5  0  0
128 13  68208 99064144 2320464 75643588    0    0 660960 540300 334718 1692209 47 27 20  6  0  0
48  6  68208 99059736 2320464 75643604    0    0 558880 410832 321925 1725351 47 28 22  3  0  0
67  4  68208 99057488 2320464 75643620    0    0 655216 554508 328637 1699904 47 26 20  7  0  0
97  4  68208 99056728 2320464 75643636    0    0 583952 428680 323206 1730354 47 28 22  3  0  0
51  8  68208 99061440 2320464 75643660    0    0 566688 417488 325875 1731581 48 28 22  3  0  0
120 17  68208 99060528 2320468 75643680    0    0 663376 542928 334257 1688573 47 26 20  7  0  0
40 13  68208 99045132 2320468 75643768    0    0 642416 534904 333121 1710520 48 27 20  6  0  0
61 10  68208 99053036 2320468 75643788    0    0 646480 533224 330586 1676936 46 26 20  7  0  0
90 12  68208 99054884 2320468 75643808    0    0 681456 526152 340901 1745724 49 28 20  4  0  0
procs -----------memory---------- ---swap-- -----io---- -system-- -------cpu-------
 r  b   swpd   free   buff  cache   si   so    bi    bo   in   cs us sy id wa st gu
30  7  68208 99059820 2320468 75643828    0    0 572912 430700 320382 1724228 48 28 21  3  0  0
129 13  68208 99056868 2320468 75643848    0    0 631248 521380 333964 1757857 48 28 20  4  0  0
67 10  68208 99049836 2320468 75643872    0    0 562864 405316 317192 1712544 47 28 21  3  0  0
54 29  68208 99054380 2320468 75643892    0    0 639600 536200 333101 1728478 48 27 20  5  0  0
96 28  68208 99052072 2320468 75643900    0    0 669152 534356 341752 1788929 50 27 20  3  0  0
66  4  68208 99054808 2320468 75643912    0    0 600016 453320 329240 1746727 48 28 21  3  0  0
98 18  68208 99058952 2320468 75643928    0    0 574272 417536 323032 1731002 48 28 22  3  0  0
102  8  68208 99055208 2320468 75643952    0    0 638672 556164 332180 1728533 48 27 20  5  0  0
48 13  68208 99050116 2320468 75643976    0    0 647296 538376 336776 1759592 49 28 21  3  0  0
61 14  68208 99066116 2320468 75643992    0    0 560672 411396 317635 1720759 47 27 22  3  0  0
47 11  68208 99057612 2320468 75644012    0    0 595312 507500 329266 1739451 48 28 21  3  0  0
28  9  68208 99071352 2320468 75644032    0    0 615072 450116 333601 1757486 49 27 21  3  0  0
87 24  68208 99055380 2320468 75644044    0    0 603744 514424 333089 1756278 48 28 21  3  0  0
82 15  68208 99060736 2320468 75644068    0    0 690784 586468 344947 1731983 47 27 20  6  0  0
34 10  68208 99057260 2320468 75644084    0    0 549648 398868 315510 1682099 46 30 22  3  0  0
87 17  68208 99055920 2320468 75644112    0    0 583408 486620 329851 1701335 48 29 21  3  0  0
62  7  68208 99055912 2320468 75644124    0    0 577152 433992 323178 1690448 47 29 21  3  0  0
36 14  68208 99060784 2320468 75644148    0    0 581808 497896 325143 1702907 47 28 21  3  0  0
34  4  68208 99070076 2320468 75644172    0    0 556560 409284 322710 1692320 47 29 21  3  0  0
38 11  68208 99063312 2320468 75644188    0    0 581376 500856 330798 1709633 47 29 21  3  0  0
47  7  68208 99053416 2320468 75644204    0    0 560048 411764 324043 1691286 46 30 21  3  0  0
procs -----------memory---------- ---swap-- -----io---- -system-- -------cpu-------
 r  b   swpd   free   buff  cache   si   so    bi    bo   in   cs us sy id wa st gu
76  9  68208 99059000 2320468 75644216    0    0 547920 428300 320712 1673836 47 29 21  3  0  0
61 21  68208 99048216 2320468 75644232    0    0 576944 476128 325971 1690230 47 29 21  4  0  0
118  6  68208 99064404 2320468 75644252    0    0 565216 406856 320500 1678005 47 30 20  3  0  0
56  6  68208 99060764 2320468 75644276    0    0 596240 503144 329517 1685951 47 28 21  4  0  0
43 16  68208 99059952 2320468 75644296    0    0 581568 427388 322588 1693611 47 29 21  3  0  0
73  2  68208 99063020 2320472 75644308    0    0 624864 521232 332883 1698503 47 29 20  4  0  0
35  3  68208 99064996 2320472 75644328    0    0 592208 506008 334006 1717069 48 29 20  3  0  0
58  8  68208 99053500 2320472 75644348    0    0 574784 440752 325017 1695825 47 30 21  3  0  0
53 11  68208 99056848 2320472 75644368    0    0 599312 508792 330359 1703903 48 28 21  3  0  0
32  2  68208 99050556 2320472 75644384    0    0 567392 416108 321770 1684491 47 29 21  3  0  0
34 10  68208 99056560 2320472 75644408    0    0 603360 505340 330588 1701010 47 29 20  3  0  0
45  7  68208 99058308 2320472 75644428    0    0 557808 403148 324529 1690585 48 29 21  3  0  0
62  5  68208 99049624 2320472 75644448    0    0 617536 520528 331684 1699191 47 29 20  4  0  0
122 12  68208 99053100 2320472 75644468    0    0 551536 418840 322336 1689323 46 30 21  3  0  0
43  5  68208 99046364 2320472 75644484    0    0 605216 515152 332908 1710394 48 28 21  3  0  0
40  7  68208 99050344 2320472 75644504    0    0 571088 414744 323285 1694507 46 30 21  3  0  0
109 10  68208 99052072 2320472 75644520    0    0 595792 504012 331374 1714500 47 29 21  3  0  0
34  9  68208 99059912 2320472 75644536    0    0 565552 418156 320106 1687024 47 29 21  3  0  0
55 17  68208 99058240 2320472 75644560    0    0 533680 398836 322554 1682938 46 30 21  3  0  0
52  4  68208 99062488 2320472 75644576    0    0 564400 486068 327110 1693328 47 29 21  3  0  0
52 15  68208 99061300 2320472 75644596    0    0 567456 412000 325353 1689007 46 30 21  3  0  0
procs -----------memory---------- ---swap-- -----io---- -system-- -------cpu-------
 r  b   swpd   free   buff  cache   si   so    bi    bo   in   cs us sy id wa st gu
48  8  68208 99069300 2320472 75644616    0    0 665088 575952 341260 1743688 49 28 20  4  0  0
122  8  68208 99059612 2320472 75644624    0    0 588736 502160 328536 1705187 47 29 20  3  0  0
44 15  68208 99051900 2320472 75644648    0    0 574384 413344 321611 1683888 47 29 21  3  0  0
50 10  68208 99049704 2320472 75644668    0    0 691536 586372 335893 1655195 47 26 18 10  0  0
66 14  68208 99057980 2320472 75644684    0    0 673648 547068 333473 1682211 47 26 19  8  0  0
85 10  68208 99052096 2320472 75644700    0    0 583616 427064 323644 1697486 47 29 21  3  0  0
77  3  68208 99050588 2320472 75644724    0    0 625168 539868 328262 1690378 48 28 20  5  0  0
36 10  68208 99049080 2320472 75644744    0    0 624768 521888 331826 1708838 48 29 20  4  0  0
93 26  68208 99055464 2320472 75644760    0    0 629904 524456 335498 1715136 47 29 20  4  0  0
49  2  68208 99047280 2320472 75644768    0    0 593504 425796 327355 1745452 48 27 22  3  0  0
90 10  68208 99059204 2320472 75644788    0    0 643728 533764 331434 1713319 48 27 20  6  0  0
161 18  68208 99050688 2320472 75644824    0    0 577712 420012 325264 1702189 47 29 21  3  0  0
85  1  68208 99061152 2320472 75644844    0    0 574768 415600 325037 1696205 48 29 21  3  0  0
64  4  68208 99050848 2320472 75644864    0    0 696848 573356 340044 1710165 47 26 19  7  0  0
54  2  68208 99057860 2320472 75644880    0    0 652976 537220 334633 1722141 48 27 20  5  0  0
32 12  68208 99056544 2320472 75644988    0    0 582032 419620 325105 1694832 47 29 21  3  0  0
46 10  68208 99046840 2320472 75645000    0    0 563472 410016 323780 1694036 47 29 21  3  0  0
34  3  68208 99047900 2320472 75645020    0    0 648880 530316 335999 1726916 47 27 20  5  0  0
65 11  68208 99046652 2320472 75645048    0    0 664576 549972 338385 1727945 48 27 20  5  0  0
66  9  68208 99057624 2320472 75645064    0    0 552480 407084 322210 1685323 47 30 21  3  0  0
91 10  68208 99055056 2320472 75645084    0    0 575360 476800 326997 1690972 48 29 21  3  0  0
procs -----------memory---------- ---swap-- -----io---- -system-- -------cpu-------
 r  b   swpd   free   buff  cache   si   so    bi    bo   in   cs us sy id wa st gu
104  9  68208 99060156 2320476 75645108    0    0 596448 462932 327148 1709530 47 27 21  5  0  0
22  9  68208 99056048 2320476 75645128    0    0 647008 524976 330630 1672710 47 27 19  7  0  0
50  8  68208 99058688 2320476 75645144    0    0 693104 550320 333362 1646320 45 26 18 10  0  0
76  3  68208 99054968 2320476 75645164    0    0 569984 414144 328554 1702048 47 29 21  3  0  0
49 18  68208 99061244 2320476 75645180    0    0 594752 506344 331528 1699043 48 29 20  3  0  0
51 16  68208 99057140 2320476 75645200    0    0 556528 421204 321658 1681143 47 30 21  3  0  0
70  4  68208 99058136 2320476 75645220    0    0 612672 517676 327359 1658912 46 28 20  6  0  0
56 19  68208 99055868 2320476 75645236    0    0 551520 405468 319939 1674780 47 30 21  3  0  0
65  3  68208 99055088 2320476 75645256    0    0 616176 518716 330543 1713193 48 27 20  4  0  0
114 25  68208 99046904 2320476 75645276    0    0 564032 414952 324869 1732149 48 28 22  3  0  0
51 14  68208 99054256 2320476 75645288    0    0 667904 542212 338123 1733910 48 26 19  6  0  0
84  9  68208 99062228 2320476 75645296    0    0 638384 532076 334687 1729251 48 27 20  4  0  0
51 13  68208 99051256 2320476 75645320    0    0 642576 480632 332278 1715289 48 28 20  3  0  0
78  5  68208 99049980 2320476 75645344    0    0 623472 518432 331777 1708504 48 27 20  4  0  0
77 11  68208 99052648 2320476 75645360    0    0 655072 547708 336663 1737421 48 27 20  4  0  0
30 10  68208 99046620 2320476 75645380    0    0 656000 535200 334563 1693904 48 26 20  6  0  0
63  1  68208 99049276 2320476 75645404    0    0 571776 418348 323074 1686062 47 29 21  3  0  0
93  9  68208 99058080 2320476 75645416    0    0 694032 570436 340776 1723071 49 27 19  5  0  0
57 18  68208 99054304 2320476 75645436    0    0 777936 638920 355425 1754132 50 25 18  7  0  0
32  7  68208 99039848 2320476 75645448    0    0 582960 421660 328633 1712414 47 29 21  3  0  0
45 13  68208 99042896 2320476 75645464    0    0 600880 515116 328378 1701550 48 27 20  5  0  0
procs -----------memory---------- ---swap-- -----io---- -system-- -------cpu-------
 r  b   swpd   free   buff  cache   si   so    bi    bo   in   cs us sy id wa st gu
74 11  68208 99042320 2320480 75645480    0    0 631744 524588 330247 1698003 47 27 20  6  0  0
33  4  68208 99053128 2320480 75645512    0    0 546624 391464 314315 1663899 47 30 21  3  0  0
44  4  68208 99049632 2320480 75645528    0    0 683680 552180 335826 1681534 47 27 19  7  0  0
66 20  68208 99051484 2320480 75645548    0    0 638624 527388 332724 1694174 47 28 20  5  0  0
58  6  68208 99050452 2320480 75645572    0    0 619664 457748 332580 1744493 48 28 21  3  0  0
71  7  68208 99044344 2320480 75645584    0    0 633344 524568 333364 1691422 47 27 20  6  0  0
85  4  68208 99059956 2320480 75645600    0    0 566496 413628 325107 1693003 46 30 21  3  0  0
64  6  68208 99054496 2320480 75645620    0    0 669808 546412 339106 1725806 48 27 19  5  0  0
66 10  68208 99062712 2320480 75645640    0    0 579040 427060 329057 1735076 48 28 21  3  0  0
118  5  68208 99053536 2320480 75645656    0    0 651952 534888 332462 1706663 47 26 20  6  0  0
59  9  68208 99057812 2320480 75645680    0    0 570656 417284 322174 1722105 48 28 22  3  0  0
55 16  68208 99045476 2320480 75645704    0    0 749456 610332 341955 1675822 47 25 18 10  0  0
87  9  68208 99059248 2320480 75645724    0    0 653040 531848 333920 1692443 48 27 20  6  0  0
85 14  68208 99045100 2320480 75645732    0    0 520912 380932 313507 1665778 47 29 22  2  0  0
67  8  68208 99049616 2320480 75645748    0    0 664752 548252 333630 1697970 47 27 20  7  0  0
79  5  68208 99050916 2320480 75645768    0    0 567376 413608 322776 1731721 47 28 22  3  0  0
96 14  68208 99051132 2320480 75645792    0    0 626160 520460 328332 1732482 48 27 21  4  0  0
73 12  68208 99053228 2320480 75645808    0    0 578272 424580 322553 1725342 47 28 22  3  0  0
113  2  68208 99049960 2320480 75645828    0    0 643056 554216 331995 1709191 47 28 20  5  0  0
49 12  68208 99053304 2320480 75645852    0    0 584928 424568 323053 1691261 48 29 21  3  0  0
45  7  68208 99046656 2320480 75645868    0    0 715696 580168 342018 1679276 47 26 19  9  0  0
procs -----------memory---------- ---swap-- -----io---- -system-- -------cpu-------
 r  b   swpd   free   buff  cache   si   so    bi    bo   in   cs us sy id wa st gu
48  3  68208 99043236 2320480 75645880    0    0 677984 547896 329809 1627917 46 26 18 10  0  0
104 11  68208 99044752 2320480 75645900    0    0 652816 525300 328161 1637360 46 27 19  9  0  0
56  7  68208 99048524 2320480 75645916    0    0 709200 577576 346359 1734110 49 25 20  6  0  0
52 13  68208 99040252 2320480 75645936    0    0 568736 429708 324497 1693225 47 29 21  3  0  0
41  9  68208 99044072 2320480 75645956    0    0 625136 521368 331946 1671633 47 28 20  6  0  0
81  3  68208 99056660 2320480 75645972    0    0 584496 424680 328746 1742829 48 27 22  3  0  0
55 15  68208 99060688 2320480 75645996    0    0 634096 524344 332309 1717984 48 27 20  5  0  0
104 11  68208 99047848 2320480 75646008    0    0 570240 415604 324205 1691477 48 28 21  3  0  0
80  6  68208 99057904 2320484 75646028    0    0 634048 528648 329217 1654316 46 27 20  7  0  0
88  1  68208 99050720 2320484 75646048    0    0 606048 454424 327169 1745470 48 28 21  3  0  0
39 130  68208 99052244 2320484 75646072    0    0 636640 521292 330454 1684302 47 27 20  7  0  0
138 11  68208 99053660 2320484 75646096    0    0 617280 458108 328273 1690338 48 28 20  4  0  0
53  3  68208 99062324 2320484 75646180    0    0 555184 402864 319708 1684962 47 29 21  3  0  0
77 16  68208 99047884 2320488 75646200    0    0 618880 513636 330507 1691912 47 29 20  4  0  0
36 13  68208 99053876 2320488 75646220    0    0 621120 528656 331983 1707341 48 28 20  4  0  0
42  3  68208 99047296 2320488 75646232    0    0 588000 426088 326632 1732928 48 28 22  3  0  0
14  7  68208 99049952 2320488 75646252    0    0 638400 553072 332416 1721374 48 28 20  4  0  0
83  7  68208 99044848 2320488 75646268    0    0 555712 404488 319396 1682989 47 30 21  3  0  0
51  3  68208 99041416 2320488 75646292    0    0 611232 517428 333204 1713329 48 28 21  3  0  0
45  6  68208 99042748 2320488 75646308    0    0 559168 405208 325835 1693683 47 29 21  3  0  0
77 12  68208 99043004 2320488 75646320    0    0 664976 549964 334802 1687865 48 26 19  7  0  0
procs -----------memory---------- ---swap-- -----io---- -system-- -------cpu-------
 r  b   swpd   free   buff  cache   si   so    bi    bo   in   cs us sy id wa st gu
39 24  68208 99042052 2320488 75646344    0    0 729440 582956 337852 1664037 47 25 18 11  0  0
24 89  68208 99050684 2320488 75646376    0    0 607856 505088 323392 1645435 46 27 20  7  0  0
47  5  68208 99047872 2320488 75646376    0    0 584176 433780 321513 1687911 47 29 20  3  0  0
97  7  68208 99060744 2320488 75646396    0    0 655696 541768 331823 1670053 48 27 19  7  0  0
83 29  68208 99049936 2320488 75646412    0    0 685824 555720 339706 1744465 50 27 20  4  0  0
87  6  68208 99053628 2320488 75646432    0    0 605440 515840 327036 1690606 47 28 20  4  0  0
50  6  68208 99040296 2320488 75646460    0    0 558640 403996 320962 1726162 47 28 22  3  0  0
27 126  68208 99053188 2320488 75646476    0    0 599664 464240 327305 1728618 48 28 21  4  0  0
50  6  68208 99049104 2320488 75646496    0    0 593456 464708 324954 1649924 46 28 20  6  0  0
46  5  68208 99047376 2320488 75646512    0    0 676240 572416 338868 1730884 48 26 20  6  0  0
52  4  68208 99043652 2320488 75646528    0    0 578944 419688 322954 1725044 47 28 22  3  0  0
139  9  68208 99050560 2320488 75646548    0    0 654608 547716 336735 1749640 49 28 20  3  0  0
104  6  68208 99052720 2320488 75646564    0    0 602528 439276 328489 1708966 48 29 21  3  0  0
42  4  68208 99050832 2320488 75646584    0    0 613440 520396 333791 1713929 48 28 20  4  0  0
54  9  68208 99047512 2320488 75646600    0    0 556336 410104 320367 1690631 46 30 21  3  0  0
51 11  68208 99040988 2320488 75646628    0    0 668656 570956 337026 1728784 49 28 20  4  0  0
115 22  68208 99043240 2320488 75646640    0    0 594720 437340 326762 1705521 47 30 20  3  0  0
27  9  68208 99043264 2320488 75646652    0    0 630384 514568 334968 1729372 48 27 20  6  0  0
53 10  68208 99053796 2320488 75646664    0    0 599984 430592 324937 1737108 48 28 21  3  0  0
69  5  68208 99043720 2320488 75646688    0    0 680496 550460 330744 1652783 46 26 18  9  0  0
48 13  68208 99050968 2320488 75646708    0    0 548912 402016 316393 1667976 47 29 21  3  0  0
procs -----------memory---------- ---swap-- -----io---- -system-- -------cpu-------
 r  b   swpd   free   buff  cache   si   so    bi    bo   in   cs us sy id wa st gu
159  7  68208 99046456 2320488 75646732    0    0 677136 546164 330954 1657946 46 27 18  8  0  0
88  9  68208 99049284 2320492 75646744    0    0 718784 578228 330916 1673740 47 26 18 10  0  0
39  5  68208 99045896 2320492 75646776    0    0 602896 431636 328347 1746473 49 27 21  3  0  0
57 15  68208 99052072 2320492 75646792    0    0 605984 438712 328278 1757364 48 28 21  3  0  0
72  6  68208 99045520 2320492 75646800    0    0 649280 534688 325863 1678546 46 26 19  8  0  0
86 32  68208 99041968 2320492 75646820    0    0 730832 582112 336992 1697277 47 25 18  9  0  0
104  4  68208 99051356 2320496 75646832    0    0 573472 413932 317714 1727325 48 28 21  3  0  0
54 22  68208 99045980 2320496 75646864    0    0 662352 556552 328146 1663592 46 26 18  9  0  0
86  8  68208 99044052 2320496 75646884    0    0 591376 418480 319114 1696756 48 28 21  3  0  0
41  7  68208 99049296 2320496 75646900    0    0 592672 432912 322295 1709993 47 29 20  3  0  0
55  7  68208 99051816 2320496 75646924    0    0 618832 515232 330792 1745467 48 27 21  4  0  0
76 32  68208 99046472 2320496 75646940    0    0 677280 557492 337963 1726786 48 25 20  7  0  0
63  8  68208 99052184 2320496 75646948    0    0 583584 422040 324644 1700818 48 29 20  3  0  0
82 10  68208 99050280 2320496 75646972    0    0 551952 403280 321209 1687678 46 30 21  3  0  0
65 10  68208 99047820 2320496 75646988    0    0 578032 512072 324110 1681831 47 29 21  4  0  0
77  3  68208 99050272 2320496 75647016    0    0 553968 398604 318949 1680251 47 30 20  3  0  0
83  4  68208 99044580 2320496 75647028    0    0 668464 547228 330712 1663022 47 27 19  8  0  0
89 10  68208 99047240 2320496 75647052    0    0 618864 441492 329497 1707417 48 28 20  4  0  0
66  1  68208 99042320 2320496 75647076    0    0 556560 399096 320686 1684284 47 29 21  3  0  0
75 12  68208 99029300 2320496 75647088    0    0 684016 549648 337677 1710384 48 26 19  8  0  0
96  2  68208 99040036 2320496 75647104    0    0 666912 544648 332523 1681413 46 26 19  9  0  0
procs -----------memory---------- ---swap-- -----io---- -system-- -------cpu-------
 r  b   swpd   free   buff  cache   si   so    bi    bo   in   cs us sy id wa st gu
51 10  68208 99044300 2320496 75647120    0    0 573760 428528 324208 1702081 47 29 20  3  0  0
28  7  68208 99049836 2320496 75647144    0    0 573616 419940 322104 1698085 47 29 21  3  0  0
53  9  68208 99039200 2320496 75647160    0    0 672848 558100 334340 1694484 48 25 20  7  0  0
69  4  68208 99048856 2320496 75647176    0    0 748496 599620 346413 1731067 49 25 19  7  0  0
104 16  68208 99034824 2320496 75647200    0    0 629888 456344 332360 1720654 49 28 20  3  0  0
47 12  68208 99054472 2320496 75647224    0    0 555072 410596 321780 1688805 47 29 21  3  0  0
78  1  68208 99041116 2320496 75647232    0    0 632848 550048 337562 1749380 48 28 20  4  0  0
32 105  68208 99047788 2320496 75647248    0    0 638288 529008 330736 1709824 47 27 20  6  0  0
73 10  68208 99037928 2320496 75647264    0    0 596720 444680 323427 1684092 47 29 20  4  0  0
83 15  68208 99052104 2320496 75647352    0    0 641648 536036 334668 1722799 48 27 20  5  0  0
30 124  68208 99048784 2320496 75647380    0    0 645744 515636 328868 1714145 47 27 20  6  0  0
60  3  68208 99044528 2320496 75647396    0    0 623424 473192 325327 1678050 47 27 20  6  0  0
41  2  68208 99042004 2320496 75647420    0    0 645872 533072 332278 1668897 46 27 20  8  0  0
72  8  68208 99045208 2320496 75647436    0    0 644448 551300 332572 1727929 48 27 20  6  0  0
24 12  68208 99037368 2320496 75647448    0    0 575728 422840 326202 1703753 47 29 21  3  0  0
53 47  68208 99047036 2320496 75647468    0    0 556112 463640 322294 1690015 47 29 21  3  0  0
139 17  68208 99046964 2320496 75647492    0    0 624704 472616 328236 1725948 48 27 20  4  0  0
33  9  68208 99044964 2320496 75647508    0    0 661552 545816 334153 1711392 48 26 20  6  0  0
46  8  68208 99047760 2320496 75647524    0    0 657936 545436 331974 1705673 47 27 20  6  0  0
51  9  68208 99052556 2320496 75647548    0    0 565728 431204 320577 1680254 47 29 21  3  0  0
60 12  68208 99052040 2320496 75647572    0    0 656912 533840 325858 1642017 46 25 19 10  0  0
procs -----------memory---------- ---swap-- -----io---- -system-- -------cpu-------
 r  b   swpd   free   buff  cache   si   so    bi    bo   in   cs us sy id wa st gu
92  3  68208 99047212 2320496 75647588    0    0 547952 399580 317120 1680028 46 29 21  3  0  0
39  7  68208 99043444 2320496 75647596    0    0 632288 522752 330714 1693535 47 28 20  5  0  0
94  6  68208 99044108 2320496 75647628    0    0 658224 478348 335911 1758923 49 27 20  3  0  0
63  2  68208 99042648 2320496 75647644    0    0 600384 439932 332185 1745678 48 28 21  3  0  0
118 11  68208 99042940 2320496 75647668    0    0 628912 524640 330639 1690423 47 28 20  6  0  0
42  8  68208 99043640 2320496 75647680    0    0 573648 440672 322321 1686159 47 29 21  3  0  0
12  2  68208 99044172 2320496 75647700    0    0 622176 523932 329790 1685256 47 28 20  6  0  0
83 13  68208 99049472 2320496 75647716    0    0 548720 405624 320938 1724446 47 28 22  3  0  0
68  3  68208 99040612 2320496 75647732    0    0 673152 555664 336994 1711223 47 27 19  7  0  0
59  3  68208 99044224 2320496 75647748    0    0 578512 419944 325181 1689313 47 29 21  3  0  0
75 11  68208 99037568 2320500 75647776    0    0 656784 541392 338471 1725171 48 27 20  5  0  0
37  7  68208 99033600 2320500 75647784    0    0 697056 586500 337835 1665588 47 25 19  9  0  0
40  3  68208 99040300 2320500 75647804    0    0 662432 546060 334328 1694644 47 27 20  6  0  0
54  3  68208 99039288 2320500 75647824    0    0 574032 418884 320702 1688096 47 29 21  3  0  0
61  6  68208 99041752 2320500 75647848    0    0 606400 512536 329814 1709158 48 28 20  4  0  0
65  8  68208 99044024 2320500 75647864    0    0 583632 425800 327909 1744219 48 27 22  3  0  0
79 12  68208 99043772 2320500 75647872    0    0 623936 524564 332106 1715668 48 28 20  4  0  0
91  7  68208 99052248 2320500 75647896    0    0 579040 423040 324143 1689975 47 29 21  3  0  0
38 12  68208 99046720 2320500 75647916    0    0 639888 545728 335041 1698491 47 27 20  6  0  0
48 15  68208 99047924 2320500 75647936    0    0 581136 427624 324449 1726139 48 28 22  3  0  0
23  4  68208 99042940 2320500 75647956    0    0 700512 562124 335523 1672147 47 27 18  8  0  0
procs -----------memory---------- ---swap-- -----io---- -system-- -------cpu-------
 r  b   swpd   free   buff  cache   si   so    bi    bo   in   cs us sy id wa st gu
45  3  68208 99042788 2320500 75647980    0    0 607344 505580 326159 1699383 48 28 20  4  0  0
85  4  68208 99040300 2320500 75647992    0    0 569888 418752 323167 1731934 48 27 22  3  0  0
92  1  68208 99029920 2320500 75648008    0    0 603760 505752 327979 1691513 46 28 21  5  0  0
88  9  68208 99052648 2320500 75648024    0    0 540032 393720 316720 1675687 47 30 21  3  0  0
45  8  68208 99048048 2320500 75648048    0    0 640544 544516 331889 1686068 47 28 20  6  0  0
81 13  68208 99045644 2320500 75648076    0    0 598368 437328 326197 1745090 48 27 22  3  0  0
51  2  68208 99042352 2320500 75648092    0    0 686912 557176 334767 1693026 47 27 19  7  0  0
41  3  68208 99046352 2320500 75648108    0    0 566832 414892 324300 1706222 47 29 21  3  0  0
109  7  68208 99051220 2320500 75648128    0    0 645072 535700 329085 1665859 47 27 19  6  0  0
64  6  68208 99043560 2320500 75648152    0    0 602688 440820 328761 1750162 48 28 21  3  0  0
76 14  68208 99032300 2320500 75648164    0    0 649120 537208 331006 1666361 45 26 20  9  0  0
62  5  68208 99039952 2320500 75648176    0    0 553408 421672 319246 1682172 47 29 21  3  0  0
36 101  68208 99043372 2320500 75648196    0    0 600512 490712 326098 1681547 46 29 20  5  0  0
63 14  68208 99044856 2320500 75648216    0    0 583696 441544 320665 1675969 47 29 20  4  0  0
50  7  68208 99049684 2320500 75648244    0    0 580880 427152 325656 1706000 48 29 21  3  0  0
60 22  68208 99043316 2320500 75648260    0    0 605376 512668 332973 1734888 48 27 21  4  0  0
72  7  68208 99040132 2320500 75648280    0    0 587840 430052 328541 1737927 48 28 21  3  0  0
43  6  68208 99051260 2320500 75648296    0    0 652016 541068 332063 1704140 47 26 21  7  0  0
52  5  68208 99041968 2320500 75648308    0    0 615024 531404 328790 1690660 47 28 20  5  0  0
