procs -----------memory---------- ---swap-- -----io---- -system-- -------cpu-------
 r  b   swpd   free   buff  cache   si   so    bi    bo   in   cs us sy id wa st gu
 6  3 346584 109159168 2152256 78581024    4    9 27856 33819 9648    6  3  1 96  0  0  0
31  9 346584 109107928 2152380 78580952    0    0 486268 545948 206088 471593 14  5 71 11  0  0
35 10 346584 109164264 2152380 78581116    0    0 983232 813904 273871 830199 25  6 42 27  0  0
29 13 346584 109162320 2152380 78581128    0    0 1094256 698284 278370 839239 24  6 42 27  0  0
24 18 346584 109163620 2152380 78581156    0    0 1120160 726848 280468 842036 24  6 42 28  0  0
28 20 346584 109176812 2152384 78581172    0    0 1120672 719844 282700 835423 24  6 42 28  0  0
26 18 346584 109166716 2152384 78581196    0    0 1117216 715544 282049 847280 24  6 42 28  0  0
37 10 346584 109141944 2152384 78581216    0    0 1050784 683336 270390 872642 26  5 43 26  0  0
11 39 346584 109174864 2152384 78581228    0    0 1112896 737192 284483 835567 24  6 42 28  0  0
18 27 346584 109162604 2152384 78581244    0    0 1142656 743924 284712 807972 22  6 43 28  0  0
37  9 346584 109173712 2152384 78581264    0    0 1106704 690140 279697 841222 24  6 42 27  0  0
33 13 346584 109172820 2152384 78581292    0    0 1061088 721540 277884 859045 25  6 42 27  0  0
20 26 346584 109182080 2152384 78581308    0    0 1115552 743132 284355 822962 23  6 42 29  0  0
41  5 346584 109169928 2152384 78581328    0    0 1091904 721220 279768 841523 24  6 42 28  0  0
21 29 346584 109146988 2152384 78581340    0    0 1080032 721808 276709 827045 24  5 43 29  0  0
32 18 346584 109166452 2152384 78581352    0    0 1075968 715084 278628 849059 25  6 42 27  0  0
11 38 346584 109185964 2152384 78581380    0    0 1013104 729936 273253 862286 25  6 42 26  0  0
20 26 346584 109185908 2152384 78581400    0    0 1056736 740496 280217 838875 25  6 42 27  0  0
15 34 346584 109173668 2152384 78581416    0    0 1085040 758440 283198 848504 24  6 42 27  0  0
29 19 346584 109171520 2152384 78581432    0    0 1115216 749324 284789 844850 24  6 42 28  0  0
23 21 346584 109166548 2152384 78581456    0    0 1090240 723764 276694 850274 24  6 43 27  0  0
procs -----------memory---------- ---swap-- -----io---- -system-- -------cpu-------
 r  b   swpd   free   buff  cache   si   so    bi    bo   in   cs us sy id wa st gu
35 12 346584 109163748 2152384 78581472    0    0 1042416 710576 277502 897550 27  5 43 25  0  0
26 17 346584 109186176 2152384 78581488    0    0 1050800 715256 287107 912576 27  6 42 24  0  0
29 17 346584 109187644 2152384 78581504    0    0 1028944 664948 274727 928537 29  6 42 23  0  0
30 12 346584 109186304 2152384 78581532    0    0 1024256 670832 284145 928122 29  6 42 22  0  0
30  7 346584 109183268 2152384 78581544    0    0 1021776 670220 277921 920777 29  6 42 22  0  0
33 15 346584 109184692 2152384 78581568    0    0 1063520 680644 283237 910311 28  7 42 24  0  0
33 10 346584 109167644 2152384 78581588    0    0 1024048 675924 275564 918658 28  6 43 23  0  0
37  6 346584 109168524 2152384 78581596    0    0 967872 631812 270531 928260 29  6 43 22  0  0
23 24 346584 109191816 2152384 78581628    0    0 1044560 674484 276703 903241 27  6 43 24  0  0
30 11 346584 109184768 2152384 78581640    0    0 1128352 704868 280444 864558 25  6 43 25  0  0
26 22 346584 109172908 2152384 78581660    0    0 1095008 680240 292031 898729 27  6 42 24  0  0
38  6 346584 109182820 2152384 78581692    0    0 1030160 676620 278849 916727 28  6 42 23  0  0
13 33 346584 109170064 2152384 78581704    0    0 1009888 655120 280895 930459 29  7 42 22  0  0
37  8 346584 109145600 2152384 78581728    0    0 1088192 687812 283149 902739 27  5 43 25  0  0
30 13 346584 109175856 2152384 78581740    0    0 1054352 685160 282248 922034 28  6 42 23  0  0
27 11 346584 109178032 2152384 78581756    0    0 1022864 659912 277920 923200 28  7 42 23  0  0
21 14 346584 109186492 2152384 78581780    0    0 1036672 677376 283634 913559 28  7 43 23  0  0
19  5 346584 109184456 2152384 78581792    0    0 1032288 669276 279577 913539 28  7 42 23  0  0
33 13 346584 109174452 2152384 78581820    0    0 1127328 709156 284453 852321 25  6 42 27  0  0
12 36 346584 109174136 2152384 78581844    0    0 1069872 712184 285250 891110 27  6 42 25  0  0
41  8 346584 109132720 2152384 78581852    0    0 1025424 671656 272249 923504 28  5 43 24  0  0
procs -----------memory---------- ---swap-- -----io---- -system-- -------cpu-------
 r  b   swpd   free   buff  cache   si   so    bi    bo   in   cs us sy id wa st gu
20 32 346584 109174812 2152384 78581868    0    0 1036032 682016 280548 905024 27  6 42 24  0  0
19 30 346584 109176624 2152384 78581900    0    0 1025680 664640 279874 905709 27  7 42 24  0  0
46 15 346584 109180452 2152384 78581908    0    0 1011088 654236 278819 917082 28  6 42 23  0  0
25 22 346584 109181992 2152384 78581936    0    0 1073488 676420 283492 914658 28  7 42 24  0  0
20 29 346584 109182196 2152384 78581956    0    0 1041248 677824 283890 932809 28  6 42 23  0  0
17 30 346584 109169312 2152384 78581972    0    0 1036960 670452 281950 929161 28  6 43 23  0  0
11 37 346584 109159312 2152384 78582000    0    0 1037744 689536 275746 925988 28  6 43 23  0  0
13 36 346584 109172568 2152384 78582004    0    0 981312 640980 276531 933014 29  6 43 22  0  0
13 32 346584 109181844 2152384 78582024    0    0 1026320 661296 277691 922789 29  6 42 22  0  0
13 34 346584 109182060 2152384 78582052    0    0 1044880 662224 281562 931701 29  7 42 23  0  0
10 33 346584 109171796 2152384 78582064    0    0 1088176 700940 284994 885642 26  6 44 24  0  0
29 18 346584 109172128 2152384 78582088    0    0 1075616 649492 280758 904790 27  6 43 23  0  0
17 31 346584 109164340 2152384 78582112    0    0 1059872 673216 278942 920232 28  6 43 24  0  0
21 26 346584 109161436 2152384 78582112    0    0 1019984 664108 275503 925123 29  6 43 23  0  0
29 17 346584 109176424 2152384 78582136    0    0 992640 596828 276608 950186 30  7 42 21  0  0
12 36 346584 109181576 2152384 78582160    0    0 1059728 693908 284395 909550 28  6 42 24  0  0
34 13 346584 109174284 2152384 78582172    0    0 1022672 649356 279292 925465 28  7 42 23  0  0
35 12 346584 109175252 2152384 78582200    0    0 1041120 671856 284590 908161 28  6 42 24  0  0
16 29 346584 109172800 2152384 78582212    0    0 978832 633492 276437 948655 30  7 42 21  0  0
35 11 346584 109154240 2152384 78582240    0    0 1022192 663100 275522 931713 29  5 43 23  0  0
19 30 346584 109165548 2152384 78582260    0    0 1004752 661080 274530 922662 29  6 43 22  0  0
procs -----------memory---------- ---swap-- -----io---- -system-- -------cpu-------
 r  b   swpd   free   buff  cache   si   so    bi    bo   in   cs us sy id wa st gu
21 24 346584 109174264 2152384 78582268    0    0 1051008 674832 280180 915807 28  7 42 23  0  0
35 10 346584 109175632 2152384 78582296    0    0 977840 639096 275461 939898 30  6 42 21  0  0
19 30 346584 109178836 2152384 78582316    0    0 1035968 665292 280644 921793 28  7 42 23  0  0
23 26 346584 109177724 2152384 78582328    0    0 1041104 671392 279698 921527 28  6 42 23  0  0
34 11 346584 109179220 2152392 78582356    0    0 1023696 663760 281364 922969 29  7 42 22  0  0
31  7 346584 109154008 2152392 78582380    0    0 1085072 690168 282356 902527 26  5 43 25  0  0
 8 35 346584 109189180 2152392 78582388    0    0 1066800 690728 282094 904980 27  6 42 24  0  0
17 27 346584 109182720 2152392 78582400    0    0 1033824 680048 281049 906615 28  7 42 24  0  0
35 10 346584 109180140 2152392 78582420    0    0 1058832 678708 285195 913198 28  7 42 24  0  0
40  5 346584 109176020 2152392 78582452    0    0 1025856 663312 279680 905091 28  6 42 23  0  0
29 21 346584 109175028 2152392 78582468    0    0 1052752 682056 281342 911825 28  7 42 24  0  0
21 24 346584 109164848 2152392 78582484    0    0 1078480 682964 283478 882412 26  6 42 25  0  0
15 30 346584 109138588 2152392 78582496    0    0 1118752 712276 281333 851998 24  5 45 26  0  0
29 15 346584 109175400 2152392 78582520    0    0 1051632 644712 277741 916085 27  7 43 23  0  0
32 12 346584 109179860 2152392 78582540    0    0 1005456 658072 279796 932777 30  7 42 22  0  0
26 21 346584 109189040 2152392 78582556    0    0 1052336 674696 282818 916653 28  7 42 23  0  0
37 11 346584 109187984 2152392 78582584    0    0 1014656 664088 280898 929303 29  6 42 22  0  0
26 18 346584 109167828 2152392 78582596    0    0 1006704 656928 274462 937206 29  7 42 22  0  0
15 29 346584 109166620 2152392 78582620    0    0 1091408 696060 282226 892490 27  6 42 25  0  0
13 32 346584 109161120 2152396 78582624    0    0 1087568 694920 282514 885670 26  6 43 26  0  0
26 23 346584 109168244 2152396 78582648    0    0 1138096 709792 282127 811243 23  6 42 29  0  0
procs -----------memory---------- ---swap-- -----io---- -system-- -------cpu-------
 r  b   swpd   free   buff  cache   si   so    bi    bo   in   cs us sy id wa st gu
26 18 346584 109170176 2152396 78582668    0    0 1108224 733908 280947 829444 24  6 42 28  0  0
52 13 346584 109174404 2152396 78582688    0    0 1078304 696304 274589 831518 24  6 42 28  0  0
29 19 346584 109161168 2152396 78582712    0    0 1113568 704220 280272 814182 23  6 41 29  0  0
40  9 346584 109153352 2152396 78582724    0    0 1090496 694200 276253 835969 24  6 42 28  0  0
18 29 346584 109154320 2152396 78582744    0    0 1074176 676920 272376 807664 23  5 43 29  0  0
17 31 346584 109142368 2152396 78582756    0    0 1130464 723592 281683 812010 23  5 42 30  0  0
24 24 346584 109141512 2152396 78582776    0    0 1089888 709456 279856 848703 25  6 42 27  0  0
32  9 346584 109155504 2152396 78582796    0    0 1105216 721248 281954 834632 24  6 42 28  0  0
23 23 346584 109165308 2152396 78582812    0    0 1053312 684004 280664 871080 26  6 42 26  0  0
14 34 346584 109169724 2152396 78582836    0    0 1108464 711392 281461 844488 25  6 42 27  0  0
27 21 346584 109153700 2152396 78582856    0    0 1078560 689920 276217 864135 25  6 42 27  0  0
16 30 346584 109160620 2152396 78582880    0    0 1112704 717572 284920 843907 24  5 43 28  0  0
17 30 346584 109148112 2152396 78582892    0    0 1125776 705720 282383 833606 24  6 43 28  0  0
29 15 346584 109156652 2152400 78582904    0    0 1137936 706220 277982 810137 22  6 43 28  0  0
36  7 346584 109153752 2152400 78582940    0    0 1069408 665196 275880 848281 25  6 42 26  0  0
22 29 346584 109147352 2152400 78582956    0    0 1090368 706464 279727 835890 24  6 42 28  0  0
24 29 346584 109166204 2152400 78582976    0    0 1054176 684164 275346 841737 25  6 42 27  0  0
25 27 346584 109158120 2152400 78583000    0    0 1084272 698740 281079 831275 24  6 42 28  0  0
29 11 346584 109161656 2152400 78583016    0    0 1083856 685668 275236 828332 24  5 43 28  0  0
22 26 346584 109147756 2152400 78583028    0    0 1088368 694600 275169 812923 23  6 42 29  0  0
25 17 346584 109165308 2152400 78583052    0    0 1101488 694096 280033 826484 24  6 42 28  0  0
procs -----------memory---------- ---swap-- -----io---- -system-- -------cpu-------
 r  b   swpd   free   buff  cache   si   so    bi    bo   in   cs us sy id wa st gu
32  7 346584 109161320 2152400 78583068    0    0 1092752 707024 275010 837474 24  6 42 28  0  0
17 32 346584 109167292 2152400 78583084    0    0 1093680 707896 280722 839077 24  6 42 28  0  0
20 30 346584 109155164 2152404 78583096    0    0 1111856 708776 280355 829299 24  6 42 28  0  0
20 31 346584 109161412 2152404 78583120    0    0 1010240 650776 270613 870992 27  6 42 25  0  0
15 33 346584 109139452 2152404 78583144    0    0 1117088 705740 279220 823782 23  5 43 29  0  0
31  5 346584 109137904 2152404 78583156    0    0 1106832 689680 280341 843055 24  6 42 28  0  0
17 31 346584 109144440 2152404 78583172    0    0 1099840 704600 281812 838507 24  6 41 28  0  0
31 14 346584 109163544 2152404 78583192    0    0 1060208 680572 278859 841796 25  6 42 27  0  0
29 13 346584 109167076 2152404 78583212    0    0 1107696 719632 282808 818372 24  6 42 29  0  0
39 19 346584 109155084 2152404 78583236    0    0 1061968 689180 277209 835789 25  6 42 27  0  0
32 12 346584 109162984 2152404 78583252    0    0 1096208 689284 280121 814104 23  6 42 29  0  0
15 31 346584 109145504 2152404 78583272    0    0 1134944 720028 279565 816216 23  5 42 30  0  0
16 34 346584 109154016 2152404 78583288    0    0 1059232 684048 272602 821132 24  6 42 28  0  0
25 19 346584 109150092 2152404 78583308    0    0 1109232 704444 275050 811148 22  6 43 29  0  0
15 30 346584 109148308 2152404 78583328    0    0 1146768 692000 274725 782207 21  6 43 30  0  0
19 29 346584 109154744 2152404 78583348    0    0 1112256 692248 278345 825366 23  6 42 29  0  0
34 11 346584 109154472 2152404 78583372    0    0 1075616 681860 277008 837142 24  6 42 27  0  0
22 22 346584 109164520 2152408 78583388    0    0 1113696 708920 281613 820025 23  6 42 29  0  0
24 15 346584 109134304 2152408 78583400    0    0 1062576 684408 274968 840523 25  5 43 28  0  0
14 35 346584 109154384 2152408 78583424    0    0 1123872 715048 283882 813232 23  6 41 29  0  0
11 37 346584 109159264 2152408 78583440    0    0 1083904 680472 274634 832879 24  6 42 28  0  0
procs -----------memory---------- ---swap-- -----io---- -system-- -------cpu-------
 r  b   swpd   free   buff  cache   si   so    bi    bo   in   cs us sy id wa st gu
19 27 346584 109154944 2152408 78583456    0    0 1070192 668148 276653 836312 25  6 42 27  0  0
18 28 346584 109149364 2152408 78583480    0    0 1082928 693636 274727 808725 23  6 42 29  0  0
 9 37 346584 109161232 2152408 78583496    0    0 1084400 642860 275635 851879 25  6 42 27  0  0
14 32 346584 109175168 2152408 78583520    0    0 1039536 711624 274731 815188 23  6 42 28  0  0
13 35 346584 109153412 2152408 78583540    0    0 1099600 694184 272605 817718 23  5 43 29  0  0
18 30 346584 109154308 2152408 78583556    0    0 1080640 664356 273453 803434 23  6 42 29  0  0
14 32 346584 109165144 2152408 78583572    0    0 1032128 658404 271644 799875 23  6 42 29  0  0
 8 40 346584 109150244 2152408 78583596    0    0 1109664 661160 263455 741708 20  6 41 32  0  0
12 37 346584 109154044 2152408 78583620    0    0 1082160 679004 258969 713907 19  5 42 34  0  0
13 32 346584 109136136 2152408 78583632    0    0 1082400 663936 257686 707091 19  5 42 34  0  0
22 25 346584 109117396 2152408 78583656    0    0 1047472 663252 267142 786566 22  5 43 30  0  0
10 36 346584 109121696 2152408 78583668    0    0 1119488 704772 282137 832613 24  5 43 29  0  0
11 34 346584 109137432 2152408 78583684    0    0 1080688 714968 278823 848459 25  6 42 27  0  0
21 26 346584 109159664 2152408 78583704    0    0 1087680 668664 279833 855831 25  6 42 27  0  0
21 25 346584 109146676 2152408 78583724    0    0 1116512 710776 282333 824674 24  6 42 28  0  0
16 34 346584 109142080 2152408 78583740    0    0 1143584 675688 279283 809476 22  6 43 28  0  0
12 36 346584 109155476 2152408 78583764    0    0 1085440 653520 275990 846427 25  6 42 27  0  0
24 20 346584 109161156 2152408 78583780    0    0 1030320 675132 273566 877023 26  6 43 25  0  0
20 30 346584 109143804 2152408 78583796    0    0 1141808 705600 281105 838743 23  5 43 29  0  0
32 16 346584 109171404 2152408 78583812    0    0 1048832 669404 280652 869366 26  6 42 25  0  0
18 31 346584 109174440 2152408 78583836    0    0 1094336 687040 277901 844605 25  6 42 28  0  0
procs -----------memory---------- ---swap-- -----io---- -system-- -------cpu-------
 r  b   swpd   free   buff  cache   si   so    bi    bo   in   cs us sy id wa st gu
37  6 346584 109175012 2152408 78583860    0    0 1030656 650592 273122 876697 27  6 42 25  0  0
31 16 346584 109166476 2152408 78583872    0    0 1048512 687776 276070 859500 26  6 42 26  0  0
28 15 346584 109166688 2152408 78583896    0    0 1025440 653276 270672 889387 27  6 42 24  0  0
21 25 346584 109147868 2152408 78583912    0    0 1118656 700876 276051 839417 24  5 43 28  0  0
24 27 346584 109150588 2152408 78583928    0    0 1066768 671968 273963 862683 26  6 42 26  0  0
29 14 346584 109172876 2152408 78583948    0    0 1070496 678284 276057 857500 25  6 42 27  0  0
33 11 346584 109171276 2152408 78583972    0    0 1089168 696704 280071 842325 24  6 42 27  0  0
29 30 346584 109167536 2152408 78583988    0    0 1077472 677292 278951 845430 25  6 42 27  0  0
23 22 346584 109176060 2152408 78584012    0    0 1058960 684584 275961 855537 25  6 42 26  0  0
26 22 346584 109177524 2152408 78584036    0    0 1111600 704268 284461 832862 24  6 42 28  0  0
10 33 346584 109157712 2152408 78584056    0    0 1097632 686936 278161 833464 24  5 43 28  0  0
23 24 346584 109142960 2152412 78584068    0    0 1116448 696056 277063 826227 24  5 42 29  0  0
24 24 346584 109155576 2152412 78584080    0    0 1087184 685584 279198 858115 25  6 42 27  0  0
32 26 346584 109178380 2152412 78584108    0    0 1081024 701460 278819 848258 25  6 42 27  0  0
21 27 346584 109162160 2152412 78584132    0    0 1051216 670168 277792 862727 26  6 42 26  0  0
23 28 346584 109165204 2152412 78584152    0    0 1094000 709828 280989 830913 24  6 42 28  0  0
14 33 346584 109158916 2152412 78584180    0    0 1113360 702972 278806 821656 23  6 42 29  0  0
20 26 346584 109123172 2152412 78584192    0    0 1165232 713372 277252 790549 21  5 44 30  0  0
21 25 346584 109134008 2152412 78584212    0    0 1086992 669080 276346 849584 25  6 42 27  0  0
22 17 346584 109162868 2152412 78584224    0    0 1137504 727400 283961 821987 23  6 41 29  0  0
27 20 346584 109156324 2152412 78584252    0    0 1095744 701588 278831 831663 24  6 42 28  0  0
procs -----------memory---------- ---swap-- -----io---- -system-- -------cpu-------
 r  b   swpd   free   buff  cache   si   so    bi    bo   in   cs us sy id wa st gu
22 23 346584 109165168 2152412 78584264    0    0 1085472 695576 279243 865189 25  6 42 27  0  0
36 11 346584 109176400 2152412 78584292    0    0 1089888 697892 282659 862683 25  6 42 26  0  0
48 12 346584 109163228 2152412 78584304    0    0 1041936 658936 275038 880596 27  6 42 25  0  0
20 27 346584 109141024 2152412 78584324    0    0 1149744 722844 280240 846250 23  5 43 30  0  0
17 31 346584 109165960 2152412 78584340    0    0 1083648 696924 278647 855254 25  6 42 27  0  0
32 14 346584 109163140 2152416 78584360    0    0 1043872 667452 276065 869636 26  6 42 26  0  0
35 11 346584 109173864 2152416 78584372    0    0 1097536 691316 279044 855568 25  6 42 27  0  0
37 10 346584 109173276 2152416 78584392    0    0 1049072 675064 277029 865564 26  6 42 26  0  0
25 25 346584 109160900 2152416 78584412    0    0 1066400 700960 280310 868389 26  6 42 26  0  0
31 14 346584 109168568 2152416 78584428    0    0 1106704 705492 284800 851782 25  6 42 27  0  0
25 23 346584 109139320 2152416 78584448    0    0 1118240 705276 279372 846063 24  5 42 29  0  0
22 24 346584 109157452 2152416 78584456    0    0 1097936 702304 282423 843416 25  6 42 27  0  0
17 29 346584 109156912 2152416 78584484    0    0 1081088 688008 277998 852665 25  6 42 27  0  0
33 29 346584 109166628 2152416 78584500    0    0 1067632 673852 274237 857994 25  6 42 27  0  0
18 29 346584 109165276 2152416 78584516    0    0 1115008 692168 281409 836190 24  6 42 28  0  0
19 29 346584 109155588 2152416 78584532    0    0 1103184 707728 280517 832515 24  6 42 28  0  0
23 29 346584 109169760 2152416 78584556    0    0 1061728 697080 278317 860109 25  6 42 27  0  0
20 26 346584 109142508 2152416 78584572    0    0 1158208 729432 280902 814968 22  5 42 31  0  0
18 27 346584 109155744 2152416 78584592    0    0 1098816 709384 277321 822817 23  6 43 28  0  0
32 13 346584 109148124 2152416 78584612    0    0 1099776 669072 273259 815193 23  6 43 28  0  0
30 15 346584 109162444 2152416 78584632    0    0 1068832 658704 270072 843445 25  6 42 28  0  0
procs -----------memory---------- ---swap-- -----io---- -system-- -------cpu-------
 r  b   swpd   free   buff  cache   si   so    bi    bo   in   cs us sy id wa st gu
14 33 346584 109161280 2152416 78584656    0    0 1103600 702500 281136 822073 24  6 42 29  0  0
17 29 346584 109158888 2152416 78584664    0    0 1055744 682268 279189 872987 26  6 42 26  0  0
32  9 346584 109151452 2152416 78584696    0    0 1086192 694412 281157 861083 25  6 42 27  0  0
30 11 346584 109147508 2152416 78584712    0    0 1066048 680016 279526 871048 26  5 43 26  0  0
17 29 346584 109158824 2152420 78584724    0    0 1086368 684352 280218 872713 26  6 42 26  0  0
33 13 346584 109149592 2152420 78584736    0    0 1072912 691316 278066 871694 25  6 42 26  0  0
33 15 346584 109149768 2152420 78584768    0    0 1089808 682340 279862 858412 25  6 42 27  0  0
33 10 346584 109165260 2152420 78584800    0    0 1037808 670132 277261 897271 28  6 42 24  0  0
20 28 346584 109168912 2152420 78584812    0    0 1034592 679884 279223 882717 27  6 42 25  0  0
31 14 346584 109163212 2152424 78584832    0    0 1035136 664228 277780 916668 28  6 42 24  0  0
31 10 346584 109163740 2152424 78584848    0    0 1031584 653360 274337 873251 26  5 43 25  0  0
29 11 346584 109152020 2152424 78584860    0    0 1013120 657380 276091 914666 28  6 42 23  0  0
15 32 346584 109165748 2152424 78584880    0    0 1106576 699716 285915 856418 25  6 42 27  0  0
47 15 346584 109167972 2152424 78584908    0    0 1073888 694884 281716 851478 25  6 42 27  0  0
22 25 346584 109166448 2152424 78584924    0    0 1082672 693452 278415 859027 25  6 42 27  0  0
19 29 346584 109158772 2152424 78584948    0    0 1086160 693808 278342 851520 25  6 42 27  0  0
18 30 346584 109140792 2152424 78584960    0    0 1077216 700624 276664 868317 26  5 42 27  0  0
22  7 346584 109148964 2152424 78584976    0    0 1057504 680188 279292 887803 26  6 43 25  0  0
33 10 346584 109145340 2152424 78584992    0    0 1054064 679952 280770 883545 27  6 42 25  0  0
25 18 346584 109164160 2152424 78585012    0    0 1064672 682676 277843 889426 27  6 42 25  0  0
41 21 346584 109166816 2152424 78585028    0    0 1072720 689072 280827 860753 25  6 42 26  0  0
procs -----------memory---------- ---swap-- -----io---- -system-- -------cpu-------
 r  b   swpd   free   buff  cache   si   so    bi    bo   in   cs us sy id wa st gu
20 29 346584 109155712 2152424 78585044    0    0 1164576 728312 279828 803815 21  6 43 29  0  0
28 17 346584 109159072 2152424 78585068    0    0 1127104 692312 284648 849418 24  6 42 28  0  0
17 28 346584 109143772 2152424 78585088    0    0 1030064 674452 275923 891392 27  5 43 25  0  0
27 19 346584 109147924 2152424 78585100    0    0 1050704 678408 278458 885302 26  6 43 25  0  0
42  6 346584 109165728 2152424 78585112    0    0 1122320 698024 287953 861725 25  6 42 27  0  0
19 30 346584 109163876 2152424 78585132    0    0 1086496 703088 283434 876694 26  6 42 26  0  0
19 28 346584 109156944 2152424 78585164    0    0 1104848 707184 283550 852992 25  6 42 27  0  0
29 25 346584 109148352 2152424 78585180    0    0 1069888 690348 276939 863960 25  6 42 26  0  0
28 14 346584 109174740 2152428 78585196    0    0 1065120 678324 278228 858043 26  6 42 26  0  0
48 14 346584 109158476 2152428 78585216    0    0 1097408 720040 275698 847303 24  5 43 28  0  0
18 19 346584 109163732 2152428 78585228    0    0 1090352 700716 279735 856448 25  6 42 27  0  0
38 10 346584 109170004 2152428 78585252    0    0 1067728 677092 280214 872756 26  6 42 26  0  0
19 28 346584 109172888 2152428 78585276    0    0 1063216 685000 281185 880756 26  6 42 26  0  0
33 14 346584 109160520 2152432 78585296    0    0 1105008 707872 286640 858886 25  6 42 27  0  0
18 27 346584 109164024 2152432 78585312    0    0 1067120 690812 278005 869561 26  6 42 26  0  0
13 32 346584 109175912 2152432 78585336    0    0 1072320 688296 283482 897992 27  6 42 25  0  0
10 36 346584 109155868 2152432 78585348    0    0 1050048 678660 274894 901000 27  5 43 25  0  0
13 33 346584 109160052 2152432 78585368    0    0 1062480 697952 281028 895893 27  6 42 25  0  0
18 30 346584 109155476 2152436 78585388    0    0 1093440 700608 282087 888205 26  6 42 26  0  0
19 29 346584 109179464 2152436 78585404    0    0 1038864 671796 277666 909185 28  6 42 24  0  0
17 33 346584 109172976 2152436 78585432    0    0 1074640 698424 282245 894296 26  6 42 25  0  0
procs -----------memory---------- ---swap-- -----io---- -system-- -------cpu-------
 r  b   swpd   free   buff  cache   si   so    bi    bo   in   cs us sy id wa st gu
21 27 346584 109166376 2152436 78585448    0    0 1063616 682796 282255 886979 27  6 42 25  0  0
20 27 346584 109167820 2152436 78585472    0    0 1001776 631916 275593 913137 28  6 42 23  0  0
17 30 346584 109129632 2152440 78585480    0    0 1150160 731532 278417 813303 21  5 45 29  0  0
16 32 346584 109145504 2152440 78585496    0    0 1121968 659832 277438 872437 25  6 42 27  0  0
24 28 346584 109167020 2152440 78585512    0    0 1094496 702068 282821 898756 27  6 42 25  0  0
21 26 346584 109169012 2152440 78585536    0    0 1037248 647132 277347 918305 28  6 42 23  0  0
15 33 346584 109172760 2152440 78585560    0    0 1057632 706164 281076 869577 26  6 42 26  0  0
16 32 346584 109175552 2152440 78585580    0    0 1076464 672632 282461 889496 27  6 42 25  0  0
24 23 346584 109166516 2152440 78585600    0    0 1108400 719156 285333 887214 25  6 42 26  0  0
14 36 346584 109144984 2152440 78585612    0    0 1048128 679000 274025 906505 27  5 43 25  0  0
22 26 346584 109159604 2152440 78585636    0    0 981216 642828 273379 942479 29  6 42 22  0  0
33  7 346584 109165828 2152440 78585644    0    0 1086832 702004 285423 887345 26  6 42 25  0  0
29 17 346584 109167276 2152440 78585668    0    0 1090304 693312 285365 898294 27  7 42 25  0  0
20 23 346584 109162292 2152440 78585692    0    0 1053552 686444 283728 910232 28  6 42 24  0  0
41  6 346584 109177480 2152440 78585712    0    0 1039152 667172 279662 915679 28  6 42 24  0  0
26 12 346584 109173368 2152440 78585728    0    0 1033680 668744 276447 912896 28  6 42 24  0  0
14 30 346584 109144120 2152440 78585744    0    0 1046816 679416 276101 897258 26  5 43 25  0  0
25 25 346584 109163516 2152444 78585764    0    0 1042496 699776 278669 887106 27  6 42 25  0  0
33 11 346584 109178076 2152444 78585796    0    0 1061696 673836 284079 909049 27  6 42 24  0  0
42  8 346584 109178296 2152444 78585804    0    0 1089952 700112 280858 894336 26  6 42 26  0  0
23 27 346584 109185176 2152444 78585824    0    0 1100064 710868 283517 862119 25  6 42 27  0  0
procs -----------memory---------- ---swap-- -----io---- -system-- -------cpu-------
 r  b   swpd   free   buff  cache   si   so    bi    bo   in   cs us sy id wa st gu
30 16 346584 109179412 2152444 78585856    0    0 1060304 678992 279107 874216 26  6 42 26  0  0
37  6 346584 109171180 2152444 78585860    0    0 1115088 713492 282280 854532 25  6 42 28  0  0
31 17 346584 109159640 2152444 78585876    0    0 1065040 684860 277814 869061 26  5 43 26  0  0
29 20 346584 109179188 2152444 78585904    0    0 1108880 724556 279559 856213 25  6 42 28  0  0
23 25 346584 109174808 2152444 78585916    0    0 1135552 720144 279909 814738 22  6 43 28  0  0
26  8 346584 109160928 2152444 78585952    0    0 1147424 681528 280301 829443 23  6 43 28  0  0
14 30 346584 109152884 2152444 78585964    0    0 1098848 705512 284529 855370 25  6 42 27  0  0
26 18 346584 109150396 2152444 78585988    0    0 1082832 698544 278923 848311 25  6 42 27  0  0
34 12 346584 109152044 2152444 78586000    0    0 1064048 687100 274590 878292 26  6 42 26  0  0
37  6 346584 109161724 2152444 78586012    0    0 1049840 688168 280423 905144 27  6 43 25  0  0
28 19 346584 109174436 2152444 78586040    0    0 1054432 669936 281058 891887 27  6 42 25  0  0
51  8 346584 109185636 2152448 78586056    0    0 1041312 686944 278837 904945 27  6 42 24  0  0
22 22 346584 109170060 2152448 78586076    0    0 1062928 681036 281869 904251 27  6 42 25  0  0
36  9 346584 109176760 2152448 78586096    0    0 1053376 671716 280122 914543 28  6 42 24  0  0
32 11 346584 109176008 2152448 78586116    0    0 1012656 671680 279611 930642 29  6 42 23  0  0
12 31 346584 109155436 2152448 78586132    0    0 1087200 689684 281907 909748 27  6 43 25  0  0
17 30 346584 109174176 2152448 78586144    0    0 1026592 675200 275696 906552 27  6 43 24  0  0
17 29 346584 109171980 2152448 78586160    0    0 1085024 705404 280429 881809 26  6 42 26  0  0
18 27 346584 109174680 2152448 78586180    0    0 1063664 681096 284614 916739 28  6 42 24  0  0
35 13 346584 109179496 2152448 78586204    0    0 1039472 681812 283203 924084 28  6 42 23  0  0
30  3 346584 109178944 2152448 78586228    0    0 1039120 665296 280863 924650 29  6 42 23  0  0
procs -----------memory---------- ---swap-- -----io---- -system-- -------cpu-------
 r  b   swpd   free   buff  cache   si   so    bi    bo   in   cs us sy id wa st gu
25 20 346584 109177276 2152448 78586244    0    0 1024016 661776 279948 921593 28  6 42 23  0  0
28 14 346584 109150728 2152448 78586272    0    0 1043168 674472 274033 907541 27  5 43 24  0  0
32 13 346584 109159888 2152448 78586284    0    0 1049984 676496 278365 880718 27  6 42 25  0  0
20 27 346584 109177852 2152448 78586312    0    0 1060000 674864 278734 883871 26  6 42 25  0  0
33 11 346584 109175648 2152448 78586332    0    0 1084896 710052 278998 882058 26  6 42 26  0  0
27 20 346584 109167884 2152448 78586348    0    0 1046848 680868 278704 915661 28  6 42 24  0  0
19 28 346584 109173036 2152448 78586368    0    0 1042752 665920 280619 917266 28  6 42 23  0  0
23 21 346584 109166528 2152448 78586392    0    0 1096240 699816 280438 866725 25  6 44 25  0  0
35 12 346584 109131940 2152448 78586404    0    0 1074624 669328 276614 913895 27  5 43 24  0  0
35  9 346584 109162640 2152448 78586424    0    0 1004688 662008 277457 939065 29  6 42 22  0  0
14 36 346584 109179380 2152448 78586444    0    0 1052000 672656 282891 917999 28  6 42 24  0  0
24 25 346584 109185148 2152448 78586468    0    0 986176 654156 273575 945480 29  7 42 22  0  0
31 14 346584 109182744 2152448 78586484    0    0 996240 641008 280360 957894 30  7 42 21  0  0
22 24 346584 109179264 2152448 78586500    0    0 1066240 688856 285838 924601 28  6 42 24  0  0
19 30 346584 109165796 2152448 78586520    0    0 990656 655900 275806 951452 30  6 43 21  0  0
31  9 346584 109156904 2152448 78586536    0    0 996032 632668 275780 952822 30  6 43 21  0  0
41  8 346584 109168052 2152448 78586556    0    0 1007200 660288 275316 952082 29  7 42 22  0  0
17 30 346584 109177140 2152448 78586576    0    0 1019088 661384 282239 934168 29  7 43 22  0  0
26 20 346584 109178532 2152448 78586600    0    0 1031280 672656 279687 923124 28  6 42 23  0  0
15 31 346584 109169980 2152448 78586620    0    0 1051232 710288 283893 917539 28  6 42 24  0  0
38  9 346584 109181592 2152448 78586644    0    0 1025456 659812 282415 943827 29  7 42 22  0  0
procs -----------memory---------- ---swap-- -----io---- -system-- -------cpu-------
 r  b   swpd   free   buff  cache   si   so    bi    bo   in   cs us sy id wa st gu
23 24 346584 109155316 2152448 78586664    0    0 1027280 670976 277796 937063 29  5 43 23  0  0
33 13 346584 109165656 2152448 78586668    0    0 1014768 664832 277732 956747 30  6 43 22  0  0
15 32 346584 109183644 2152448 78586692    0    0 1006496 653016 279871 950013 30  7 42 21  0  0
37 10 346584 109177344 2152448 78586704    0    0 1049200 674960 288120 935780 29  7 42 23  0  0
26 22 346584 109184316 2152448 78586732    0    0 1015744 637320 281324 959322 30  6 42 21  0  0
14 33 346584 109174468 2152448 78586752    0    0 987024 681016 274789 942377 29  6 42 22  0  0
22 24 346584 109165356 2152448 78586776    0    0 1039856 672332 281366 941385 29  7 42 23  0  0
14 33 346584 109136304 2152448 78586784    0    0 991120 626288 270700 959387 30  5 44 21  0  0
18 26 346584 109161900 2152448 78586800    0    0 1034080 668344 279338 936641 29  6 42 23  0  0
14 32 346584 109175504 2152448 78586812    0    0 1041824 649524 276562 920188 28  6 42 23  0  0
16 29 346584 109176664 2152448 78586848    0    0 1088496 685192 281022 882498 26  6 43 25  0  0
19 33 346584 109158316 2152448 78586864    0    0 1137296 702588 282619 854959 24  6 43 27  0  0
42  5 346584 109167412 2152448 78586880    0    0 1103184 691804 278646 881952 26  6 42 26  0  0
40 14 346584 109174484 2152448 78586904    0    0 1013424 678020 279913 910862 28  6 42 23  0  0
36 11 346584 109150224 2152448 78586924    0    0 1017040 665764 275280 937722 28  5 44 23  0  0
30 16 346584 109179832 2152448 78586940    0    0 996256 649788 274959 942982 29  6 43 22  0  0
23 24 346584 109186072 2152448 78586960    0    0 1049328 679048 280935 910485 28  6 42 24  0  0
23 28 346584 109183392 2152448 78586976    0    0 1080816 694456 286675 913950 27  7 42 24  0  0
29 15 346584 109167572 2152448 78586996    0    0 1081088 705984 285372 918773 27  6 42 24  0  0
26 22 346584 109169144 2152448 78587012    0    0 977536 644516 277083 949676 30  6 42 21  0  0
31 11 346584 109169500 2152448 78587036    0    0 1053856 697660 283563 908364 28  6 42 24  0  0
procs -----------memory---------- ---swap-- -----io---- -system-- -------cpu-------
 r  b   swpd   free   buff  cache   si   so    bi    bo   in   cs us sy id wa st gu
21 27 346584 109151184 2152448 78587052    0    0 1044128 679264 280795 926268 28  5 43 23  0  0
17 29 346584 109166336 2152448 78587068    0    0 1058976 688364 283998 921759 28  7 42 24  0  0
23 24 346584 109158936 2152448 78587084    0    0 1038192 667884 280103 938972 29  7 41 23  0  0
30 14 346584 109178696 2152448 78587112    0    0 1047664 687608 282322 923338 28  6 42 23  0  0
22 25 346584 109181256 2152448 78587128    0    0 1017344 669068 279208 933341 29  7 42 22  0  0
19 30 346584 109164776 2152448 78587152    0    0 1047264 679596 277585 923211 27  6 42 24  0  0
27 21 346584 109165536 2152448 78587168    0    0 1056464 693112 279812 907843 27  6 43 24  0  0
17 29 346584 109145844 2152448 78587180    0    0 1056368 677364 275891 912414 27  6 43 25  0  0
43  2 346584 109169136 2152448 78587204    0    0 1031920 666684 279048 930468 28  6 42 23  0  0
22 25 346584 109161628 2152448 78587228    0    0 1076736 696580 285375 911827 27  6 42 24  0  0
17 31 346584 109174216 2152448 78587236    0    0 1027248 665500 283149 941640 29  6 42 22  0  0
10 37 346584 109166924 2152448 78587268    0    0 1015168 671436 278292 932293 29  6 42 22  0  0
32  5 346584 109175552 2152448 78587288    0    0 1048848 676712 286684 929398 28  7 42 23  0  0
30 14 346584 109155400 2152448 78587300    0    0 1039504 697192 274953 905858 27  6 44 24  0  0
33 11 346584 109159892 2152452 78587316    0    0 1091072 685116 277076 884034 26  6 44 25  0  0
32 14 346584 109170816 2152452 78587332    0    0 1012848 641620 279146 929658 29  6 43 22  0  0
14 31 346584 109184748 2152452 78587356    0    0 1033856 669544 280819 928476 28  6 42 23  0  0
31  8 346584 109182476 2152452 78587372    0    0 1007584 646848 279318 941920 29  6 43 22  0  0
33 14 346584 109161160 2152452 78587384    0    0 1053792 689744 282095 926351 28  7 42 23  0  0
32 13 346584 109163764 2152452 78587412    0    0 1009184 657000 278917 938214 30  6 42 22  0  0
26 11 346584 109138132 2152452 78587428    0    0 1009936 661940 276434 929357 28  5 43 23  0  0
procs -----------memory---------- ---swap-- -----io---- -system-- -------cpu-------
 r  b   swpd   free   buff  cache   si   so    bi    bo   in   cs us sy id wa st gu
32 15 346584 109161244 2152452 78587444    0    0 1050320 672628 277351 903846 27  6 42 24  0  0
33  8 346584 109176548 2152452 78587468    0    0 978608 644464 274329 942637 29  7 43 21  0  0
20 26 346584 109171992 2152452 78587484    0    0 1014704 659396 279768 933158 29  6 42 22  0  0
28 20 346584 109157700 2152452 78587508    0    0 1006752 651628 278336 942643 29  7 43 22  0  0
23 22 346584 109159332 2152452 78587528    0    0 976640 641764 274736 943507 30  6 43 21  0  0
15 33 346584 109156708 2152452 78587544    0    0 996016 654544 278486 944744 30  6 42 22  0  0
21 22 346584 109132844 2152452 78587560    0    0 1026720 662164 276248 944476 29  5 43 23  0  0
21 30 346584 109157888 2152452 78587584    0    0 1018736 668520 273495 928166 28  6 43 23  0  0
22 26 346584 109169588 2152452 78587604    0    0 1010960 681936 276642 926906 29  6 42 23  0  0
26 25 346584 109168972 2152452 78587628    0    0 1006464 647324 276488 951020 29  7 42 22  0  0
12 36 346584 109185408 2152452 78587644    0    0 973232 636384 276343 955707 30  7 43 21  0  0
13 33 346584 109175632 2152452 78587660    0    0 1076832 682764 285007 913459 27  7 42 24  0  0
15 31 346584 109170520 2152452 78587680    0    0 1048976 676644 284205 926176 28  7 42 23  0  0
20 30 346584 109142384 2152452 78587692    0    0 999760 658248 275494 944688 29  5 44 22  0  0
34 12 346584 109155652 2152452 78587712    0    0 1017552 658772 281697 931446 29  6 42 22  0  0
15 35 346584 109166800 2152452 78587732    0    0 1018656 650376 275234 929046 29  6 42 23  0  0
35 12 346584 109160608 2152452 78587752    0    0 1027232 620592 276457 935115 29  6 42 22  0  0
35 12 346584 109184668 2152452 78587772    0    0 1065120 746068 287639 887078 26  6 43 25  0  0
18 31 346584 109173136 2152452 78587796    0    0 1111840 687336 284065 879631 26  6 43 25  0  0
17 30 346584 109168820 2152452 78587820    0    0 1067040 661432 282397 917942 28  6 42 24  0  0
39  7 346584 109145476 2152452 78587828    0    0 1001392 621388 273198 958767 30  5 43 21  0  0
procs -----------memory---------- ---swap-- -----io---- -system-- -------cpu-------
 r  b   swpd   free   buff  cache   si   so    bi    bo   in   cs us sy id wa st gu
39 10 346584 109156792 2152452 78587844    0    0 985344 658744 273880 947449 29  6 42 22  0  0
21 26 346584 109165868 2152452 78587864    0    0 971696 633756 274005 955038 30  6 42 21  0  0
37 10 346584 109158400 2152452 78587888    0    0 998448 647020 276307 941698 29  7 43 22  0  0
36 12 346584 109163716 2152452 78587904    0    0 934032 623488 274535 988236 32  7 43 19  0  0
34 10 346584 109157952 2152452 78587928    0    0 959888 628056 275449 985040 31  7 43 19  0  0
16 29 346584 109172168 2152452 78587948    0    0 973408 654416 276799 977767 31  6 43 20  0  0
34 17 346584 109144068 2152452 78587960    0    0 1014880 653256 278065 964381 30  6 44 21  0  0
17 32 346584 109172992 2152452 78587976    0    0 1013744 652312 284516 968319 30  6 43 21  0  0
40  6 346584 109172456 2152452 78588000    0    0 988912 642700 279091 970197 30  7 43 20  0  0
16 32 346584 109194500 2152452 78588016    0    0 1026880 679776 280273 945826 29  6 42 22  0  0
36  9 346584 109181076 2152452 78588036    0    0 991472 652516 279615 960645 30  7 43 21  0  0
31 17 346584 109183792 2152452 78588060    0    0 1002864 656224 280128 958839 30  7 42 21  0  0
25 18 346584 109169688 2152452 78588076    0    0 971408 637412 275629 974437 31  6 44 20  0  0
36  8 346584 109155472 2152452 78588088    0    0 947440 621408 274161 989504 32  6 43 19  0  0
25 18 346584 109162772 2152452 78588104    0    0 976288 640528 277837 976447 31  7 43 20  0  0
37  7 346584 109173960 2152456 78588128    0    0 967696 636612 275966 974896 31  7 43 20  0  0
16 31 346584 109172496 2152456 78588152    0    0 955568 636380 273364 986355 32  7 43 19  0  0
37  5 346584 109174520 2152456 78588168    0    0 959488 651492 272953 969345 31  7 43 20  0  0
12 32 346584 109165144 2152456 78588192    0    0 1000720 654436 281786 966215 30  7 43 21  0  0
32  9 346584 109158508 2152456 78588208    0    0 1013248 655752 280485 963952 30  6 43 21  0  0
43  5 346584 109160244 2152456 78588220    0    0 986288 639732 272082 977836 31  6 43 20  0  0
procs -----------memory---------- ---swap-- -----io---- -system-- -------cpu-------
 r  b   swpd   free   buff  cache   si   so    bi    bo   in   cs us sy id wa st gu
35 13 346584 109166468 2152456 78588244    0    0 997248 661952 279323 970765 30  7 43 20  0  0
18 28 346584 109166196 2152456 78588260    0    0 1023248 669752 278831 937820 29  7 44 21  0  0
20 20 346584 109170472 2152456 78588284    0    0 1059152 658940 280955 929374 28  6 44 22  0  0
16 30 346584 109191876 2152456 78588296    0    0 1052336 677936 283815 949201 29  7 42 22  0  0
11  7 346584 109179612 2152456 78588320    0    0 989072 648532 276937 963859 30  7 42 21  0  0
27 16 346584 109162728 2152456 78588332    0    0 949392 624476 269671 971047 31  6 44 20  0  0
37 10 346584 109162976 2152456 78588348    0    0 968880 633232 276579 965913 31  6 43 20  0  0
22 28 346584 109177212 2152456 78588372    0    0 914480 528416 265498 1015346 34  7 43 17  0  0
32 16 346584 109175160 2152456 78588392    0    0 977040 713380 281731 955207 30  7 43 21  0  0
13 32 346584 109177864 2152456 78588412    0    0 982192 625796 276541 981075 31  7 42 20  0  0
13 32 346584 109167524 2152456 78588432    0    0 956304 598132 273346 990925 32  7 43 19  0  0
15 35 346584 109183932 2152456 78588452    0    0 962000 637208 275625 979698 31  7 42 19  0  0
22 26 346584 109153660 2152456 78588472    0    0 954416 627416 268840 988050 31  5 44 20  0  0
34 16 346584 109155416 2152456 78588488    0    0 991312 629876 277348 970190 31  7 43 20  0  0
27 23 346584 109153904 2152456 78588516    0    0 953792 633180 273443 986452 31  7 42 19  0  0
30 15 346584 109161800 2152456 78588532    0    0 984016 642344 275507 971450 31  7 43 20  0  0
33 11 346584 109174644 2152456 78588552    0    0 965344 631360 271678 978730 31  7 43 19  0  0
14 33 346584 109184108 2152456 78588568    0    0 994432 647608 277655 972884 31  7 42 20  0  0
29 17 346584 109180292 2152456 78588596    0    0 999136 651732 280558 969140 31  6 43 20  0  0
13 36 346584 109148240 2152456 78588604    0    0 999216 655484 275572 974640 30  5 43 21  0  0
31 10 346584 109159208 2152456 78588624    0    0 977744 656608 278101 962849 30  7 43 20  0  0
procs -----------memory---------- ---swap-- -----io---- -system-- -------cpu-------
 r  b   swpd   free   buff  cache   si   so    bi    bo   in   cs us sy id wa st gu
30 15 346584 109170216 2152456 78588640    0    0 1030928 660412 284588 943259 29  6 43 22  0  0
21 24 346584 109162668 2152456 78588660    0    0 951952 625460 276060 974898 31  7 43 20  0  0
42  5 346584 109180448 2152456 78588688    0    0 964880 633760 274538 971314 31  6 43 20  0  0
32  5 346584 109174428 2152456 78588708    0    0 966768 638320 274622 979347 31  7 43 20  0  0
33 12 346584 109160708 2152456 78588728    0    0 953152 614428 274453 989440 32  6 43 19  0  0
35  9 346584 109161560 2152456 78588736    0    0 970480 643592 271452 979791 31  6 43 20  0  0
14 30 346584 109173056 2152456 78588760    0    0 983696 648988 274472 949657 30  6 44 20  0  0
33 10 346584 109174072 2152456 78588784    0    0 1111808 685096 283413 913190 27  7 43 23  0  0
40  9 346584 109180824 2152456 78588800    0    0 1035888 654108 283414 950834 29  7 43 21  0  0
34 12 346584 109177124 2152456 78588820    0    0 969856 643188 275994 980224 31  7 43 20  0  0
30 13 346584 109165876 2152456 78588836    0    0 983472 648500 277248 971315 31  7 43 20  0  0
32  9 346584 109156064 2152456 78588856    0    0 991888 636436 275523 976431 31  6 43 20  0  0
33 10 346584 109166064 2152456 78588872    0    0 999408 645732 281186 978526 30  6 43 20  0  0
26 13 346584 109165748 2152456 78588892    0    0 967920 633956 277110 971687 31  7 43 20  0  0
32 14 346584 109173164 2152456 78588908    0    0 958816 638892 274222 974106 31  7 43 20  0  0
41  7 346584 109176508 2152456 78588928    0    0 1022544 669200 282289 955550 30  7 42 21  0  0
37  8 346584 109183508 2152456 78588952    0    0 989680 651372 275145 952500 30  6 43 21  0  0
37 10 346584 109173640 2152456 78588968    0    0 991600 633768 277250 962199 30  7 43 21  0  0
29  9 346584 109138976 2152460 78588984    0    0 958784 631772 274977 975835 31  6 44 20  0  0
29 17 346584 109156060 2152460 78588996    0    0 919424 611500 270079 979303 32  6 44 18  0  0
28 14 346584 109162112 2152460 78589016    0    0 966400 630432 275160 976426 31  7 43 19  0  0
procs -----------memory---------- ---swap-- -----io---- -system-- -------cpu-------
 r  b   swpd   free   buff  cache   si   so    bi    bo   in   cs us sy id wa st gu
39 20 346584 109170852 2152460 78589040    0    0 960864 633744 274676 983145 31  7 43 19  0  0
21 27 346584 109164828 2152460 78589064    0    0 961904 655192 276047 970443 31  7 43 20  0  0
19 27 346584 109182460 2152464 78589080    0    0 941984 622620 271973 982276 32  7 43 19  0  0
46 13 346584 109186788 2152464 78589104    0    0 1029984 676672 280195 957980 29  7 42 22  0  0
41  3 346584 109160336 2152464 78589116    0    0 965136 641356 271535 973892 31  5 44 20  0  0
39  7 346584 109167920 2152464 78589132    0    0 967744 632464 276188 987659 31  6 43 19  0  0
20 26 346584 109172904 2152464 78589156    0    0 953600 631548 275095 983786 32  7 43 19  0  0
31 13 346584 109173620 2152464 78589172    0    0 973488 634564 279887 974786 31  7 43 20  0  0
18 28 346584 109182832 2152464 78589192    0    0 1017216 664200 282660 961806 30  7 43 21  0  0
19 26 346584 109177984 2152464 78589224    0    0 934864 590936 270321 1004550 32  7 43 18  0  0
23 26 346584 109168476 2152464 78589240    0    0 977232 683184 278216 962218 30  7 43 21  0  0
19 24 346584 109139720 2152464 78589252    0    0 982240 635012 270061 957319 30  5 44 21  0  0
10 36 346584 109156852 2152464 78589272    0    0 1051520 676804 277339 898748 26  6 44 23  0  0
20 24 346584 109169680 2152464 78589288    0    0 1076416 654624 279747 912734 27  7 42 24  0  0
11 38 346584 109177892 2152464 78589308    0    0 1000512 638176 273999 929421 29  6 42 22  0  0
21 29 346584 109175116 2152464 78589328    0    0 1018816 654704 270572 883394 27  6 42 25  0  0
17 31 346584 109177332 2152464 78589344    0    0 1009648 671420 279228 969972 30  7 42 21  0  0
25  8 346584 109166388 2152464 78589368    0    0 985472 608176 275954 985173 32  6 42 19  0  0
25 21 346584 109134044 2152464 78589380    0    0 974208 652304 272653 978327 31  5 43 20  0  0
34 13 346584 109160656 2152464 78589400    0    0 988224 638948 274303 964170 30  7 43 20  0  0
29 21 346584 109175060 2152464 78589420    0    0 955056 630312 275144 979322 31  7 43 19  0  0
procs -----------memory---------- ---swap-- -----io---- -system-- -------cpu-------
 r  b   swpd   free   buff  cache   si   so    bi    bo   in   cs us sy id wa st gu
38  8 346584 109170028 2152464 78589440    0    0 960400 638144 276037 977461 31  7 43 20  0  0
14 35 346584 109167824 2152464 78589468    0    0 930976 614404 271603 984126 32  6 43 19  0  0
31 16 346584 109169148 2152464 78589484    0    0 986176 644800 278614 980509 31  7 43 20  0  0
30 15 346584 109173060 2152464 78589504    0    0 1008336 672028 279946 964165 30  6 43 21  0  0
35 11 346584 109149680 2152464 78589512    0    0 962048 641500 268672 980383 31  6 44 20  0  0
34 12 346584 109169064 2152464 78589532    0    0 965872 627124 275394 968140 31  7 43 20  0  0
20 29 346584 109165036 2152464 78589556    0    0 953216 638812 272446 966501 31  7 43 20  0  0
35 28 346584 109184900 2152464 78589576    0    0 1056256 665560 280490 895644 27  6 42 25  0  0
23 25 346584 109171428 2152464 78589592    0    0 1087888 701324 281709 880151 26  7 42 26  0  0
46  7 346584 109167556 2152464 78589608    0    0 1051232 679952 276208 878679 26  6 42 26  0  0
25 21 346584 109161296 2152464 78589668    0    0 1007328 680604 280291 966264 30  6 43 21  0  0
34 12 346584 109159376 2152464 78589688    0    0 964848 650524 272590 973688 31  6 43 20  0  0
39 10 346584 109158928 2152464 78589712    0    0 929232 612088 268769 984804 32  7 43 19  0  0
41  7 346584 109158908 2152464 78589732    0    0 978096 647248 280019 971038 31  7 42 20  0  0
20 27 346584 109175180 2152464 78589748    0    0 986208 640288 276379 962710 30  7 43 20  0  0
28 16 346584 109177876 2152464 78589768    0    0 965632 632608 275539 975886 31  7 43 19  0  0
35 11 346584 109181020 2152468 78589796    0    0 1004720 660380 280186 950960 29  7 43 20  0  0
30  8 346584 109154888 2152468 78589808    0    0 1047072 657948 274958 929796 28  5 45 22  0  0
41  7 346584 109154952 2152468 78589820    0    0 974224 625804 276268 977256 31  6 43 20  0  0
19 30 346584 109171040 2152468 78589844    0    0 958656 632476 277872 993148 31  7 43 19  0  0
35  8 346584 109172752 2152468 78589864    0    0 999312 645828 280513 974877 30  7 42 21  0  0
procs -----------memory---------- ---swap-- -----io---- -system-- -------cpu-------
 r  b   swpd   free   buff  cache   si   so    bi    bo   in   cs us sy id wa st gu
29 11 346584 109169520 2152468 78589884    0    0 964992 650880 274074 966057 30  7 43 20  0  0
39  7 346584 109166100 2152468 78589908    0    0 997632 647476 279449 957301 30  7 42 21  0  0
37 11 346584 109165468 2152468 78589924    0    0 1066784 685304 276956 873852 26  6 42 26  0  0
18 29 346584 109136220 2152468 78589936    0    0 1014352 676884 275522 903943 27  5 44 24  0  0
34 11 346584 109138408 2152468 78589956    0    0 1039312 660304 277356 900627 27  6 42 24  0  0
39  9 346584 109161928 2152468 78589968    0    0 960592 662472 278449 973811 31  7 43 20  0  0
34  8 346584 109174720 2152468 78590000    0    0 984208 649608 277841 968098 31  7 43 20  0  0
34 11 346584 109177640 2152468 78590016    0    0 965744 638076 279189 983115 31  7 43 20  0  0
16 31 346584 109174072 2152468 78590036    0    0 999152 665216 283133 964899 30  7 42 21  0  0
24 12 346584 109165948 2152468 78590056    0    0 1001824 656892 276710 953298 30  6 43 21  0  0
38  8 346584 109128800 2152468 78590068    0    0 1039680 667904 281809 963552 29  6 43 22  0  0
41  7 346584 109165612 2152468 78590088    0    0 946032 621536 277002 991778 32  7 43 19  0  0
18 28 346584 109172580 2152468 78590108    0    0 950080 628672 274476 979103 31  7 43 19  0  0
33 13 346584 109174892 2152468 78590128    0    0 1005936 675380 282107 956842 30  7 42 21  0  0
39  6 346584 109166900 2152468 78590148    0    0 964864 632720 274646 971052 31  7 43 20  0  0
30 14 346584 109160628 2152476 78590168    0    0 986208 653148 277236 965017 30  7 43 20  0  0
31  6 346584 109172180 2152476 78590188    0    0 1006032 648936 275182 956567 29  6 43 22  0  0
25 22 346584 109145348 2152476 78590196    0    0 1047216 689712 276616 898260 27  6 43 25  0  0
35 12 346584 109169428 2152476 78590220    0    0 1095024 709676 284343 871670 25  7 42 26  0  0
19 29 346584 109174656 2152476 78590240    0    0 1018624 667756 276857 908000 28  6 42 24  0  0
22 22 346584 109178084 2152476 78590260    0    0 1043296 687388 282699 909892 28  6 43 23  0  0
procs -----------memory---------- ---swap-- -----io---- -system-- -------cpu-------
 r  b   swpd   free   buff  cache   si   so    bi    bo   in   cs us sy id wa st gu
23 28 346584 109178364 2152476 78590280    0    0 1113824 700780 284081 909791 27  7 43 24  0  0
16 34 346584 109187544 2152476 78590304    0    0 984096 598012 274012 982376 31  6 43 19  0  0
20 30 346584 109165364 2152476 78590320    0    0 982256 625228 272165 974943 31  6 43 20  0  0
25 13 346584 109161288 2152476 78590328    0    0 970928 639132 271598 970758 30  6 43 20  0  0
24 26 346584 109177812 2152484 78590348    0    0 986000 648980 278598 973400 31  7 42 20  0  0
34 10 346584 109190356 2152484 78590368    0    0 972576 640608 276756 972684 31  7 43 20  0  0
25 24 346584 109183560 2152484 78590396    0    0 953968 631124 278886 985208 31  7 43 19  0  0
38  8 346584 109181248 2152484 78590412    0    0 984112 671900 276986 962031 30  7 43 20  0  0
31 16 346584 109183680 2152484 78590440    0    0 975744 636888 275463 977861 31  7 43 20  0  0
38  7 346584 109157212 2152484 78590452    0    0 1023936 669536 285349 963982 29  6 43 21  0  0
28 16 346584 109140364 2152484 78590472    0    0 1017200 671020 280331 959603 29  6 43 22  0  0
13 33 346584 109179120 2152484 78590492    0    0 1010560 661680 281698 944135 29  6 42 22  0  0
15 33 346584 109186868 2152484 78590508    0    0 1074064 686728 282006 872958 26  6 42 26  0  0
28 18 346584 109179380 2152484 78590528    0    0 1081936 705564 280230 879722 26  6 42 26  0  0
28  9 346584 109177380 2152484 78590544    0    0 1059824 689784 282233 896169 27  6 42 24  0  0
40  7 346584 109166172 2152484 78590568    0    0 979568 664852 275104 959814 30  7 43 20  0  0
50 14 346584 109148240 2152484 78590588    0    0 1007632 661568 277179 966698 30  5 43 21  0  0
32  8 346584 109155316 2152484 78590600    0    0 1010080 661624 278244 970997 30  6 42 21  0  0
34 10 346584 109167844 2152484 78590620    0    0 1001472 662940 284999 968742 30  7 42 21  0  0
22 29 346584 109176644 2152484 78590636    0    0 1000816 650912 278161 962388 30  7 43 21  0  0
44 19 346584 109174652 2152484 78590656    0    0 1008176 667396 283991 963851 30  7 42 21  0  0
procs -----------memory---------- ---swap-- -----io---- -system-- -------cpu-------
 r  b   swpd   free   buff  cache   si   so    bi    bo   in   cs us sy id wa st gu
30  9 346584 109173796 2152484 78590680    0    0 1033568 680684 287165 954034 30  7 42 21  0  0
15 30 346584 109187556 2152484 78590696    0    0 990704 663924 278794 971445 30  7 43 20  0  0
22 26 346584 109146508 2152484 78590708    0    0 989856 663940 272592 961851 30  5 44 21  0  0
35  8 346584 109154800 2152484 78590728    0    0 1001216 664536 277193 945482 29  6 44 21  0  0
37 21 346584 109155792 2152484 78590752    0    0 1077552 671768 282012 928304 28  6 43 23  0  0
38  8 346584 109167832 2152484 78590772    0    0 1057456 669128 276235 906274 27  6 42 24  0  0
33 15 346584 109175600 2152484 78590792    0    0 1065856 694744 281846 876601 26  6 42 26  0  0
37  8 346584 109162664 2152484 78590808    0    0 1058208 690904 280606 898625 27  6 42 25  0  0
14 29 346584 109170500 2152484 78590832    0    0 1044992 695172 278359 900417 27  6 42 25  0  0
43  5 346584 109143284 2152484 78590840    0    0 989072 648212 272542 961302 30  5 44 21  0  0
36  7 346584 109180936 2152484 78590864    0    0 988144 645036 280507 970079 31  7 43 20  0  0
38  5 346584 109180488 2152484 78590884    0    0 958688 639828 278896 983716 31  7 43 19  0  0
32  9 346584 109166648 2152484 78590900    0    0 1000368 660404 279339 967211 30  7 43 21  0  0
35 12 346584 109167824 2152484 78590928    0    0 972848 645696 276062 966711 31  7 43 20  0  0
35 18 346584 109179272 2152484 78590948    0    0 971136 640392 278536 980369 31  7 43 20  0  0
30 13 346584 109168380 2152484 78590964    0    0 965936 637500 275282 983192 31  6 43 20  0  0
26 16 346584 109156348 2152484 78590976    0    0 1001984 661360 275501 958756 30  6 44 21  0  0
36 10 346584 109178068 2152484 78591004    0    0 965280 644892 278974 972409 31  7 43 20  0  0
29 19 346584 109172928 2152488 78591020    0    0 974336 649304 277564 977347 31  7 43 20  0  0
31 12 346584 109172348 2152488 78591040    0    0 1011664 659188 282470 961443 30  7 42 21  0  0
35  6 346584 109164044 2152488 78591060    0    0 1038144 682812 278891 908497 27  6 42 24  0  0
procs -----------memory---------- ---swap-- -----io---- -system-- -------cpu-------
 r  b   swpd   free   buff  cache   si   so    bi    bo   in   cs us sy id wa st gu
25 23 346584 109176360 2152488 78591076    0    0 1062928 683432 280439 881105 26  6 42 25  0  0
36 10 346584 109149260 2152488 78591096    0    0 1123152 732384 282917 869369 25  5 42 28  0  0
19 26 346584 109142372 2152488 78591108    0    0 1064208 705812 282095 897771 27  6 43 25  0  0
38  9 346584 109176012 2152488 78591128    0    0 1028448 687760 282268 946503 29  7 42 22  0  0
31 18 346584 109161484 2152488 78591152    0    0 974432 645732 280628 974717 31  7 43 20  0  0
39  4 346584 109166780 2152488 78591172    0    0 1001968 653504 278597 974553 30  7 42 20  0  0
11 34 346584 109178112 2152488 78591192    0    0 988000 652908 275411 943646 29  6 43 21  0  0
40 10 346584 109177976 2152492 78591212    0    0 1131408 726120 282263 843606 24  6 43 27  0  0
15 28 346584 109154108 2152492 78591224    0    0 1120144 696776 280030 875022 25  5 43 27  0  0
22 28 346584 109156432 2152492 78591240    0    0 1019024 665164 273298 944060 29  6 42 23  0  0
22 23 346584 109155900 2152492 78591260    0    0 973744 664696 278031 967642 31  6 43 20  0  0
32 14 346584 109178564 2152492 78591284    0    0 925120 534632 269237 1011650 33  7 43 17  0  0
13 32 346584 109174212 2152492 78591300    0    0 987632 676524 280670 967610 30  6 43 20  0  0
26 22 346584 109179536 2152492 78591316    0    0 1010656 637788 280068 949596 29  7 43 21  0  0
14 32 346584 109181152 2152492 78591332    0    0 1127392 728252 287643 871878 25  7 42 27  0  0
14 29 346584 109149024 2152492 78591352    0    0 1088608 701272 272999 868171 25  5 43 27  0  0
22 23 346584 109164720 2152492 78591372    0    0 1041744 690344 280883 896863 27  6 42 25  0  0
30 12 346584 109176772 2152496 78591388    0    0 1021952 673236 279127 923926 28  6 43 23  0  0
33 10 346584 109173440 2152496 78591408    0    0 967248 660212 278933 968546 31  6 43 20  0  0
21 29 346584 109171768 2152496 78591428    0    0 1005312 668912 281432 961889 30  7 43 21  0  0
34 10 346584 109173232 2152496 78591456    0    0 984736 652240 281427 971012 31  7 43 20  0  0
procs -----------memory---------- ---swap-- -----io---- -system-- -------cpu-------
 r  b   swpd   free   buff  cache   si   so    bi    bo   in   cs us sy id wa st gu
20 25 346584 109178876 2152496 78591472    0    0 1002416 659636 279915 941621 29  7 43 22  0  0
16 30 346584 109138680 2152496 78591488    0    0 1116496 709380 280221 863500 25  5 43 27  0  0
31 10 346584 109148124 2152496 78591504    0    0 1147200 729684 289096 858600 24  6 42 28  0  0
34 13 346584 109158540 2152496 78591528    0    0 979984 658412 280821 958668 30  6 42 21  0  0
36  8 346584 109183000 2152496 78591552    0    0 999344 677060 281188 962671 30  7 42 21  0  0
19 25 346584 109175760 2152496 78591572    0    0 993104 674140 278478 962459 30  7 42 21  0  0
23 25 346584 109185280 2152496 78591596    0    0 974688 639340 278349 969657 31  7 43 20  0  0
14 34 346584 109165112 2152496 78591612    0    0 1020240 659044 277426 938300 29  6 42 22  0  0
20 26 346584 109133864 2152496 78591620    0    0 1072704 698364 279826 895354 26  5 43 26  0  0
26 19 346584 109161828 2152496 78591644    0    0 1070880 691636 277535 856170 25  6 43 26  0  0
17 30 346584 109163348 2152496 78591664    0    0 1135120 715944 281116 844842 24  6 43 27  0  0
37 13 346584 109160308 2152496 78591680    0    0 1039888 658784 281113 935711 29  6 42 22  0  0
24 21 346584 109182104 2152496 78591704    0    0 943920 658952 277106 974202 31  7 43 19  0  0
33 12 346584 109168020 2152496 78591724    0    0 989616 646420 278322 974405 31  7 43 20  0  0
37  8 346584 109170492 2152496 78591744    0    0 976704 657648 276888 975171 31  6 43 20  0  0
33 16 346584 109145600 2152496 78591752    0    0 1005584 655112 276344 947753 29  6 43 22  0  0
16 28 346584 109168872 2152496 78591772    0    0 1084912 705488 286544 885783 26  6 42 25  0  0
28 20 346584 109167148 2152496 78591796    0    0 1076768 696712 283501 887960 27  6 42 25  0  0
34  8 346584 109168704 2152496 78591812    0    0 1059888 692664 275372 895723 27  6 42 25  0  0
37  5 346584 109181040 2152496 78591836    0    0 998640 661860 281349 970638 30  7 43 21  0  0
38  6 346584 109177268 2152496 78591856    0    0 941168 643460 273831 974972 31  7 43 19  0  0
procs -----------memory---------- ---swap-- -----io---- -system-- -------cpu-------
 r  b   swpd   free   buff  cache   si   so    bi    bo   in   cs us sy id wa st gu
33  8 346584 109163300 2152496 78591872    0    0 999760 660500 279194 965670 30  6 43 21  0  0
22 24 346584 109154972 2152496 78591884    0    0 1092928 709608 282861 906252 27  6 43 25  0  0
25 23 346584 109163904 2152496 78591904    0    0 1001952 654924 274519 906421 28  6 42 23  0  0
16 30 346584 109150028 2152496 78591920    0    0 1068352 691600 283390 880725 26  6 42 25  0  0
29 19 346584 109175180 2152496 78591940    0    0 1082432 708044 281929 883643 26  6 42 26  0  0
21 27 346584 109177160 2152504 78591956    0    0 1051072 698720 285591 927862 28  6 42 23  0  0
37 14 346584 109174980 2152504 78591980    0    0 993664 681680 280074 965801 30  7 42 21  0  0
25 21 346584 109162376 2152504 78592008    0    0 968624 644056 276009 978118 31  6 43 20  0  0
35 11 346584 109165764 2152504 78592032    0    0 1052960 673744 284125 942726 29  7 42 22  0  0
28 22 346584 109178288 2152504 78592060    0    0 1050000 691428 283323 906867 27  6 42 24  0  0
32 12 346584 109156408 2152504 78592076    0    0 1094976 708056 286635 873809 26  6 42 26  0  0
40  6 346584 109166760 2152504 78592060    0    0 1124384 725712 290037 857008 25  6 42 27  0  0
32 10 346584 109172576 2152504 78592080    0    0 989216 654760 278675 954635 30  6 43 20  0  0
37  4 346584 109167700 2152504 78592096    0    0 1111712 706648 289003 907240 26  6 44 24  0  0
34  7 346584 109145332 2152504 78592108    0    0 1046368 670488 279452 949966 29  6 43 22  0  0
34  4 346584 109156700 2152504 78592136    0    0 961792 637432 273554 983353 31  6 43 20  0  0
24 25 346584 109177976 2152504 78592156    0    0 1060416 698932 279702 889185 27  6 42 25  0  0
39 23 346584 109173524 2152504 78592192    0    0 1023952 672876 280204 911603 28  7 42 23  0  0
37  9 346584 109175952 2152504 78592212    0    0 1099200 714600 284170 870312 25  6 42 26  0  0
26 18 346584 109161568 2152504 78592228    0    0 1083184 710024 282405 873513 26  6 42 26  0  0
35 23 346584 109174684 2152504 78592260    0    0 988736 656280 279557 965569 30  7 43 20  0  0
procs -----------memory---------- ---swap-- -----io---- -system-- -------cpu-------
 r  b   swpd   free   buff  cache   si   so    bi    bo   in   cs us sy id wa st gu
15 31 346584 109150616 2152504 78592260    0    0 1030160 687380 274942 945438 29  5 44 22  0  0
18 30 346584 109160536 2152504 78592276    0    0 987168 655196 276316 963633 30  6 43 20  0  0
11 37 346584 109162972 2152504 78592296    0    0 1066048 676284 283477 915850 28  7 42 24  0  0
12 38 346584 109179820 2152504 78592324    0    0 1059056 660360 281051 906170 28  6 42 24  0  0
18 25 346584 109173268 2152504 78592344    0    0 1105616 727528 288728 874636 25  6 42 26  0  0
11 36 346584 109169752 2152504 78592360    0    0 1017824 662388 278450 911004 28  6 42 23  0  0
28 14 346584 109176364 2152504 78592376    0    0 989344 627460 272837 962967 31  6 43 20  0  0
41  5 346584 109136552 2152504 78592392    0    0 972528 672840 270417 970156 30  5 44 21  0  0
33 12 346584 109169424 2152504 78592412    0    0 997248 654140 280650 966269 30  7 43 21  0  0
24 25 346584 109173680 2152504 78592432    0    0 998544 663348 277596 963583 30  7 43 21  0  0
26 25 346584 109178456 2152508 78592452    0    0 1057200 682540 281223 890627 27  6 42 25  0  0
22 15 346584 109173896 2152508 78592468    0    0 1095536 704472 281986 868641 25  6 42 26  0  0
26 23 346584 109172260 2152508 78592492    0    0 1003696 667040 276222 903558 28  6 42 24  0  0
39  8 346584 109176424 2152508 78592516    0    0 996000 658840 279761 934980 29  6 43 22  0  0
30 18 346584 109157128 2152508 78592524    0    0 1000480 668688 275629 961756 30  5 44 21  0  0
27 21 346584 109169644 2152508 78592540    0    0 1071840 714172 286754 922166 27  7 43 23  0  0
20 27 346584 109172964 2152508 78592560    0    0 1070848 673556 283431 928591 28  7 44 22  0  0
30 12 346584 109168680 2152508 78592580    0    0 1046464 671096 282664 921871 28  6 42 23  0  0
25 21 346584 109178652 2152508 78592596    0    0 1118080 712460 289033 871660 25  6 42 27  0  0
33 10 346584 109168412 2152508 78592620    0    0 1058896 681744 283951 880985 26  6 42 25  0  0
33 11 346584 109156480 2152508 78592636    0    0 1007536 674508 277392 929671 29  6 43 22  0  0
procs -----------memory---------- ---swap-- -----io---- -system-- -------cpu-------
 r  b   swpd   free   buff  cache   si   so    bi    bo   in   cs us sy id wa st gu
30 15 346584 109140660 2152508 78592652    0    0 985920 663036 274411 965637 30  6 44 21  0  0
42  2 346584 109176748 2152508 78592668    0    0 991232 648336 281657 967484 30  7 43 20  0  0
32 16 346584 109184808 2152508 78592688    0    0 957680 631940 275053 978048 31  7 43 19  0  0
17 29 346584 109173292 2152508 78592708    0    0 999888 653456 277573 933879 29  7 42 22  0  0
11 37 346584 109186804 2152508 78592732    0    0 1021248 660548 278989 909914 28  6 42 23  0  0
33  8 346584 109172392 2152508 78592756    0    0 1011280 667336 276743 908552 28  7 42 23  0  0
16 33 346584 109172216 2152508 78592776    0    0 1078976 697252 282328 860795 25  6 42 26  0  0
29  9 346584 109139888 2152508 78592784    0    0 1030800 677824 281110 928661 29  6 43 23  0  0
38  9 346584 109169620 2152508 78592808    0    0 1019792 666536 281080 949075 30  7 42 21  0  0
25 24 346584 109170584 2152508 78592832    0    0 964816 654828 273931 961091 30  7 43 20  0  0
30 13 346584 109166752 2152508 78592848    0    0 947632 622868 272813 982280 32  7 43 19  0  0
34 12 346584 109177924 2152508 78592868    0    0 1006448 667772 275689 916645 29  6 42 23  0  0
38 21 346584 109172280 2152508 78592888    0    0 1071296 688636 282095 887798 27  6 42 25  0  0
27 14 346584 109168392 2152508 78592908    0    0 1068224 690800 279294 903531 27  6 43 25  0  0
26 22 346584 109165480 2152508 78592912    0    0 1055600 699196 281312 902091 28  6 43 24  0  0
17 31 346584 109166988 2152508 78592936    0    0 1025600 665828 278381 935199 29  7 42 22  0  0
37  6 346584 109176040 2152508 78592952    0    0 951856 643880 274443 968545 31  7 43 19  0  0
28 17 346584 109169852 2152508 78592976    0    0 984592 655444 281577 964039 30  7 43 20  0  0
18 27 346584 109167676 2152508 78593000    0    0 1036976 680624 276993 916518 27  7 43 23  0  0
36 11 346584 109164292 2152508 78593020    0    0 1133168 707112 281190 840162 24  6 43 27  0  0
37  8 346584 109139596 2152508 78593036    0    0 1080512 683796 281641 884487 26  5 43 26  0  0
procs -----------memory---------- ---swap-- -----io---- -system-- -------cpu-------
 r  b   swpd   free   buff  cache   si   so    bi    bo   in   cs us sy id wa st gu
38  6 346584 109152276 2152508 78593048    0    0 1081280 701928 282742 865405 26  6 42 26  0  0
43 15 346584 109162168 2152508 78593068    0    0 1035760 683604 283207 933441 28  7 43 22  0  0
39  8 346584 109169844 2152508 78593088    0    0 969744 635532 278705 978421 31  7 42 20  0  0
36  8 346584 109164424 2152508 78593112    0    0 973984 647300 273763 968477 31  7 43 20  0  0
23 27 346584 109178536 2152508 78593132    0    0 978784 653548 276254 965469 31  7 43 20  0  0
21 24 346584 109176696 2152508 78593152    0    0 1023632 665104 277319 922869 28  7 42 23  0  0
17 32 346584 109144828 2152508 78593164    0    0 1061136 686164 276070 907950 27  5 43 24  0  0
13 33 346584 109161736 2152508 78593184    0    0 1030496 666272 277959 906697 28  6 42 24  0  0
17 30 346584 109169884 2152512 78593204    0    0 1019664 612480 276674 928786 29  7 42 22  0  0
27 17 346584 109164184 2152512 78593224    0    0 936416 606772 271041 975022 32  7 43 19  0  0
18 29 346584 109167564 2152512 78593240    0    0 952944 666376 269797 969956 31  7 43 20  0  0
17 29 346584 109163008 2152512 78593260    0    0 942688 606160 267836 977104 32  6 43 19  0  0
17 27 346584 109169288 2152512 78593284    0    0 1046064 679784 281095 917330 28  6 43 23  0  0
30 17 346584 109142404 2152512 78593300    0    0 1044640 676052 275428 903541 27  5 43 24  0  0
25 26 346584 109168192 2152512 78593316    0    0 1056208 680756 282130 867693 26  6 42 25  0  0
30 11 346584 109171700 2152512 78593336    0    0 1071072 686324 278495 850322 25  6 42 27  0  0
30 12 346584 109178532 2152512 78593356    0    0 1087728 700260 282251 850843 25  6 42 27  0  0
17 29 346584 109156688 2152512 78593380    0    0 1104928 715960 284854 866377 25  6 42 26  0  0
25 14 346584 109162628 2152516 78593404    0    0 1024944 706280 280022 905584 27  6 42 24  0  0
20 24 346584 109166512 2152516 78593424    0    0 1088288 692924 274399 828716 24  6 42 28  0  0
17 30 346584 109152156 2152516 78593432    0    0 1135504 711840 283207 847266 24  5 43 28  0  0
procs -----------memory---------- ---swap-- -----io---- -system-- -------cpu-------
 r  b   swpd   free   buff  cache   si   so    bi    bo   in   cs us sy id wa st gu
19 28 346584 109158728 2152516 78593452    0    0 1103424 732900 277175 832159 23  6 43 27  0  0
28 23 346584 109168288 2152516 78593472    0    0 1063056 657568 274510 858718 26  6 43 25  0  0
35 13 346584 109171640 2152520 78593492    0    0 1028832 676744 283030 928071 29  7 42 22  0  0
20 26 346584 109162152 2152520 78593512    0    0 1029856 689984 285559 938312 29  6 42 22  0  0
19 26 346584 109170196 2152520 78593536    0    0 1061472 696888 287265 933362 28  7 42 23  0  0
30  8 346584 109158652 2152520 78593552    0    0 1016816 669036 279095 945354 29  6 43 22  0  0
30 12 346584 109149212 2152520 78593564    0    0 980592 651288 275872 980592 31  6 43 20  0  0
31 16 346584 109176844 2152520 78593580    0    0 1017968 664236 282132 953456 29  7 43 21  0  0
31 17 346584 109156404 2152520 78593600    0    0 952352 633580 274285 970445 31  6 43 20  0  0
33  7 346584 109169280 2152520 78593620    0    0 1002496 651524 281387 952548 29  7 42 21  0  0
29 13 346584 109173204 2152520 78593640    0    0 960400 647312 277266 959729 31  6 43 20  0  0
33 13 346584 109181024 2152520 78593660    0    0 1022864 665516 281697 954541 30  7 43 21  0  0
34 10 346584 109163232 2152520 78593680    0    0 1025040 697896 277806 934205 29  5 43 23  0  0
34  9 346584 109149432 2152520 78593692    0    0 1063968 688656 283591 921486 28  6 42 24  0  0
24 26 346584 109165976 2152520 78593716    0    0 1059840 690868 281614 901802 27  7 42 24  0  0
37  8 346584 109162284 2152520 78593736    0    0 1082384 690120 279439 868638 25  6 42 26  0  0
25 23 346584 109168972 2152520 78593752    0    0 1050000 690912 282096 911829 27  6 42 24  0  0
19 29 346584 109157820 2152520 78593776    0    0 949200 632112 277428 976700 31  7 43 19  0  0
32 12 346584 109171692 2152520 78593796    0    0 981088 642444 276248 969492 31  7 43 20  0  0
21 24 346584 109155208 2152520 78593812    0    0 1007296 674564 280255 966522 30  5 44 21  0  0
43  6 346584 109153224 2152520 78593824    0    0 987008 652140 276921 969403 31  6 43 20  0  0
procs -----------memory---------- ---swap-- -----io---- -system-- -------cpu-------
 r  b   swpd   free   buff  cache   si   so    bi    bo   in   cs us sy id wa st gu
38  6 346584 109164924 2152520 78593844    0    0 1003616 661100 283551 965250 30  7 42 21  0  0
25 23 346584 109176460 2152520 78593864    0    0 1005728 658244 280887 964219 30  7 42 21  0  0
45  2 346584 109172916 2152520 78593892    0    0 1012208 666452 283830 947555 29  7 42 21  0  0
33 13 346584 109175716 2152520 78593904    0    0 1009168 665560 279240 945057 29  7 43 21  0  0
11 37 346584 109174732 2152520 78593928    0    0 1133408 720228 288149 884870 25  6 43 25  0  0
21 27 346584 109155680 2152520 78593940    0    0 1071744 676364 285829 943994 29  5 43 23  0  0
17 32 346584 109160956 2152520 78593952    0    0 968432 650756 273810 953633 31  6 42 21  0  0
45 11 346584 109168328 2152520 78593984    0    0 1035920 674708 280557 919777 28  7 42 23  0  0
17 32 346584 109176104 2152520 78594000    0    0 1048224 683808 282125 899583 27  6 42 24  0  0
28 16 346584 109173272 2152520 78594020    0    0 991456 660456 277929 921123 29  6 42 23  0  0
40  9 346584 109154896 2152520 78594040    0    0 1024144 670684 280531 929450 29  6 43 22  0  0
19 28 346584 109162796 2152520 78594060    0    0 971056 620420 273900 979342 31  6 43 19  0  0
33 11 346584 109139904 2152520 78594076    0    0 995680 673484 276438 958911 30  5 44 21  0  0
13 33 346584 109156600 2152520 78594092    0    0 984736 602748 276425 985951 32  7 43 19  0  0
22 28 346584 109163444 2152520 78594112    0    0 975584 679048 279058 959837 30  7 43 20  0  0
45 17 346584 109174344 2152520 78594128    0    0 1093072 656160 284079 896976 27  6 42 25  0  0
33 10 346584 109167912 2152520 78594152    0    0 999424 673704 276509 933594 29  6 43 22  0  0
38  6 346584 109165456 2152520 78594180    0    0 1084288 684848 280320 862040 26  6 42 26  0  0
30 16 346584 109151792 2152520 78594200    0    0 1001312 659632 277559 924100 29  6 43 22  0  0
24 21 346584 109139864 2152520 78594208    0    0 1003168 674124 278765 950553 30  6 43 22  0  0
42 18 346584 109155832 2152520 78594224    0    0 986864 657896 280885 961677 30  7 43 20  0  0
procs -----------memory---------- ---swap-- -----io---- -system-- -------cpu-------
 r  b   swpd   free   buff  cache   si   so    bi    bo   in   cs us sy id wa st gu
37 11 346584 109166024 2152524 78594244    0    0 1013392 668004 276918 903556 28  6 42 24  0  0
36 11 346584 109178616 2152524 78594268    0    0 1061520 690496 282991 887703 27  7 42 25  0  0
33 14 346584 109174844 2152524 78594284    0    0 1077312 695220 279839 882532 26  6 42 25  0  0
27 29 346584 109158228 2152524 78594304    0    0 1007952 673480 276717 904447 28  6 42 23  0  0
11 34 346584 109154956 2152524 78594324    0    0 1058384 678580 277625 892914 27  6 43 25  0  0
24 26 346584 109151508 2152524 78594336    0    0 1000464 663560 274814 920274 28  6 43 23  0  0
18 28 346584 109162844 2152524 78594360    0    0 1042768 685736 279025 902416 27  6 42 24  0  0
21 26 346584 109165652 2152524 78594376    0    0 1147440 721012 280355 838772 23  6 43 27  0  0
25 20 346584 109160220 2152524 78594400    0    0 1105536 676276 274272 809428 23  6 42 29  0  0
23 29 346584 109156244 2152524 78594416    0    0 1083648 700200 285932 878056 26  6 42 26  0  0
28 13 346584 109159456 2152524 78594432    0    0 1074032 707724 281789 853538 25  6 42 27  0  0
13 33 346584 109152044 2152524 78594460    0    0 1093312 711576 280033 852618 25  5 43 28  0  0
30 16 346584 109148952 2152524 78594472    0    0 1091408 717200 277257 838292 24  6 42 28  0  0
14 33 346584 109153980 2152524 78594492    0    0 1058128 688252 277967 845412 25  6 42 27  0  0
31 17 346584 109161104 2152524 78594512    0    0 1088256 716548 277981 806448 23  6 42 29  0  0
20 27 346584 109153956 2152524 78594532    0    0 1111536 712024 281000 817680 23  6 42 29  0  0
35 10 346584 109145880 2152524 78594548    0    0 1117136 716352 281303 830113 23  6 42 29  0  0
25 27 346584 109155140 2152524 78594568    0    0 1103472 715416 282382 838620 24  6 42 28  0  0
21 26 346584 109138176 2152524 78594588    0    0 1110000 706480 275352 819086 23  5 43 29  0  0
25 20 346584 109138660 2152524 78594604    0    0 1097584 701724 280550 825881 24  6 42 29  0  0
23 28 346584 109153460 2152524 78594620    0    0 1123696 714132 279298 806078 22  6 42 30  0  0
procs -----------memory---------- ---swap-- -----io---- -system-- -------cpu-------
 r  b   swpd   free   buff  cache   si   so    bi    bo   in   cs us sy id wa st gu
27 17 346584 109148760 2152524 78594640    0    0 1093696 724828 281138 832698 24  6 42 28  0  0
21 27 346584 109149100 2152524 78594660    0    0 1089472 709488 280690 862135 25  6 42 27  0  0
30 13 346584 109151084 2152524 78594684    0    0 1038208 694448 280430 910133 28  6 42 24  0  0
22 24 346584 109143460 2152524 78594704    0    0 1059008 694816 281202 882135 26  6 42 25  0  0
37  9 346584 109142104 2152524 78594720    0    0 1096304 714344 282145 889757 26  5 43 26  0  0
19 27 346584 109153228 2152524 78594732    0    0 1054848 684532 276266 861405 26  6 42 26  0  0
34 15 346584 109165084 2152524 78594752    0    0 1057632 688880 280613 871699 26  6 42 26  0  0
17 29 346584 109172248 2152524 78594776    0    0 1024880 682816 280083 925406 28  6 42 23  0  0
33 11 346584 109158772 2152528 78594796    0    0 1117232 728396 279282 825854 23  6 44 27  0  0
16 31 346584 109167620 2152528 78594812    0    0 1064016 659592 280914 920033 28  7 42 23  0  0
23 22 346584 109166312 2152528 78594832    0    0 945424 642208 275000 968595 32  6 43 19  0  0
28 14 346584 109142004 2152528 78594852    0    0 947680 625804 269937 972238 31  5 44 19  0  0
31 15 346584 109173916 2152528 78594868    0    0 980304 645640 276258 960731 30  7 43 20  0  0
35 10 346584 109169524 2152528 78594884    0    0 933568 624032 270466 973001 32  6 43 19  0  0
30  6 346584 109171604 2152528 78594900    0    0 951712 625608 271721 971972 31  7 43 19  0  0
37  5 346584 109167104 2152528 78594920    0    0 962864 633176 273661 979036 31  7 43 19  0  0
23 27 346584 109167120 2152528 78594948    0    0 946416 620368 270488 974908 31  7 43 19  0  0
11 35 346584 109157856 2152528 78594968    0    0 905568 587932 263415 997075 33  6 44 18  0  0
19 27 346584 109140772 2152532 78594976    0    0 956608 650124 273126 970573 31  6 43 20  0  0
22 29 346584 109154232 2152532 78594992    0    0 942784 577012 271420 981314 32  6 43 18  0  0
17 30 346584 109177700 2152532 78595016    0    0 1046352 669020 278678 904751 27  7 43 24  0  0
procs -----------memory---------- ---swap-- -----io---- -system-- -------cpu-------
 r  b   swpd   free   buff  cache   si   so    bi    bo   in   cs us sy id wa st gu
24 25 346584 109158688 2152532 78595036    0    0 1005232 626908 272428 905142 28  6 42 23  0  0
35 12 346584 109161252 2152532 78595060    0    0 1042816 682756 275756 893361 27  6 42 25  0  0
37 13 346584 109160404 2152532 78595084    0    0 990336 675884 276631 915430 29  6 42 23  0  0
25 20 346584 109143980 2152532 78595100    0    0 947232 641028 270480 960289 31  6 44 20  0  0
38  7 346584 109149132 2152532 78595112    0    0 962480 643988 275283 960748 31  6 43 20  0  0
43  4 346584 109162416 2152532 78595140    0    0 991424 639772 279276 968091 30  7 43 20  0  0
34  6 346584 109168728 2152532 78595156    0    0 942448 619052 274694 974841 32  7 43 19  0  0
33 11 346584 109162004 2152532 78595176    0    0 964944 635504 273743 966973 31  7 43 20  0  0
36  6 346584 109164020 2152532 78595200    0    0 939840 605268 271825 974329 31  7 43 19  0  0
29 14 346584 109164008 2152532 78595220    0    0 955456 632444 275131 974765 31  7 43 19  0  0
32 15 346584 109148632 2152532 78595236    0    0 1005296 676128 274999 958620 30  5 44 21  0  0
33 10 346584 109145500 2152532 78595252    0    0 955472 626524 272890 972741 31  6 43 19  0  0
35  7 346584 109170968 2152532 78595272    0    0 937952 616556 274726 979347 32  7 43 19  0  0
15 30 346584 109159100 2152532 78595288    0    0 978624 642560 278831 958080 31  7 43 20  0  0
18 26 346584 109150028 2152532 78595312    0    0 1065696 676844 278134 904288 27  6 44 23  0  0
39  3 346584 109157660 2152532 78595328    0    0 1048560 642572 275542 890120 27  6 43 24  0  0
42  8 346584 109154508 2152532 78595352    0    0 1068192 693560 285173 874095 26  6 42 26  0  0
23 26 346584 109135884 2152536 78595364    0    0 1033904 678644 271862 901090 27  5 43 25  0  0
33 12 346584 109155240 2152536 78595380    0    0 1004032 671040 275260 913640 28  6 42 23  0  0
37  4 346584 109161600 2152536 78595400    0    0 947376 622944 273899 975761 31  7 43 19  0  0
29 22 346584 109165276 2152536 78595420    0    0 946864 623660 275369 969224 31  7 43 19  0  0
procs -----------memory---------- ---swap-- -----io---- -system-- -------cpu-------
 r  b   swpd   free   buff  cache   si   so    bi    bo   in   cs us sy id wa st gu
34 10 346584 109162656 2152536 78595444    0    0 940656 616948 272424 977788 32  7 43 19  0  0
41  7 346584 109166372 2152536 78595460    0    0 981920 646584 277187 955633 30  7 43 20  0  0
36  7 346584 109160920 2152536 78595484    0    0 956832 631304 271607 968964 31  6 43 20  0  0
43 16 346584 109148916 2152536 78595496    0    0 967952 638284 274053 971688 31  5 44 20  0  0
40  7 346584 109151956 2152536 78595512    0    0 934560 639224 272424 973236 31  7 43 19  0  0
41  6 346584 109160416 2152536 78595532    0    0 970576 631212 279113 975563 31  7 42 19  0  0
37  9 346584 109164408 2152536 78595552    0    0 922624 619292 271663 977952 32  7 43 19  0  0
37  6 346584 109159112 2152536 78595572    0    0 925680 616752 272801 981867 32  7 43 19  0  0
27 20 346584 109173396 2152536 78595592    0    0 937152 626832 274084 973278 32  6 43 19  0  0
20 26 346584 109156980 2152540 78595608    0    0 957408 637916 271652 946703 30  6 43 21  0  0
14 32 346584 109147032 2152540 78595624    0    0 1000096 633052 272122 914646 29  5 43 23  0  0
10 38 346584 109154924 2152540 78595648    0    0 998864 628460 276290 922034 29  6 42 22  0  0
21 27 346584 109148264 2152540 78595668    0    0 974016 658528 268988 907139 28  6 43 23  0  0
22 27 346584 109171180 2152540 78595688    0    0 1017408 658916 277709 923432 29  6 42 22  0  0
14 27 346584 109168368 2152540 78595704    0    0 924304 597096 268574 984882 33  6 43 18  0  0
19 28 346584 109168924 2152540 78595732    0    0 943008 625288 274605 976766 32  7 43 19  0  0
22 29 346584 109141508 2152540 78595748    0    0 962352 627472 269038 972242 31  5 44 20  0  0
21 25 346584 109148504 2152540 78595760    0    0 954048 624208 272576 975911 31  6 43 19  0  0
33 10 346584 109158328 2152540 78595780    0    0 946240 626956 274141 972640 32  6 43 19  0  0
20 26 346584 109166200 2152548 78595796    0    0 994960 645400 275073 921164 29  6 45 20  0  0
22 25 346584 109165908 2152548 78595828    0    0 1093504 665128 282860 888451 27  6 42 25  0  0
procs -----------memory---------- ---swap-- -----io---- -system-- -------cpu-------
 r  b   swpd   free   buff  cache   si   so    bi    bo   in   cs us sy id wa st gu
33 21 346584 109172696 2152548 78595844    0    0 1002176 667772 274952 903147 28  6 42 23  0  0
18 29 346584 109173476 2152548 78595864    0    0 1084960 695452 283403 879790 26  6 42 26  0  0
35 14 346584 109135916 2152548 78595872    0    0 932480 628228 268888 964203 31  5 44 20  0  0
47 16 346584 109152828 2152552 78595892    0    0 922400 616332 272466 981762 32  7 43 18  0  0
37 11 346584 109167056 2152552 78595912    0    0 1057600 680188 281234 890315 27  6 42 25  0  0
39  9 346584 109167424 2152552 78595936    0    0 1006800 664820 277132 901291 28  6 42 23  0  0
24 25 346584 109171344 2152552 78595956    0    0 1040240 680068 273731 892707 27  6 42 25  0  0
23 26 346584 109157244 2152552 78595972    0    0 1006528 672004 279488 911327 28  6 42 23  0  0
41  5 346584 109165296 2152552 78595996    0    0 994960 658968 278000 967924 30  6 43 20  0  0
43  6 346584 109141648 2152552 78596012    0    0 939552 631648 271670 978125 32  5 43 19  0  0
32 16 346584 109158052 2152552 78596032    0    0 954256 632204 277949 973268 32  7 43 19  0  0
36 12 346584 109161112 2152552 78596052    0    0 930352 617388 270706 977643 32  7 43 19  0  0
28 14 346584 109167684 2152552 78596068    0    0 925088 615700 271430 971594 32  7 43 19  0  0
32 14 346584 109155264 2152552 78596092    0    0 963840 631948 274081 965403 31  7 42 20  0  0
38  6 346584 109155848 2152552 78596112    0    0 998528 653232 278385 949123 30  7 42 21  0  0
37  5 346584 109154632 2152552 78596132    0    0 1009600 676288 271722 911946 28  6 43 23  0  0
19 30 346584 109140176 2152552 78596144    0    0 1044432 676596 272735 882468 27  6 42 25  0  0
41  4 346584 109151144 2152552 78596160    0    0 970864 660904 268736 928122 29  6 42 22  0  0
36  9 346584 109172332 2152552 78596184    0    0 925616 621452 273573 973168 32  6 43 18  0  0
32 14 346584 109164952 2152552 78596200    0    0 987328 629992 276444 940939 30  6 42 21  0  0
36 24 346584 109169292 2152552 78596224    0    0 926960 616336 267455 942026 31  6 42 21  0  0
procs -----------memory---------- ---swap-- -----io---- -system-- -------cpu-------
 r  b   swpd   free   buff  cache   si   so    bi    bo   in   cs us sy id wa st gu
37  5 346584 109160304 2152552 78596244    0    0 1028848 675008 279009 893520 27  6 42 25  0  0
19 27 346584 109144612 2152552 78596264    0    0 1084832 703560 277888 874552 26  5 43 26  0  0
36  8 346584 109143180 2152552 78596276    0    0 1028000 698600 280515 918450 28  6 43 22  0  0
35 11 346584 109173512 2152552 78596292    0    0 1019280 646988 277960 923251 29  7 44 21  0  0
19 28 346584 109164992 2152552 78596316    0    0 985232 639468 274601 962254 31  7 43 20  0  0
27 23 346584 109164916 2152552 78596336    0    0 945424 633176 273882 973484 31  7 43 19  0  0
23 24 346584 109160400 2152552 78596360    0    0 937680 614436 269152 980744 32  7 43 19  0  0
41  6 346584 109156980 2152552 78596376    0    0 916000 612236 267567 992032 32  6 43 18  0  0
28 10 346584 109130408 2152552 78596388    0    0 967968 657340 274535 968453 31  5 44 20  0  0
33  5 346584 109175420 2152552 78596408    0    0 1095184 693064 284304 865077 26  6 42 26  0  0
37 10 346584 109171372 2152552 78596432    0    0 986512 653436 271972 904673 28  6 42 23  0  0
24 24 346584 109164912 2152552 78596456    0    0 997216 648496 272103 890428 28  6 42 24  0  0
33 11 346584 109176320 2152552 78596472    0    0 1014176 666196 273683 892563 27  6 42 24  0  0
11 37 346584 109163596 2152552 78596492    0    0 1086224 703604 279533 861241 25  6 42 26  0  0
15 31 346584 109161972 2152552 78596512    0    0 1097888 689868 271694 812696 23  5 42 29  0  0
10 39 346584 109143020 2152552 78596524    0    0 1103584 684496 274228 830037 24  5 42 29  0  0
13 32 346584 109169996 2152552 78596540    0    0 1043792 704844 276069 843013 25  6 42 27  0  0
20 30 346584 109159032 2152552 78596560    0    0 1063008 708524 270576 817694 23  6 42 29  0  0
15 31 346584 109157008 2152552 78596572    0    0 1056896 680100 274195 841867 25  6 42 27  0  0
28 21 346584 109159280 2152552 78596600    0    0 1070624 679852 270536 833602 24  6 42 28  0  0
18 30 346584 109152524 2152552 78596616    0    0 1042560 631712 266741 859917 26  6 42 26  0  0
procs -----------memory---------- ---swap-- -----io---- -system-- -------cpu-------
 r  b   swpd   free   buff  cache   si   so    bi    bo   in   cs us sy id wa st gu
 8 38 346584 109145380 2152552 78596640    0    0 1068752 700504 279400 834937 24  5 42 28  0  0
36 11 346584 109136312 2152552 78596648    0    0 1021744 621980 267231 893355 27  5 43 24  0  0
27 24 346584 109157500 2152552 78596664    0    0 1010688 683484 278042 917380 28  6 42 23  0  0
30 12 346584 109164552 2152552 78596696    0    0 1014096 681920 276539 897692 28  6 42 24  0  0
23 24 346584 109165416 2152552 78596716    0    0 1059664 682584 284213 889267 27  6 42 24  0  0
18 28 346584 109175564 2152552 78596728    0    0 1039264 692264 277507 887802 27  6 43 24  0  0
17 27 346584 109155856 2152556 78596752    0    0 1119328 688592 274739 851358 24  6 43 26  0  0
11 36 346584 109147712 2152556 78596764    0    0 955680 624332 268692 924503 29  5 43 22  0  0
37  7 346584 109144228 2152556 78596784    0    0 1004704 667084 273207 900023 28  6 43 24  0  0
13 35 346584 109159540 2152556 78596812    0    0 1023808 665444 276012 877739 27  6 42 25  0  0
18 26 346584 109162272 2152556 78596820    0    0 1012832 661496 278889 906123 28  6 42 23  0  0
38  8 346584 109158172 2152556 78596844    0    0 1008864 673332 275816 907447 28  6 42 23  0  0
22 26 346584 109156664 2152556 78596864    0    0 1011200 664692 276012 905663 28  7 42 24  0  0
36  5 346584 109165284 2152556 78596884    0    0 994112 650912 268228 916833 28  7 42 23  0  0
35 12 346584 109142824 2152556 78596904    0    0 1001680 669292 273100 915739 28  5 43 23  0  0
40  5 346584 109162932 2152556 78596916    0    0 1016176 669852 275300 905948 28  6 42 24  0  0
22 24 346584 109162620 2152556 78596936    0    0 947696 627916 267148 932767 30  6 43 21  0  0
49 11 346584 109168636 2152556 78596960    0    0 1006880 658176 276216 906517 28  6 43 23  0  0
41  6 346584 109167388 2152556 78596980    0    0 1072400 705768 284680 881107 26  6 42 25  0  0
32 13 346584 109172264 2152556 78597004    0    0 989856 656756 274941 918847 29  6 42 22  0  0
30 12 346584 109161748 2152556 78597024    0    0 974400 647712 270281 939995 30  6 43 21  0  0
procs -----------memory---------- ---swap-- -----io---- -system-- -------cpu-------
 r  b   swpd   free   buff  cache   si   so    bi    bo   in   cs us sy id wa st gu
10 35 346584 109139712 2152556 78597036    0    0 1026352 668508 271549 903852 27  5 43 24  0  0
22 28 346584 109156136 2152556 78597056    0    0 990672 662608 271867 925790 29  6 42 22  0  0
37  8 346584 109154332 2152556 78597076    0    0 999664 650204 273883 916167 29  6 42 23  0  0
19 29 346584 109160808 2152556 78597100    0    0 1008544 660896 277802 907019 28  6 42 23  0  0
36 10 346584 109162100 2152556 78597116    0    0 1043040 673972 276497 876342 26  6 42 25  0  0
16 32 346584 109170516 2152556 78597136    0    0 1024416 680580 276309 897837 28  6 42 24  0  0
34 11 346584 109161064 2152556 78597160    0    0 1013392 676872 275491 911467 28  6 43 23  0  0
32 16 346584 109137996 2152556 78597168    0    0 1024240 677664 272274 908064 27  5 43 24  0  0
46 18 346584 109144876 2152556 78597188    0    0 975712 653496 275120 919050 29  6 43 22  0  0
20 28 346584 109161072 2152556 78597204    0    0 1063824 684900 274740 861575 25  6 44 25  0  0
12 33 346584 109153932 2152556 78597228    0    0 1080576 669632 279910 903299 27  6 43 24  0  0
38  5 346584 109160516 2152556 78597244    0    0 953408 634644 270639 948426 30  6 43 20  0  0
26 22 346584 109163528 2152556 78597264    0    0 970880 646792 272435 945403 30  6 43 21  0  0
10 36 346584 109149004 2152556 78597284    0    0 954784 630348 267204 919355 29  6 43 22  0  0
28 21 346584 109152056 2152556 78597296    0    0 1055216 686728 272892 846849 25  5 43 27  0  0
32 10 346584 109160652 2152556 78597316    0    0 989872 653284 273355 911129 29  6 42 23  0  0
22 26 346584 109160844 2152556 78597340    0    0 1008928 658500 275895 898201 28  6 42 23  0  0
31 17 346584 109166104 2152556 78597356    0    0 1019024 664900 277418 902984 28  6 42 24  0  0
30 16 346584 109155052 2152556 78597380    0    0 997760 654148 273685 912673 28  6 42 23  0  0
18 28 346584 109168728 2152556 78597408    0    0 983584 645316 270404 915031 29  6 43 22  0  0
24 27 346584 109152716 2152556 78597420    0    0 1039456 701576 276135 883218 26  5 43 25  0  0
procs -----------memory---------- ---swap-- -----io---- -system-- -------cpu-------
 r  b   swpd   free   buff  cache   si   so    bi    bo   in   cs us sy id wa st gu
35 14 346584 109149244 2152556 78597436    0    0 1017792 666620 279655 911961 29  6 42 23  0  0
17 27 346584 109155208 2152556 78597456    0    0 1026496 635416 280436 923793 29  6 42 23  0  0
10 36 346584 109158928 2152556 78597476    0    0 975584 674508 277149 922233 29  6 43 22  0  0
26 25 346584 109162812 2152556 78597500    0    0 1013216 623908 274727 925039 29  6 42 22  0  0
15 33 346584 109146128 2152556 78597516    0    0 995296 671368 275268 934440 30  7 42 22  0  0
16 31 346584 109161324 2152556 78597532    0    0 1011536 647848 276334 902975 28  6 42 23  0  0
17 29 346584 109128656 2152556 78597548    0    0 1055184 649248 268491 855851 26  5 43 27  0  0
13 35 346584 109154780 2152556 78597564    0    0 1042480 705184 276894 865737 26  6 42 26  0  0
33 10 346584 109151836 2152556 78597588    0    0 1020720 631332 273575 891950 28  6 42 24  0  0
30 13 346584 109153176 2152560 78597604    0    0 968816 666976 275873 936311 30  6 43 21  0  0
35 10 346584 109156744 2152560 78597628    0    0 975696 640668 271572 942049 30  7 42 21  0  0
35  8 346584 109167596 2152560 78597644    0    0 994048 653816 279903 931789 29  6 43 22  0  0
20 25 346584 109154200 2152560 78597668    0    0 1019632 668068 277561 923423 28  6 43 23  0  0
23 25 346584 109132060 2152560 78597692    0    0 1126624 715100 279945 859972 24  5 44 26  0  0
38  7 346584 109137508 2152560 78597708    0    0 1049936 651692 279501 902934 28  6 42 23  0  0
37  8 346584 109160300 2152560 78597728    0    0 1023968 675040 280885 919016 28  6 43 23  0  0
34 10 346584 109159944 2152560 78597748    0    0 1034048 684236 278869 927626 28  6 42 23  0  0
23 23 346584 109163784 2152560 78597768    0    0 1011296 673232 278920 928243 29  7 42 22  0  0
11 38 346584 109177732 2152560 78597792    0    0 1006288 675008 281822 932163 29  7 42 22  0  0
30 15 346584 109163768 2152560 78597812    0    0 1020144 676444 280094 934366 28  6 43 22  0  0
14 33 346584 109156168 2152560 78597820    0    0 1105344 715352 278679 860116 25  5 42 27  0  0
procs -----------memory---------- ---swap-- -----io---- -system-- -------cpu-------
 r  b   swpd   free   buff  cache   si   so    bi    bo   in   cs us sy id wa st gu
16 33 346584 109160128 2152560 78597836    0    0 1041776 706800 280501 880014 27  6 42 25  0  0
23 23 346584 109164680 2152560 78597856    0    0 1139328 737108 283792 820877 23  6 42 29  0  0
33  9 346584 109158592 2152560 78597880    0    0 1036928 682524 279139 906625 28  6 42 24  0  0
36 11 346584 109161744 2152564 78597900    0    0 1028784 695720 284333 923434 28  7 42 23  0  0
33 11 346584 109164212 2152564 78597920    0    0 1014384 673876 280840 932328 29  6 42 22  0  0
22 21 346584 109150232 2152564 78597940    0    0 997056 664492 276421 929621 29  6 43 22  0  0
21 28 346584 109149424 2152564 78597948    0    0 1001232 667172 277668 935814 29  6 43 22  0  0
33 13 346584 109166832 2152564 78597972    0    0 993984 666320 278378 935644 29  7 42 22  0  0
38  8 346584 109165032 2152564 78597996    0    0 986624 676516 276767 928279 29  6 42 22  0  0
13 35 346584 109162736 2152564 78598016    0    0 1011488 674164 277911 943355 29  7 43 22  0  0
22 23 346584 109172872 2152564 78598036    0    0 1024400 680116 281835 930937 29  6 42 22  0  0
30 15 346584 109169172 2152564 78598056    0    0 996544 661344 279461 942048 29  7 42 22  0  0
23 25 346584 109149392 2152564 78598072    0    0 1045184 703172 280176 915776 28  5 43 24  0  0
15 33 346584 109168156 2152572 78598076    0    0 1029744 672640 277949 910220 28  6 43 23  0  0
21 26 346584 109168404 2152572 78598108    0    0 1046768 694928 282617 877012 26  6 42 25  0  0
21 26 346584 109167568 2152572 78598128    0    0 1042992 705220 278117 860679 26  6 42 26  0  0
21 27 346584 109161108 2152572 78598144    0    0 1139200 737728 286219 833369 23  6 43 28  0  0
33 14 346584 109158196 2152572 78598164    0    0 1107888 694376 284322 890061 26  6 43 25  0  0
